0000100001[]
0000100002[]
0000100003[]
0000100004[317 95 22 43 0 0 0; ]
0000100005[317 96 22 43 0 0 0; ]
0000100006[318 98 22 43 0 0 0; ]
0000100007[318 99 22 43 0 0 0; ]
0000100008[319 100 22 43 0 0 0; ]
0000100009[319 100 22 42 0 0 0; ]
0000100010[320 101 22 42 0 0 0; ]
0000100011[321 101 22 42 0 0 0; 297 104 21 36 1 0 0; ]
0000100012[321 101 22 43 0 0 0; 297 104 21 37 1 0 0; ]
0000100013[322 101 22 43 0 0 0; 297 104 21 37 1 0 0; ]
0000100014[322 101 22 44 0 0 0; 297 104 21 37 1 0 0; ]
0000100015[323 101 23 44 0 0 0; 297 104 21 37 1 0 0; ]
0000100016[323 100 23 45 0 0 0; 297 104 22 37 1 0 0; ]
0000100017[324 99 24 47 0 0 0; 298 104 22 37 1 0 0; ]
0000100018[324 99 24 48 0 0 0; 298 104 22 38 1 0 0; ]
0000100019[325 98 25 49 0 0 0; 298 104 22 38 1 0 0; ]
0000100020[326 99 24 48 0 0 0; 298 104 22 38 1 0 0; ]
0000100021[327 101 23 47 0 0 0; 298 104 23 38 1 0 0; ]
0000100022[328 102 23 46 0 0 0; 298 104 23 38 1 0 0; ]
0000100023[328 102 23 45 0 0 0; 298 104 23 38 1 0 0; ]
0000100024[329 103 23 45 0 0 0; 298 104 23 39 1 0 0; ]
0000100025[330 103 23 44 0 0 0; 299 104 23 39 1 0 0; ]
0000100026[330 103 23 44 0 0 0; 299 104 24 39 1 0 0; ]
0000100027[330 103 23 44 0 0 0; 299 103 23 38 1 0 0; ]
0000100028[331 103 23 44 0 0 0; 300 103 23 38 1 0 0; ]
0000100029[331 101 23 44 0 0 0; 300 102 23 37 1 0 0; ]
0000100030[331 100 24 44 0 0 0; 301 102 22 37 1 0 0; ]
0000100031[331 99 25 45 0 0 0; 301 102 23 38 1 0 0; ]
0000100032[331 99 25 45 0 0 0; 301 103 23 39 1 0 0; ]
0000100033[331 100 26 46 0 0 0; 302 103 24 39 1 0 0; ]
0000100034[331 101 26 47 0 0 0; 302 104 24 39 1 0 0; ]
0000100035[332 104 26 46 0 0 0; 302 104 24 39 1 0 0; ]
0000100036[332 107 25 46 0 0 0; 302 105 24 39 1 0 0; ]
0000100037[332 108 25 46 0 0 0; 302 106 24 39 1 0 0; ]
0000100038[332 109 25 46 0 0 0; 302 109 24 38 1 0 0; ]
0000100039[332 109 25 46 0 0 0; 302 112 24 36 1 0 0; ]
0000100040[332 107 25 47 0 0 0; 302 112 24 37 1 0 0; ]
0000100041[332 104 25 48 0 0 0; 302 109 25 38 1 0 0; ]
0000100042[332 103 25 49 0 0 0; 303 108 24 38 1 0 0; ]
0000100043[332 103 26 49 0 0 0; 304 108 24 38 1 0 0; ]
0000100044[333 103 26 49 0 0 0; 304 107 24 38 1 0 0; ]
0000100045[333 103 26 49 0 0 0; 305 108 24 39 1 0 0; ]
0000100046[333 103 26 49 0 0 0; 305 108 24 39 1 0 0; ]
0000100047[333 103 26 49 0 0 0; 305 109 24 40 1 0 0; ]
0000100048[334 104 26 48 0 0 0; 305 109 24 40 1 0 0; ]
0000100049[334 105 26 48 0 0 0; 305 110 24 40 1 0 0; ]
0000100050[335 105 26 48 0 0 0; 306 110 24 40 1 0 0; ]
0000100051[335 106 26 48 0 0 0; 306 111 23 40 1 0 0; ]
0000100052[336 106 26 48 0 0 0; 307 111 23 40 1 0 0; ]
0000100053[336 106 26 48 0 0 0; 307 112 23 40 1 0 0; ]
0000100054[336 107 26 48 0 0 0; 307 112 23 40 1 0 0; ]
0000100055[337 107 26 48 0 0 0; 307 113 23 39 1 0 0; ]
0000100056[337 108 26 49 0 0 0; 307 113 24 38 1 0 0; ]
0000100057[338 108 26 49 0 0 0; 308 114 24 38 1 0 0; ]
0000100058[338 108 26 49 0 0 0; 308 115 23 38 1 0 0; ]
0000100059[339 109 26 49 0 0 0; 309 115 23 38 1 0 0; ]
0000100060[339 109 26 49 0 0 0; 309 115 23 37 1 0 0; ]
0000100061[340 110 26 49 0 0 0; 310 115 23 37 1 0 0; ]
0000100062[340 110 26 49 0 0 0; 310 115 23 37 1 0 0; ]
0000100063[341 111 26 49 0 0 0; 311 115 23 37 1 0 0; ]
0000100064[341 111 26 49 0 0 0; 311 115 23 37 1 0 0; ]
0000100065[341 110 26 50 0 0 0; 312 115 23 38 1 0 0; ]
0000100066[342 109 26 50 0 0 0; 312 114 23 38 1 0 0; ]
0000100067[342 108 26 51 0 0 0; 313 114 23 38 1 0 0; ]
0000100068[342 107 26 51 0 0 0; 313 113 23 38 1 0 0; ]
0000100069[343 106 26 51 0 0 0; 314 112 23 39 1 0 0; ]
0000100070[343 104 27 51 0 0 0; 315 110 23 39 1 0 0; ]
0000100071[344 102 27 51 0 0 0; 315 109 23 40 1 0 0; ]
0000100072[344 100 28 51 0 0 0; 316 105 23 41 1 0 0; ]
0000100073[345 98 28 52 0 0 0; 316 102 23 42 1 0 0; ]
0000100074[345 97 29 53 0 0 0; 317 100 23 42 1 0 0; ]
0000100075[345 96 29 55 0 0 0; 317 101 22 43 1 0 0; ]
0000100076[346 95 29 57 0 0 0; 318 102 22 43 1 0 0; ]
0000100077[346 96 29 56 0 0 0; 318 103 22 44 1 0 0; ]
0000100078[347 100 29 55 0 0 0; 319 105 22 44 1 0 0; ]
0000100079[349 105 28 53 0 0 0; 319 107 22 44 1 0 0; ]
0000100080[349 106 28 53 0 0 0; 320 110 22 42 1 0 0; ]
0000100081[349 106 28 53 0 0 0; 320 112 21 40 1 0 0; ]
0000100082[349 106 28 54 0 0 0; 321 111 21 41 1 0 0; ]
0000100083[350 105 29 55 0 0 0; 321 108 21 41 1 0 0; ]
0000100084[351 103 29 58 0 0 0; 322 107 22 41 1 0 0; ]
0000100085[351 100 30 62 0 0 0; 322 106 22 41 1 0 0; ]
0000100086[352 97 30 64 0 0 0; 323 105 24 41 1 0 0; ]
0000100087[353 95 30 65 0 0 0; 323 103 24 42 1 0 0; ]
0000100088[355 93 30 64 0 0 0; 324 103 24 42 1 0 0; ]
0000100089[357 92 30 62 0 0 0; 325 102 24 42 1 0 0; ]
0000100090[358 92 30 60 0 0 0; 325 102 24 42 1 0 0; ]
0000100091[359 93 30 58 0 0 0; 326 104 23 42 1 0 0; ]
0000100092[360 96 30 57 0 0 0; 327 106 22 40 1 0 0; ]
0000100093[361 100 30 56 0 0 0; 327 108 22 39 1 0 0; ]
0000100094[361 105 30 55 0 0 0; 328 109 22 39 1 0 0; ]
0000100095[362 105 31 57 0 0 0; 329 110 22 40 1 0 0; ]
0000100096[364 104 32 59 0 0 0; 329 111 22 41 1 0 0; ]
0000100097[365 103 32 61 0 0 0; 330 111 22 41 1 0 0; ]
0000100098[366 102 33 62 0 0 0; 330 110 23 40 1 0 0; ]
0000100099[367 99 33 64 0 0 0; 330 108 24 39 1 0 0; ]
0000100100[368 97 33 65 0 0 0; 331 107 24 40 1 0 0; ]
0000100101[369 96 33 65 0 0 0; 332 106 24 42 1 0 0; ]
0000100102[371 97 33 65 0 0 0; 333 106 24 44 1 0 0; ]
0000100103[372 98 33 64 0 0 0; 333 106 24 46 1 0 0; ]
0000100104[374 99 33 63 0 0 0; 334 106 24 47 1 0 0; ]
0000100105[376 99 33 63 0 0 0; 334 106 25 48 1 0 0; ]
0000100106[378 99 33 63 0 0 0; 335 106 25 49 1 0 0; ]
0000100107[380 99 33 64 0 0 0; 336 106 25 49 1 0 0; ]
0000100108[382 98 33 65 0 0 0; 337 106 25 50 1 0 0; ]
0000100109[384 97 33 66 0 0 0; 338 106 25 49 1 0 0; ]
0000100110[387 98 33 66 0 0 0; 339 106 25 49 1 0 0; ]
0000100111[389 98 33 66 0 0 0; 340 105 24 48 1 0 0; ]
0000100112[391 98 33 66 0 0 0; 341 104 24 47 1 0 0; ]
0000100113[394 98 33 66 0 0 0; 343 103 24 47 1 0 0; ]
0000100114[396 93 35 69 0 0 0; 344 100 24 47 1 0 0; ]
0000100115[399 86 36 72 0 0 0; 346 97 24 47 1 0 0; ]
0000100116[401 84 35 71 0 0 0; 348 93 24 47 1 0 0; ]
0000100117[403 82 34 69 0 0 0; 348 89 24 49 1 0 0; ]
0000100118[406 79 34 69 0 0 0; 349 86 24 51 1 0 0; ]
0000100119[408 77 35 69 0 0 0; 350 85 24 52 1 0 0; ]
0000100120[410 78 36 69 0 0 0; 350 85 25 53 1 0 0; ]
0000100121[413 80 36 69 0 0 0; 351 87 25 52 1 0 0; ]
0000100122[415 82 36 70 0 0 0; 352 93 25 51 1 0 0; ]
0000100123[418 85 36 74 0 0 0; 352 97 25 50 1 0 0; ]
0000100124[420 89 37 78 0 0 0; 353 100 25 49 1 0 0; ]
0000100125[422 90 37 78 0 0 0; 354 103 25 48 1 0 0; ]
0000100126[424 91 38 78 0 0 0; 355 104 25 46 1 0 0; ]
0000100127[427 91 39 77 0 0 0; 356 105 25 46 1 0 0; ]
0000100128[429 91 39 77 0 0 0; 357 104 25 47 1 0 0; ]
0000100129[431 90 40 78 0 0 0; 358 102 25 48 1 0 0; ]
0000100130[434 88 41 81 0 0 0; 360 101 25 49 1 0 0; ]
0000100131[436 87 42 83 0 0 0; 362 100 24 50 1 0 0; ]
0000100132[439 86 43 84 0 0 0; 363 103 24 49 1 0 0; ]
0000100133[442 87 43 85 0 0 0; 364 105 24 48 1 0 0; ]
0000100134[444 88 43 85 0 0 0; 365 107 24 47 1 0 0; ]
0000100135[447 90 43 85 0 0 0; 366 109 24 47 1 0 0; ]
0000100136[450 92 43 85 0 0 0; 367 110 24 47 1 0 0; ]
0000100137[454 93 43 85 0 0 0; 367 110 24 47 1 0 0; ]
0000100138[457 94 43 85 0 0 0; 368 110 24 47 1 0 0; ]
0000100139[460 94 44 85 0 0 0; 369 110 24 47 1 0 0; ]
0000100140[463 93 44 86 0 0 0; 370 107 25 48 1 0 0; ]
0000100141[467 91 44 87 0 0 0; 371 105 26 49 1 0 0; ]
0000100142[372 103 27 51 1 0 0; ]
0000100143[373 102 27 52 1 0 0; ]
0000100144[374 102 28 52 1 0 0; ]
0000100145[375 102 28 53 1 0 0; ]
0000100146[376 102 28 54 1 0 0; ]
0000100147[377 101 28 55 1 0 0; ]
0000100148[378 100 28 55 1 0 0; ]
0000100149[379 99 28 56 1 0 0; ]
0000100150[380 98 28 57 1 0 0; ]
0000100151[380 98 28 57 1 0 0; ]
0000100152[381 97 28 58 1 0 0; ]
0000100153[381 96 28 58 1 0 0; ]
0000100154[382 95 28 58 1 0 0; ]
0000100155[382 95 28 58 1 0 0; ]
0000100156[382 94 28 58 1 0 0; ]
0000100157[382 93 28 58 1 0 0; ]
0000100158[382 93 29 58 1 0 0; ]
0000100159[383 92 29 57 1 0 0; ]
0000100160[383 92 29 57 1 0 0; ]
0000100161[383 91 29 57 1 0 0; ]
0000100162[384 90 29 57 1 0 0; ]
0000100163[384 89 28 58 1 0 0; ]
0000100164[385 89 28 58 1 0 0; ]
0000100165[385 89 28 59 1 0 0; ]
0000100166[385 89 28 60 1 0 0; ]
0000100167[384 90 29 61 1 0 0; ]
0000100168[384 91 29 61 1 0 0; ]
0000100169[383 92 29 62 1 0 0; ]
0000100170[384 92 29 62 1 0 0; ]
0000100171[384 92 29 62 1 0 0; ]
0000100172[385 92 29 63 1 0 0; ]
0000100173[386 91 29 63 1 0 0; ]
0000100174[387 91 29 63 1 0 0; ]
0000100175[387 90 30 63 1 0 0; ]
0000100176[388 89 31 63 1 0 0; ]
0000100177[389 89 31 63 1 0 0; ]
0000100178[389 89 30 63 1 0 0; ]
0000100179[390 89 30 63 1 0 0; ]
0000100180[390 90 30 63 1 0 0; ]
0000100181[391 92 30 63 1 0 0; ]
0000100182[392 94 31 63 1 0 0; ]
0000100183[392 95 31 63 1 0 0; ]
0000100184[393 95 31 63 1 0 0; ]
0000100185[394 94 32 64 1 0 0; ]
0000100186[394 93 32 65 1 0 0; ]
0000100187[395 93 33 66 1 0 0; ]
0000100188[395 93 34 67 1 0 0; ]
0000100189[396 93 34 68 1 0 0; ]
0000100190[397 94 35 69 1 0 0; ]
0000100191[397 95 35 69 1 0 0; ]
0000100192[399 95 35 69 1 0 0; ]
0000100193[400 95 34 69 1 0 0; ]
0000100194[402 94 34 69 1 0 0; ]
0000100195[403 94 34 69 1 0 0; ]
0000100196[405 92 35 69 1 0 0; ]
0000100197[406 88 37 68 1 0 0; ]
0000100198[408 86 38 68 1 0 0; ]
0000100199[409 85 38 68 1 0 0; ]
0000100200[411 85 38 69 1 0 0; ]
0000100201[412 85 37 71 1 0 0; ]
0000100202[414 85 37 72 1 0 0; ]
0000100203[415 85 37 73 1 0 0; 180 103 18 30 2 0 0; ]
0000100204[417 85 37 74 1 0 0; 180 103 18 31 2 0 0; ]
0000100205[418 85 38 75 1 0 0; 179 102 18 31 2 0 0; ]
0000100206[420 85 40 76 1 0 0; 179 102 19 30 2 0 0; ]
0000100207[421 84 40 79 1 0 0; ]
0000100208[423 84 41 81 1 0 0; ]
0000100209[425 84 41 82 1 0 0; ]
0000100210[427 85 42 82 1 0 0; 176 104 19 30 2 0 0; ]
0000100211[428 86 43 81 1 0 0; 176 105 19 30 2 0 0; ]
0000100212[430 88 44 81 1 0 0; 175 106 19 31 2 0 0; ]
0000100213[432 89 44 81 1 0 0; 175 107 19 31 2 0 0; ]
0000100214[434 89 44 82 1 0 0; 174 108 19 32 2 0 0; ]
0000100215[436 88 44 83 1 0 0; 174 108 19 32 2 0 0; ]
0000100216[437 87 44 85 1 0 0; 173 109 20 33 2 0 0; ]
0000100217[439 86 44 87 1 0 0; 172 108 20 33 2 0 0; ]
0000100218[441 85 44 89 1 0 0; 172 107 20 34 2 0 0; ]
0000100219[443 84 44 91 1 0 0; 171 106 20 35 2 0 0; ]
0000100220[444 83 45 93 1 0 0; 170 106 20 36 2 0 0; ]
0000100221[446 82 45 96 1 0 0; 169 106 21 36 2 0 0; ]
0000100222[448 81 46 97 1 0 0; 169 105 21 37 2 0 0; ]
0000100223[451 81 47 98 1 0 0; 168 105 21 37 2 0 0; ]
0000100224[454 80 48 99 1 0 0; 167 105 21 38 2 0 0; ]
0000100225[456 80 49 100 1 0 0; 166 105 21 38 2 0 0; ]
0000100226[459 80 50 101 1 0 0; 166 106 21 39 2 0 0; ]
0000100227[165 106 21 39 2 0 0; ]
0000100228[164 107 21 40 2 0 0; ]
0000100229[164 107 21 40 2 0 0; ]
0000100230[163 108 21 41 2 0 0; ]
0000100231[162 109 21 41 2 0 0; ]
0000100232[162 108 21 40 2 0 0; ]
0000100233[162 107 21 38 2 0 0; ]
0000100234[161 106 21 37 2 0 0; ]
0000100235[161 105 21 36 2 0 0; ]
0000100236[160 105 21 36 2 0 0; ]
0000100237[159 104 21 35 2 0 0; ]
0000100238[159 104 21 35 2 0 0; ]
0000100239[158 104 21 35 2 0 0; ]
0000100240[157 104 21 35 2 0 0; ]
0000100241[156 104 21 36 2 0 0; ]
0000100242[154 105 21 36 2 0 0; ]
0000100243[153 105 22 36 2 0 0; ]
0000100244[151 106 22 37 2 0 0; ]
0000100245[150 106 23 38 2 0 0; ]
0000100246[148 107 24 39 2 0 0; ]
0000100247[147 110 24 39 2 0 0; ]
0000100248[146 112 24 39 2 0 0; ]
0000100249[145 114 24 39 2 0 0; ]
0000100250[144 115 24 39 2 0 0; ]
0000100251[143 116 24 39 2 0 0; ]
0000100252[142 116 24 39 2 0 0; ]
0000100253[140 116 24 39 2 0 0; ]
0000100254[139 115 24 39 2 0 0; ]
0000100255[137 112 24 40 2 0 0; ]
0000100256[135 110 24 41 2 0 0; ]
0000100257[134 108 24 41 2 0 0; ]
0000100258[132 108 25 41 2 0 0; ]
0000100259[130 108 25 41 2 0 0; ]
0000100260[127 108 25 41 2 0 0; ]
0000100261[125 108 25 41 2 0 0; ]
0000100262[124 105 25 42 2 0 0; ]
0000100263[123 102 25 42 2 0 0; ]
0000100264[121 98 25 43 2 0 0; ]
0000100265[118 94 26 45 2 0 0; ]
0000100266[115 89 27 47 2 0 0; ]
0000100267[112 87 28 48 2 0 0; ]
0000100268[109 88 29 48 2 0 0; ]
0000100269[106 93 29 48 2 0 0; ]
0000100270[103 98 29 48 2 0 0; ]
0000100271[100 103 29 49 2 0 0; ]
0000100272[97 107 29 49 2 0 0; ]
0000100273[94 110 29 48 2 0 0; ]
0000100274[92 111 29 48 2 0 0; ]
0000100275[89 108 29 49 2 0 0; ]
0000100276[87 101 29 53 2 0 0; ]
0000100277[83 93 30 53 2 0 0; ]
0000100278[80 85 31 53 2 0 0; ]
0000100279[76 80 32 54 2 0 0; ]
0000100280[72 78 32 55 2 0 0; ]
0000100281[68 78 33 57 2 0 0; ]
0000100282[63 78 33 60 2 0 0; ]
0000100283[59 78 34 63 2 0 0; 310 89 20 37 3 0 0; 205 92 19 30 4 0 0; ]
0000100284[54 78 34 64 2 0 0; 310 94 20 37 3 0 0; 203 96 19 31 4 0 0; ]
0000100285[49 79 35 64 2 0 0; 310 99 20 37 3 0 0; 202 99 19 31 4 0 0; ]
0000100286[44 83 36 63 2 0 0; 309 103 21 36 3 0 0; 200 102 19 31 4 0 0; ]
0000100287[38 87 37 63 2 0 0; 309 106 21 36 3 0 0; 199 104 19 32 4 0 0; 221 110 18 30 5 0 0; ]
0000100288[32 89 37 63 2 0 0; 308 108 21 36 3 0 0; 197 106 19 32 4 0 0; 220 112 18 30 5 0 0; ]
0000100289[26 89 39 64 2 0 0; 308 110 22 36 3 0 0; 196 107 19 33 4 0 0; 219 113 18 31 5 0 0; ]
0000100290[20 89 40 68 2 0 0; 307 110 22 36 3 0 0; 194 108 19 33 4 0 0; 218 114 18 31 5 0 0; ]
0000100291[14 88 41 73 2 0 0; 307 110 22 36 3 0 0; 192 108 19 33 4 0 0; 217 114 18 31 5 0 0; ]
0000100292[7 88 41 73 2 0 0; 306 110 22 36 3 0 0; 190 108 19 34 4 0 0; 216 113 18 31 5 0 0; ]
0000100293[1 86 41 73 2 0 0; 306 110 22 37 3 0 0; 188 107 19 34 4 0 0; 214 113 18 31 5 0 0; ]
0000100294[305 109 22 37 3 0 0; 185 107 20 34 4 0 0; 213 112 19 31 5 0 0; ]
0000100295[305 108 22 37 3 0 0; 183 105 20 34 4 0 0; 211 111 19 31 5 0 0; ]
0000100296[304 106 22 38 3 0 0; 181 103 19 35 4 0 0; 210 109 19 31 5 0 0; ]
0000100297[303 103 22 38 3 0 0; 180 101 19 35 4 0 0; 208 107 20 31 5 0 0; ]
0000100298[303 100 22 38 3 0 0; 178 98 19 35 4 0 0; 207 104 21 31 5 0 0; ]
0000100299[302 100 21 38 3 0 0; 175 98 19 36 4 0 0; 205 105 20 31 5 0 0; ]
0000100300[301 100 21 39 3 0 0; 173 98 19 36 4 0 0; 204 105 20 32 5 0 0; ]
0000100301[301 100 20 39 3 0 0; 170 98 19 36 4 0 0; 202 105 20 32 5 0 0; ]
0000100302[300 100 20 39 3 0 0; 168 98 19 36 4 0 0; 201 105 20 32 5 0 0; ]
0000100303[300 100 20 39 3 0 0; 165 98 19 36 4 0 0; 200 105 20 32 5 0 0; ]
0000100304[299 100 20 39 3 0 0; 163 98 19 36 4 0 0; 198 105 20 32 5 0 0; ]
0000100305[299 100 20 39 3 0 0; 160 98 19 36 4 0 0; 197 105 20 32 5 0 0; ]
0000100306[298 100 20 39 3 0 0; 158 98 19 36 4 0 0; 195 105 20 32 5 0 0; ]
0000100307[298 99 20 39 3 0 0; 155 97 19 36 4 0 0; 194 105 20 32 5 0 0; ]
0000100308[297 98 20 39 3 0 0; 153 97 19 35 4 0 0; 192 104 20 32 5 0 0; ]
0000100309[297 98 20 39 3 0 0; 150 96 19 35 4 0 0; 191 104 20 32 5 0 0; ]
0000100310[296 97 20 39 3 0 0; 148 95 20 36 4 0 0; 190 103 21 33 5 0 0; ]
0000100311[296 97 21 40 3 0 0; 145 94 20 37 4 0 0; 188 102 21 33 5 0 0; ]
0000100312[295 96 22 40 3 0 0; 143 93 20 38 4 0 0; 187 101 21 33 5 0 0; ]
0000100313[295 96 23 41 3 0 0; 140 92 21 40 4 0 0; 185 100 21 33 5 0 0; ]
0000100314[295 97 23 42 3 0 0; 138 93 21 40 4 0 0; 184 101 21 34 5 0 0; ]
0000100315[295 98 23 42 3 0 0; 135 94 21 40 4 0 0; 183 102 21 35 5 0 0; ]
0000100316[295 99 23 42 3 0 0; 133 95 21 40 4 0 0; 182 103 21 36 5 0 0; ]
0000100317[295 99 23 42 3 0 0; 131 96 22 40 4 0 0; 181 103 21 36 5 0 0; ]
0000100318[295 100 23 42 3 0 0; 128 97 22 40 4 0 0; 179 104 21 37 5 0 0; ]
0000100319[295 100 23 42 3 0 0; 126 97 22 40 4 0 0; 178 104 21 37 5 0 0; ]
0000100320[295 100 24 42 3 0 0; 124 97 23 40 4 0 0; 177 104 21 37 5 0 0; ]
0000100321[295 100 24 43 3 0 0; 122 97 23 41 4 0 0; 176 104 21 37 5 0 0; ]
0000100322[295 100 24 43 3 0 0; 120 97 23 41 4 0 0; 176 104 21 37 5 0 0; ]
0000100323[296 100 24 43 3 0 0; 118 97 23 41 4 0 0; 175 104 21 36 5 0 0; ]
0000100324[296 100 24 44 3 0 0; 116 97 24 42 4 0 0; 174 104 22 36 5 0 0; ]
0000100325[297 100 24 44 3 0 0; 114 97 24 42 4 0 0; 173 103 22 36 5 0 0; ]
0000100326[298 99 24 44 3 0 0; 112 96 24 43 4 0 0; 171 103 23 37 5 0 0; ]
0000100327[299 99 24 45 3 0 0; 110 96 24 44 4 0 0; 170 102 25 38 5 0 0; ]
0000100328[300 98 24 45 3 0 0; 108 95 24 45 4 0 0; 168 101 26 39 5 0 0; ]
0000100329[301 99 25 46 3 0 0; 106 95 25 45 4 0 0; 167 101 26 40 5 0 0; ]
0000100330[301 99 25 47 3 0 0; 104 95 25 46 4 0 0; 166 101 27 40 5 0 0; ]
0000100331[302 99 25 48 3 0 0; 102 95 25 46 4 0 0; 166 102 27 41 5 0 0; ]
0000100332[303 99 25 49 3 0 0; 100 94 25 47 4 0 0; 165 102 27 42 5 0 0; ]
0000100333[304 100 25 50 3 0 0; 98 94 25 48 4 0 0; 164 102 27 42 5 0 0; ]
0000100334[305 100 26 50 3 0 0; 96 94 25 49 4 0 0; 163 102 27 43 5 0 0; ]
0000100335[306 100 26 50 3 0 0; 93 94 25 50 4 0 0; 162 102 28 43 5 0 0; ]
0000100336[306 100 26 50 3 0 0; 91 94 26 50 4 0 0; 161 102 28 44 5 0 0; ]
0000100337[307 101 26 50 3 0 0; 88 94 26 51 4 0 0; 160 102 28 44 5 0 0; ]
0000100338[308 101 26 50 3 0 0; 86 94 26 53 4 0 0; 159 103 28 45 5 0 0; ]
0000100339[309 101 27 50 3 0 0; 83 94 27 54 4 0 0; 158 103 28 45 5 0 0; ]
0000100340[310 101 27 50 3 0 0; 81 93 27 55 4 0 0; 157 103 29 46 5 0 0; ]
0000100341[310 102 27 50 3 0 0; 78 93 27 56 4 0 0; 157 103 29 46 5 0 0; ]
0000100342[311 102 27 49 3 0 0; 75 93 28 57 4 0 0; 156 103 29 47 5 0 0; ]
0000100343[312 102 27 49 3 0 0; 72 93 28 59 4 0 0; 155 103 29 48 5 0 0; ]
0000100344[313 102 28 50 3 0 0; 69 92 30 60 4 0 0; 153 102 30 49 5 0 0; ]
0000100345[314 101 28 51 3 0 0; 65 92 31 61 4 0 0; 151 101 30 50 5 0 0; ]
0000100346[315 100 28 52 3 0 0; 61 91 32 62 4 0 0; 149 100 31 51 5 0 0; ]
0000100347[316 100 28 52 3 0 0; 57 90 33 63 4 0 0; 147 99 31 52 5 0 0; ]
0000100348[317 99 28 53 3 0 0; 53 90 34 64 4 0 0; 144 98 32 53 5 0 0; ]
0000100349[318 98 28 54 3 0 0; 49 89 35 66 4 0 0; 142 98 33 54 5 0 0; ]
0000100350[319 98 28 54 3 0 0; 44 88 35 67 4 0 0; 139 97 33 54 5 0 0; ]
0000100351[320 97 28 55 3 0 0; 40 87 35 69 4 0 0; 136 96 34 55 5 0 0; ]
0000100352[321 96 28 55 3 0 0; 35 86 36 70 4 0 0; 133 95 35 56 5 0 0; ]
0000100353[322 95 28 55 3 0 0; 30 85 36 72 4 0 0; 130 94 36 57 5 0 0; ]
0000100354[323 94 28 55 3 0 0; 25 84 36 75 4 0 0; 127 93 37 58 5 0 0; ]
0000100355[324 94 28 56 3 0 0; 19 83 37 77 4 0 0; 123 92 38 59 5 0 0; ]
0000100356[325 94 28 56 3 0 0; 14 81 37 79 4 0 0; 120 91 39 64 5 0 0; ]
0000100357[326 95 28 57 3 0 0; 8 80 37 82 4 0 0; 116 89 40 67 5 0 0; ]
0000100358[327 97 28 58 3 0 0; 2 79 37 84 4 0 0; 112 89 42 70 5 0 0; ]
0000100359[328 98 28 56 3 0 0; 107 89 44 71 5 0 0; ]
0000100360[329 98 28 56 3 0 0; 101 89 46 72 5 0 0; ]
0000100361[330 98 28 55 3 0 0; 95 89 48 74 5 0 0; ]
0000100362[331 98 28 55 3 0 0; 89 88 50 75 5 0 0; ]
0000100363[332 97 28 57 3 0 0; 82 86 52 78 5 0 0; ]
0000100364[333 94 28 59 3 0 0; 74 83 54 80 5 0 0; ]
0000100365[335 91 28 62 3 0 0; 66 79 55 83 5 0 0; ]
0000100366[336 90 29 63 3 0 0; 58 77 58 91 19 0 2; ]
0000100367[337 90 29 63 3 0 0; 47 76 61 94 19 0 2; ]
0000100368[338 90 29 63 3 0 0; 35 74 64 97 19 0 2; ]
0000100369[339 90 30 63 3 0 0; 21 72 68 102 19 0 2; ]
0000100370[340 89 30 63 3 0 0; 7 69 72 107 19 0 2; ]
0000100371[342 89 30 63 3 0 0; ]
0000100372[343 89 31 63 3 0 0; ]
0000100373[344 89 31 63 3 0 0; ]
0000100374[345 89 31 64 3 0 0; ]
0000100375[346 89 31 64 3 0 0; ]
0000100376[347 89 32 65 3 0 0; ]
0000100377[348 89 32 66 3 0 0; ]
0000100378[349 89 32 66 3 0 0; ]
0000100379[350 88 32 67 3 0 0; ]
0000100380[351 88 32 67 3 0 0; ]
0000100381[352 88 32 68 3 0 0; ]
0000100382[353 88 32 68 3 0 0; ]
0000100383[354 88 32 69 3 0 0; ]
0000100384[355 87 33 69 3 0 0; ]
0000100385[356 87 33 70 3 0 0; ]
0000100386[357 87 33 70 3 0 0; ]
0000100387[358 87 33 71 3 0 0; ]
0000100388[359 87 33 71 3 0 0; ]
0000100389[360 87 34 72 3 0 0; ]
0000100390[361 87 35 73 3 0 0; ]
0000100391[362 88 35 74 3 0 0; ]
0000100392[363 88 36 75 3 0 0; ]
0000100393[364 88 37 76 3 0 0; ]
0000100394[365 88 37 77 3 0 0; ]
0000100395[366 88 38 78 3 0 0; ]
0000100396[367 88 39 79 3 0 0; ]
0000100397[368 88 39 81 3 0 0; ]
0000100398[370 87 40 82 3 0 0; ]
0000100399[371 87 40 83 3 0 0; ]
0000100400[373 86 41 85 3 0 0; ]
0000100401[375 86 42 86 3 0 0; ]
0000100402[377 85 42 88 3 0 0; ]
0000100403[378 84 43 89 3 0 0; ]
0000100404[380 85 43 90 3 0 0; ]
0000100405[382 86 44 91 3 0 0; ]
0000100406[384 86 44 92 3 0 0; ]
0000100407[386 87 45 93 3 0 0; ]
0000100408[388 87 45 94 3 0 0; ]
0000100409[390 87 46 95 3 0 0; ]
0000100410[393 87 47 97 3 0 0; ]
0000100411[395 86 47 99 3 0 0; ]
0000100412[398 83 48 101 3 0 0; ]
0000100413[401 81 48 103 3 0 0; ]
0000100414[404 80 49 104 3 0 0; ]
0000100415[408 79 50 104 3 0 0; ]
0000100416[411 79 51 104 3 0 0; ]
0000100417[415 79 53 104 3 0 0; ]
0000100418[419 79 54 105 3 0 0; ]
0000100419[422 77 55 106 3 0 0; ]
0000100420[426 76 56 107 3 0 0; ]
0000100421[431 74 57 108 3 0 0; ]
0000100422[436 73 58 110 3 0 0; ]
0000100423[441 72 59 112 3 0 0; ]
0000100424[446 71 60 113 3 0 0; ]
0000100425[]
0000100426[]
0000100427[]
0000100428[]
0000100429[]
0000100430[]
0000100431[]
0000100432[]
0000100433[]
0000100434[]
0000100435[]
0000100436[]
0000100437[]
0000100438[]
0000100439[]
0000100440[]
0000100441[]
0000100442[]
0000100443[]
0000100444[]
0000100445[]
0000100446[]
0000100447[]
0000100448[]
0000100449[]
0000100450[]
0000100451[]
0000100452[]
0000100453[]
0000100454[]
0000100455[424 113 25 56 6 1 0; ]
0000100456[428 108 25 58 6 1 0; ]
0000100457[431 106 25 59 6 1 0; ]
0000100458[434 106 25 60 6 1 0; ]
0000100459[437 106 25 61 6 1 0; ]
0000100460[439 106 26 62 6 1 0; ]
0000100461[442 105 27 63 6 1 0; ]
0000100462[445 105 28 64 6 0 0; ]
0000100463[447 105 29 64 6 0 0; ]
0000100464[450 104 31 65 6 0 0; ]
0000100465[452 104 33 66 6 0 0; ]
0000100466[455 103 34 66 6 0 0; 367 114 17 37 8 0 1; ]
0000100467[458 103 36 67 6 0 0; 368 115 18 37 8 0 1; 385 111 17 36 9 0 1; ]
0000100468[461 102 37 68 6 0 0; 368 115 18 37 8 0 1; 386 113 17 35 9 0 1; ]
0000100469[464 102 38 68 6 0 0; 453 113 18 38 7 1 1; 369 116 18 38 8 0 1; 387 115 17 35 9 0 1; ]
0000100470[467 102 38 69 6 0 0; 454 114 18 38 7 1 1; 370 116 19 38 8 0 1; 387 116 17 35 9 0 1; ]
0000100471[471 101 39 70 6 0 0; 456 114 18 37 7 1 1; 370 116 19 38 8 0 1; 388 117 16 35 9 0 1; ]
0000100472[457 114 18 37 7 1 1; 371 117 19 38 8 0 1; 389 117 16 35 9 0 1; ]
0000100473[459 114 18 38 7 0 1; 371 117 19 39 8 0 1; 390 117 16 35 9 0 1; ]
0000100474[460 113 18 40 7 0 1; 371 117 20 39 8 0 1; 390 118 16 34 9 0 1; ]
0000100475[461 112 18 41 7 0 1; 372 117 20 39 8 0 1; 391 117 16 34 9 0 1; ]
0000100476[462 112 18 42 7 0 1; 372 117 20 39 8 0 1; 391 115 16 34 9 0 1; ]
0000100477[464 112 18 42 7 0 1; 372 117 20 39 8 0 1; 391 114 16 34 9 0 1; ]
0000100478[465 113 18 42 7 0 1; 372 116 20 39 8 0 1; 392 113 16 34 9 0 1; ]
0000100479[466 113 18 42 7 0 1; 372 116 21 39 8 0 1; 392 114 16 34 9 0 1; ]
0000100480[467 114 18 42 7 0 1; 373 116 21 39 8 0 1; 392 114 16 34 9 0 1; ]
0000100481[468 114 18 42 7 0 1; 373 116 21 39 8 0 1; 392 115 16 34 9 0 1; ]
0000100482[469 114 18 43 7 0 1; 372 115 22 38 8 0 1; 392 117 16 34 9 0 1; ]
0000100483[469 112 18 45 7 0 1; 372 114 23 38 8 0 1; 392 114 17 34 9 0 1; ]
0000100484[470 110 18 47 7 0 1; 372 112 23 38 8 0 1; 392 111 17 34 9 0 1; ]
0000100485[471 107 18 45 7 0 1; 372 111 24 38 8 0 1; 392 109 18 34 9 0 1; ]
0000100486[472 104 19 43 7 0 1; 371 109 25 38 8 0 1; 392 108 18 34 9 0 1; ]
0000100487[472 103 19 43 7 0 1; 371 107 25 40 8 0 1; 391 107 18 33 9 0 1; ]
0000100488[473 103 20 43 7 0 1; 371 106 26 41 8 0 1; 391 106 18 33 9 0 1; ]
0000100489[474 103 20 44 7 0 1; 372 106 24 42 8 0 1; 391 105 18 33 9 0 1; ]
0000100490[475 103 20 45 7 0 1; 373 106 23 42 8 0 1; 391 106 18 33 9 0 1; ]
0000100491[475 104 20 45 7 0 1; 371 109 24 42 8 0 1; 391 109 18 33 9 0 1; ]
0000100492[476 105 20 45 7 0 1; 370 112 24 42 8 0 1; 390 111 18 33 9 0 1; ]
0000100493[477 107 20 44 7 0 1; 369 113 25 42 8 0 1; 390 113 18 34 9 0 1; 239 114 16 30 10 0 0; ]
0000100494[478 109 20 43 7 0 1; 369 113 25 42 8 0 1; 390 112 18 34 9 0 1; 238 114 17 30 10 0 0; 214 113 19 32 20 0 0; ]
0000100495[478 110 20 43 7 0 1; 369 113 25 42 8 0 1; 390 112 18 35 9 0 1; 237 114 17 31 10 0 0; 213 113 18 31 20 0 0; ]
0000100496[479 110 20 43 7 0 1; 369 113 25 42 8 0 1; 390 111 18 36 9 0 1; 236 114 19 32 10 0 0; ]
0000100497[480 108 20 43 7 0 1; 368 110 25 43 8 0 1; 389 109 17 37 9 0 1; 235 111 19 31 10 0 0; ]
0000100498[481 106 20 44 7 0 1; 368 108 25 44 8 0 1; 389 106 18 37 9 0 1; 233 109 19 31 10 0 0; ]
0000100499[482 103 20 45 7 0 1; 368 107 25 45 8 0 1; 389 105 18 37 9 0 1; 232 108 19 30 10 0 0; ]
0000100500[483 103 20 46 7 0 1; 367 106 25 45 8 0 1; 389 104 18 38 9 0 1; 231 108 19 31 10 0 0; ]
0000100501[484 104 21 46 7 0 1; 367 107 25 45 8 0 1; 389 105 19 38 9 0 1; 229 110 19 31 10 0 0; ]
0000100502[485 105 21 47 7 0 1; 367 110 25 46 8 0 1; 388 106 19 39 9 0 1; 228 111 19 31 10 0 0; ]
0000100503[486 105 21 47 7 0 1; 366 111 25 46 8 0 1; 388 108 19 39 9 0 1; 226 112 19 31 10 0 0; ]
0000100504[487 106 21 48 7 0 1; 366 111 26 46 8 0 1; 388 108 19 40 9 0 1; 225 112 19 31 10 0 0; 201 111 17 30 20 0 0; ]
0000100505[488 106 21 49 7 0 1; 365 111 26 47 8 0 1; 388 108 19 41 9 0 1; 224 112 19 31 10 0 0; 199 110 17 31 20 0 0; ]
0000100506[489 106 22 49 7 1 1; 365 111 26 47 8 0 1; 388 108 19 41 9 0 1; 222 112 19 31 10 0 0; 198 109 17 32 20 0 0; ]
0000100507[365 110 26 48 8 0 1; 387 108 19 42 9 0 1; 221 112 19 31 10 0 0; 197 109 17 32 20 0 0; ]
0000100508[364 110 26 49 8 0 1; 387 108 20 42 9 0 1; 219 111 20 31 10 0 0; 195 109 17 32 20 0 0; ]
0000100509[364 110 26 49 8 0 1; 387 108 20 42 9 0 1; 218 111 20 31 10 0 0; 194 109 17 31 20 0 0; ]
0000100510[364 109 26 50 8 0 1; 387 108 20 43 9 0 1; 216 110 20 31 10 0 0; 193 109 17 31 20 0 0; ]
0000100511[363 108 26 51 8 0 1; 386 108 20 43 9 0 1; 215 109 20 30 10 0 0; 191 109 17 30 20 0 0; ]
0000100512[363 108 25 49 8 0 1; 386 108 21 44 9 0 1; 189 110 17 30 20 0 0; ]
0000100513[363 108 24 48 8 0 1; 386 108 21 42 9 0 1; 188 111 17 31 20 0 0; ]
0000100514[363 108 24 47 8 0 1; 386 107 21 41 9 0 1; 186 111 17 31 20 0 0; ]
0000100515[363 108 24 47 8 0 1; 386 107 22 40 9 0 1; 184 110 17 31 20 0 0; ]
0000100516[363 106 24 47 8 0 1; 386 107 22 40 9 0 1; 206 110 19 30 10 0 0; 182 108 17 31 20 0 0; ]
0000100517[363 103 24 48 8 0 1; 386 105 22 41 9 0 1; 205 107 20 31 10 0 0; 181 106 18 31 20 0 0; ]
0000100518[363 100 25 49 8 0 1; 386 100 22 42 9 0 1; 203 104 21 32 10 0 0; 179 104 18 30 20 0 0; ]
0000100519[362 99 25 50 8 0 1; 386 97 22 43 9 0 1; 201 103 21 33 10 0 0; 177 103 18 30 20 0 0; ]
0000100520[386 96 22 44 9 0 1; 199 101 22 34 10 0 0; 362 97 25 51 11 0 2; 175 102 19 30 20 0 0; ]
0000100521[386 95 23 44 9 0 1; 196 100 22 35 10 0 0; 362 96 25 52 11 0 2; 173 101 19 30 20 0 0; ]
0000100522[386 95 23 44 9 0 1; 194 100 22 36 10 0 0; 362 96 25 52 11 0 2; 172 100 20 30 20 0 0; ]
0000100523[386 97 23 43 9 0 1; 192 100 22 36 10 0 0; 361 98 25 52 11 0 2; 170 103 20 30 20 0 0; ]
0000100524[386 101 23 42 9 0 1; 190 102 22 37 10 0 0; 360 101 25 53 11 0 2; 168 107 20 30 20 0 0; ]
0000100525[386 104 23 42 9 0 1; 188 104 22 37 10 0 0; 360 104 25 53 11 0 2; 166 109 21 31 20 0 0; ]
0000100526[386 104 23 42 9 0 1; 185 108 22 37 10 0 0; 360 105 25 53 11 0 2; 165 109 21 34 20 0 0; ]
0000100527[386 104 22 44 9 0 1; 183 107 22 37 10 0 0; 360 105 26 53 11 0 2; 163 109 21 34 20 0 0; ]
0000100528[386 105 22 44 9 0 1; 181 107 22 37 10 0 0; 360 105 26 53 11 0 2; 161 109 21 34 20 0 0; ]
0000100529[386 106 22 45 9 0 1; 179 107 22 37 10 0 0; 360 105 26 54 11 0 2; 159 109 20 34 20 0 0; ]
0000100530[386 106 23 45 9 0 1; 177 106 22 37 10 0 0; 360 105 26 54 11 0 2; 157 109 20 34 20 0 0; ]
0000100531[387 106 23 45 9 0 1; 175 106 22 38 10 0 0; 360 105 26 55 11 0 2; 156 109 20 34 20 0 0; ]
0000100532[387 106 23 46 9 0 1; 173 106 22 38 10 0 0; 360 105 27 56 11 0 2; 154 109 20 34 20 0 0; ]
0000100533[387 106 23 46 9 0 1; 171 106 22 38 10 0 0; 360 105 27 57 11 0 2; 152 109 20 34 20 0 0; ]
0000100534[388 106 23 47 9 0 1; 169 107 22 39 10 0 0; 360 105 27 58 11 0 2; 151 110 20 34 20 0 0; ]
0000100535[388 106 23 47 9 0 1; 167 107 22 39 10 0 0; 360 105 28 59 11 0 2; 149 110 20 34 20 0 0; ]
0000100536[389 105 24 48 9 0 1; 165 108 22 40 10 0 0; 359 105 29 59 11 0 2; 148 110 20 34 20 0 0; ]
0000100537[389 104 24 49 9 0 1; 163 108 22 41 10 0 0; 358 105 30 59 11 0 2; 146 110 20 34 20 0 0; ]
0000100538[389 103 25 50 9 0 1; 161 109 22 42 10 0 0; 357 104 31 59 11 0 2; 145 110 20 34 20 0 0; ]
0000100539[390 101 26 51 9 0 1; 158 107 23 43 10 0 0; 357 104 32 60 11 0 2; 144 108 20 35 20 0 0; ]
0000100540[390 99 27 52 9 0 1; 156 105 25 45 10 0 0; 358 102 32 60 11 0 2; 142 106 21 37 20 0 0; ]
0000100541[390 97 28 53 9 0 1; 153 101 27 48 10 0 0; 359 100 32 61 11 0 2; 141 104 21 39 20 0 0; ]
0000100542[391 95 28 54 9 0 1; 151 101 27 48 10 0 0; 360 98 32 62 11 0 2; 138 101 22 39 20 0 0; ]
0000100543[392 96 29 55 9 0 1; 149 101 28 49 10 0 0; 361 97 32 63 11 0 2; 136 100 22 39 20 0 0; ]
0000100544[394 97 30 56 9 0 1; 147 101 28 49 10 0 0; 362 97 32 64 11 0 2; 133 101 24 40 20 1 0; ]
0000100545[395 97 31 57 9 0 1; 144 101 29 50 10 0 0; 363 97 32 64 11 0 2; 131 102 24 40 20 1 0; ]
0000100546[397 98 31 58 9 0 1; 142 101 29 51 10 0 0; 364 97 33 65 11 0 2; 130 103 24 40 20 1 0; ]
0000100547[398 98 31 58 9 0 1; 139 101 30 52 10 0 0; 365 97 34 66 11 0 2; 129 103 23 40 20 1 0; ]
0000100548[400 98 31 59 9 0 1; 136 100 30 52 10 0 0; 366 97 35 67 11 0 2; 128 103 22 40 20 1 0; ]
0000100549[402 98 32 59 9 0 1; 134 99 30 53 10 0 0; 367 97 36 67 11 0 2; 126 102 23 40 20 1 0; ]
0000100550[403 97 31 59 9 0 1; 130 97 31 54 10 0 0; 368 97 37 68 11 0 2; 124 100 23 40 20 1 0; ]
0000100551[405 96 31 58 9 1 1; 127 94 31 55 10 0 0; 369 95 39 68 11 0 2; ]
0000100552[407 94 30 58 9 1 1; 124 92 32 56 10 0 0; 370 93 40 69 11 0 2; ]
0000100553[409 93 30 57 9 1 1; 120 91 32 57 10 0 0; 372 92 41 69 11 1 2; ]
0000100554[411 93 30 58 9 1 1; 117 91 33 59 10 0 0; 374 94 41 70 11 1 2; ]
0000100555[413 94 30 59 9 1 1; 113 92 33 61 10 0 0; 376 95 41 71 11 1 2; ]
0000100556[415 95 30 61 9 1 1; 109 94 34 63 10 0 0; 378 97 41 71 11 1 2; ]
0000100557[418 96 31 63 9 1 1; 105 93 34 64 10 0 0; 379 97 41 72 11 1 2; ]
0000100558[424 93 28 68 9 1 1; 101 92 35 66 10 0 0; 381 97 41 72 11 1 2; ]
0000100559[425 93 29 69 9 1 1; 97 91 36 68 10 0 0; 383 97 42 73 11 1 2; ]
0000100560[426 92 30 70 9 1 1; 92 89 37 70 10 0 0; 384 97 42 73 11 1 2; ]
0000100561[428 92 30 71 9 1 1; 86 88 38 72 10 0 0; 386 97 43 74 11 1 2; ]
0000100562[430 92 31 72 9 1 1; 81 87 39 74 10 0 0; 387 97 44 74 11 1 2; ]
0000100563[432 91 32 73 9 1 1; 75 86 40 76 10 0 0; 389 97 45 75 11 1 2; ]
0000100564[434 91 32 74 9 1 1; 68 85 41 78 10 0 0; 391 97 45 76 11 1 2; 98 96 25 48 21 1 0; ]
0000100565[437 91 33 75 9 1 1; 61 83 42 81 10 0 0; 392 97 45 76 11 1 2; 93 97 27 49 21 1 0; ]
0000100566[439 90 34 76 9 1 1; 54 82 44 84 10 0 0; 394 97 45 77 11 1 2; 89 97 29 49 21 1 0; ]
0000100567[443 90 34 77 9 1 1; 46 81 46 86 10 0 0; 396 97 45 79 11 1 2; 85 98 30 50 21 1 0; ]
0000100568[446 89 34 78 9 1 1; 38 80 47 89 10 0 0; 398 97 45 81 11 1 2; 82 98 31 51 21 0 0; ]
0000100569[449 89 34 79 9 1 1; 29 78 49 92 10 0 0; 400 97 45 82 11 1 2; 78 97 31 51 21 0 0; ]
0000100570[452 89 35 80 9 1 1; 20 77 51 95 10 0 0; 402 97 45 83 11 1 2; 75 96 31 52 21 0 0; ]
0000100571[456 88 35 81 9 1 1; 11 76 53 99 10 0 0; 405 96 46 84 11 1 2; 72 95 31 53 21 0 0; ]
0000100572[460 88 36 81 9 1 1; 407 96 46 85 11 1 2; 69 94 32 54 21 0 0; ]
0000100573[463 87 36 82 9 1 1; 410 96 46 86 11 1 2; 66 94 32 54 21 0 0; ]
0000100574[467 87 37 83 9 1 1; 413 96 46 87 11 1 2; 63 94 32 55 21 0 0; ]
0000100575[471 86 37 84 9 1 1; 416 96 46 87 11 1 2; 59 94 33 56 21 0 0; ]
0000100576[420 95 46 88 11 1 2; 56 93 33 56 21 0 0; ]
0000100577[424 95 47 88 11 1 2; 52 93 33 57 21 0 0; ]
0000100578[428 94 47 89 11 1 2; 49 93 34 57 21 0 0; ]
0000100579[432 93 48 89 11 1 2; 45 93 35 58 21 0 0; ]
0000100580[437 92 48 89 11 1 2; 41 92 35 60 21 0 0; ]
0000100581[441 92 48 92 11 1 2; 38 91 36 61 21 0 0; ]
0000100582[445 91 49 94 11 1 2; 34 90 36 63 21 0 0; ]
0000100583[449 91 49 97 11 1 2; 30 89 37 64 21 0 0; ]
0000100584[454 90 50 99 11 1 2; 26 88 38 66 21 0 0; ]
0000100585[458 90 51 102 11 1 2; 22 87 38 67 21 0 0; ]
0000100586[18 86 39 69 21 0 0; ]
0000100587[14 85 40 70 21 0 0; ]
0000100588[10 84 41 71 21 0 0; ]
0000100589[6 83 42 72 21 0 0; ]
0000100590[1 82 43 73 21 0 0; ]
0000100591[]
0000100592[]
0000100593[]
0000100594[]
0000100595[]
0000100596[]
0000100597[]
0000100598[]
0000100599[]
0000100600[]
0000100601[]
0000100602[]
0000100603[]
0000100604[]
0000100605[]
0000100606[]
0000100607[]
0000100608[]
0000100609[]
0000100610[]
0000100611[]
0000100612[]
0000100613[]
0000100614[]
0000100615[]
0000100616[]
0000100617[]
0000100618[]
0000100619[]
0000100620[]
0000100621[]
0000100622[]
0000100623[]
0000100624[]
0000100625[]
0000100626[]
0000100627[]
0000100628[]
0000100629[]
0000100630[]
0000100631[]
0000100632[]
0000100633[]
0000100634[]
0000100635[]
0000100636[]
0000100637[]
0000100638[]
0000100639[]
0000100640[]
0000100641[]
0000100642[]
0000100643[]
0000100644[]
0000100645[]
0000100646[]
0000100647[]
0000100648[]
0000100649[]
0000100650[]
0000100651[]
0000100652[]
0000100653[]
0000100654[]
0000100655[]
0000100656[]
0000100657[]
0000100658[]
0000100659[]
0000100660[]
0000100661[]
0000100662[]
0000100663[]
0000100664[]
0000100665[]
0000100666[]
0000100667[]
0000100668[]
0000100669[]
0000100670[]
0000100671[61 98 16 30 12 0 0; ]
0000100672[60 100 15 30 12 0 0; ]
0000100673[]
0000100674[]
0000100675[]
0000100676[]
0000100677[]
0000100678[]
0000100679[]
0000100680[]
0000100681[]
0000100682[]
0000100683[44 104 18 30 12 0 0; ]
0000100684[43 103 18 30 12 0 0; ]
0000100685[42 101 18 30 12 0 0; ]
0000100686[41 98 18 30 12 0 0; ]
0000100687[40 95 18 30 12 0 0; ]
0000100688[39 92 18 31 12 0 0; ]
0000100689[38 91 17 32 12 0 0; ]
0000100690[38 89 17 32 12 0 0; ]
0000100691[37 89 17 33 12 0 0; ]
0000100692[37 90 17 33 12 0 0; ]
0000100693[36 91 17 34 12 0 0; ]
0000100694[35 91 17 34 12 0 0; ]
0000100695[35 92 17 34 12 0 0; ]
0000100696[34 93 17 34 12 0 0; ]
0000100697[34 94 17 34 12 0 0; ]
0000100698[33 94 17 33 12 0 0; ]
0000100699[32 95 17 33 12 0 0; ]
0000100700[32 95 18 33 12 0 0; ]
0000100701[31 96 18 33 12 0 0; ]
0000100702[30 96 19 32 12 0 0; ]
0000100703[30 97 19 32 12 0 0; ]
0000100704[30 98 19 33 12 0 0; ]
0000100705[29 98 19 33 12 0 0; ]
0000100706[29 97 19 33 12 0 0; ]
0000100707[28 95 19 34 12 0 0; ]
0000100708[28 94 19 34 12 0 0; ]
0000100709[28 94 19 34 12 0 0; ]
0000100710[27 93 19 34 12 0 0; ]
0000100711[27 93 19 34 12 0 0; ]
0000100712[26 93 19 33 12 0 0; ]
0000100713[26 93 19 34 12 0 0; ]
0000100714[26 92 19 35 12 0 0; ]
0000100715[25 91 19 36 12 0 0; ]
0000100716[]
0000100717[]
0000100718[]
0000100719[]
0000100720[]
0000100721[]
0000100722[]
0000100723[]
0000100724[]
0000100725[]
0000100726[]
0000100727[]
0000100728[]
0000100729[]
0000100730[]
0000100731[]
0000100732[]
0000100733[]
0000100734[]
0000100735[]
0000100736[]
0000100737[]
0000100738[]
0000100739[]
0000100740[]
0000100741[]
0000100742[]
0000100743[]
0000100744[]
0000100745[]
0000100746[]
0000100747[]
0000100748[]
0000100749[]
0000100750[]
0000100751[]
0000100752[]
0000100753[]
0000100754[]
0000100755[]
0000100756[]
0000100757[]
0000100758[]
0000100759[]
0000100760[]
0000100761[]
0000100762[]
0000100763[0 85 22 48 13 1 0; ]
0000100764[]
0000100765[]
0000100766[]
0000100767[]
0000100768[]
0000100769[]
0000100770[]
0000100771[]
0000100772[]
0000100773[]
0000100774[]
0000100775[]
0000100776[]
0000100777[]
0000100778[]
0000100779[]
0000100780[]
0000100781[]
0000100782[]
0000100783[]
0000100784[]
0000100785[]
0000100786[]
0000100787[]
0000100788[]
0000100789[]
0000100790[]
0000100791[]
0000100792[]
0000100793[]
0000100794[]
0000100795[]
0000100796[]
0000100797[]
0000100798[]
0000100799[]
0000100800[]
0000100801[]
0000100802[]
0000100803[]
0000100804[]
0000100805[]
0000100806[]
0000100807[]
0000100808[]
0000100809[]
0000100810[]
0000100811[]
0000100812[]
0000100813[]
0000100814[]
0000100815[]
0000100816[]
0000100817[]
0000100818[]
0000100819[]
0000100820[]
0000100821[]
0000100822[]
0000100823[]
0000100824[]
0000100825[]
0000100826[]
0000100827[]
0000100828[]
0000100829[]
0000100830[]
0000100831[]
0000100832[]
0000100833[]
0000100834[]
0000100835[]
0000100836[]
0000100837[165 98 19 34 15 0 0; ]
0000100838[167 98 19 34 15 0 0; ]
0000100839[169 99 19 33 15 0 0; ]
0000100840[171 100 19 33 15 0 0; ]
0000100841[173 101 19 33 15 0 0; ]
0000100842[175 102 19 32 15 0 0; ]
0000100843[178 104 19 32 15 0 0; ]
0000100844[180 104 19 32 15 0 0; ]
0000100845[182 104 19 32 15 0 0; ]
0000100846[184 104 19 32 15 0 0; ]
0000100847[186 103 19 33 15 0 0; ]
0000100848[188 102 19 33 15 0 0; ]
0000100849[190 101 19 33 15 0 0; ]
0000100850[192 101 19 34 15 0 0; ]
0000100851[194 100 19 34 15 0 0; ]
0000100852[196 99 19 34 15 0 0; ]
0000100853[197 99 19 34 15 0 0; ]
0000100854[199 99 19 34 15 0 0; ]
0000100855[200 99 19 34 15 0 0; ]
0000100856[202 99 20 34 15 0 0; ]
0000100857[203 100 20 34 15 0 0; ]
0000100858[205 100 20 34 15 0 0; ]
0000100859[206 100 20 34 15 0 0; ]
0000100860[208 101 20 35 15 0 0; ]
0000100861[209 101 20 35 15 0 0; ]
0000100862[211 102 20 35 15 0 0; ]
0000100863[212 103 20 35 15 0 0; ]
0000100864[213 104 20 35 15 0 0; ]
0000100865[215 105 20 35 15 0 0; ]
0000100866[216 106 20 35 15 0 0; ]
0000100867[218 107 20 35 15 0 0; ]
0000100868[219 107 20 33 15 0 0; ]
0000100869[221 108 20 31 15 0 0; ]
0000100870[222 108 19 31 15 0 0; ]
0000100871[223 108 19 30 15 0 0; ]
0000100872[224 106 19 32 15 0 0; ]
0000100873[224 103 19 34 15 0 0; ]
0000100874[225 101 19 35 15 0 0; ]
0000100875[225 101 19 35 15 0 0; ]
0000100876[225 102 19 35 15 0 0; ]
0000100877[226 103 19 35 15 0 0; ]
0000100878[226 103 19 35 15 0 0; ]
0000100879[226 104 20 35 15 0 0; ]
0000100880[226 103 20 35 15 0 0; ]
0000100881[226 102 20 37 15 0 0; ]
0000100882[226 100 21 39 15 0 0; ]
0000100883[226 99 21 39 15 0 0; ]
0000100884[226 98 21 39 15 0 0; ]
0000100885[227 97 21 39 15 0 0; ]
0000100886[227 98 21 38 15 0 0; ]
0000100887[227 99 20 38 15 0 0; ]
0000100888[227 100 20 37 15 0 0; ]
0000100889[227 102 19 37 15 0 0; ]
0000100890[227 103 20 37 15 0 0; ]
0000100891[227 104 20 37 15 0 0; ]
0000100892[227 106 20 37 15 0 0; ]
0000100893[227 106 20 37 15 0 0; ]
0000100894[228 106 21 37 15 0 0; ]
0000100895[228 105 21 37 15 0 0; ]
0000100896[228 104 21 37 15 0 0; ]
0000100897[228 103 21 37 15 0 0; ]
0000100898[228 101 22 37 15 0 0; ]
0000100899[228 100 22 38 15 0 0; ]
0000100900[228 100 22 38 15 0 0; ]
0000100901[228 100 22 38 15 0 0; ]
0000100902[228 101 22 38 15 0 0; ]
0000100903[228 102 21 38 15 0 0; ]
0000100904[228 104 21 38 15 0 0; ]
0000100905[228 105 21 38 15 0 0; ]
0000100906[228 106 21 37 15 0 0; ]
0000100907[228 107 21 36 15 0 0; ]
0000100908[228 107 21 36 15 0 0; ]
0000100909[228 107 21 36 15 0 0; ]
0000100910[228 106 21 37 15 0 0; ]
0000100911[229 106 21 38 15 0 0; ]
0000100912[229 104 21 39 15 0 0; ]
0000100913[229 106 21 40 15 0 0; ]
0000100914[229 107 21 41 15 0 0; ]
0000100915[229 108 22 42 15 0 0; ]
0000100916[229 109 22 43 15 0 0; ]
0000100917[229 109 22 43 15 0 0; ]
0000100918[229 109 22 43 15 0 0; ]
0000100919[229 109 22 43 15 0 0; ]
0000100920[229 109 22 43 15 0 0; ]
0000100921[229 109 22 43 15 0 0; ]
0000100922[228 107 22 43 15 0 0; ]
0000100923[228 105 22 42 15 0 0; ]
0000100924[228 104 22 42 15 0 0; ]
0000100925[228 102 22 42 15 0 0; ]
0000100926[228 101 22 43 15 0 0; ]
0000100927[227 100 23 44 15 0 0; ]
0000100928[228 100 22 44 15 0 0; ]
0000100929[228 101 22 43 15 0 0; ]
0000100930[228 102 22 43 15 0 0; ]
0000100931[228 102 22 43 15 0 0; ]
0000100932[229 103 22 43 15 0 0; ]
0000100933[229 103 22 43 15 0 0; ]
0000100934[229 103 22 43 15 0 0; ]
0000100935[229 103 22 43 15 0 0; ]
0000100936[230 103 22 43 15 0 0; ]
0000100937[230 103 22 43 15 0 0; ]
0000100938[230 103 22 43 15 0 0; ]
0000100939[230 102 23 44 15 0 0; ]
0000100940[231 102 23 45 15 0 0; ]
0000100941[231 102 23 45 15 0 0; ]
0000100942[231 101 24 46 15 0 0; ]
0000100943[232 102 23 46 15 0 0; ]
0000100944[234 102 23 47 15 0 0; ]
0000100945[235 102 23 47 15 0 0; ]
0000100946[236 103 23 47 15 0 0; ]
0000100947[238 103 23 47 15 0 0; ]
0000100948[239 103 23 47 15 0 0; ]
0000100949[241 104 23 48 15 0 0; ]
0000100950[242 104 23 48 15 0 0; ]
0000100951[244 104 23 48 15 0 0; ]
0000100952[246 104 24 48 15 0 0; ]
0000100953[248 105 24 48 15 0 0; ]
0000100954[249 105 24 48 15 0 0; ]
0000100955[251 105 25 48 15 0 0; ]
0000100956[253 105 26 48 15 0 0; ]
0000100957[255 105 26 48 15 0 0; ]
0000100958[258 106 25 47 15 0 0; ]
0000100959[260 106 25 46 15 0 0; ]
0000100960[262 107 24 46 15 0 0; ]
0000100961[265 107 24 45 15 0 0; ]
0000100962[267 107 24 45 15 0 0; ]
0000100963[269 107 24 45 15 0 0; ]
0000100964[272 107 24 45 15 0 0; ]
0000100965[274 107 24 46 15 0 0; ]
0000100966[276 106 24 47 15 0 0; ]
0000100967[279 105 25 48 15 0 0; ]
0000100968[281 104 25 50 15 0 0; ]
0000100969[283 104 26 51 15 0 0; ]
0000100970[286 104 26 51 15 0 0; ]
0000100971[288 105 26 52 15 0 0; ]
0000100972[290 106 26 52 15 0 0; ]
0000100973[293 108 26 52 15 0 0; ]
0000100974[296 110 26 51 15 0 0; ]
0000100975[299 112 26 51 15 0 0; ]
0000100976[301 113 27 51 15 0 0; ]
0000100977[304 114 27 51 15 0 0; ]
0000100978[307 114 27 51 15 0 0; ]
0000100979[310 115 27 51 15 0 0; ]
0000100980[312 115 27 51 15 0 0; ]
0000100981[315 115 27 51 15 0 0; ]
0000100982[318 115 27 51 15 0 0; ]
0000100983[321 114 27 52 15 0 0; ]
0000100984[324 113 27 53 15 0 0; ]
0000100985[326 112 27 54 15 0 0; ]
0000100986[329 110 28 56 15 0 0; ]
0000100987[332 109 28 57 15 0 0; ]
0000100988[335 108 28 58 15 0 0; 136 109 16 30 16 0 0; ]
0000100989[338 108 28 58 15 0 0; ]
0000100990[340 108 28 58 15 0 0; ]
0000100991[343 107 29 58 15 0 0; ]
0000100992[346 107 29 59 15 0 0; ]
0000100993[348 107 29 59 15 0 0; ]
0000100994[351 106 29 59 15 0 0; ]
0000100995[354 106 29 59 15 0 0; ]
0000100996[356 106 30 60 15 0 0; ]
0000100997[359 105 30 60 15 0 0; ]
0000100998[362 105 30 60 15 0 0; 153 107 17 30 16 0 0; ]
0000100999[364 105 30 61 15 0 0; 154 106 17 30 16 0 0; ]
0000101000[367 104 30 61 15 0 0; 155 106 17 30 16 0 0; ]
0000101001[370 104 31 61 15 0 0; 156 106 17 30 16 0 0; ]
0000101002[373 104 31 61 15 0 0; 157 105 17 31 16 0 0; ]
0000101003[375 103 30 62 15 0 0; 158 104 18 31 16 0 0; ]
0000101004[377 102 30 64 15 0 0; 159 105 18 31 16 0 0; ]
0000101005[379 101 30 65 15 0 0; 160 105 17 32 16 0 0; ]
0000101006[381 101 30 66 15 0 0; 160 105 17 32 16 0 0; ]
0000101007[383 100 30 66 15 0 0; 161 105 17 32 16 0 0; ]
0000101008[385 100 30 67 15 0 0; 162 106 17 32 16 0 0; ]
0000101009[386 100 30 68 15 0 0; 162 106 17 32 16 0 0; ]
0000101010[388 100 30 68 15 0 0; 162 106 17 32 16 0 0; ]
0000101011[389 100 30 69 15 0 0; 162 106 17 33 16 0 0; ]
0000101012[391 100 31 69 15 0 0; 162 106 17 33 16 0 0; ]
0000101013[392 100 31 70 15 0 0; 162 107 17 33 16 0 0; ]
0000101014[393 100 32 70 15 0 0; 162 107 17 33 16 0 0; ]
0000101015[394 100 32 71 15 0 0; 162 107 17 33 16 0 0; ]
0000101016[395 101 33 71 15 0 0; 162 107 17 33 16 0 0; ]
0000101017[396 101 34 71 15 0 0; 162 108 18 34 16 0 0; ]
0000101018[399 99 34 75 15 0 0; 162 108 18 34 16 0 0; ]
0000101019[401 97 34 78 15 0 0; 161 104 18 34 16 0 0; ]
0000101020[402 96 35 79 15 0 0; 161 102 18 35 16 0 0; ]
0000101021[403 94 35 80 15 0 0; 160 100 18 35 16 0 0; ]
0000101022[404 92 35 80 15 0 0; 159 98 18 35 16 0 0; ]
0000101023[405 91 35 80 15 0 0; 159 98 18 36 16 0 0; ]
0000101024[406 90 35 80 15 0 0; 158 97 18 36 16 0 0; ]
0000101025[407 90 35 80 15 0 0; 157 97 18 36 16 0 0; ]
0000101026[408 91 34 80 15 0 0; 156 99 18 36 16 0 0; ]
0000101027[409 95 34 80 15 0 0; 155 102 17 36 16 0 0; ]
0000101028[410 98 33 80 15 0 0; 154 105 17 37 16 0 0; ]
0000101029[410 100 33 80 15 0 0; 152 106 17 37 16 0 0; ]
0000101030[411 99 33 80 15 0 0; 151 106 17 37 16 0 0; ]
0000101031[412 97 34 81 15 0 0; 150 104 18 38 16 0 0; ]
0000101032[413 95 36 82 15 0 0; 148 101 19 39 16 0 0; ]
0000101033[413 89 37 83 15 0 0; 146 97 20 40 16 0 0; ]
0000101034[414 84 38 84 15 0 0; 145 92 20 41 16 0 0; ]
0000101035[415 79 39 84 15 0 0; 143 87 20 41 16 0 0; ]
0000101036[416 75 40 85 15 0 0; 141 83 20 41 16 0 0; ]
0000101037[417 72 40 85 15 0 0; 139 79 20 41 16 0 0; ]
0000101038[418 70 41 85 15 0 0; 137 76 21 40 16 0 0; ]
0000101039[419 68 41 86 15 0 0; 136 74 21 39 16 0 0; ]
0000101040[420 68 41 86 15 0 0; 134 75 21 39 16 0 0; ]
0000101041[421 68 41 86 15 0 0; 132 75 21 39 16 0 0; ]
0000101042[422 69 41 86 15 0 0; 130 76 22 39 16 0 0; ]
0000101043[424 70 41 86 15 0 0; 129 77 23 39 16 0 0; ]
0000101044[426 72 41 86 15 0 0; 127 78 23 39 16 0 0; ]
0000101045[427 74 41 85 15 0 0; 125 80 22 41 16 0 0; ]
0000101046[429 78 41 85 15 0 0; 123 81 22 43 16 0 0; ]
0000101047[431 82 41 85 15 0 0; 121 81 22 44 16 0 0; 137 87 20 39 17 1 2; ]
0000101048[433 78 42 86 15 0 0; 120 81 23 45 16 0 0; 135 83 21 41 17 1 2; ]
0000101049[435 74 43 88 15 0 0; 118 77 23 45 16 0 0; 133 80 22 42 17 1 2; ]
0000101050[437 72 43 89 15 0 0; 116 73 23 44 16 0 0; 131 78 23 44 17 1 2; ]
0000101051[439 70 44 90 15 0 0; 114 71 23 44 16 0 0; 129 76 23 45 17 0 2; ]
0000101052[442 68 44 91 15 0 0; 112 70 23 44 16 0 0; 127 75 24 45 17 0 2; ]
0000101053[444 68 45 92 15 0 0; 111 71 23 44 16 0 0; 126 75 24 46 17 0 2; ]
0000101054[446 67 45 93 15 0 0; 109 72 23 44 16 0 0; 124 74 24 46 17 0 2; ]
0000101055[449 69 45 93 15 0 0; 107 73 23 44 16 0 0; 123 75 24 46 17 0 2; ]
0000101056[452 72 46 94 15 0 0; 105 75 23 44 16 0 0; 122 78 24 45 17 0 2; ]
0000101057[455 75 46 94 15 0 0; 104 78 23 45 16 0 0; 121 81 23 45 17 0 2; ]
0000101058[458 78 46 95 15 0 0; 102 81 22 46 16 0 0; 120 83 23 45 17 0 2; ]
0000101059[461 79 47 96 15 0 0; 100 83 22 47 16 0 0; 118 86 23 45 17 0 2; ]
0000101060[98 83 22 48 16 0 0; 117 88 23 46 17 0 2; ]
0000101061[96 82 23 48 16 0 0; 116 87 23 47 17 0 2; ]
0000101062[95 82 23 50 16 0 0; 115 84 23 49 17 0 2; ]
0000101063[93 81 24 51 16 0 0; 113 84 24 49 17 0 2; ]
0000101064[91 81 24 51 16 0 0; 111 83 26 49 17 0 2; ]
0000101065[89 80 24 51 16 0 0; 109 83 27 49 17 0 2; ]
0000101066[87 80 24 51 16 0 0; 107 83 27 49 17 0 2; ]
0000101067[84 80 24 51 16 0 0; 105 83 27 50 17 0 2; ]
0000101068[82 79 24 51 16 0 0; 104 83 27 51 17 0 2; ]
0000101069[80 78 24 51 16 0 0; 102 83 28 52 17 0 2; ]
0000101070[78 78 25 51 16 0 0; 100 82 28 52 17 0 2; ]
0000101071[75 77 25 51 16 0 0; 99 82 28 52 17 0 2; ]
0000101072[73 76 25 51 16 0 0; 97 81 29 52 17 0 2; ]
0000101073[70 75 26 52 16 0 0; 96 80 29 52 17 0 2; ]
0000101074[68 73 26 53 16 0 0; 95 79 29 52 17 0 2; ]
0000101075[65 72 27 54 16 0 0; 93 77 30 53 17 0 2; ]
0000101076[63 70 28 55 16 0 0; 92 76 30 55 17 0 2; ]
0000101077[60 68 29 56 16 0 0; 91 74 31 56 17 0 2; ]
0000101078[57 66 30 58 16 0 0; 89 72 31 57 17 0 2; ]
0000101079[55 65 30 58 16 0 0; 87 70 31 57 17 0 2; ]
0000101080[52 64 31 59 16 0 0; 85 70 31 57 17 0 2; ]
0000101081[49 63 31 60 16 0 0; 83 69 32 57 17 0 2; ]
0000101082[46 63 32 61 16 0 0; 81 69 32 58 17 0 2; ]
0000101083[43 63 32 63 16 0 0; 78 69 33 58 17 0 2; ]
0000101084[40 64 32 66 16 0 0; 76 69 33 59 17 0 2; ]
0000101085[37 65 32 67 16 0 0; 74 70 34 60 17 0 2; ]
0000101086[33 66 32 66 16 0 0; 72 74 34 60 17 0 2; ]
0000101087[30 68 32 65 16 0 0; 69 77 35 61 17 0 2; ]
0000101088[26 70 32 63 16 0 0; 67 78 35 62 17 0 2; ]
0000101089[22 71 32 62 16 0 0; 65 78 36 63 17 0 2; ]
0000101090[18 71 33 62 16 0 0; 62 78 36 63 17 0 2; ]
0000101091[13 69 33 63 16 0 0; 60 76 37 64 17 0 2; ]
0000101092[8 66 35 65 16 0 0; 57 74 37 64 17 0 2; ]
0000101093[2 63 36 67 16 0 0; 53 73 38 65 17 0 2; ]
0000101094[50 72 40 65 17 0 2; ]
0000101095[48 71 40 66 17 0 2; ]
0000101096[47 71 41 67 17 0 2; ]
0000101097[47 70 40 67 17 0 2; ]
0000101098[48 70 40 67 17 0 2; ]
0000101099[48 70 39 68 17 0 2; ]
0000101100[48 70 39 68 17 0 2; ]
0000101101[48 70 39 68 17 0 2; ]
0000101102[48 70 39 68 17 0 2; ]
0000101103[48 70 39 68 17 0 2; ]
0000101104[48 70 39 68 17 0 2; ]
0000101105[48 70 38 68 17 0 2; ]
0000101106[48 70 38 67 17 0 2; ]
0000101107[47 70 38 67 17 0 2; ]
0000101108[47 70 38 67 17 0 2; ]
0000101109[47 70 38 67 17 0 2; ]
0000101110[]
0000101111[]
0000101112[]
0000101113[]
0000101114[]
0000101115[]
0000101116[]
0000101117[]
0000101118[]
0000101119[]
0000101120[]
0000101121[]
0000101122[]
0000101123[]
0000101124[]
0000101125[]
0000101126[]
0000101127[]
0000101128[]
0000101129[]
0000101130[]
0000101131[]
0000101132[]
0000101133[]
0000101134[]
0000101135[]
0000101136[]
0000101137[]
0000101138[]
0000101139[]
0000101140[]
0000101141[]
0000101142[]
0000101143[]
0000101144[]
0000101145[]
0000101146[]
0000101147[]
0000101148[]
0000101149[]
0000101150[]
0000101151[]
0000101152[]
0000101153[]
0000101154[]
0000101155[]
0000101156[]
0000101157[]
0000101158[]
0000101159[]
0000101160[]
0000101161[]
0000101162[]
0000101163[]
0000101164[]
0000101165[]
0000101166[]
0000101167[]
0000101168[]
0000101169[]
0000101170[]
0000101171[]
0000101172[]
0000101173[]
0000101174[]
0000101175[]
0000101176[]
0000101177[]
0000101178[]
0000101179[]
0000101180[]
0000101181[]
0000101182[]
0000101183[]
0000101184[]
0000101185[]
0000101186[]
0000101187[]
0000101188[]
0000101189[]
0000101190[]
0000101191[]
0000101192[]
0000101193[]
0000101194[]
0000101195[]
0000101196[]
0000101197[]
0000101198[]
0000101199[]
0000101200[]
0000101201[]
0000101202[]
0000101203[]
0000101204[]
0000101205[]
0000101206[]
0000101207[]
0000101208[]
0000101209[]
0000101210[]
0000101211[]
0000101212[]
0000101213[]
0000101214[]
0000101215[]
0000101216[]
0000101217[]
0000101218[]
0000101219[]
0000101220[]
0000101221[]
0000101222[]
0000101223[]
0000101224[]
0000101225[72 138 20 52 24 0 3; ]
0000101226[69 138 20 53 24 0 3; ]
0000101227[67 138 21 53 24 0 3; ]
0000101228[64 138 21 54 24 0 3; 45 135 21 56 25 0 3; ]
0000101229[62 138 22 54 24 0 3; 42 136 21 56 25 0 3; ]
0000101230[59 138 22 55 24 0 3; 39 136 21 56 25 0 3; ]
0000101231[57 138 23 56 24 0 3; 36 136 21 56 25 0 3; ]
0000101232[54 139 23 56 24 0 3; 34 136 22 56 25 0 3; ]
0000101233[52 139 24 57 24 0 3; 31 137 22 57 25 0 3; ]
0000101234[49 139 24 57 24 0 3; 29 137 22 57 25 0 3; ]
0000101235[47 139 24 57 24 0 3; 26 137 22 57 25 0 3; ]
0000101236[44 139 25 58 24 0 3; 24 137 22 57 25 0 3; ]
0000101237[42 139 25 58 24 0 3; 21 137 22 57 25 0 3; ]
0000101238[39 139 25 58 24 0 3; 19 137 22 57 25 0 3; ]
0000101239[37 139 25 58 24 0 3; 17 137 22 56 25 0 3; ]
0000101240[34 139 25 58 24 0 3; 14 137 21 55 25 0 3; ]
0000101241[32 138 25 58 24 0 3; ]
0000101242[29 136 25 58 24 0 3; ]
0000101243[27 135 25 57 24 0 3; ]
0000101244[24 134 26 57 24 0 3; ]
0000101245[21 133 26 57 24 0 3; ]
0000101246[18 132 26 57 24 0 3; ]
0000101247[16 130 25 56 24 0 3; ]
0000101248[]
0000101249[]
0000101250[]
0000101251[]
0000101252[]
0000101253[]
0000101254[]
0000101255[]
0000101256[]
0000101257[]
0000101258[]
0000101259[]
0000101260[]
0000101261[]
0000101262[]
0000101263[]
0000101264[]
0000101265[]
0000101266[]
0000101267[]
0000101268[]
