1500100001[]
1500100002[]
1500100003[91 65 23 63 0 0 0; ]
1500100004[]
1500100005[89 65 23 65 1 0 3; ]
1500100006[88 66 24 65 1 0 3; ]
1500100007[87 66 25 65 1 0 3; ]
1500100008[85 67 25 66 1 0 3; ]
1500100009[84 67 26 66 1 0 3; ]
1500100010[83 67 26 67 1 0 3; ]
1500100011[82 67 26 68 1 0 3; ]
1500100012[80 67 27 68 1 0 3; ]
1500100013[79 67 27 69 1 0 3; ]
1500100014[78 66 27 70 1 0 3; ]
1500100015[77 66 27 71 1 0 3; ]
1500100016[75 65 27 72 1 0 3; ]
1500100017[74 64 26 73 1 0 3; ]
1500100018[73 62 26 74 1 0 3; ]
1500100019[72 61 26 75 1 0 3; ]
1500100020[70 59 26 76 1 0 3; ]
1500100021[69 59 27 77 1 0 3; ]
1500100022[67 59 28 79 1 0 3; ]
1500100023[66 59 28 79 1 0 3; ]
1500100024[65 59 29 80 1 0 3; ]
1500100025[63 59 29 81 1 0 3; ]
1500100026[62 59 29 81 1 0 3; ]
1500100027[60 59 29 81 1 0 3; ]
1500100028[59 59 29 81 1 0 3; ]
1500100029[57 59 30 81 1 0 3; ]
1500100030[56 59 30 81 1 0 3; ]
1500100031[54 59 30 80 1 0 3; ]
1500100032[53 59 30 80 1 0 3; ]
1500100033[52 59 30 80 1 0 3; ]
1500100034[50 59 30 79 1 0 3; ]
1500100035[49 58 30 79 1 0 3; ]
1500100036[47 57 30 81 1 0 3; ]
1500100037[45 56 31 83 1 0 3; ]
1500100038[44 55 31 84 1 0 3; ]
1500100039[42 55 31 85 1 0 3; ]
1500100040[40 54 31 86 1 0 3; ]
1500100041[38 54 32 87 1 0 3; ]
1500100042[36 55 32 88 1 0 3; ]
1500100043[34 56 32 88 1 0 3; ]
1500100044[32 57 32 88 1 0 3; ]
1500100045[29 57 33 88 1 0 3; ]
1500100046[27 57 33 89 1 0 3; ]
1500100047[24 56 33 90 1 0 3; ]
1500100048[21 55 33 90 1 0 3; ]
1500100049[18 53 33 91 1 0 3; ]
1500100050[16 51 33 93 1 0 3; ]
1500100051[12 49 34 93 1 0 3; ]
1500100052[9 47 36 94 1 0 3; ]
1500100053[5 45 36 95 1 0 3; ]
1500100054[2 44 37 96 1 0 3; ]
1500100055[]
1500100056[]
1500100057[]
1500100058[]
1500100059[]
1500100060[]
1500100061[]
1500100062[]
1500100063[]
1500100064[]
1500100065[]
1500100066[]
1500100067[]
1500100068[]
1500100069[]
1500100070[]
1500100071[]
1500100072[]
1500100073[]
1500100074[]
1500100075[]
1500100076[]
1500100077[]
1500100078[]
1500100079[]
1500100080[]
1500100081[]
1500100082[]
1500100083[]
1500100084[]
1500100085[]
1500100086[]
1500100087[]
1500100088[]
1500100089[]
1500100090[]
1500100091[]
1500100092[]
1500100093[]
1500100094[]
