1500200001[]
1500200002[]
1500200003[429 83 16 46 2 0 1; 376 87 15 38 3 1 2; 390 93 35 35 4 0 1; 473 77 18 56 5 0 1; 459 79 17 51 6 0 1; 361 88 16 30 7 1 -1; ]
1500200004[430 83 16 47 2 0 1; 376 87 15 39 3 0 2; 390 92 36 36 4 0 1; 474 76 19 56 5 0 1; 460 79 18 52 6 0 1; 361 87 17 31 7 1 -1; ]
1500200005[431 82 16 47 2 0 1; 377 86 15 39 3 0 2; 390 92 36 36 4 0 1; 475 76 19 56 5 0 1; 461 78 18 53 6 0 1; 361 87 18 31 7 1 -1; ]
1500200006[432 82 16 47 2 0 1; 378 86 15 39 3 0 2; 390 91 37 37 4 0 1; 476 75 20 57 5 0 1; 463 77 18 54 6 0 1; 362 86 18 32 7 1 -1; ]
1500200007[433 81 17 47 2 0 1; 379 86 15 39 3 0 2; 391 91 38 37 4 0 1; 477 75 20 57 5 0 1; 464 77 19 55 6 0 1; 362 86 19 32 7 1 -1; ]
1500200008[434 81 17 48 2 0 1; 380 85 15 39 3 0 2; 391 91 38 37 4 0 1; 478 74 21 57 5 0 1; 465 76 19 56 6 0 1; 362 85 20 33 7 1 -1; ]
1500200009[]
1500200010[364 85 18 35 12 1 -1; 467 74 34 60 15 0 2; 435 82 17 46 19 0 2; 394 90 28 38 20 0 2; 382 85 14 38 21 0 1; ]
1500200011[365 85 18 35 12 1 -1; 469 74 35 60 15 0 2; 437 82 17 46 19 0 2; 395 90 28 38 20 0 2; 382 85 14 38 21 0 1; ]
1500200012[366 85 19 35 12 1 -1; 470 74 35 61 15 0 2; 438 82 17 46 19 0 2; 396 90 28 38 20 0 2; 383 85 14 38 21 0 1; ]
1500200013[366 84 19 35 12 1 -1; 472 74 35 61 15 0 2; 439 82 17 47 19 0 2; 396 90 28 38 20 0 2; 384 85 15 39 21 0 1; ]
1500200014[367 84 19 35 12 1 -1; 474 74 35 61 15 0 2; 440 82 18 47 19 0 2; 397 90 29 38 20 0 2; 385 85 15 39 21 0 1; ]
1500200015[368 84 19 35 12 1 -1; 442 82 18 47 19 0 2; 398 90 29 38 20 0 2; 385 85 15 39 21 0 1; ]
1500200016[368 84 19 35 12 1 -1; 443 81 18 47 19 0 2; 399 90 29 38 20 0 2; 386 85 16 40 21 0 1; ]
1500200017[369 84 19 35 12 1 -1; 444 81 18 48 19 0 2; 400 90 29 38 20 0 2; 387 84 16 40 21 0 1; ]
1500200018[370 84 19 35 12 1 -1; 446 81 18 48 19 0 2; 401 90 29 38 20 0 2; 387 84 16 40 21 0 1; ]
1500200019[371 84 19 36 12 1 -1; 447 81 18 48 19 0 2; 402 90 29 38 20 0 2; 388 84 16 41 21 0 1; ]
1500200020[371 84 19 36 12 1 -1; 448 81 18 48 19 0 2; 403 90 30 38 20 0 2; 389 84 17 41 21 0 1; ]
1500200021[372 84 20 36 12 1 -1; 450 81 19 49 19 0 2; 403 90 30 38 20 0 2; 390 84 17 41 21 0 1; ]
1500200022[373 84 20 36 12 1 -1; 451 81 19 49 19 0 2; 404 90 30 38 20 0 2; 390 84 17 42 21 0 1; ]
1500200023[374 84 20 36 12 1 -1; 452 80 19 49 19 0 2; 405 90 30 38 20 0 2; 391 84 17 42 21 0 1; ]
1500200024[374 84 20 36 12 1 -1; 454 80 19 49 19 0 2; 409 90 28 38 20 0 2; 392 83 17 42 21 0 1; ]
1500200025[375 83 20 36 12 1 -1; 455 80 19 50 19 0 2; 409 90 29 38 20 0 2; 393 83 17 42 21 0 1; ]
1500200026[376 84 21 36 12 1 -1; 457 80 19 50 19 0 2; 408 90 30 38 20 0 2; 394 83 17 43 21 0 1; ]
1500200027[376 84 21 36 12 1 -1; 458 80 19 50 19 0 2; 410 90 31 38 20 0 2; 395 83 17 43 21 0 1; ]
1500200028[377 84 21 37 12 1 -1; 460 80 19 51 19 0 2; 411 90 31 38 20 0 2; 395 83 17 43 21 0 1; ]
1500200029[377 85 21 37 12 1 -1; 462 80 20 51 19 0 2; 413 90 31 38 20 0 2; 396 83 17 44 21 0 1; ]
1500200030[378 86 14 35 13 1 1; 463 79 20 51 19 0 2; 414 90 31 38 20 0 2; 397 83 18 44 21 0 1; ]
1500200031[379 86 14 35 13 1 1; 465 79 20 51 19 0 2; 416 90 31 38 20 0 2; 398 82 18 44 21 0 1; ]
1500200032[380 86 14 35 13 1 1; 466 79 20 52 19 0 2; 417 90 32 38 20 0 2; 399 82 18 45 21 0 1; ]
1500200033[381 86 14 35 13 1 1; 468 79 20 52 19 0 2; 419 90 32 38 20 0 2; 400 82 18 45 21 0 1; ]
1500200034[382 86 14 35 13 1 1; 470 79 20 52 19 0 2; 420 90 32 38 20 0 2; 401 82 18 45 21 0 1; ]
1500200035[383 86 14 36 13 1 1; 471 79 20 52 19 0 2; 422 90 32 38 20 0 2; 402 82 18 45 21 0 1; ]
1500200036[384 86 14 36 13 1 1; 473 79 20 53 19 0 2; 423 90 32 38 20 0 2; 403 82 18 46 21 0 1; ]
1500200037[385 85 14 36 13 1 1; 475 78 20 53 19 0 2; 425 90 33 38 20 0 2; 403 81 18 46 21 0 1; ]
1500200038[386 85 14 36 13 1 1; 477 78 20 53 19 0 2; 426 90 33 38 20 0 2; 404 81 18 46 21 0 1; ]
1500200039[387 85 14 36 13 1 1; 479 78 20 53 19 0 2; 428 90 33 38 20 0 2; 405 81 18 47 21 0 1; ]
1500200040[388 85 14 36 13 1 1; 481 78 20 54 19 0 2; 429 90 33 38 20 0 2; 406 81 18 47 21 0 1; ]
1500200041[389 85 14 37 13 1 1; 482 78 20 54 19 0 2; 431 90 34 38 20 0 2; 407 81 18 47 21 0 1; ]
1500200042[390 85 14 37 13 1 1; 484 78 21 55 19 0 2; 432 90 34 39 20 0 2; 409 81 18 47 21 0 1; ]
1500200043[391 84 14 37 13 1 1; 486 78 21 55 19 0 2; 434 90 34 39 20 0 2; 410 80 18 48 21 0 1; ]
1500200044[392 84 14 37 13 1 1; 488 77 22 56 19 0 2; 436 89 35 40 20 0 2; 411 80 19 48 21 0 1; ]
1500200045[393 84 14 37 13 1 1; 437 89 35 40 20 0 2; 413 80 19 48 21 0 1; ]
1500200046[395 84 14 37 13 1 1; 439 89 36 41 20 0 2; 414 80 19 48 21 0 1; ]
1500200047[396 83 14 38 13 1 1; 441 89 36 41 20 0 2; 415 79 19 49 21 0 1; ]
1500200048[398 83 14 38 13 1 1; 442 89 37 42 20 0 2; 417 79 19 49 21 0 1; ]
1500200049[399 82 14 38 13 1 1; 444 89 37 42 20 0 2; 418 79 20 49 21 0 1; ]
1500200050[401 82 15 38 13 1 1; 446 89 37 43 20 0 2; 420 79 20 49 21 0 1; ]
1500200051[402 82 15 38 13 1 1; 447 88 38 43 20 0 2; 422 78 20 50 21 0 1; ]
1500200052[404 81 15 39 13 1 1; 449 88 38 44 20 0 2; 423 78 20 50 21 0 1; ]
1500200053[405 81 15 39 13 1 1; 450 88 39 44 20 0 2; 425 78 20 50 21 0 1; ]
1500200054[407 80 15 39 13 1 1; 452 88 39 45 20 0 2; 427 78 20 50 21 0 1; ]
1500200055[408 80 15 39 13 1 1; 454 88 39 45 20 0 2; 429 77 20 51 21 0 1; ]
1500200056[410 80 15 39 13 1 1; 456 87 39 45 20 0 2; 431 77 20 51 21 0 1; ]
1500200057[411 79 15 40 13 1 1; 459 87 39 46 20 0 2; 433 77 20 51 21 0 1; ]
1500200058[413 79 15 40 13 1 1; 462 87 39 46 20 0 2; 435 77 20 51 21 0 1; ]
1500200059[415 78 15 40 13 1 1; 464 86 39 46 20 0 2; 437 76 20 52 21 0 1; ]
1500200060[416 78 15 40 13 1 1; 467 86 39 47 20 0 2; 439 76 20 52 21 0 1; ]
1500200061[418 78 15 41 13 1 1; 470 86 39 47 20 0 2; 441 76 20 52 21 0 1; ]
1500200062[420 78 15 41 13 1 1; 443 76 20 52 21 0 1; ]
1500200063[422 77 15 41 13 1 1; 445 75 20 53 21 0 1; ]
1500200064[423 77 15 42 13 1 1; 448 75 21 53 21 0 1; ]
1500200065[425 77 15 42 13 1 1; 450 75 21 53 21 0 1; ]
1500200066[427 77 15 42 13 1 1; 453 75 21 53 21 0 1; ]
1500200067[429 77 15 43 13 1 1; 455 74 21 54 21 0 1; ]
1500200068[431 76 15 43 13 1 1; 458 74 21 54 21 0 1; ]
1500200069[432 76 15 43 13 1 1; 460 74 21 54 21 0 1; ]
1500200070[434 76 15 44 13 1 1; 463 74 21 54 21 0 1; ]
1500200071[436 76 15 44 13 1 1; 465 73 21 55 21 0 1; ]
1500200072[438 76 15 44 13 1 1; 467 73 21 55 21 0 1; ]
1500200073[440 75 15 45 13 1 1; 470 73 21 56 21 0 1; ]
1500200074[442 75 15 45 13 1 1; 472 73 21 56 21 0 1; ]
1500200075[443 75 15 45 13 1 1; 475 72 21 57 21 0 1; ]
1500200076[446 76 15 45 13 1 1; 477 72 22 57 21 0 1; ]
1500200077[448 76 15 44 13 1 1; 480 72 22 58 21 0 1; ]
1500200078[451 77 14 43 13 1 1; 482 72 22 58 21 0 1; ]
1500200079[453 78 14 43 13 1 1; 485 72 22 59 21 0 1; ]
1500200080[488 71 23 59 21 0 1; ]
1500200081[]
1500200082[]
1500200083[]
1500200084[]
1500200085[]
1500200086[]
1500200087[]
1500200088[]
1500200089[]
1500200090[]
1500200091[489 74 17 47 22 1 1; ]
1500200092[492 74 17 47 22 1 1; ]
1500200093[494 74 17 47 22 1 1; ]
1500200094[]
1500200095[]
1500200096[]
1500200097[]
1500200098[492 76 18 46 24 1 3; ]
1500200099[]
1500200100[]
1500200101[]
1500200102[]
1500200103[]
1500200104[]
1500200105[]
1500200106[]
1500200107[]
1500200108[]
1500200109[]
1500200110[]
1500200111[]
1500200112[]
1500200113[]
1500200114[]
1500200115[]
1500200116[]
1500200117[]
1500200118[]
1500200119[]
1500200120[]
1500200121[]
1500200122[]
1500200123[]
1500200124[]
1500200125[]
1500200126[]
1500200127[]
1500200128[]
1500200129[]
1500200130[]
1500200131[]
1500200132[]
1500200133[]
1500200134[]
1500200135[]
1500200136[]
1500200137[]
1500200138[]
1500200139[]
1500200140[]
1500200141[]
1500200142[]
1500200143[]
1500200144[]
1500200145[]
1500200146[]
1500200147[]
1500200148[]
1500200149[]
1500200150[]
1500200151[]
1500200152[]
1500200153[]
1500200154[]
1500200155[]
1500200156[]
1500200157[]
1500200158[]
1500200159[]
1500200160[]
1500200161[]
1500200162[]
1500200163[]
1500200164[]
1500200165[]
1500200166[]
1500200167[]
1500200168[]
1500200169[]
1500200170[]
1500200171[]
1500200172[]
1500200173[]
1500200174[]
1500200175[]
1500200176[]
1500200177[]
1500200178[]
1500200179[]
1500200180[]
1500200181[]
1500200182[]
1500200183[]
1500200184[]
1500200185[]
1500200186[241 85 14 30 11 0 1; ]
1500200187[241 85 14 30 11 0 1; ]
1500200188[242 85 14 30 11 0 1; ]
1500200189[242 85 14 30 11 0 1; ]
1500200190[242 85 14 30 11 0 1; ]
1500200191[243 85 14 30 11 0 1; ]
1500200192[243 85 14 30 11 0 1; ]
1500200193[243 85 15 30 11 0 1; ]
1500200194[243 85 15 30 11 0 1; ]
1500200195[243 85 15 30 11 0 1; ]
1500200196[243 85 15 30 11 0 1; ]
1500200197[243 85 15 30 11 0 1; ]
1500200198[243 85 15 31 11 0 1; ]
1500200199[244 85 15 31 11 0 1; ]
1500200200[244 85 15 31 11 0 1; ]
1500200201[244 84 15 31 11 0 1; ]
1500200202[244 84 16 31 11 0 1; ]
1500200203[244 84 16 31 11 0 1; ]
1500200204[244 84 16 31 11 0 1; ]
1500200205[244 84 16 31 11 0 1; ]
1500200206[244 84 16 31 11 0 1; ]
1500200207[245 84 16 31 11 0 1; ]
1500200208[245 84 16 31 11 0 1; ]
1500200209[245 84 16 31 11 0 1; ]
1500200210[245 84 16 31 11 0 1; ]
1500200211[246 84 16 32 11 0 1; ]
1500200212[246 85 16 32 11 0 1; ]
1500200213[246 85 16 32 11 0 1; ]
1500200214[246 85 16 32 11 0 1; ]
1500200215[247 85 16 32 11 0 1; ]
1500200216[247 85 16 32 11 0 1; ]
1500200217[247 85 16 32 11 0 1; ]
1500200218[247 85 16 32 11 0 1; ]
1500200219[248 85 16 32 11 0 1; ]
1500200220[248 85 16 32 11 0 1; 74 83 13 30 25 0 3; ]
1500200221[248 85 15 32 11 0 1; 74 83 13 30 25 0 3; ]
1500200222[248 85 15 33 11 0 1; 74 84 13 30 25 0 3; ]
1500200223[249 86 15 33 11 0 1; 74 84 13 30 25 0 3; ]
1500200224[249 86 15 33 11 0 1; 74 84 13 30 25 0 3; ]
1500200225[249 86 14 33 11 0 1; 73 85 13 30 25 0 3; ]
1500200226[249 86 14 33 11 0 1; 73 85 13 30 25 0 3; ]
1500200227[249 86 14 34 11 0 1; 73 86 13 30 25 0 3; ]
1500200228[250 87 14 34 11 0 1; 73 86 13 31 25 0 3; ]
1500200229[250 87 14 34 11 0 1; 73 86 13 31 25 0 3; ]
1500200230[250 87 14 34 11 0 1; 73 87 13 31 25 0 3; ]
1500200231[251 87 15 34 11 0 1; 73 87 13 31 25 0 3; ]
1500200232[251 88 15 35 11 0 1; 73 87 13 31 25 0 3; ]
1500200233[252 88 15 35 11 0 1; 73 88 13 31 25 0 3; ]
1500200234[252 88 15 35 11 0 1; 73 88 13 31 25 0 3; ]
1500200235[253 88 15 35 11 0 1; 73 89 13 31 25 0 3; ]
1500200236[253 88 15 35 11 0 1; 73 89 13 31 25 0 3; ]
1500200237[254 89 15 36 11 0 1; 73 90 13 31 25 0 3; ]
1500200238[254 90 15 36 11 0 1; 73 90 13 31 25 0 3; ]
1500200239[255 90 15 36 11 0 1; 73 90 13 31 25 0 3; ]
1500200240[256 90 15 36 11 0 1; 73 90 13 31 25 0 3; ]
1500200241[256 90 15 36 11 0 1; 72 89 14 31 26 0 1; ]
1500200242[257 89 15 36 11 0 1; 72 89 14 31 26 0 1; ]
1500200243[257 88 15 37 11 0 1; 72 88 14 31 26 0 1; ]
1500200244[258 87 15 37 11 0 1; 72 88 14 31 26 0 1; ]
1500200245[258 86 14 37 11 0 1; 72 87 14 31 26 0 1; ]
1500200246[259 86 14 37 11 0 1; 72 87 14 31 26 0 1; ]
1500200247[259 85 14 37 11 0 1; 72 86 14 32 26 0 1; ]
1500200248[260 85 14 37 11 0 1; 73 86 14 32 26 0 1; ]
1500200249[260 85 14 37 11 0 1; 73 85 14 32 26 0 1; ]
1500200250[261 85 14 37 11 0 1; 73 85 14 32 26 0 1; ]
1500200251[261 85 14 37 11 0 1; 73 84 14 32 26 0 1; ]
1500200252[262 84 14 37 11 0 1; 73 84 14 32 26 0 1; ]
1500200253[262 83 15 37 11 0 1; 73 83 14 33 26 0 1; ]
1500200254[262 82 15 38 11 0 1; 73 82 14 33 26 0 1; ]
1500200255[262 82 16 38 11 0 1; 73 82 14 33 26 0 1; ]
1500200256[263 81 16 38 11 0 1; 73 81 14 34 26 0 1; ]
1500200257[263 80 16 38 11 0 1; 73 81 14 34 26 0 1; ]
1500200258[264 80 16 38 11 0 1; 74 80 14 34 26 0 1; ]
1500200259[264 80 16 38 11 0 1; 74 80 14 34 26 0 1; ]
1500200260[265 79 16 38 11 0 1; 75 80 15 34 26 0 1; ]
1500200261[266 79 16 39 11 0 1; 75 79 15 34 26 0 1; ]
1500200262[267 79 16 39 11 0 1; 75 79 15 34 26 0 1; ]
1500200263[268 78 16 40 11 0 1; 76 79 15 34 26 0 1; ]
1500200264[269 78 17 40 11 0 1; 76 78 16 34 26 0 1; ]
1500200265[270 78 17 41 11 0 1; 76 78 16 34 26 0 1; ]
1500200266[271 78 17 42 11 0 1; 77 78 16 34 26 0 1; ]
1500200267[272 78 17 42 11 0 1; 77 77 16 34 26 0 1; ]
1500200268[274 77 17 42 11 0 1; 77 77 17 34 26 0 1; ]
1500200269[275 77 17 42 11 0 1; 78 77 17 34 26 0 1; ]
1500200270[276 77 17 42 11 0 1; 78 76 17 34 26 0 1; ]
1500200271[278 76 17 42 11 0 1; 78 76 17 34 26 0 1; ]
1500200272[279 76 17 42 11 0 1; 79 76 17 34 26 0 1; ]
1500200273[280 76 17 42 11 0 1; 80 76 17 34 26 0 1; ]
1500200274[282 75 17 42 11 0 1; 81 77 17 34 26 0 1; ]
1500200275[283 75 17 42 11 0 1; 82 77 17 34 26 0 1; ]
1500200276[284 75 17 42 11 0 1; 81 74 17 34 27 0 2; ]
1500200277[286 74 17 42 11 0 1; 82 75 18 34 27 0 2; ]
1500200278[287 74 17 42 11 0 1; 83 75 18 34 27 0 2; ]
1500200279[288 74 17 43 11 0 1; 84 75 18 34 27 0 2; ]
1500200280[290 73 17 43 11 0 1; 85 76 19 34 27 0 2; ]
1500200281[291 73 17 43 11 0 1; 86 76 19 34 27 0 2; ]
1500200282[293 73 17 43 11 0 1; 87 76 19 34 27 0 2; ]
1500200283[295 74 17 43 11 0 1; 88 77 20 34 27 0 2; ]
1500200284[297 74 17 43 11 0 1; 89 77 20 34 27 0 2; ]
1500200285[299 74 17 44 11 0 1; 90 77 20 33 27 0 2; ]
1500200286[300 75 17 44 11 0 1; 91 78 21 33 27 0 2; ]
1500200287[302 75 17 44 11 0 1; 92 78 21 33 27 0 2; ]
1500200288[304 75 17 44 11 0 1; 93 78 21 33 27 0 2; ]
1500200289[306 75 17 44 11 0 1; 93 79 22 33 27 0 2; ]
1500200290[308 76 17 45 11 0 1; 94 79 22 33 27 0 2; ]
1500200291[310 76 17 45 11 0 1; 95 79 22 33 27 0 2; ]
1500200292[312 76 17 45 11 0 1; 97 79 21 33 27 0 2; ]
1500200293[313 77 18 45 11 0 1; 99 80 21 33 27 0 2; ]
1500200294[315 77 18 45 11 0 1; 101 80 20 33 27 0 2; ]
1500200295[317 77 18 46 11 0 1; 103 80 19 33 27 0 2; ]
1500200296[319 77 18 46 11 0 1; 104 80 19 33 27 0 2; ]
1500200297[321 77 17 46 11 0 1; 105 80 19 33 27 0 2; ]
1500200298[323 77 17 46 11 0 1; 106 80 19 33 27 0 2; ]
1500200299[325 77 17 47 11 0 1; 107 80 19 33 27 0 2; ]
1500200300[327 76 16 47 11 0 1; 108 80 19 33 27 0 2; ]
1500200301[329 76 16 47 11 0 1; 109 79 19 33 27 0 2; ]
1500200302[331 76 16 47 11 0 1; 109 79 19 33 27 0 2; ]
1500200303[332 75 16 47 11 0 1; 110 79 19 33 27 0 2; ]
1500200304[333 75 16 48 11 0 1; 111 78 19 33 27 0 2; ]
1500200305[335 75 16 48 11 0 1; 111 78 20 33 27 0 2; ]
1500200306[336 75 17 48 11 0 1; 111 77 20 34 27 0 2; ]
1500200307[337 74 17 48 11 0 1; 112 77 20 34 27 0 2; ]
1500200308[338 74 17 49 11 0 1; 113 77 20 35 27 0 2; ]
1500200309[339 74 18 49 11 0 1; 114 77 20 35 27 0 2; ]
1500200310[340 73 19 49 11 0 1; 115 76 20 35 27 0 2; ]
1500200311[341 73 19 49 11 0 1; 116 76 20 35 27 0 2; ]
1500200312[342 73 19 50 11 0 1; 116 76 19 36 27 0 2; ]
1500200313[343 73 19 51 11 0 1; 117 76 19 36 27 0 2; ]
1500200314[343 73 19 51 11 0 1; 118 76 19 36 27 0 2; ]
1500200315[344 73 19 51 11 0 1; 118 76 20 36 27 0 2; ]
1500200316[345 73 19 52 11 0 1; 119 76 20 36 27 0 2; ]
1500200317[346 73 19 52 11 0 1; 119 77 20 35 27 0 2; ]
1500200318[347 73 19 52 11 0 1; 119 77 20 35 27 0 2; ]
1500200319[348 73 19 52 11 0 1; 120 77 20 35 27 0 2; ]
1500200320[349 73 19 52 11 0 1; 120 78 20 35 27 0 2; ]
1500200321[350 73 19 52 11 0 1; 121 78 21 35 27 0 2; ]
1500200322[351 74 19 52 11 0 1; 121 78 21 35 27 0 2; ]
1500200323[352 74 20 51 11 0 1; 121 79 21 35 27 0 2; ]
1500200324[353 75 20 51 11 0 1; 121 79 21 35 27 0 2; ]
1500200325[354 76 21 51 11 0 1; 121 79 21 36 27 0 2; ]
1500200326[356 77 22 50 11 0 1; 121 80 21 36 27 0 2; ]
1500200327[357 77 22 50 11 0 1; 121 80 22 36 27 0 2; ]
1500200328[358 77 22 51 11 0 1; 121 81 22 36 27 0 2; ]
1500200329[359 77 22 51 11 0 1; 121 81 22 36 27 0 2; ]
1500200330[360 77 22 51 11 0 1; 122 81 22 37 27 0 2; ]
1500200331[361 77 22 51 11 0 1; 122 82 22 37 27 0 2; ]
1500200332[362 77 22 52 11 0 1; 122 82 22 37 27 0 2; ]
1500200333[363 78 22 52 11 0 1; 122 82 22 37 27 0 2; ]
1500200334[364 78 22 52 11 0 1; 122 83 23 37 27 0 2; ]
1500200335[365 78 22 53 11 0 1; 122 83 23 38 27 0 2; ]
1500200336[366 78 22 53 11 0 1; 122 83 23 38 27 0 2; ]
1500200337[367 78 22 53 11 0 1; 122 84 23 38 27 0 2; ]
1500200338[368 78 22 53 11 0 1; 123 84 23 38 27 0 2; ]
1500200339[369 78 22 54 11 0 1; 123 84 23 38 27 0 2; ]
1500200340[370 78 22 54 11 0 1; 123 84 23 38 27 0 2; ]
1500200341[372 79 22 54 11 0 1; 123 84 23 38 27 0 2; ]
1500200342[373 78 22 55 11 0 1; 123 84 23 38 27 0 2; ]
1500200343[374 78 23 55 11 0 1; 124 85 23 38 27 0 2; ]
1500200344[376 78 23 55 11 0 1; 124 85 23 38 27 0 2; ]
1500200345[377 78 23 55 11 0 1; 124 85 23 38 27 0 2; ]
1500200346[378 78 23 56 11 0 1; 124 85 23 38 27 0 2; ]
1500200347[380 78 23 56 11 0 1; 124 85 22 38 27 0 2; ]
1500200348[381 77 23 56 11 0 1; 124 85 22 38 27 0 2; ]
1500200349[382 77 24 57 11 0 1; 125 86 22 38 27 0 2; ]
1500200350[384 77 24 57 11 0 1; 125 86 22 38 27 0 2; ]
1500200351[385 77 24 57 11 0 1; 125 86 22 38 27 0 2; ]
1500200352[386 77 24 57 11 0 1; 125 85 23 38 27 0 2; ]
1500200353[388 77 24 58 11 0 1; 125 85 23 38 27 0 2; ]
1500200354[389 76 24 58 11 0 1; 125 84 23 38 27 0 2; ]
1500200355[390 76 24 58 11 0 1; 125 84 23 38 27 0 2; ]
1500200356[391 76 25 59 11 0 1; 125 83 23 38 27 0 2; ]
1500200357[393 76 25 59 11 0 1; 126 83 24 39 27 0 2; ]
1500200358[395 76 25 59 11 0 1; 126 82 24 39 27 0 2; ]
1500200359[396 76 25 60 11 0 1; 126 82 24 39 27 0 2; ]
1500200360[398 76 25 60 11 0 1; 126 81 24 39 27 0 2; ]
1500200361[399 76 25 61 11 0 1; 126 81 25 39 27 0 2; ]
1500200362[401 76 25 61 11 0 1; 126 81 25 39 27 0 2; ]
1500200363[402 76 25 62 11 0 1; 126 80 25 39 27 0 2; ]
1500200364[404 75 26 62 11 0 1; 126 80 25 39 27 0 2; ]
1500200365[405 75 26 63 11 0 1; 126 79 26 40 27 0 2; ]
1500200366[407 75 26 63 11 0 1; 126 79 26 40 27 0 2; ]
1500200367[408 75 26 64 11 0 1; 126 80 26 40 27 0 2; ]
1500200368[410 75 26 64 11 0 1; 126 82 26 40 27 0 2; ]
1500200369[411 75 26 64 11 0 1; 126 83 26 40 27 0 2; ]
1500200370[413 75 26 63 11 0 1; 126 84 26 40 27 0 2; ]
1500200371[414 75 27 63 11 0 1; 126 84 26 40 27 0 2; ]
1500200372[415 76 27 63 11 0 1; 126 85 26 40 27 0 2; ]
1500200373[416 76 28 63 11 0 1; 126 85 26 40 27 0 2; ]
1500200374[418 77 28 63 11 0 1; 126 85 26 40 27 0 2; ]
1500200375[419 76 28 65 11 0 1; 126 84 26 40 27 0 2; ]
1500200376[421 74 28 67 11 0 1; 126 83 27 40 27 0 2; ]
1500200377[423 72 27 67 11 0 1; 126 82 27 40 27 0 2; ]
1500200378[425 70 27 67 11 0 1; 126 81 27 40 27 0 2; ]
1500200379[427 68 27 67 11 0 1; 126 80 27 40 27 0 2; ]
1500200380[428 67 27 67 11 0 1; 126 78 27 39 27 0 2; ]
1500200381[430 67 27 67 11 0 1; 126 76 27 39 27 0 2; ]
1500200382[432 67 27 68 11 0 1; 125 74 18 41 28 0 1; 138 79 13 32 29 0 1; ]
1500200383[434 67 27 68 11 0 1; 124 76 18 41 28 0 1; 138 80 13 32 29 0 1; ]
1500200384[435 67 27 69 11 0 1; 124 77 19 41 28 0 1; 138 82 14 32 29 0 1; ]
1500200385[437 68 27 70 11 0 1; 123 78 19 42 28 0 1; 138 83 14 32 29 0 1; ]
1500200386[438 68 27 71 11 0 1; 122 79 19 42 28 0 1; 138 83 14 32 29 0 1; ]
1500200387[440 69 27 71 11 0 1; 122 80 20 42 28 0 1; 138 84 14 33 29 0 1; ]
1500200388[442 69 27 72 11 0 1; 122 80 20 42 28 0 1; 138 85 14 33 29 0 1; ]
1500200389[444 70 27 73 11 0 1; 122 80 20 43 28 0 1; 138 85 14 33 29 0 1; ]
1500200390[446 70 27 73 11 0 1; 122 80 20 43 28 0 1; 138 85 14 33 29 0 1; ]
1500200391[448 70 27 74 11 0 1; 122 80 20 43 28 0 1; 138 85 14 34 29 0 1; ]
1500200392[450 70 27 74 11 0 1; 122 80 20 44 28 0 1; 138 84 14 34 29 0 1; ]
1500200393[451 70 27 75 11 0 1; 122 80 19 44 28 0 1; 138 84 14 34 29 0 1; ]
1500200394[453 70 27 76 11 0 1; 122 80 19 45 28 0 1; 138 84 14 35 29 0 1; ]
1500200395[455 70 28 76 11 0 1; 122 79 19 45 28 0 1; 138 83 14 35 29 0 1; ]
1500200396[457 69 28 77 11 0 1; 122 79 19 46 28 0 1; 138 83 14 36 29 0 1; ]
1500200397[458 69 29 77 11 0 1; 122 78 18 46 28 0 1; 138 82 14 37 29 0 1; ]
1500200398[460 68 29 78 11 0 1; 121 78 18 46 28 0 1; 138 82 14 36 29 0 1; ]
1500200399[462 68 30 79 11 0 1; 121 78 19 47 28 0 1; 138 82 14 36 29 0 1; ]
1500200400[464 68 30 79 11 0 1; 121 78 19 47 28 0 1; 138 82 14 36 29 0 1; ]
1500200401[466 67 30 80 11 0 1; 120 78 19 47 28 0 1; 138 82 14 36 29 0 1; ]
1500200402[468 67 30 80 11 0 1; 120 78 19 47 28 0 1; 138 82 14 36 29 0 1; ]
1500200403[471 67 30 81 11 0 1; 120 78 19 47 28 0 1; 138 82 14 36 29 0 1; ]
1500200404[473 66 30 82 11 0 1; 119 78 19 47 28 0 1; 138 82 14 36 29 0 1; ]
1500200405[476 66 30 82 11 0 1; 119 78 20 47 28 0 1; 138 82 14 35 29 0 1; ]
1500200406[478 66 30 83 11 0 1; 119 77 20 48 28 0 1; 138 82 14 35 29 0 1; ]
1500200407[481 65 30 84 11 0 1; 118 77 20 48 28 0 1; 138 82 15 35 29 0 1; ]
1500200408[118 77 20 48 28 0 1; 138 82 15 35 29 0 1; ]
1500200409[118 77 20 48 28 0 1; 138 82 15 35 29 0 1; ]
1500200410[117 77 20 49 28 0 1; 138 82 15 35 29 0 1; ]
1500200411[117 76 20 49 28 0 1; 138 82 15 34 29 0 1; ]
1500200412[117 76 21 49 28 0 1; 138 82 15 34 29 0 1; ]
1500200413[116 76 20 50 28 0 1; 138 82 15 34 29 0 1; ]
1500200414[116 76 20 50 28 0 1; 138 82 15 34 29 0 1; ]
1500200415[116 76 20 50 28 0 1; 138 82 16 34 29 0 1; ]
1500200416[115 75 20 50 28 0 1; 138 82 16 34 29 0 1; ]
1500200417[115 75 20 50 28 0 1; 138 82 16 34 29 0 1; ]
1500200418[115 75 20 50 28 0 1; 138 82 16 34 29 0 1; ]
1500200419[114 75 20 50 28 0 1; 138 82 16 34 29 0 1; ]
1500200420[114 75 19 50 28 0 1; 138 82 16 34 29 0 1; ]
1500200421[114 74 19 50 28 0 1; 138 82 16 34 29 0 1; 127 82 14 34 30 0 1; ]
1500200422[113 74 19 50 28 0 1; 138 82 16 34 29 0 1; 127 82 14 34 30 0 1; ]
1500200423[113 74 19 50 28 0 1; 138 82 16 34 29 0 1; 127 82 14 34 30 0 1; ]
1500200424[113 74 19 50 28 0 1; 138 82 16 35 29 0 1; 127 82 14 34 30 0 1; ]
1500200425[113 74 19 50 28 0 1; 138 82 16 35 29 0 1; 127 82 14 34 30 0 1; ]
1500200426[112 73 18 51 28 0 1; 138 81 15 35 29 0 1; 127 82 14 34 30 0 1; ]
1500200427[112 73 18 51 28 0 1; 138 81 15 35 29 0 1; 127 83 14 34 30 0 1; ]
1500200428[111 74 19 50 28 0 1; 138 82 16 35 29 0 1; 127 83 14 34 30 0 1; ]
1500200429[110 75 20 50 28 0 1; 138 83 16 35 29 0 1; 127 84 14 34 30 0 1; ]
1500200430[109 75 20 50 28 0 1; 138 83 17 34 29 0 1; 127 84 14 34 30 0 1; ]
1500200431[109 76 21 50 28 0 1; 138 83 17 34 29 0 1; 127 85 14 34 30 0 1; ]
1500200432[108 76 21 50 28 0 1; 137 83 17 34 29 0 1; 127 85 13 34 30 0 1; ]
1500200433[107 76 21 50 28 0 1; 137 83 17 34 29 0 1; 127 84 13 34 30 0 1; ]
1500200434[106 76 21 50 28 0 1; 137 82 17 34 29 0 1; 127 84 13 34 30 0 1; ]
1500200435[105 76 21 50 28 0 1; 137 82 17 35 29 0 1; 127 83 13 34 30 0 1; ]
1500200436[104 76 21 50 28 0 1; 137 82 17 35 29 0 1; 127 82 13 34 30 0 1; ]
1500200437[104 76 21 51 28 0 1; 137 81 17 35 29 0 1; 126 82 13 34 30 0 1; ]
1500200438[103 75 21 51 28 0 1; 137 81 17 35 29 0 1; 126 83 13 33 30 0 1; ]
1500200439[102 75 21 52 28 0 1; 136 81 17 36 29 0 1; 125 83 13 33 30 0 1; ]
1500200440[101 74 21 53 28 0 1; 136 81 16 36 29 0 1; 124 83 13 33 30 0 1; ]
1500200441[100 74 21 54 28 0 1; 136 81 15 36 29 0 1; 124 83 14 33 30 0 1; ]
1500200442[99 73 21 56 28 0 1; 136 80 14 37 29 0 1; 123 83 14 33 30 0 1; ]
1500200443[98 73 21 56 28 0 1; 136 82 14 36 29 0 1; 123 84 14 33 30 0 1; ]
1500200444[97 73 21 56 28 0 1; 135 82 14 35 29 0 1; 122 84 14 33 30 0 1; ]
1500200445[96 73 22 56 28 0 1; 134 83 14 35 29 0 1; 122 84 14 33 30 0 1; ]
1500200446[95 73 22 56 28 0 1; 121 82 29 35 31 0 2; ]
1500200447[94 73 22 56 28 0 1; 120 82 29 35 31 0 2; ]
1500200448[93 73 22 56 28 0 1; 119 82 30 35 31 0 2; ]
1500200449[92 73 22 56 28 0 1; 118 82 30 35 31 0 2; ]
1500200450[91 73 22 56 28 0 1; 118 82 30 35 31 0 2; ]
1500200451[90 73 22 56 28 0 1; 117 82 30 36 31 0 2; ]
1500200452[89 72 22 56 28 0 1; 116 81 30 36 31 0 2; ]
1500200453[88 72 22 56 28 0 1; 115 81 30 36 31 0 2; ]
1500200454[87 72 22 57 28 0 1; 115 81 31 36 31 0 2; ]
1500200455[86 71 22 57 28 0 1; 114 81 31 36 31 0 2; ]
1500200456[85 71 21 58 28 0 1; 113 81 31 36 31 0 2; ]
1500200457[84 70 21 59 28 0 1; 113 81 31 37 31 0 2; ]
1500200458[83 69 21 59 28 0 1; 112 81 31 37 31 0 2; ]
1500200459[81 68 22 60 28 0 1; 111 81 32 37 31 0 2; ]
1500200460[80 68 22 60 28 0 1; 110 81 32 37 31 0 2; ]
1500200461[78 68 22 61 28 0 1; 110 80 32 37 31 0 2; ]
1500200462[77 67 23 61 28 0 1; 109 79 32 38 31 0 2; ]
1500200463[75 67 23 61 28 0 1; 108 78 32 38 31 0 2; ]
1500200464[74 67 23 62 28 0 1; 108 77 32 38 31 0 2; ]
1500200465[72 67 23 62 28 0 1; 107 77 33 39 31 0 2; ]
1500200466[71 67 24 62 28 0 1; 106 77 33 39 31 0 2; ]
1500200467[69 65 24 62 28 0 1; 106 77 33 39 31 0 2; ]
1500200468[68 64 25 63 28 0 1; 105 77 33 39 31 0 2; ]
1500200469[66 64 25 63 28 0 1; 104 78 33 40 31 0 2; ]
1500200470[65 65 25 63 28 0 1; 104 80 33 40 31 0 2; ]
1500200471[63 68 25 62 28 0 1; 103 82 34 40 31 0 2; ]
1500200472[62 72 25 61 28 0 1; 103 83 34 40 31 0 2; ]
1500200473[60 73 26 62 28 0 1; 102 83 34 40 31 0 2; ]
1500200474[59 73 26 62 28 0 1; 101 83 34 40 31 0 2; ]
1500200475[58 73 26 63 28 0 1; 101 83 34 40 31 0 2; ]
1500200476[56 72 26 64 28 0 1; 100 83 34 40 31 0 2; ]
1500200477[55 70 26 64 28 0 1; 99 80 35 42 31 0 2; ]
1500200478[54 67 26 65 28 0 1; 98 77 36 42 31 0 2; ]
1500200479[52 64 26 66 28 0 1; 97 73 37 42 31 0 2; ]
1500200480[51 61 26 66 28 0 1; 96 70 38 42 31 0 2; ]
1500200481[50 58 26 67 28 0 1; 95 68 38 42 31 0 2; ]
1500200482[48 56 26 67 28 0 1; 94 69 38 42 31 0 2; ]
1500200483[47 55 27 67 28 0 1; 94 69 39 42 31 0 2; ]
1500200484[46 55 27 67 28 0 1; 93 70 39 42 31 0 2; ]
1500200485[44 56 27 68 28 0 1; 93 71 39 42 31 0 2; ]
1500200486[43 58 27 68 28 0 1; 93 73 39 42 31 0 2; ]
1500200487[42 61 27 68 28 0 1; 92 74 39 42 31 0 2; ]
1500200488[41 62 27 69 28 0 1; 93 75 29 41 31 0 2; 120 79 11 34 37 0 1; ]
1500200489[40 63 27 69 28 0 1; 93 75 29 41 31 0 2; 120 78 12 34 37 0 1; ]
1500200490[38 63 27 69 28 0 1; 93 76 29 42 31 0 2; 120 78 12 34 37 0 1; ]
1500200491[37 63 27 70 28 0 1; 93 77 29 42 31 0 2; 120 78 12 34 37 0 1; ]
1500200492[36 63 27 70 28 0 1; 93 76 29 42 31 0 2; 121 78 12 34 37 0 1; ]
1500200493[35 62 27 70 28 0 1; 93 76 30 43 31 0 2; 121 78 12 34 37 0 1; ]
1500200494[34 61 27 71 28 0 1; 93 76 30 43 31 0 2; 121 78 12 34 37 0 1; ]
1500200495[33 60 27 71 28 0 1; 93 75 30 43 31 0 2; 121 78 12 34 37 0 1; ]
1500200496[32 60 27 71 28 0 1; 93 75 30 43 31 0 2; 121 78 12 34 37 0 1; ]
1500200497[31 59 27 72 28 0 1; 92 75 31 43 31 0 2; 309 84 14 30 35 0 3; 121 77 12 34 37 0 1; ]
1500200498[30 58 27 72 28 0 1; 92 74 31 44 31 0 2; 309 84 14 30 35 0 3; 121 77 12 34 37 0 1; ]
1500200499[29 58 27 72 28 0 1; 92 74 31 44 31 0 2; 310 84 14 30 35 0 3; 122 77 12 34 37 0 1; ]
1500200500[27 58 27 73 28 0 1; 92 74 31 44 31 0 2; 311 84 14 30 35 0 3; 122 77 12 34 37 0 1; ]
1500200501[26 57 27 73 28 0 1; 92 74 31 44 31 0 2; 311 84 14 30 35 0 3; 122 77 12 34 37 0 1; ]
1500200502[25 57 27 73 28 0 1; 92 73 32 44 31 0 2; 312 84 14 30 35 0 3; 122 77 12 34 37 0 1; ]
1500200503[24 57 27 74 28 0 1; 92 73 32 45 31 0 2; 122 77 12 34 37 0 1; ]
1500200504[23 57 27 74 28 0 1; 92 73 32 45 31 0 2; 122 77 12 34 37 0 1; ]
1500200505[21 57 27 75 28 0 1; 92 72 32 45 31 0 2; 123 77 12 34 37 0 1; ]
1500200506[20 56 27 75 28 0 1; 91 72 33 45 31 0 2; 123 76 12 34 37 0 1; ]
1500200507[19 56 27 76 28 0 1; 91 72 33 45 31 0 2; 123 76 12 34 37 0 1; ]
1500200508[18 56 28 76 28 0 1; 91 72 33 45 31 0 2; 123 76 12 34 37 0 1; ]
1500200509[16 56 28 77 28 0 1; 91 72 33 45 31 0 2; 123 76 12 34 37 0 1; ]
1500200510[15 55 28 77 28 0 1; 91 72 33 45 31 0 2; 123 76 12 34 37 0 1; ]
1500200511[14 55 28 78 28 0 1; 91 72 34 45 31 0 2; 123 76 12 35 37 0 1; ]
1500200512[13 55 28 78 28 0 1; 91 72 34 45 31 0 2; 124 76 12 35 37 0 1; ]
1500200513[11 55 28 79 28 0 1; 91 72 34 45 31 0 2; 124 76 12 35 37 0 1; ]
1500200514[10 54 28 79 28 0 1; 91 72 34 45 31 0 2; 124 75 12 35 37 0 1; ]
1500200515[9 54 28 80 28 0 1; 91 72 34 45 31 0 2; 124 75 12 35 37 0 1; ]
1500200516[8 54 28 80 28 0 1; 91 72 34 45 31 0 2; 124 75 12 35 37 0 1; ]
1500200517[6 54 29 80 28 0 1; 91 72 35 45 31 0 2; 124 75 12 35 37 0 1; ]
1500200518[5 53 29 81 28 0 1; 91 72 35 45 31 0 2; 124 75 12 35 37 0 1; ]
1500200519[3 52 29 82 28 0 1; 91 72 35 45 31 0 2; 125 75 12 35 37 0 1; ]
1500200520[1 52 30 83 28 0 1; 91 72 35 45 31 0 2; 125 75 12 35 37 0 1; ]
1500200521[0 51 30 84 28 0 1; 91 72 35 45 31 0 2; 125 75 12 35 37 0 1; ]
1500200522[91 72 37 44 31 0 2; 125 75 12 35 37 0 1; ]
1500200523[91 72 27 44 31 0 2; 126 75 12 35 37 0 1; 114 74 16 36 38 0 1; ]
1500200524[91 72 27 44 31 0 2; 126 75 13 35 37 0 1; 115 73 16 37 38 0 1; ]
1500200525[91 71 27 44 31 0 2; 126 75 13 35 37 0 1; 115 73 15 37 38 0 1; ]
1500200526[91 70 27 45 31 0 2; 126 75 13 35 37 0 1; 115 72 15 37 38 0 1; ]
1500200527[91 70 27 45 31 0 2; 127 75 13 36 37 0 1; 115 71 15 38 38 0 1; ]
1500200528[91 69 27 45 31 0 2; 127 75 13 36 37 0 1; 116 71 14 38 38 0 1; ]
1500200529[91 68 27 46 31 0 2; 127 74 13 36 37 0 1; 116 71 14 39 38 0 1; ]
1500200530[91 68 27 46 31 0 2; 127 74 13 36 37 0 1; 116 70 14 39 38 0 1; ]
1500200531[91 68 27 46 31 0 2; 128 74 13 36 37 0 1; 117 70 14 39 38 0 1; ]
1500200532[91 68 27 46 31 0 2; 128 74 13 36 37 0 1; 117 70 14 39 38 0 1; ]
1500200533[91 68 27 47 31 0 2; 128 74 13 36 37 0 1; 117 70 14 39 38 0 1; ]
1500200534[91 68 27 47 31 0 2; 128 74 13 36 37 0 1; 117 70 14 39 38 0 1; ]
1500200535[91 69 27 48 31 0 2; 129 74 13 36 37 0 1; 118 70 14 39 38 0 1; ]
1500200536[91 69 27 48 31 0 2; 129 74 13 36 37 0 1; 118 70 14 39 38 0 1; ]
1500200537[91 69 27 48 31 0 2; 129 74 13 36 37 0 1; 118 71 14 39 38 0 1; ]
1500200538[91 69 27 48 31 0 2; 129 74 14 36 37 0 1; 118 71 14 39 38 0 1; ]
1500200539[91 69 28 49 31 0 2; 130 74 14 37 37 0 1; 118 71 14 39 38 0 1; ]
1500200540[90 69 28 49 31 0 2; 130 74 14 37 37 0 1; 119 72 14 39 38 0 1; ]
1500200541[90 69 28 49 31 0 2; 130 74 14 37 37 0 1; 119 72 15 40 38 0 1; ]
1500200542[90 70 28 49 31 0 2; 130 74 14 37 37 0 1; 119 72 15 40 38 0 1; ]
1500200543[90 70 29 49 31 0 2; 131 74 14 37 37 0 1; 119 73 15 40 38 0 1; ]
1500200544[89 70 29 49 31 0 2; 131 74 14 37 37 0 1; 120 73 15 40 38 0 1; ]
1500200545[89 70 29 49 31 0 2; 131 74 14 37 37 0 1; 120 73 15 40 38 0 1; ]
1500200546[89 70 30 49 31 0 2; 131 74 14 37 37 0 1; 120 73 15 40 38 0 1; ]
1500200547[88 70 30 50 31 0 2; 132 74 14 37 37 0 1; 120 74 15 40 38 0 1; ]
1500200548[88 70 30 50 31 0 2; 132 74 14 37 37 0 1; 121 74 15 40 38 0 1; ]
1500200549[88 70 30 50 31 0 2; 132 74 14 37 37 0 1; 121 74 15 40 38 0 1; ]
1500200550[88 71 31 50 31 0 2; 132 74 14 37 37 0 1; 121 74 15 40 38 0 1; ]
1500200551[87 71 31 50 31 0 2; 132 74 14 37 37 0 1; 121 74 15 40 38 0 1; ]
1500200552[87 71 31 50 31 0 2; 133 74 14 37 37 0 1; 121 74 15 40 38 0 1; ]
1500200553[87 70 31 50 31 0 2; 133 74 14 38 37 0 1; 122 74 16 39 38 0 1; ]
1500200554[87 70 31 50 31 0 2; 133 74 14 38 37 0 1; 122 74 16 39 38 0 1; ]
1500200555[87 70 31 51 31 0 2; 133 74 14 38 37 0 1; 122 73 16 39 38 0 1; ]
1500200556[87 70 32 51 31 0 2; 134 74 14 38 37 0 1; 122 73 16 39 38 0 1; ]
1500200557[87 70 32 51 31 0 2; 134 74 14 38 37 0 1; 122 73 16 39 38 0 1; ]
1500200558[87 70 32 51 31 0 2; 134 74 14 38 37 0 1; 123 73 16 39 38 0 1; ]
1500200559[87 70 32 51 31 0 2; 350 83 13 30 35 0 3; 135 74 14 38 37 0 1; 123 72 16 38 38 0 1; ]
1500200560[87 70 32 51 31 0 2; 351 83 13 31 35 0 3; 135 74 14 38 37 0 1; 123 73 16 38 38 0 1; ]
1500200561[87 70 32 51 31 0 2; 352 83 13 31 35 0 3; 136 74 14 38 37 0 1; 123 73 16 38 38 0 1; ]
1500200562[87 70 33 51 31 0 2; 352 83 13 32 35 0 3; 136 75 14 38 37 0 1; 124 73 16 38 38 0 1; ]
1500200563[87 70 33 51 31 0 2; 353 83 14 33 35 0 3; 137 75 14 38 37 0 1; 124 73 16 38 38 0 1; ]
1500200564[87 70 33 52 31 0 2; 354 83 14 33 35 0 3; 137 75 14 38 37 0 1; 125 74 16 38 38 0 1; ]
1500200565[87 70 33 52 31 0 2; 355 83 14 33 35 0 3; 138 75 14 38 37 0 1; 125 74 16 38 38 0 1; ]
1500200566[87 69 33 52 31 0 2; 356 83 14 34 35 0 3; 138 75 14 38 37 0 1; 126 75 16 38 38 0 1; ]
1500200567[88 69 33 52 31 0 2; 357 83 14 34 35 0 3; 139 75 14 38 37 0 1; 127 75 16 38 38 0 1; ]
1500200568[88 69 33 52 31 0 2; 358 83 14 33 35 0 3; 139 75 14 38 37 0 1; 127 76 15 38 38 0 1; ]
1500200569[88 69 34 52 31 0 2; 360 83 14 33 35 0 3; 140 75 14 39 37 0 1; 128 76 15 38 38 0 1; ]
1500200570[89 69 34 52 31 0 2; 361 83 14 33 35 0 3; 141 75 15 39 37 0 1; 130 76 15 38 38 0 1; ]
1500200571[89 69 34 52 31 0 2; 363 83 14 32 35 0 3; 142 75 15 39 37 0 1; 131 76 15 38 38 0 1; ]
1500200572[89 69 34 52 31 0 2; 364 83 13 32 35 0 3; 142 75 15 39 37 0 1; 132 76 15 39 38 0 1; ]
1500200573[90 69 34 52 31 0 2; 366 83 13 31 35 0 3; 143 75 15 39 37 0 1; 133 76 15 39 38 0 1; ]
1500200574[90 69 34 52 31 0 2; 367 83 13 31 35 0 3; 144 75 15 39 37 0 1; 134 76 15 39 38 0 1; ]
1500200575[90 69 35 52 31 0 2; 368 83 13 31 35 0 3; 145 75 15 39 37 0 1; 134 76 15 39 38 0 1; ]
1500200576[90 69 35 52 31 0 2; 370 83 13 30 35 0 3; 146 75 15 39 37 0 1; 135 76 15 39 38 0 1; ]
1500200577[91 69 35 52 31 0 2; 371 83 13 30 35 0 3; 147 75 15 39 37 0 1; 136 76 15 39 38 0 1; ]
1500200578[91 69 35 52 31 0 2; 372 83 13 30 35 0 3; 148 76 15 39 37 0 1; 137 76 15 40 38 0 1; ]
1500200579[91 69 35 52 31 0 2; 373 83 13 30 35 0 3; 149 76 15 39 37 0 1; 137 76 15 40 38 0 1; ]
1500200580[92 69 35 52 31 0 2; 374 83 13 30 35 0 3; 150 76 15 39 37 0 1; 138 75 15 40 38 0 1; ]
1500200581[92 69 35 52 31 0 2; 375 83 13 30 35 0 3; 150 76 15 39 37 0 1; 138 75 15 40 38 0 1; ]
1500200582[92 69 35 53 31 0 2; 376 83 13 30 35 0 3; 151 76 15 39 37 0 1; 139 75 15 40 38 0 1; ]
1500200583[92 68 35 53 31 0 2; 377 83 14 30 35 0 3; 152 76 15 39 37 0 1; 139 75 15 40 38 0 1; ]
1500200584[92 68 35 54 31 0 2; 378 83 14 30 35 0 3; 152 76 15 39 37 0 1; 140 75 15 41 38 0 1; ]
1500200585[93 68 35 55 31 0 2; 379 83 14 31 35 0 3; 153 76 15 39 37 0 1; 140 75 15 41 38 0 1; ]
1500200586[93 68 35 55 31 0 2; 380 83 14 31 35 0 3; 154 76 15 39 37 0 1; 141 75 15 41 38 0 1; ]
1500200587[93 67 35 56 31 0 2; 381 83 14 31 35 0 3; 154 76 15 39 37 0 1; 141 75 15 41 38 0 1; ]
1500200588[93 67 35 57 31 0 2; 381 83 14 31 35 0 3; 155 76 15 39 37 0 1; 142 75 15 41 38 0 1; ]
1500200589[112 75 18 43 32 0 1; 93 67 23 59 33 0 1; 382 83 14 30 35 0 3; 155 76 15 39 37 0 1; 142 75 15 42 38 0 1; ]
1500200590[112 75 18 43 32 0 1; 92 67 23 59 33 0 1; 383 83 13 30 35 0 3; 156 76 15 39 37 0 1; 142 75 15 42 38 0 1; ]
1500200591[111 75 18 43 32 0 1; 92 67 23 60 33 0 1; 384 83 13 30 35 0 3; 156 76 15 39 37 0 1; 143 75 15 42 38 0 1; ]
1500200592[111 75 19 43 32 0 1; 91 67 23 60 33 0 1; 156 76 15 39 37 0 1; 143 75 15 42 38 0 1; ]
1500200593[110 76 19 43 32 0 1; 91 67 23 60 33 0 1; 156 76 15 39 37 0 1; 143 75 16 42 38 0 1; ]
1500200594[110 76 19 43 32 0 1; 90 67 23 60 33 0 1; 156 76 15 39 37 0 1; 143 75 16 42 38 0 1; ]
1500200595[110 76 19 43 32 0 1; 89 67 23 61 33 0 1; 156 76 15 39 37 0 1; 143 75 16 43 38 0 1; ]
1500200596[109 76 19 44 32 0 1; 89 67 23 61 33 0 1; 156 76 15 39 37 0 1; 142 75 16 43 38 0 1; ]
1500200597[109 76 19 44 32 0 1; 88 67 23 61 33 0 1; 156 76 15 40 37 0 1; 142 75 17 43 38 0 1; ]
1500200598[109 76 19 44 32 0 1; 87 67 23 61 33 0 1; 156 76 15 40 37 0 1; 142 75 17 43 38 0 1; ]
1500200599[108 77 19 44 32 0 1; 87 67 23 62 33 0 1; 156 76 15 40 37 0 1; 141 74 17 43 38 0 1; ]
1500200600[108 77 19 44 32 0 1; 86 67 23 62 33 0 1; 156 76 15 40 37 0 1; 141 74 17 44 38 0 1; ]
1500200601[107 77 19 44 32 0 1; 85 67 23 62 33 0 1; 155 76 15 41 37 0 1; 141 74 18 44 38 0 1; ]
1500200602[107 77 19 44 32 0 1; 85 67 23 62 33 0 1; 155 76 15 41 37 0 1; 140 74 18 44 38 0 1; ]
1500200603[107 77 19 44 32 0 1; 84 67 23 63 33 0 1; 154 76 16 41 37 0 1; 140 74 18 44 38 0 1; ]
1500200604[106 77 19 45 32 0 1; 83 67 23 63 33 0 1; 154 76 16 42 37 0 1; 140 74 18 45 38 0 1; ]
1500200605[106 77 20 45 32 0 1; 82 67 24 63 33 0 1; 153 76 16 42 37 0 1; 139 74 18 45 38 0 1; ]
1500200606[105 77 20 45 32 0 1; 81 67 24 63 33 0 1; 153 76 16 43 37 0 1; 139 74 18 45 38 0 1; ]
1500200607[104 77 20 45 32 0 1; 80 67 24 64 33 0 1; 152 76 16 43 37 0 1; 139 74 18 45 38 0 1; ]
1500200608[104 77 20 45 32 0 1; 78 67 24 64 33 0 1; 151 76 17 44 37 0 1; 138 74 18 45 38 0 1; ]
1500200609[103 77 20 45 32 0 1; 77 67 24 64 33 0 1; 151 76 17 44 37 0 1; 138 74 19 46 38 0 1; ]
1500200610[102 77 20 45 32 0 1; 76 67 24 65 33 0 1; 150 76 17 44 37 0 1; 137 74 19 46 38 0 1; ]
1500200611[102 77 20 45 32 0 1; 75 67 25 65 33 0 1; 150 76 17 44 37 0 1; 137 74 19 46 38 0 1; ]
1500200612[101 77 20 45 32 0 1; 73 67 25 65 33 0 1; 149 76 17 44 37 0 1; 136 74 19 46 38 0 1; ]
1500200613[100 77 20 45 32 0 1; 72 67 25 65 33 0 1; 149 76 17 45 37 0 1; 136 74 19 46 38 0 1; ]
1500200614[100 77 20 45 32 0 1; 71 67 25 66 33 0 1; 148 76 17 45 37 0 1; 136 74 19 46 38 0 1; ]
1500200615[99 77 20 45 32 0 1; 70 67 25 66 33 0 1; 147 76 17 45 37 0 1; 135 74 19 46 38 0 1; ]
1500200616[98 77 20 46 32 0 1; 68 67 25 66 33 0 1; 147 76 17 45 37 0 1; 135 75 19 46 38 0 1; ]
1500200617[98 77 20 46 32 0 1; 67 66 25 67 33 0 1; 146 76 17 45 37 0 1; 135 75 19 46 38 0 1; ]
1500200618[97 77 21 46 32 0 1; 66 66 26 67 33 0 1; 146 76 18 45 37 0 1; 134 76 18 46 38 0 1; ]
1500200619[97 77 21 46 32 0 1; 65 66 26 67 33 0 1; 390 86 15 31 36 0 0; 145 75 18 45 37 0 1; 134 75 18 46 38 0 1; ]
1500200620[96 77 21 46 32 0 1; 63 66 26 67 33 0 1; 390 86 15 31 36 0 0; 145 75 18 45 37 0 1; 134 74 18 46 38 0 1; ]
1500200621[95 77 21 46 32 0 1; 61 66 26 68 33 0 1; 390 86 15 31 36 0 0; 144 75 18 46 37 0 1; 133 74 18 46 38 0 1; ]
1500200622[94 77 21 47 32 0 1; 60 66 26 68 33 0 1; 390 86 15 31 36 0 0; 144 75 18 46 37 0 1; 132 74 18 46 38 0 1; ]
1500200623[93 77 21 47 32 0 1; 58 65 26 69 33 0 1; 390 86 15 31 36 0 0; 143 75 18 46 37 0 1; 132 74 19 46 38 0 1; ]
1500200624[92 76 22 47 32 0 1; 57 65 26 69 33 0 1; 390 86 15 31 36 0 0; 142 75 18 46 37 0 1; 131 74 19 46 38 0 1; ]
1500200625[91 76 22 47 32 0 1; 55 65 26 69 33 0 1; 390 86 15 31 36 0 0; 142 75 18 46 37 0 1; 130 74 19 46 38 0 1; ]
1500200626[90 76 22 48 32 0 1; 53 64 26 70 33 0 1; 391 86 15 31 36 0 0; 141 75 18 46 37 0 1; 129 75 19 46 38 0 1; ]
1500200627[89 76 22 48 32 0 1; 52 64 26 70 33 0 1; 391 86 15 31 36 0 0; 141 75 18 46 37 0 1; 128 75 20 46 38 0 1; ]
1500200628[88 76 22 48 32 0 1; 50 64 26 70 33 0 1; 391 86 15 31 36 0 0; 140 75 19 46 37 0 1; 127 76 20 46 38 0 1; ]
1500200629[87 75 23 49 32 0 1; 49 64 27 71 33 0 1; 391 86 15 31 36 0 0; 140 75 19 47 37 0 1; 126 75 20 46 38 0 1; ]
1500200630[86 75 23 49 32 0 1; 47 63 27 71 33 0 1; 391 86 15 31 36 0 0; 139 75 19 47 37 0 1; 125 75 20 46 38 0 1; ]
1500200631[85 75 23 49 32 0 1; 45 63 27 71 33 0 1; 391 86 15 31 36 0 0; 139 75 19 47 37 0 1; 124 75 20 46 38 0 1; ]
1500200632[84 75 23 49 32 0 1; 44 63 27 72 33 0 1; 391 86 15 31 36 0 0; 138 75 19 47 37 0 1; 123 75 20 47 38 0 1; ]
1500200633[83 75 23 50 32 0 1; 42 62 27 72 33 0 1; 55 71 19 54 34 1 1; 391 86 15 31 36 0 0; 138 75 19 47 37 0 1; 122 75 20 47 38 0 1; ]
1500200634[82 74 23 50 32 0 1; 41 62 27 73 33 0 1; 53 71 20 55 34 1 1; 391 86 15 31 36 0 0; 137 75 19 47 37 0 1; 122 74 20 47 38 0 1; ]
1500200635[81 74 23 50 32 0 1; 38 62 27 73 33 0 1; 52 71 20 56 34 1 1; 392 86 15 32 36 0 0; 136 74 19 47 37 0 1; 121 74 20 47 38 0 1; ]
1500200636[80 74 23 51 32 0 1; 35 61 28 73 33 0 1; 50 71 20 56 34 1 1; 392 85 15 32 36 0 0; 136 74 19 47 37 0 1; 120 74 20 47 38 0 1; ]
1500200637[80 74 23 51 32 0 1; 32 61 28 74 33 0 1; 48 71 20 57 34 1 1; 392 85 15 32 36 0 0; 135 74 19 47 37 0 1; 119 74 20 47 38 0 1; ]
1500200638[79 73 23 51 32 0 1; 29 61 28 74 33 0 1; 47 71 20 57 34 1 1; 392 85 15 32 36 0 0; 135 74 19 48 37 0 1; 118 74 20 48 38 0 1; ]
1500200639[78 73 23 52 32 0 1; 27 61 28 74 33 0 1; 46 70 20 57 34 1 1; 392 85 15 32 36 0 0; 134 74 19 48 37 0 1; 117 73 20 48 38 0 1; ]
1500200640[78 73 23 52 32 0 1; 25 60 28 75 33 0 1; 45 70 20 57 34 1 1; 392 85 15 32 36 0 0; 133 74 19 48 37 0 1; 117 73 20 48 38 0 1; ]
1500200641[77 73 23 52 32 0 1; 24 60 29 75 33 0 1; 44 70 20 57 34 1 1; 392 85 15 32 36 0 0; 133 74 19 48 37 0 1; 116 73 20 48 38 0 1; ]
1500200642[77 72 23 53 32 0 1; 23 60 29 75 33 0 1; 44 70 21 57 34 1 1; 392 85 15 32 36 0 0; 132 74 19 48 37 0 1; 115 73 20 48 38 0 1; ]
1500200643[76 72 23 53 32 0 1; 22 59 29 75 33 0 1; 44 70 19 57 34 1 1; 393 85 15 32 36 0 0; 131 74 19 48 37 0 1; 114 73 20 49 38 0 1; ]
1500200644[75 72 23 53 32 0 1; 22 59 29 76 33 0 1; 44 70 18 56 34 0 1; 393 85 15 32 36 0 0; 131 74 19 48 37 0 1; 113 72 20 49 38 0 1; ]
1500200645[70 72 25 53 32 0 1; 22 59 29 76 33 0 1; 44 70 18 56 34 0 1; 393 85 15 32 36 0 0; 131 74 19 48 37 0 1; 113 72 20 49 38 0 1; ]
1500200646[70 72 25 53 32 0 1; 22 58 28 76 33 0 1; 44 70 18 56 34 0 1; 393 85 15 32 36 0 0; 131 74 19 48 37 0 1; 113 72 20 49 38 0 1; ]
1500200647[70 72 25 53 32 0 1; 22 58 28 77 33 0 1; 44 70 18 56 34 0 1; 393 85 15 32 36 0 0; 131 74 19 49 37 0 1; 113 72 20 49 38 0 1; ]
1500200648[70 72 25 53 32 0 1; 22 58 27 77 33 0 1; 44 70 18 56 34 0 1; 393 85 15 32 36 0 0; 131 75 19 49 37 0 1; 113 72 20 49 38 0 1; ]
1500200649[70 72 25 53 32 0 1; 22 57 27 77 33 0 1; 44 70 18 56 34 0 1; 393 85 15 32 36 0 0; 131 75 19 49 37 0 1; 113 72 20 49 38 0 1; ]
1500200650[70 72 25 53 32 0 1; 22 58 27 77 33 0 1; 44 70 19 56 34 0 1; 393 85 15 32 36 0 0; 131 75 19 49 37 0 1; 113 72 20 49 38 0 1; ]
1500200651[70 72 25 53 32 0 1; 22 58 27 77 33 0 1; 43 70 19 57 34 0 1; 393 85 15 33 36 0 0; 131 75 19 49 37 0 1; 113 72 20 49 38 0 1; ]
1500200652[70 72 25 52 32 0 1; 22 59 27 77 33 0 1; 43 70 19 57 34 0 1; 393 85 15 33 36 0 0; 131 75 19 49 37 0 1; 113 72 20 49 38 0 1; ]
1500200653[70 72 25 52 32 0 1; 22 59 27 76 33 0 1; 43 70 19 57 34 0 1; 393 85 15 33 36 0 0; 131 75 19 49 37 0 1; 113 72 20 49 38 0 1; ]
1500200654[70 72 25 52 32 0 1; 22 59 27 76 33 0 1; 43 69 19 57 34 0 1; 393 85 15 33 36 0 0; 131 75 19 49 37 0 1; 113 72 20 49 38 0 1; ]
1500200655[70 72 25 52 32 0 1; 22 59 27 76 33 0 1; 42 69 20 58 34 0 1; 394 85 15 33 36 0 0; 131 75 19 49 37 0 1; 113 72 20 49 38 0 1; ]
1500200656[70 72 25 52 32 0 1; 22 59 28 76 33 0 1; 42 69 20 58 34 0 1; 394 85 15 33 36 0 0; 131 75 19 49 37 0 1; 113 72 20 49 38 0 1; ]
1500200657[70 72 25 52 32 0 1; 22 59 28 76 33 0 1; 41 69 20 59 34 0 1; 394 85 15 33 36 0 0; 131 75 19 49 37 0 1; 113 72 20 49 38 0 1; ]
1500200658[70 72 25 52 32 0 1; 22 59 28 76 33 0 1; 41 69 21 59 34 0 1; 396 84 15 34 36 0 0; 131 75 19 49 37 0 1; 113 72 20 49 38 0 1; ]
1500200659[53 68 27 56 32 0 1; 18 63 23 66 34 0 1; 398 83 15 34 36 0 0; 122 71 20 51 37 0 1; 98 67 22 54 38 0 1; ]
1500200660[53 68 25 57 32 0 1; 17 63 22 67 34 0 1; 399 83 15 34 36 0 0; 120 71 20 51 37 0 1; 97 67 22 54 38 0 1; ]
1500200661[50 68 25 59 32 0 1; 16 63 22 67 34 0 1; 399 83 15 34 36 0 0; 119 72 21 51 37 0 1; 97 68 22 54 38 0 1; ]
1500200662[49 69 25 59 32 0 1; 14 64 22 67 34 0 1; 399 84 15 34 36 0 0; 118 72 21 51 37 0 1; 97 69 22 53 38 0 1; ]
1500200663[48 69 26 58 32 0 1; 12 66 22 65 34 0 1; 399 84 15 34 36 0 0; 117 73 21 51 37 0 1; 96 70 21 53 38 0 1; ]
1500200664[48 71 26 57 32 0 1; 11 66 23 66 34 0 1; 399 85 15 34 36 0 0; 117 73 21 51 37 0 1; 96 71 21 52 38 0 1; ]
1500200665[46 71 26 57 32 0 1; 9 66 23 66 34 0 1; 399 85 15 34 36 0 0; 116 74 20 51 37 0 1; 96 72 21 52 38 0 1; ]
1500200666[45 72 26 57 32 0 1; 7 66 23 67 34 0 1; 399 85 16 34 36 0 0; 116 74 19 51 37 0 1; 95 72 21 52 38 0 1; ]
1500200667[43 72 26 58 32 0 1; 5 66 24 68 34 0 1; 399 85 16 34 36 0 0; 115 75 19 51 37 0 1; 95 72 21 52 38 0 1; ]
1500200668[41 72 26 58 32 0 1; 4 66 24 68 34 0 1; 399 84 16 34 36 0 0; 115 75 18 51 37 0 1; 94 72 21 52 38 0 1; ]
1500200669[40 72 26 58 32 0 1; 2 66 24 68 34 0 1; 399 84 16 34 36 0 0; 114 75 18 51 37 0 1; 93 72 22 52 38 0 1; ]
1500200670[38 71 26 58 32 0 1; 0 66 24 69 34 0 1; 400 84 16 34 36 0 0; 113 75 18 52 37 0 1; 92 72 22 52 38 0 1; ]
1500200671[36 70 26 58 32 0 1; 400 84 16 34 36 0 0; 112 74 19 52 37 0 1; 90 71 23 53 38 0 1; ]
1500200672[35 70 26 58 32 0 1; 400 84 16 34 36 0 0; 111 73 19 53 37 0 1; 89 71 23 53 38 0 1; ]
1500200673[33 69 26 58 32 0 1; 400 83 16 34 36 0 0; 110 72 19 54 37 0 1; 87 70 24 54 38 0 1; ]
1500200674[31 69 26 58 32 0 1; 400 83 16 34 36 0 0; 108 72 19 54 37 0 1; 86 70 24 54 38 0 1; ]
1500200675[30 69 26 58 32 0 1; 400 82 17 34 36 0 0; 107 72 19 54 37 0 1; 85 70 23 54 38 0 1; ]
1500200676[28 69 27 58 32 0 1; 400 81 17 35 36 0 0; 105 72 19 54 37 0 1; 84 70 23 54 38 0 1; ]
1500200677[26 69 27 58 32 0 1; 400 80 17 35 36 0 0; 104 72 19 54 37 0 1; 83 69 22 55 38 0 1; 130 79 13 30 42 0 3; ]
1500200678[24 69 27 58 32 0 1; 400 80 17 35 36 0 0; 103 71 19 54 37 0 1; 82 69 22 55 38 0 1; 129 79 13 30 42 0 3; ]
1500200679[22 69 27 59 32 0 1; 400 80 17 35 36 0 0; 101 71 19 54 37 0 1; 81 69 22 55 38 0 1; 128 80 13 30 42 0 3; ]
1500200680[20 68 28 60 32 0 1; 400 82 17 35 36 0 0; 100 71 19 54 37 0 1; 79 69 21 56 38 0 1; 127 80 13 30 42 0 3; ]
1500200681[18 68 28 61 32 0 1; 400 82 16 35 36 0 0; 98 71 19 54 37 0 1; 78 68 21 56 38 0 1; 127 81 13 30 42 0 3; ]
1500200682[16 67 28 63 32 0 1; 400 83 16 35 36 0 0; 97 70 19 54 37 0 1; 77 68 21 56 38 0 1; 126 82 14 30 42 0 3; ]
1500200683[14 66 29 64 32 0 1; 400 83 16 35 36 0 0; 96 70 19 54 37 0 1; 76 68 21 57 38 0 1; 125 82 14 30 42 0 3; ]
1500200684[12 66 29 65 32 0 1; 400 83 16 36 36 0 0; 94 70 19 54 37 0 1; 75 67 21 57 38 0 1; 124 81 14 30 42 0 3; ]
1500200685[10 65 29 65 32 0 1; 400 82 16 36 36 0 0; 93 70 19 54 37 0 1; 74 67 21 57 38 0 1; 124 81 14 30 42 0 3; ]
1500200686[8 64 29 66 32 0 1; 400 81 16 36 36 0 0; 91 69 19 54 37 0 1; 72 67 21 58 38 0 1; ]
1500200687[6 64 29 66 32 0 1; 400 80 16 36 36 0 0; 90 69 19 54 37 0 1; 71 66 21 58 38 0 1; ]
1500200688[4 63 29 66 32 0 1; 400 80 16 37 36 0 0; 89 69 19 54 37 0 1; 70 65 21 59 38 0 1; ]
1500200689[1 62 29 66 32 0 1; 400 79 16 37 36 0 0; 87 68 20 55 37 0 1; 68 65 21 59 38 0 1; ]
1500200690[400 79 16 37 36 0 0; 86 67 20 55 37 0 1; 67 64 21 59 38 0 1; ]
1500200691[400 79 16 37 36 0 0; 84 66 20 56 37 0 1; 66 63 21 60 38 0 1; ]
1500200692[400 78 16 37 36 0 0; 82 65 20 56 37 0 1; 64 63 21 60 38 0 1; ]
1500200693[400 78 16 37 36 0 0; 81 65 20 57 37 0 1; 63 62 22 61 38 0 1; ]
1500200694[399 78 16 37 36 0 0; 79 64 20 57 37 0 1; 62 62 22 61 38 0 1; ]
1500200695[399 78 16 37 36 0 0; 78 64 20 57 37 0 1; 60 61 22 62 38 0 1; ]
1500200696[399 78 16 37 36 0 0; 76 64 20 58 37 0 1; 59 61 22 62 38 0 1; ]
1500200697[399 77 16 37 36 0 0; 75 64 20 58 37 0 1; 57 60 22 62 38 0 1; 116 75 14 32 43 0 1; ]
1500200698[399 77 15 37 36 0 0; 73 64 20 58 37 0 1; 56 60 23 63 38 0 1; 115 75 14 33 43 0 1; ]
1500200699[398 77 15 37 36 0 0; 72 64 20 58 37 0 1; 54 60 23 63 38 0 1; 114 75 14 33 43 0 1; ]
1500200700[398 77 15 37 36 0 0; 70 64 20 59 37 0 1; 52 60 23 63 38 0 1; 113 76 15 33 43 0 1; ]
1500200701[398 77 15 37 36 0 0; 69 64 20 59 37 0 1; 51 60 23 63 38 0 1; 112 76 15 33 43 0 1; ]
1500200702[398 78 15 37 36 0 0; 67 64 20 59 37 0 1; 49 60 23 64 38 0 1; 111 76 15 33 43 0 1; ]
1500200703[398 78 15 36 36 0 0; 66 64 20 59 37 0 1; 47 60 23 64 38 0 1; 110 76 15 33 43 0 1; ]
1500200704[397 78 15 36 36 0 0; 64 64 21 59 37 0 1; 46 60 24 64 38 0 1; 109 77 15 34 43 0 1; ]
1500200705[397 78 15 36 36 0 0; 62 64 21 60 37 0 1; 44 60 24 64 38 0 1; 108 77 15 34 43 0 1; ]
1500200706[397 79 15 36 36 0 0; 60 64 22 60 37 0 1; 42 60 24 65 38 0 1; 107 77 15 34 43 0 1; ]
1500200707[397 79 15 36 36 0 0; 58 65 22 60 37 0 1; 40 60 24 65 38 0 1; 106 77 15 34 43 0 1; ]
1500200708[397 80 15 36 36 0 0; 57 65 22 60 37 0 1; 39 60 25 65 38 0 1; 105 77 15 34 43 0 1; ]
1500200709[397 80 15 35 36 0 0; 55 65 23 61 37 0 1; 37 60 25 65 38 0 1; 104 77 15 35 43 0 1; ]
1500200710[397 80 16 36 36 0 0; 53 65 23 61 37 0 1; 35 60 25 65 38 0 1; 103 77 15 35 43 0 1; ]
1500200711[396 80 16 36 36 0 0; 52 64 23 61 37 0 1; 33 60 25 66 38 0 1; 102 77 15 35 43 0 1; ]
1500200712[396 80 16 36 36 0 0; 50 64 23 62 37 0 1; 31 60 25 66 38 0 1; 101 77 15 35 43 0 1; ]
1500200713[396 80 16 36 36 0 0; 48 64 24 62 37 0 1; 29 60 26 66 38 0 1; 100 77 15 35 43 0 1; ]
1500200714[396 80 16 36 36 0 0; 47 63 24 62 37 0 1; 28 60 26 66 38 0 1; 99 76 15 35 43 0 1; ]
1500200715[396 77 16 39 36 0 0; 45 62 24 63 37 0 1; 26 59 26 66 38 0 1; 98 76 15 35 43 0 1; ]
1500200716[396 78 16 37 36 0 0; 44 61 24 63 37 0 1; 24 59 26 67 38 0 1; 97 76 15 35 43 0 1; ]
1500200717[396 75 16 41 36 0 0; 43 60 24 64 37 0 1; 22 58 27 67 38 0 1; 97 76 15 35 43 0 1; ]
1500200718[396 78 16 38 36 0 0; 41 59 24 64 37 0 1; 20 57 27 67 38 0 1; 96 75 15 35 43 0 1; ]
1500200719[396 75 16 40 36 0 0; 39 59 24 65 37 0 1; 18 56 27 68 38 0 1; 95 75 15 35 43 0 1; ]
1500200720[396 74 16 41 36 0 0; 38 59 24 65 37 0 1; 16 56 27 68 38 0 1; 94 75 15 34 43 0 1; ]
1500200721[395 74 16 42 36 0 0; 36 59 25 65 37 0 1; 14 56 28 68 38 0 1; 93 75 15 34 43 0 1; ]
1500200722[395 74 16 41 36 0 0; 34 59 25 66 37 0 1; 12 56 28 69 38 0 1; 92 74 15 34 43 0 1; ]
1500200723[395 74 16 41 36 0 0; 32 59 25 66 37 0 1; 10 56 28 69 38 0 1; 91 74 14 34 43 0 1; ]
1500200724[394 75 17 40 36 0 0; 30 59 25 67 37 0 1; 8 55 28 70 38 0 1; 90 74 14 34 43 0 1; ]
1500200725[393 76 18 40 36 0 0; 29 58 25 67 37 0 1; 6 55 29 70 38 0 1; 89 74 14 34 43 0 1; ]
1500200726[393 75 18 40 36 0 0; 27 58 26 67 37 0 1; 5 55 29 70 38 0 1; 88 73 14 34 43 0 1; ]
1500200727[393 75 18 40 36 0 0; 25 58 26 67 37 0 1; 3 55 29 71 38 0 1; 87 73 14 34 43 0 1; ]
1500200728[393 75 18 40 36 0 0; 23 58 26 68 37 0 1; 1 54 29 71 38 0 1; 86 73 14 34 43 0 1; ]
1500200729[393 75 18 40 36 0 0; 22 58 26 68 37 0 1; 85 73 15 34 43 0 1; ]
1500200730[393 75 18 40 36 0 0; 20 57 26 68 37 0 1; 84 73 15 34 43 0 1; ]
1500200731[393 75 18 40 36 0 0; 18 56 27 68 37 0 1; 83 74 15 35 43 0 1; ]
1500200732[393 74 18 41 36 0 0; 16 56 27 68 37 0 1; 82 74 15 35 43 0 1; ]
1500200733[393 74 18 41 36 0 0; 14 55 27 68 37 0 1; 81 74 15 35 43 0 1; ]
1500200734[394 74 18 41 36 0 0; 13 55 27 69 37 0 1; 79 74 15 35 43 0 1; ]
1500200735[394 73 17 42 36 0 0; 11 55 27 70 37 0 1; 78 74 15 36 43 0 1; ]
1500200736[394 74 17 43 36 0 0; 9 55 27 71 37 0 1; 77 74 15 36 43 0 1; ]
1500200737[394 74 17 43 36 0 0; 7 55 27 72 37 0 1; 76 74 15 36 43 0 1; ]
1500200738[394 74 17 44 36 0 0; 5 55 27 73 37 0 1; 75 74 16 36 43 0 1; ]
1500200739[394 75 17 44 36 0 0; 3 55 28 73 37 0 1; 74 75 16 37 43 0 1; ]
1500200740[394 75 17 44 36 0 0; 2 55 28 74 37 0 1; 73 75 16 37 43 0 1; ]
1500200741[394 75 17 44 36 0 0; 0 55 28 74 37 0 1; 71 75 16 37 43 0 1; ]
1500200742[394 75 17 44 36 0 0; 70 75 16 37 43 0 1; ]
1500200743[395 75 17 44 36 0 0; 70 75 16 37 43 0 1; ]
1500200744[395 75 17 44 36 0 0; 69 75 17 38 43 0 1; ]
1500200745[395 75 17 44 36 0 0; 68 74 17 38 43 0 1; ]
1500200746[395 75 17 44 36 0 0; 67 74 17 38 43 0 1; ]
1500200747[395 75 18 44 36 0 0; 67 74 17 38 43 0 1; ]
1500200748[396 75 18 43 36 0 0; 66 74 18 39 43 0 1; ]
1500200749[396 75 18 42 36 0 0; 65 74 18 39 43 0 1; ]
1500200750[396 75 18 41 36 0 0; 65 73 18 39 43 0 1; ]
1500200751[396 75 18 41 36 0 0; 64 73 18 39 43 0 1; ]
1500200752[397 75 18 41 36 0 0; 63 73 19 40 43 0 1; ]
1500200753[397 75 18 41 36 0 0; 62 73 19 40 43 0 1; ]
1500200754[397 75 18 41 36 0 0; 62 72 19 40 43 0 1; ]
1500200755[397 75 18 42 36 0 0; 61 72 20 40 43 0 1; ]
1500200756[397 75 19 42 36 0 0; 60 72 20 41 43 0 1; ]
1500200757[398 75 19 42 36 0 0; 59 72 20 41 43 0 1; ]
1500200758[398 75 19 43 36 0 0; 59 72 20 41 43 0 1; ]
1500200759[398 75 19 43 36 0 0; 58 73 21 42 43 0 1; ]
1500200760[398 74 19 44 36 0 0; 58 73 21 42 43 0 1; ]
1500200761[398 74 20 44 36 0 0; 58 73 21 43 43 0 1; ]
1500200762[399 74 20 45 36 0 0; 57 73 21 43 43 0 1; ]
1500200763[399 74 20 45 36 0 0; 57 73 21 44 43 0 1; ]
1500200764[399 76 20 45 36 0 0; 57 74 21 44 43 0 1; ]
1500200765[399 77 21 45 36 0 0; 57 74 21 44 43 0 1; ]
1500200766[399 78 21 46 36 0 0; 57 74 21 44 43 0 1; ]
1500200767[400 79 21 46 36 0 0; 57 74 21 44 43 0 1; ]
1500200768[400 79 21 46 36 0 0; 57 74 21 44 43 0 1; ]
1500200769[400 80 22 47 36 0 0; 57 74 21 44 43 0 1; ]
1500200770[401 79 22 47 36 0 0; 57 74 20 44 43 0 1; ]
1500200771[402 78 21 47 36 0 0; 57 74 20 44 43 0 1; ]
1500200772[404 77 21 46 36 0 0; 57 74 19 44 43 0 1; ]
1500200773[405 76 21 46 36 0 0; 58 73 20 44 43 0 1; ]
1500200774[407 75 21 46 36 0 0; 59 73 21 45 43 0 1; ]
1500200775[409 75 21 46 36 0 0; 61 72 21 45 43 0 1; ]
1500200776[412 74 21 46 36 0 0; 62 72 22 45 43 0 1; ]
1500200777[414 73 21 46 36 0 0; 64 72 22 45 43 0 1; ]
1500200778[417 73 21 46 36 0 0; 66 71 22 46 43 0 1; ]
1500200779[419 73 21 46 36 0 0; 69 71 22 46 43 0 1; ]
1500200780[423 72 21 46 36 0 0; 71 71 22 46 43 0 1; ]
1500200781[426 72 21 46 36 0 0; 74 70 22 46 43 0 1; ]
1500200782[430 72 21 46 36 0 0; 77 70 22 46 43 0 1; ]
1500200783[435 71 22 46 36 0 0; 80 70 22 46 43 0 1; ]
1500200784[439 71 22 46 36 0 0; 83 70 22 47 43 0 1; ]
1500200785[443 71 22 46 36 0 0; 87 69 21 47 43 0 1; ]
1500200786[448 71 22 46 36 0 0; 91 69 21 47 43 0 1; ]
1500200787[453 71 22 46 36 0 0; 96 69 21 47 43 0 1; ]
1500200788[458 71 22 46 36 0 0; 100 69 20 47 43 0 1; ]
1500200789[463 72 22 46 36 0 0; 105 70 19 48 43 0 1; ]
1500200790[468 72 22 47 36 0 0; 109 70 19 48 43 0 1; ]
1500200791[473 72 22 47 36 0 0; 114 70 18 48 43 0 1; ]
1500200792[478 72 22 48 36 0 0; 118 71 18 48 43 0 1; ]
1500200793[484 73 22 48 36 0 0; 123 71 18 49 43 0 1; ]
1500200794[127 71 18 49 43 0 1; ]
1500200795[132 72 18 49 43 0 1; ]
1500200796[136 72 18 50 43 0 1; ]
1500200797[2 46 33 97 37 0 1; 141 72 18 50 43 0 1; ]
1500200798[6 46 34 98 37 0 1; 145 73 18 50 43 0 1; ]
1500200799[10 46 34 99 37 0 1; 150 73 19 50 43 0 1; ]
1500200800[13 46 35 100 37 0 1; 154 74 19 51 43 0 1; ]
1500200801[17 46 35 100 37 0 1; 159 74 19 51 43 0 1; ]
1500200802[20 46 36 101 37 0 1; 163 74 20 51 43 0 1; ]
1500200803[24 46 37 102 37 0 1; 168 74 20 52 43 0 1; ]
1500200804[27 46 37 103 37 0 1; 173 73 20 52 43 0 1; ]
1500200805[31 45 38 104 37 0 1; 3 43 39 110 38 0 1; 177 73 20 53 43 0 1; ]
1500200806[35 45 38 104 37 0 1; 6 43 39 110 38 0 1; 181 72 20 53 43 0 1; ]
1500200807[38 45 39 105 37 0 1; 9 43 39 110 38 0 1; 186 72 19 53 43 0 1; ]
1500200808[42 45 39 106 37 0 1; 13 43 39 110 38 0 1; 189 72 19 53 43 0 1; ]
1500200809[45 45 40 107 37 0 1; 16 42 40 111 38 0 1; 193 72 19 54 43 0 1; ]
1500200810[48 45 40 108 37 0 1; 19 42 41 112 38 0 1; 197 72 19 54 43 0 1; ]
1500200811[51 45 40 108 37 0 1; 21 41 43 113 38 0 1; 200 72 20 54 43 0 1; ]
1500200812[54 45 40 109 37 0 1; 24 40 44 114 38 0 1; 204 72 20 54 43 0 1; ]
1500200813[56 44 40 110 37 0 1; 26 40 45 115 38 0 1; 207 72 20 54 43 0 1; ]
1500200814[59 44 40 111 37 0 1; 28 39 46 117 38 0 1; 210 73 20 54 43 0 1; ]
1500200815[61 44 40 111 37 0 1; 31 39 47 118 38 0 1; 213 73 21 54 43 0 1; ]
1500200816[63 44 41 112 37 0 1; 32 38 48 119 38 0 1; 216 74 22 54 43 0 1; ]
1500200817[65 44 41 113 37 0 1; 34 38 49 120 38 0 1; 219 74 22 54 43 0 1; ]
1500200818[67 44 41 114 37 0 1; 35 37 50 121 38 0 1; 222 74 22 54 43 0 1; 166 80 13 31 59 1 3; ]
1500200819[69 44 41 115 37 0 1; 37 37 51 122 38 0 1; 225 74 23 54 43 0 1; 168 80 13 30 59 1 3; ]
1500200820[71 44 41 115 37 0 1; 38 36 52 124 38 0 1; 228 74 23 54 43 0 1; 170 80 14 30 59 1 3; ]
1500200821[73 44 42 116 37 0 1; 38 36 52 125 38 0 1; 231 74 23 55 43 0 1; 172 80 14 30 59 1 3; ]
1500200822[75 43 42 117 37 0 1; 39 35 53 126 38 0 1; 234 74 23 55 43 0 1; 174 80 14 30 59 1 3; ]
1500200823[76 43 42 118 37 0 1; 39 35 53 127 38 0 1; 236 74 23 55 43 0 1; 175 80 14 30 59 1 3; ]
1500200824[77 43 44 119 37 0 1; 39 34 53 128 38 0 1; 237 74 23 55 43 0 1; 177 80 14 30 59 1 3; ]
1500200825[77 42 45 120 37 0 1; 39 33 54 129 38 0 1; 239 74 23 56 43 0 1; 178 80 15 30 59 1 3; ]
1500200826[78 42 46 121 37 0 1; 38 33 54 130 38 0 1; 240 74 23 56 43 0 1; 179 80 15 30 59 1 3; ]
1500200827[78 41 47 122 37 0 1; 38 32 54 132 38 0 1; 241 74 23 56 43 0 1; 179 80 15 30 59 1 3; ]
1500200828[78 41 47 123 37 0 1; 37 32 55 133 38 0 1; 242 74 23 56 43 0 1; 180 80 15 30 59 1 3; ]
1500200829[78 40 47 124 37 0 1; 36 31 55 134 38 0 1; 243 74 23 57 43 0 1; 181 80 16 31 59 1 3; ]
1500200830[78 40 47 125 37 0 1; 36 31 55 135 38 0 1; 244 74 23 57 43 0 1; 181 80 16 31 59 1 3; ]
1500200831[77 39 47 126 37 0 1; 35 30 55 136 38 0 1; 245 74 23 57 43 0 1; 182 80 16 31 59 1 3; ]
1500200832[77 39 47 127 37 0 1; 33 30 55 137 38 0 1; 245 74 23 57 43 0 1; 182 79 16 31 59 1 3; ]
1500200833[76 38 46 128 37 0 1; 32 29 56 138 38 0 1; 246 74 23 58 43 0 1; 183 79 17 32 59 1 3; ]
1500200834[75 38 46 129 37 0 1; 31 29 56 140 38 0 1; 246 74 23 58 43 0 1; 183 79 16 32 59 1 3; ]
1500200835[74 37 46 130 37 0 1; 29 28 56 141 38 0 1; 247 74 23 58 43 0 1; 182 79 16 32 59 1 3; ]
1500200836[72 37 45 131 37 0 1; 27 27 56 142 38 0 1; 247 74 23 58 43 0 1; 182 79 16 32 59 1 3; ]
1500200837[71 36 45 132 37 0 1; 25 27 57 143 38 0 1; 247 74 23 58 43 0 1; 182 79 16 32 59 1 3; ]
1500200838[69 36 44 133 37 0 1; 23 26 57 144 38 0 1; 247 74 23 59 43 0 1; 181 79 16 32 59 1 3; ]
1500200839[67 35 46 134 37 0 1; 21 26 57 145 38 0 1; 247 74 23 59 43 0 1; 181 79 16 32 59 1 3; ]
1500200840[65 35 49 135 37 0 1; 19 25 57 147 38 0 1; 247 74 23 59 43 0 1; 180 79 15 32 59 1 3; ]
1500200841[63 34 50 136 37 0 1; 16 25 57 148 38 0 1; 247 74 23 59 43 0 1; 180 79 15 32 59 1 3; ]
1500200842[60 34 50 138 37 0 1; 14 24 57 149 38 0 1; 247 74 23 59 43 0 1; 179 79 15 32 59 1 3; ]
1500200843[58 33 50 139 37 0 1; 11 24 58 150 38 0 1; 246 74 23 60 43 0 1; 178 79 16 32 59 1 3; ]
1500200844[55 32 50 140 37 0 1; 8 23 58 151 38 0 1; 246 74 23 60 43 0 1; 177 79 16 32 59 1 3; ]
1500200845[53 32 50 141 37 0 1; 5 23 58 152 38 0 1; 245 74 23 60 43 0 1; 176 79 16 32 59 1 3; ]
1500200846[50 31 50 142 37 0 1; 1 22 58 153 38 0 1; 245 74 23 60 43 0 1; 175 79 16 32 59 1 3; ]
1500200847[47 30 50 143 37 0 1; 244 74 23 60 43 0 1; 174 79 16 31 59 1 3; ]
1500200848[44 30 50 145 37 0 1; 243 74 23 61 43 0 1; 173 79 16 30 59 1 3; ]
1500200849[41 29 54 146 37 0 1; 243 73 23 61 43 0 1; ]
1500200850[38 29 54 147 37 0 1; 242 73 22 62 43 0 1; ]
1500200851[35 28 53 148 37 0 1; 241 72 22 62 43 0 1; ]
1500200852[31 27 52 149 37 0 1; 240 72 22 63 43 0 1; ]
1500200853[28 27 50 151 37 0 1; 239 71 22 64 43 0 1; ]
1500200854[22 25 51 153 37 0 1; 238 71 22 64 43 0 1; ]
1500200855[16 24 53 155 37 0 1; 236 70 22 65 43 0 1; ]
1500200856[10 22 54 158 37 0 1; 235 70 22 65 43 0 1; ]
1500200857[4 21 56 160 37 0 1; 233 69 22 66 43 0 1; ]
1500200858[231 69 22 66 43 0 1; ]
1500200859[229 68 22 67 43 0 1; ]
1500200860[227 67 22 67 43 0 1; ]
1500200861[225 67 23 68 43 0 1; ]
1500200862[223 66 23 68 43 0 1; ]
1500200863[220 66 23 69 43 0 1; ]
1500200864[218 65 23 69 43 0 1; ]
1500200865[216 65 23 70 43 0 1; ]
1500200866[213 64 23 70 43 0 1; ]
1500200867[211 64 23 71 43 0 1; 318 74 13 32 49 1 1; ]
1500200868[209 63 23 71 43 0 1; 317 74 14 31 49 1 1; ]
1500200869[206 63 23 72 43 0 1; 316 74 14 30 49 1 1; ]
1500200870[204 62 23 73 43 0 1; 314 74 14 30 49 1 1; ]
1500200871[202 62 23 73 43 0 1; 312 74 15 30 49 1 1; ]
1500200872[199 61 23 74 43 0 1; 311 73 15 30 49 1 1; ]
1500200873[197 61 23 74 43 0 1; 309 72 15 31 49 1 1; ]
1500200874[195 60 23 75 43 0 1; 307 71 16 32 49 1 1; ]
1500200875[192 60 23 75 43 0 1; 305 70 16 32 49 1 1; ]
1500200876[190 59 23 76 43 0 1; 303 70 16 32 49 1 1; ]
1500200877[188 58 23 76 43 0 1; 301 70 17 32 49 1 1; ]
1500200878[185 58 24 77 43 0 1; 299 70 17 32 49 1 1; ]
1500200879[182 58 24 78 43 0 1; 297 70 17 32 49 1 1; ]
1500200880[179 58 25 78 43 0 1; 295 71 17 31 49 1 1; ]
1500200881[176 58 26 79 43 0 1; 293 71 18 31 49 1 1; ]
1500200882[173 57 26 79 43 0 1; 291 72 18 30 49 1 1; ]
1500200883[170 57 27 80 43 0 1; 289 72 17 30 49 1 1; ]
1500200884[167 57 28 81 43 0 1; 287 72 17 30 49 1 1; ]
1500200885[164 57 28 81 43 0 1; 285 72 17 30 49 1 1; ]
1500200886[161 57 29 82 43 0 1; 284 72 17 30 49 1 1; ]
1500200887[158 56 30 83 43 0 1; 282 72 16 30 49 1 1; ]
1500200888[155 56 30 83 43 0 1; 280 72 16 30 49 1 1; ]
1500200889[152 56 31 84 43 0 1; 279 72 16 31 49 1 1; ]
1500200890[149 56 32 85 43 0 1; 277 73 16 31 49 1 1; ]
1500200891[146 56 32 85 43 0 1; 275 73 15 31 49 1 1; ]
1500200892[143 55 33 86 43 0 1; 274 73 15 31 49 1 1; ]
1500200893[140 55 33 87 43 0 1; 272 73 15 31 49 1 1; ]
1500200894[137 55 33 88 43 0 1; 270 73 15 31 49 1 1; 78 69 14 32 59 1 3; ]
1500200895[134 55 33 89 43 0 1; 269 73 14 31 49 1 1; ]
1500200896[131 55 33 90 43 0 1; 267 73 14 31 49 1 1; ]
1500200897[128 55 33 90 43 0 1; 265 73 14 31 49 1 1; ]
1500200898[125 55 33 91 43 0 1; 264 73 14 31 49 1 1; ]
1500200899[122 55 33 92 43 0 1; 262 73 14 31 49 1 1; ]
1500200900[119 55 33 93 43 0 1; 261 74 14 32 49 1 1; ]
1500200901[116 55 33 94 43 0 1; 259 74 14 32 49 1 1; 64 73 15 32 60 1 1; ]
1500200902[113 55 33 95 43 0 1; 258 74 14 32 49 1 1; 62 73 16 32 60 1 1; ]
1500200903[110 55 33 96 43 0 1; 257 74 14 32 49 1 1; 60 73 16 32 60 1 1; ]
1500200904[107 55 33 97 43 0 1; 255 74 14 32 49 1 1; 58 73 16 32 60 1 1; ]
1500200905[104 55 33 98 43 0 1; 254 74 14 32 49 1 1; 57 73 16 32 60 1 1; ]
1500200906[101 55 33 98 43 0 1; 252 75 14 32 49 1 1; 55 74 16 32 60 1 1; ]
1500200907[98 55 33 99 43 0 1; 251 75 14 32 49 1 1; 53 74 16 32 60 1 1; ]
1500200908[94 55 33 100 43 0 1; 249 75 14 33 49 1 1; 51 74 16 32 60 1 1; ]
1500200909[91 55 33 101 43 0 1; 248 75 14 33 49 1 1; 49 74 16 32 60 1 1; ]
1500200910[87 54 34 102 43 0 1; 246 75 14 33 49 1 1; 47 74 16 32 60 1 1; ]
1500200911[83 54 34 103 43 0 1; 245 75 14 33 49 1 1; 46 74 16 32 60 1 1; ]
1500200912[80 54 34 104 43 0 1; 243 76 14 33 49 1 1; 44 74 16 32 60 1 1; ]
1500200913[76 53 35 105 43 0 1; 242 76 14 34 49 1 1; 42 74 16 32 60 0 1; ]
1500200914[73 53 35 106 43 0 1; 241 76 14 35 49 1 1; 40 74 16 33 60 0 1; ]
1500200915[69 53 35 107 43 0 1; 239 76 14 35 49 1 1; 38 74 15 33 60 0 1; ]
1500200916[66 53 36 108 43 0 1; 238 76 14 36 49 1 1; 37 74 15 33 60 0 1; ]
1500200917[62 52 36 109 43 0 1; 237 76 14 36 49 1 1; 35 74 15 33 60 0 1; ]
1500200918[58 52 36 110 43 0 1; 235 76 14 36 49 1 1; 33 74 15 33 60 0 1; ]
1500200919[55 52 37 111 43 0 1; 234 76 14 36 49 1 1; 31 74 15 33 60 0 1; ]
1500200920[51 51 37 111 43 0 1; 233 76 14 36 49 1 1; 29 74 15 33 60 0 1; ]
1500200921[48 51 37 112 43 0 1; 232 76 14 36 49 1 1; 210 80 14 30 56 1 2; 28 74 15 33 60 0 1; ]
1500200922[44 51 38 113 43 0 1; 230 76 14 35 49 1 1; 210 79 14 30 56 1 2; 26 74 15 34 60 0 1; ]
1500200923[40 50 38 115 43 0 1; 229 76 14 35 49 1 1; 209 79 14 30 56 1 2; 24 74 15 34 60 0 1; ]
1500200924[35 50 39 117 43 0 1; 228 77 14 34 49 1 1; 208 79 14 30 56 1 2; 22 74 15 34 60 0 1; ]
1500200925[30 49 39 119 43 0 1; 226 77 14 34 49 1 1; 207 78 14 30 56 1 2; 21 74 16 34 60 0 1; ]
1500200926[26 48 40 120 43 0 1; 225 77 14 33 49 1 1; 206 78 14 31 56 1 2; 19 74 16 34 60 0 1; ]
1500200927[20 47 41 122 43 0 1; 224 77 14 32 49 1 1; 205 78 14 31 56 1 2; 17 74 17 34 60 0 1; ]
1500200928[15 46 42 123 43 0 1; 223 76 14 32 49 1 1; 205 78 14 31 56 1 2; 16 74 16 34 60 1 1; ]
1500200929[10 44 43 124 43 0 1; 222 76 14 33 49 1 1; 204 77 14 31 56 1 2; ]
1500200930[4 41 45 125 43 0 1; 221 76 14 33 49 1 1; 203 77 14 31 56 1 2; ]
1500200931[220 75 14 33 49 1 1; 202 77 14 32 56 1 2; ]
1500200932[219 75 15 34 49 1 1; 201 76 14 32 56 1 2; ]
1500200933[218 75 15 34 49 1 1; 200 76 14 32 56 1 2; ]
1500200934[217 74 15 35 49 1 1; 199 76 14 32 56 1 2; ]
1500200935[216 74 15 35 49 1 1; 199 76 14 32 56 1 2; ]
1500200936[215 73 15 35 49 1 1; 198 75 14 33 56 1 2; 3 72 17 33 61 0 1; ]
1500200937[214 73 15 36 49 1 1; 197 74 15 34 56 1 2; 2 72 17 33 61 0 1; ]
1500200938[213 73 15 36 49 1 1; 196 73 15 34 56 1 2; 0 72 16 33 61 0 1; ]
1500200939[212 72 15 37 49 1 1; 195 73 15 34 56 1 2; ]
1500200940[211 72 15 37 49 1 1; 194 72 16 35 56 1 2; ]
1500200941[210 72 15 37 49 1 1; 194 72 16 35 56 1 2; ]
1500200942[209 71 15 38 49 1 1; 193 72 16 35 56 1 2; ]
1500200943[208 72 15 37 49 1 1; 192 72 17 35 56 1 2; ]
1500200944[207 72 14 37 49 1 1; 191 72 17 35 56 1 2; ]
1500200945[206 72 14 37 49 1 1; 190 72 18 34 56 1 2; ]
1500200946[206 73 14 36 49 1 1; 189 73 18 34 56 1 2; ]
1500200947[205 73 14 36 49 1 1; 189 73 18 34 56 1 2; ]
1500200948[204 74 14 36 49 1 1; 188 74 19 33 56 1 2; ]
1500200949[203 74 13 35 49 1 1; 187 75 19 33 56 1 2; ]
1500200950[202 74 13 35 49 1 1; 186 76 19 32 56 1 2; ]
1500200951[201 74 13 35 49 1 1; 185 76 20 32 56 1 2; ]
1500200952[200 74 13 36 49 1 1; 184 76 20 32 56 1 2; ]
1500200953[199 74 13 37 49 1 1; 183 76 20 32 56 1 2; ]
1500200954[181 72 31 38 50 1 2; ]
1500200955[180 72 31 39 50 1 2; ]
1500200956[179 72 31 39 50 1 2; ]
1500200957[178 72 31 39 50 1 2; ]
1500200958[177 72 31 39 50 1 2; ]
1500200959[176 72 31 39 50 1 2; ]
1500200960[175 72 31 40 50 1 2; ]
1500200961[174 72 31 40 50 1 2; ]
1500200962[172 72 31 40 50 1 2; ]
1500200963[171 72 32 40 50 1 2; ]
1500200964[170 72 32 40 50 1 2; ]
1500200965[169 72 32 41 50 1 2; ]
1500200966[168 72 32 41 50 1 2; ]
1500200967[167 72 32 41 50 1 2; ]
1500200968[166 72 32 41 50 1 2; ]
1500200969[165 72 32 42 50 1 2; ]
1500200970[164 72 32 42 50 1 2; ]
1500200971[162 72 32 42 50 1 2; ]
1500200972[161 71 32 42 50 1 2; ]
1500200973[160 71 33 42 50 1 2; ]
1500200974[159 70 33 43 50 1 2; ]
1500200975[157 70 33 43 50 1 2; ]
1500200976[156 70 33 43 50 1 2; ]
1500200977[155 69 33 43 50 1 2; ]
1500200978[153 69 33 43 50 1 2; ]
1500200979[152 68 34 44 50 1 2; ]
1500200980[151 68 34 44 50 1 2; ]
1500200981[149 68 34 44 50 1 2; ]
1500200982[148 67 34 44 50 1 2; ]
1500200983[147 67 34 44 50 1 2; ]
1500200984[146 66 34 45 50 1 2; ]
1500200985[144 66 34 45 50 1 2; ]
1500200986[143 66 35 45 50 1 2; ]
1500200987[142 65 35 45 50 1 2; ]
1500200988[141 65 35 45 50 1 2; ]
1500200989[139 64 35 46 50 1 2; ]
1500200990[138 64 35 46 50 1 2; ]
1500200991[137 63 35 46 50 1 2; ]
1500200992[136 63 35 46 50 1 2; ]
1500200993[134 62 35 46 50 1 2; ]
1500200994[133 62 35 47 50 1 2; ]
1500200995[132 61 36 47 50 1 2; ]
1500200996[131 61 36 47 50 1 2; ]
1500200997[129 61 36 47 50 1 2; ]
1500200998[128 60 36 47 50 1 2; ]
1500200999[127 60 36 48 50 1 2; ]
1500201000[125 60 36 48 50 1 2; ]
1500201001[124 60 37 48 50 1 2; ]
1500201002[122 59 37 48 50 1 2; ]
1500201003[121 59 37 48 50 1 2; ]
1500201004[119 59 38 48 50 1 2; ]
1500201005[117 59 38 48 50 1 2; ]
1500201006[116 59 38 48 50 1 2; ]
1500201007[114 59 38 48 50 1 2; ]
1500201008[113 59 39 48 50 1 2; ]
1500201009[111 59 39 48 50 1 2; ]
1500201010[110 59 39 48 50 1 2; ]
1500201011[108 59 40 48 50 1 2; ]
1500201012[107 59 40 48 50 1 2; ]
1500201013[105 59 40 48 50 1 2; ]
1500201014[103 58 41 48 50 1 2; ]
1500201015[102 58 41 50 50 1 2; ]
1500201016[101 58 41 51 50 1 2; ]
1500201017[100 58 41 52 50 1 2; ]
1500201018[98 58 41 53 50 1 2; ]
1500201019[97 58 41 54 50 1 2; ]
1500201020[96 58 41 54 50 1 2; ]
1500201021[94 58 41 54 50 1 2; ]
1500201022[93 59 41 54 50 1 2; ]
1500201023[92 59 42 54 50 1 2; ]
1500201024[90 60 42 54 50 1 2; ]
1500201025[89 61 42 54 50 1 2; ]
1500201026[88 63 42 53 50 1 2; ]
1500201027[87 64 42 53 50 1 2; ]
1500201028[85 67 42 52 50 1 2; ]
1500201029[84 69 42 51 50 1 2; ]
1500201030[82 69 43 52 50 1 2; ]
1500201031[80 69 43 52 50 1 2; ]
1500201032[79 68 43 52 50 1 2; ]
1500201033[77 68 44 53 50 1 2; ]
1500201034[75 68 44 53 50 1 2; ]
1500201035[73 68 44 53 50 1 2; ]
1500201036[71 68 44 54 50 1 2; ]
1500201037[69 68 45 54 50 1 2; ]
1500201038[68 67 45 55 50 1 2; ]
1500201039[66 67 45 55 50 1 2; ]
1500201040[64 67 46 55 50 1 2; ]
1500201041[62 67 46 56 50 1 2; ]
1500201042[60 67 46 56 50 1 2; ]
1500201043[58 67 47 56 50 1 2; ]
1500201044[57 66 47 57 50 1 2; ]
1500201045[55 69 19 51 51 1 1; 72 68 29 52 52 1 2; ]
1500201046[53 68 19 52 51 1 1; 70 66 30 53 52 1 2; ]
1500201047[51 67 19 52 51 1 1; 68 65 30 55 52 1 2; ]
1500201048[50 66 20 52 51 1 1; 66 64 31 56 52 1 2; ]
1500201049[48 66 20 53 51 1 1; 63 63 31 57 52 1 2; ]
1500201050[46 65 20 53 51 1 1; 61 61 31 58 52 1 2; ]
1500201051[43 64 21 54 51 1 1; 59 60 32 58 52 1 2; ]
1500201052[41 64 21 54 51 1 1; 57 59 32 58 52 1 2; ]
1500201053[39 63 21 55 51 1 1; 55 58 33 58 52 1 2; ]
1500201054[38 60 21 55 51 1 1; 52 57 33 58 52 1 2; ]
1500201055[36 58 21 56 51 1 1; 50 56 34 58 52 1 2; ]
1500201056[34 57 21 57 51 1 1; 48 55 34 58 52 1 2; ]
1500201057[31 57 21 58 51 1 1; 46 56 35 58 52 1 2; ]
1500201058[28 58 22 59 51 1 1; 44 56 35 58 52 1 2; ]
1500201059[24 59 24 60 51 1 1; 42 58 36 59 52 1 2; ]
1500201060[20 61 26 61 51 1 1; 39 60 36 60 52 1 2; ]
1500201061[17 62 26 60 51 1 1; 37 60 37 60 52 1 2; ]
1500201062[15 62 26 59 51 1 1; 35 60 37 61 52 1 2; ]
1500201063[13 63 26 59 51 1 1; 33 59 38 61 52 1 2; ]
1500201064[10 63 26 58 51 1 1; 31 59 38 62 52 1 2; ]
1500201065[8 63 26 58 51 1 1; 28 58 39 62 52 1 2; ]
1500201066[6 62 26 58 51 1 1; 26 58 39 63 52 1 2; ]
1500201067[5 61 26 58 51 1 1; 24 56 40 63 52 1 2; ]
1500201068[3 59 26 58 51 1 1; 21 55 40 63 52 1 2; ]
1500201069[2 56 26 58 51 1 1; 19 53 41 64 52 1 2; ]
1500201070[0 54 26 58 51 1 1; 17 50 42 64 52 1 2; ]
1500201071[14 48 42 64 52 1 2; ]
1500201072[12 47 41 65 52 1 2; ]
1500201073[10 46 41 65 52 1 2; ]
1500201074[7 45 41 65 52 1 2; ]
1500201075[5 45 41 66 52 1 2; ]
1500201076[1 46 25 70 53 1 1; 17 48 27 68 54 1 1; ]
1500201077[14 48 27 71 54 1 1; ]
1500201078[11 49 28 72 54 1 1; ]
1500201079[9 51 28 73 54 1 1; ]
1500201080[6 53 28 73 54 1 1; ]
1500201081[3 56 29 71 54 1 1; ]
1500201082[0 58 29 71 54 1 1; ]
1500201083[]
1500201084[]
1500201085[]
1500201086[]
1500201087[]
1500201088[]
1500201089[]
1500201090[]
1500201091[]
1500201092[]
1500201093[]
1500201094[]
1500201095[]
1500201096[]
1500201097[]
1500201098[]
1500201099[]
1500201100[]
1500201101[]
1500201102[]
1500201103[]
1500201104[]
1500201105[]
1500201106[]
1500201107[]
1500201108[]
1500201109[]
1500201110[]
1500201111[]
1500201112[]
1500201113[]
1500201114[]
1500201115[]
1500201116[]
1500201117[]
1500201118[]
1500201119[]
1500201120[]
1500201121[]
1500201122[]
1500201123[]
1500201124[]
1500201125[]
1500201126[]
1500201127[]
1500201128[]
1500201129[]
1500201130[]
1500201131[]
1500201132[]
1500201133[]
1500201134[]
1500201135[]
1500201136[]
1500201137[]
1500201138[]
1500201139[]
1500201140[]
1500201141[]
1500201142[]
1500201143[]
1500201144[]
1500201145[]
1500201146[]
1500201147[]
1500201148[]
1500201149[]
1500201150[]
1500201151[]
1500201152[]
1500201153[]
1500201154[]
1500201155[]
1500201156[]
1500201157[]
1500201158[]
1500201159[]
1500201160[]
1500201161[]
