1500300001[]
1500300002[]
1500300003[485 54 23 59 2 1 1; 468 57 28 67 3 0 1; 358 78 15 38 4 0 1; 350 73 18 38 5 0 0; 381 67 54 36 9 0 2; ]
1500300004[]
1500300005[470 57 27 68 12 0 1; 359 75 15 36 13 0 1; 351 72 15 39 14 0 2; 386 69 43 31 15 0 2; ]
1500300006[472 55 28 70 12 0 1; 360 75 16 36 13 0 1; 352 72 15 41 14 0 2; 384 64 52 35 15 0 2; ]
1500300007[473 54 28 71 12 0 1; 361 75 16 37 13 0 1; 353 71 15 42 14 0 2; 384 63 56 37 15 0 2; ]
1500300008[475 53 29 72 12 0 1; 361 75 16 37 13 0 1; 354 71 15 43 14 0 2; 384 63 56 37 15 0 2; ]
1500300009[477 53 29 73 12 0 1; 362 75 16 38 13 0 1; 354 71 15 44 14 0 2; 389 66 43 32 15 0 2; ]
1500300010[479 53 28 74 12 0 1; 363 75 17 38 13 0 1; 355 71 15 44 14 0 2; 393 66 44 33 15 0 2; ]
1500300011[481 53 27 75 12 0 1; 363 75 17 39 13 0 1; 355 71 15 44 14 0 2; 394 66 44 33 15 0 2; ]
1500300012[484 53 26 76 12 0 1; 363 75 17 39 13 0 1; 355 72 16 43 14 0 2; 394 67 43 33 15 0 2; ]
1500300013[363 75 17 40 13 0 1; 355 73 16 43 14 0 2; 394 68 43 33 15 0 2; ]
1500300014[363 75 17 40 13 0 1; 355 73 16 42 14 0 2; 394 68 42 33 15 0 2; ]
1500300015[364 75 17 41 13 0 1; 356 73 17 42 14 0 2; 394 69 41 32 15 0 2; ]
1500300016[364 74 17 41 13 0 1; 356 73 17 42 14 0 2; 395 68 40 32 15 0 2; 488 77 19 38 18 1 1; ]
1500300017[365 74 17 41 13 0 1; 357 73 17 42 14 0 2; 396 68 38 31 15 0 2; 489 76 19 38 18 1 1; ]
1500300018[366 73 17 41 13 0 1; 357 73 17 42 14 0 2; 397 67 35 31 15 0 2; 490 76 19 39 18 1 1; ]
1500300019[368 72 17 42 13 0 1; 358 72 17 43 14 0 2; 398 66 32 30 15 0 2; 490 75 19 39 18 1 1; ]
1500300020[369 71 17 42 13 0 1; 359 71 18 43 14 0 2; 400 65 28 30 15 0 2; 491 75 20 40 18 1 1; 427 58 24 38 62 1 1; ]
1500300021[370 71 16 42 13 0 1; 360 71 18 43 14 0 2; 401 67 26 30 15 0 2; 427 59 25 38 62 1 1; ]
1500300022[371 71 16 43 13 0 1; 361 71 18 43 14 0 2; 403 68 24 30 15 0 2; 427 61 26 38 62 1 1; ]
1500300023[371 72 16 43 13 0 1; 361 72 18 43 14 0 2; 404 69 23 30 15 0 2; 427 62 27 37 62 1 1; ]
1500300024[372 72 15 43 13 0 1; 362 72 18 43 14 0 2; 404 70 22 31 15 0 2; 427 63 28 37 62 1 1; ]
1500300025[373 72 15 43 13 0 1; 363 72 18 43 14 0 2; 405 70 22 31 15 0 2; 427 64 28 37 62 1 1; ]
1500300026[373 73 15 43 13 0 1; 363 73 18 43 14 0 2; 405 70 23 31 15 0 2; 428 65 28 37 62 1 1; ]
1500300027[374 75 15 42 13 0 1; 364 74 18 43 14 0 2; 405 69 23 32 15 0 2; 429 65 28 36 62 1 1; ]
1500300028[375 76 15 41 13 0 1; 365 75 18 43 14 0 2; 405 68 25 33 15 0 2; 430 66 28 36 62 1 1; ]
1500300029[376 78 15 41 13 0 1; 365 76 18 43 14 0 2; 405 68 26 34 15 0 2; 432 66 28 36 62 1 1; ]
1500300030[376 78 15 41 13 0 1; 366 76 18 43 14 0 2; 405 67 27 34 15 0 2; 433 66 28 36 62 1 1; ]
1500300031[377 78 15 41 13 0 1; 367 76 18 43 14 0 2; 405 67 27 34 15 0 2; 434 65 21 38 19 1 2; ]
1500300032[377 77 16 41 13 0 1; 368 75 17 43 14 0 2; 405 67 28 34 15 0 2; 434 65 20 36 19 1 2; ]
1500300033[378 76 16 41 13 0 1; 369 75 17 43 14 0 2; 406 67 28 34 15 0 2; 435 65 19 35 19 1 2; ]
1500300034[378 74 16 41 13 0 1; 370 74 17 42 14 0 2; 406 67 29 34 15 0 2; 436 65 18 33 19 1 2; ]
1500300035[378 72 17 42 13 0 1; 371 72 17 42 14 0 2; 407 67 29 33 15 0 2; 437 65 18 33 19 1 2; ]
1500300036[379 73 16 42 13 0 1; 371 72 17 42 14 0 2; 408 67 28 34 15 0 2; 437 65 17 32 19 1 2; ]
1500300037[380 74 16 43 13 0 1; 371 72 17 43 14 0 2; 408 67 27 34 15 0 2; 438 65 17 32 19 1 2; ]
1500300038[380 74 16 43 13 0 1; 371 72 17 43 14 0 2; 409 66 27 34 15 0 2; 439 65 18 32 19 1 2; ]
1500300039[381 75 15 44 13 0 1; 371 72 17 44 14 0 2; 410 66 26 35 15 0 2; 440 65 18 32 19 1 2; ]
1500300040[382 75 15 44 13 0 1; 372 72 18 44 14 0 2; 410 66 26 35 15 0 2; 441 65 18 32 19 1 2; ]
1500300041[383 75 15 45 13 0 1; 372 72 18 45 14 0 2; 411 66 25 34 15 0 2; 442 65 19 32 19 1 2; ]
1500300042[383 74 15 45 13 0 1; 373 73 18 45 14 0 2; 411 67 25 34 15 0 2; 444 67 27 35 63 0 2; ]
1500300043[384 74 15 46 13 0 1; 374 73 18 45 14 0 2; 412 67 25 34 15 0 2; 445 67 25 35 63 0 2; ]
1500300044[385 74 15 47 13 0 1; 375 73 19 45 14 0 2; 412 67 25 34 15 0 2; 447 67 23 35 63 0 2; ]
1500300045[385 73 15 47 13 0 1; 376 73 19 45 14 0 2; 412 67 24 33 15 0 2; 448 67 22 35 63 0 2; ]
1500300046[386 74 15 47 13 0 1; 377 73 19 46 14 0 2; 413 67 24 33 15 0 2; 449 67 21 35 63 0 2; ]
1500300047[387 74 16 46 13 0 1; 378 73 19 47 14 0 2; 413 67 25 34 15 0 2; 450 67 21 35 63 0 2; ]
1500300048[388 74 16 45 13 0 1; 378 71 19 47 14 0 2; 414 66 25 34 15 0 2; 451 67 21 35 63 0 2; ]
1500300049[389 75 16 44 13 0 1; 379 70 19 48 14 0 2; 414 66 25 35 15 0 2; 451 67 21 35 63 0 2; ]
1500300050[390 76 17 43 13 0 1; 380 69 19 49 14 0 2; 415 65 26 36 15 0 2; 452 67 22 35 63 0 2; ]
1500300051[390 76 17 43 13 0 1; 381 69 18 48 14 0 2; 415 64 27 37 15 0 2; 453 67 22 35 63 0 2; ]
1500300052[390 76 18 43 13 0 1; 382 69 17 47 14 0 2; 415 63 28 38 15 0 2; 453 67 22 35 63 0 2; ]
1500300053[391 75 18 43 13 0 1; 383 69 17 46 14 0 2; 415 62 29 39 15 0 2; 454 67 22 35 63 0 2; ]
1500300054[391 75 19 43 13 0 1; 383 69 17 46 14 0 2; 415 62 30 39 15 0 2; 455 66 23 35 63 0 2; ]
1500300055[392 75 19 43 13 0 1; 384 69 17 45 14 0 2; 415 61 30 39 15 0 2; 456 65 23 35 63 0 2; ]
1500300056[393 74 19 43 13 0 1; 385 68 17 46 14 0 2; 415 61 30 39 15 0 2; 457 64 23 35 63 0 2; ]
1500300057[394 73 18 44 13 0 1; 385 68 17 47 14 0 2; 416 61 29 38 15 0 2; 458 63 23 36 63 0 2; ]
1500300058[395 71 17 45 13 0 1; 385 67 17 48 14 0 2; 417 61 27 37 15 0 2; 459 63 22 36 63 0 2; ]
1500300059[397 70 17 46 13 0 1; 386 66 17 49 14 0 2; 417 61 26 36 15 0 2; 459 63 21 36 63 0 2; ]
1500300060[398 70 17 47 13 0 1; 386 66 18 49 14 0 2; 418 61 26 36 15 0 2; 460 63 21 36 63 0 2; ]
1500300061[399 70 17 46 13 0 1; 387 66 18 49 14 0 2; 419 61 26 36 15 0 2; 461 63 20 36 63 0 2; ]
1500300062[401 70 17 46 13 0 1; 388 66 18 49 14 0 2; 419 61 26 36 15 0 2; 461 63 20 36 63 0 2; ]
1500300063[402 70 17 46 13 0 1; 388 66 18 48 14 0 2; 420 60 26 37 15 0 2; 462 63 20 36 63 0 2; ]
1500300064[403 70 17 46 13 0 1; 389 66 19 48 14 0 2; 420 60 27 37 15 0 2; 462 63 20 36 63 0 2; ]
1500300065[403 70 17 45 13 0 1; 390 66 19 47 14 1 2; 420 59 28 38 15 0 2; 462 63 20 36 63 0 2; ]
1500300066[404 70 17 45 13 0 1; 392 66 18 47 14 0 2; 422 59 27 38 15 0 2; 463 63 21 36 63 0 2; ]
1500300067[404 69 17 45 13 0 1; 393 66 17 48 14 0 2; 424 59 26 38 15 0 2; 463 63 21 36 63 0 2; ]
1500300068[404 68 18 45 13 0 1; 395 66 17 49 14 0 2; 425 59 25 38 15 0 2; 463 63 21 36 63 0 2; ]
1500300069[404 68 18 45 13 0 1; 396 66 17 49 14 0 2; 426 59 25 38 15 0 2; 463 63 22 36 63 0 2; ]
1500300070[405 67 19 45 13 0 1; 397 66 17 49 14 0 2; 426 59 24 38 15 0 2; 463 63 23 36 63 0 2; ]
1500300071[405 68 19 46 13 0 1; 397 66 17 49 14 0 2; 426 59 25 38 15 0 2; 463 63 24 36 63 0 2; ]
1500300072[405 68 20 46 13 0 1; 398 66 18 49 14 0 2; 426 59 25 38 15 0 2; 463 63 26 36 63 0 2; ]
1500300073[405 68 20 47 13 0 1; 398 66 19 49 14 0 2; 426 59 26 38 15 0 2; ]
1500300074[405 69 21 47 13 0 1; 398 66 20 49 14 0 2; 426 59 26 38 15 0 2; ]
1500300075[406 70 21 48 13 0 1; 399 66 20 49 14 1 2; 426 59 27 38 15 0 2; ]
1500300076[407 70 20 48 13 0 1; 400 66 20 49 14 1 2; 426 59 27 38 15 0 2; ]
1500300077[409 70 19 49 13 0 1; 400 66 20 50 14 1 2; 427 60 28 38 15 0 2; ]
1500300078[410 70 18 49 13 0 1; 401 66 20 51 14 1 2; 427 61 28 38 15 0 2; ]
1500300079[411 70 18 49 13 0 1; 402 66 19 52 14 1 2; 428 62 29 37 15 0 2; ]
1500300080[412 70 18 49 13 0 1; 403 66 19 53 14 1 2; 428 64 29 37 15 0 2; 462 64 17 35 20 1 1; 480 60 19 39 64 1 1; ]
1500300081[414 70 18 49 13 0 1; 404 67 19 52 14 1 2; 429 64 30 37 15 0 2; 463 64 16 35 20 1 1; 482 60 18 39 64 1 1; ]
1500300082[414 70 18 49 13 0 1; 405 68 19 51 14 1 2; 430 64 31 37 15 0 2; 463 64 15 35 20 1 1; 483 60 17 39 64 1 1; ]
1500300083[415 70 18 49 13 0 1; 405 68 19 51 14 1 2; 431 64 31 37 15 0 2; 464 64 15 35 20 1 1; 485 60 17 39 64 1 1; ]
1500300084[416 70 19 49 13 0 1; 406 69 20 50 14 1 2; 432 64 32 37 15 0 2; 464 64 15 35 20 1 1; 486 60 17 39 64 1 1; ]
1500300085[417 70 19 49 13 0 1; 406 69 20 50 14 1 2; 432 64 32 37 15 0 2; 464 64 15 35 20 1 1; 487 60 17 39 64 1 1; ]
1500300086[418 70 19 49 13 0 1; 406 68 20 51 14 1 2; 432 64 33 37 15 0 2; 464 64 15 35 20 1 1; 488 60 17 40 64 1 1; ]
1500300087[418 70 19 49 13 0 1; 407 68 19 51 14 1 2; 432 63 33 37 15 0 2; 464 64 15 35 20 1 1; 489 60 17 41 64 1 1; ]
1500300088[419 70 18 49 13 0 1; 408 67 19 52 14 1 2; 432 63 33 38 15 0 2; 464 64 15 35 20 1 1; 490 60 18 42 64 1 1; ]
1500300089[420 70 18 49 13 0 1; 408 67 19 52 14 1 2; 432 63 33 38 15 0 2; 464 64 15 35 20 1 1; 491 60 19 43 64 1 1; ]
1500300090[420 70 18 49 13 0 1; 409 66 19 53 14 1 2; 432 63 34 38 15 0 2; 464 64 15 35 20 1 1; 492 60 19 43 64 1 1; ]
1500300091[420 68 21 53 13 0 1; 410 66 19 53 14 1 2; 432 63 34 38 15 0 2; 464 64 15 35 20 1 1; ]
1500300092[420 67 25 56 13 0 1; 411 65 19 53 14 1 2; 431 63 35 38 15 0 2; 465 64 15 35 20 1 1; ]
1500300093[420 66 28 58 13 0 1; 412 65 19 54 14 1 2; 431 63 36 38 15 0 2; 465 64 15 35 20 1 1; ]
1500300094[420 64 29 60 13 0 1; 413 64 19 54 14 1 2; 430 63 38 38 15 0 2; 465 64 15 35 20 1 1; ]
1500300095[420 63 30 61 13 0 1; 414 63 19 54 14 1 2; 429 63 39 38 15 0 2; 466 64 15 35 20 1 1; ]
1500300096[421 61 30 62 13 0 1; 415 63 19 54 14 1 2; 430 62 39 38 15 0 2; 466 63 15 34 20 1 1; ]
1500300097[421 60 30 62 13 0 1; 416 62 19 55 14 1 2; 430 60 39 37 15 0 2; 467 61 15 34 20 1 1; ]
1500300098[422 58 30 62 13 0 1; 417 62 19 55 14 1 2; 430 59 39 37 15 0 2; 467 60 15 34 20 1 1; ]
1500300099[423 57 30 62 13 0 1; 418 61 20 55 14 1 2; 431 57 38 37 15 0 2; 468 59 15 34 20 1 1; ]
1500300100[424 55 30 62 13 0 1; 419 63 20 53 14 1 2; 432 55 38 37 15 0 2; 468 58 15 33 20 1 1; ]
1500300101[425 54 30 62 13 0 1; 419 60 22 54 14 1 2; 433 53 37 37 15 0 2; 469 55 16 33 20 1 1; ]
1500300102[427 52 28 62 13 0 1; 419 58 23 55 14 1 2; 434 51 34 38 15 0 2; 469 53 16 33 20 1 1; ]
1500300103[429 51 26 61 13 0 1; 419 57 24 55 14 1 2; 436 49 31 39 15 0 2; 470 51 16 33 20 1 1; ]
1500300104[432 50 23 60 13 0 1; 419 56 25 55 14 1 2; 438 46 27 40 15 0 2; 470 50 16 33 20 1 1; ]
1500300105[435 49 20 55 13 0 1; 420 55 25 56 14 1 2; 441 43 22 42 15 0 2; 470 49 17 33 20 1 1; ]
1500300106[436 52 20 53 13 0 1; 420 55 24 55 14 1 2; 470 49 16 33 20 1 1; ]
1500300107[437 54 20 51 13 0 1; 422 56 23 55 14 1 2; 470 49 16 33 20 1 1; ]
1500300108[438 56 20 50 13 0 1; 424 56 22 54 14 1 2; 470 49 16 33 20 1 1; ]
1500300109[438 58 20 49 13 0 1; 425 57 21 53 14 1 2; 470 49 15 33 20 1 1; ]
1500300110[439 59 20 49 13 0 1; 426 58 20 53 14 1 2; 470 49 15 33 20 1 1; ]
1500300111[439 60 20 49 13 0 1; 426 58 19 53 14 1 2; 470 49 15 34 20 1 1; ]
1500300112[439 60 20 50 13 0 1; 426 59 19 53 14 1 2; 470 50 15 34 20 1 1; ]
1500300113[439 60 19 51 13 0 1; 426 60 18 54 14 1 2; 470 51 15 34 20 1 1; ]
1500300114[439 61 19 52 13 0 1; 426 61 18 54 14 1 2; 470 52 15 35 20 1 1; ]
1500300115[439 61 19 53 13 0 1; 426 63 18 55 14 1 2; 470 53 15 36 20 1 1; ]
1500300116[439 62 19 53 13 0 1; 427 63 18 55 14 1 2; 470 53 15 36 20 1 1; ]
1500300117[439 63 19 52 13 0 1; 427 63 18 55 14 1 2; 470 53 15 36 20 1 1; ]
1500300118[439 63 19 52 13 0 1; 427 63 18 55 14 1 2; 470 53 15 36 20 1 1; ]
1500300119[439 64 19 51 13 0 1; 427 63 18 55 14 1 2; 470 53 15 36 20 1 1; ]
1500300120[439 65 19 50 13 0 1; 427 63 19 55 14 1 2; 470 53 15 36 20 1 1; ]
1500300121[439 65 19 49 13 0 1; 427 63 19 55 14 1 2; 470 53 15 36 20 0 1; ]
1500300122[439 65 19 48 13 0 1; 426 63 20 55 14 1 2; 470 53 15 36 20 0 1; ]
1500300123[439 65 20 47 13 0 1; 426 63 20 55 14 1 2; 470 53 15 36 20 0 1; ]
1500300124[439 65 20 47 13 0 1; 425 63 21 55 14 1 2; 470 53 15 36 20 0 1; ]
1500300125[439 65 20 47 13 0 1; 425 63 21 55 14 1 2; 470 53 15 36 20 0 1; ]
1500300126[439 65 20 47 13 0 1; 425 63 19 55 14 1 2; 470 53 15 36 20 0 1; ]
1500300127[439 66 20 47 13 0 1; 426 63 18 54 14 1 2; 470 54 15 36 20 0 1; ]
1500300128[451 80 19 41 13 0 1; 434 65 20 58 14 1 2; 470 54 16 36 20 0 1; ]
1500300129[451 75 20 46 13 0 1; 436 65 19 60 14 1 2; 470 55 17 37 20 0 1; ]
1500300130[451 70 21 52 13 0 1; 437 63 17 61 14 1 2; 470 57 18 37 20 0 1; ]
1500300131[451 67 21 52 13 0 1; ]
1500300132[451 65 21 51 13 0 1; ]
1500300133[452 63 21 51 13 0 1; ]
1500300134[453 62 21 50 13 0 1; ]
1500300135[456 61 18 49 13 0 1; ]
1500300136[456 57 18 52 13 0 1; ]
1500300137[455 54 18 54 13 0 1; ]
1500300138[455 52 18 55 13 0 1; ]
1500300139[454 51 19 56 13 0 1; ]
1500300140[454 50 19 56 13 0 1; ]
1500300141[455 52 19 56 13 0 1; ]
1500300142[455 54 19 54 13 0 1; ]
1500300143[456 58 20 52 13 0 1; ]
1500300144[457 60 20 50 13 0 1; ]
1500300145[458 61 20 49 13 0 1; ]
1500300146[458 61 20 49 13 0 1; ]
1500300147[458 61 20 50 13 0 1; ]
1500300148[459 60 20 51 13 1 1; ]
1500300149[459 58 19 52 13 1 1; ]
1500300150[459 55 19 54 13 1 1; ]
1500300151[459 54 18 54 13 1 1; ]
1500300152[460 54 18 54 13 1 1; ]
1500300153[460 53 18 53 13 1 1; ]
1500300154[460 53 18 53 13 1 1; ]
1500300155[460 53 18 53 13 1 1; ]
1500300156[460 53 18 52 13 1 1; ]
1500300157[460 54 18 51 13 1 1; ]
1500300158[459 55 18 50 13 1 1; ]
1500300159[459 56 19 49 13 1 1; ]
1500300160[459 57 19 49 13 1 1; ]
1500300161[459 57 19 49 13 1 1; ]
1500300162[459 58 19 50 13 1 1; ]
1500300163[460 58 19 51 13 1 1; ]
1500300164[460 59 20 52 13 1 1; ]
1500300165[461 59 20 54 13 1 1; ]
1500300166[]
1500300167[]
1500300168[]
1500300169[]
1500300170[]
1500300171[]
1500300172[]
1500300173[]
1500300174[]
1500300175[]
1500300176[]
1500300177[]
1500300178[]
1500300179[]
1500300180[]
1500300181[]
1500300182[]
1500300183[]
1500300184[]
1500300185[]
1500300186[]
1500300187[]
1500300188[]
1500300189[]
1500300190[]
1500300191[]
1500300192[]
1500300193[]
1500300194[]
1500300195[]
1500300196[]
1500300197[]
1500300198[]
1500300199[]
1500300200[]
1500300201[]
1500300202[]
1500300203[]
1500300204[]
1500300205[]
1500300206[]
1500300207[]
1500300208[]
1500300209[]
1500300210[]
1500300211[]
1500300212[]
1500300213[]
1500300214[]
1500300215[]
1500300216[]
1500300217[]
1500300218[]
1500300219[]
1500300220[]
1500300221[]
1500300222[388 64 21 38 21 0 2; ]
1500300223[389 64 20 38 21 0 2; ]
1500300224[390 64 20 38 21 0 2; ]
1500300225[390 64 19 38 21 0 2; ]
1500300226[391 64 18 38 21 0 2; ]
1500300227[391 64 17 38 21 0 2; ]
1500300228[391 64 17 38 21 0 2; ]
1500300229[388 61 20 39 17 1 1; ]
1500300230[388 61 19 39 17 1 1; ]
1500300231[388 61 17 39 17 1 1; 294 58 18 40 65 1 1; ]
1500300232[388 61 16 39 17 1 1; 294 58 18 40 65 1 1; ]
1500300233[388 61 15 39 17 1 1; 294 58 18 40 65 1 1; ]
1500300234[294 58 18 40 65 1 1; ]
1500300235[294 58 18 40 65 1 1; ]
1500300236[294 58 18 40 65 1 1; ]
1500300237[294 58 18 40 65 1 1; ]
1500300238[294 58 18 40 65 1 1; ]
1500300239[294 58 18 40 65 1 1; ]
1500300240[377 61 18 36 24 1 1; 292 54 20 44 25 1 1; ]
1500300241[377 61 18 35 24 1 1; 291 53 20 42 25 1 1; ]
1500300242[377 61 18 35 24 1 1; 291 52 20 40 25 1 1; ]
1500300243[377 60 18 35 24 1 1; 291 52 20 39 25 1 1; 278 58 18 33 37 1 1; ]
1500300244[376 60 19 35 24 1 1; 291 52 20 40 25 1 1; 279 58 17 33 37 1 1; ]
1500300245[376 59 19 35 24 1 1; 291 52 20 40 25 1 1; 279 58 16 33 37 1 1; ]
1500300246[376 58 19 35 24 1 1; 291 52 20 41 25 1 1; 279 58 16 33 37 1 1; ]
1500300247[374 57 19 37 24 1 1; 291 52 20 41 25 1 1; 279 58 16 33 37 1 1; ]
1500300248[373 57 20 39 24 1 1; 290 53 21 41 25 1 1; 279 58 16 33 37 1 1; ]
1500300249[372 56 20 41 24 1 1; 290 54 21 41 25 1 1; 279 58 15 32 37 1 1; ]
1500300250[372 55 20 42 24 1 1; 290 54 21 41 25 1 1; 279 58 15 32 37 1 1; ]
1500300251[372 55 20 42 24 1 1; 290 53 21 41 25 1 1; 279 58 15 32 37 1 1; ]
1500300252[372 55 19 41 24 1 1; 290 52 21 42 25 1 1; 279 58 15 32 37 1 1; 421 45 22 47 66 1 1; ]
1500300253[372 54 18 40 24 1 1; 290 50 21 43 25 1 1; 279 57 15 33 37 1 1; 421 45 23 47 66 1 1; ]
1500300254[372 54 16 38 24 1 1; 290 49 20 44 25 1 1; 279 55 15 35 37 1 1; 421 45 23 47 66 1 1; ]
1500300255[373 54 15 36 24 1 1; 290 47 20 45 25 1 1; 279 54 15 36 37 1 1; 421 44 23 48 66 1 1; ]
1500300256[371 54 16 37 24 1 1; 291 48 20 44 25 1 1; 279 54 15 36 37 1 1; 421 44 23 48 66 1 1; ]
1500300257[369 54 17 37 24 1 1; 291 49 20 43 25 1 1; 279 54 15 36 37 1 1; 421 44 23 48 66 1 1; ]
1500300258[367 54 18 38 24 1 1; 291 49 20 43 25 1 1; 279 54 15 36 37 1 1; 421 44 23 48 66 1 1; ]
1500300259[366 54 19 38 24 1 1; 291 49 20 43 25 1 1; 279 54 15 36 37 1 1; 421 44 23 48 66 1 1; ]
1500300260[366 54 19 38 24 1 1; 290 48 20 44 25 1 1; 279 54 15 36 37 1 1; 421 44 23 48 66 1 1; ]
1500300261[366 54 18 38 24 1 1; 290 48 20 44 25 1 1; 279 54 15 36 37 1 1; 421 44 23 48 66 1 1; ]
1500300262[366 54 17 37 24 1 1; 290 48 20 44 25 1 1; 279 54 15 36 37 1 1; 421 44 23 48 66 1 1; ]
1500300263[366 54 16 36 24 1 1; 291 49 21 43 25 1 1; 279 54 15 36 37 1 1; 421 44 23 48 66 1 1; ]
1500300264[366 54 15 35 24 1 1; 291 49 21 43 25 1 1; 279 54 15 36 37 1 1; 421 44 23 48 66 1 1; ]
1500300265[366 54 15 35 24 1 1; 291 49 21 44 25 1 1; 279 54 15 36 37 1 1; 421 43 23 48 66 1 1; ]
1500300266[366 54 15 35 24 1 1; 290 48 21 45 25 1 1; 279 54 15 36 37 1 1; 421 43 23 48 66 1 1; ]
1500300267[365 54 15 35 24 1 1; 290 47 21 45 25 1 1; 425 37 22 58 26 1 1; 279 54 15 36 37 1 1; ]
1500300268[364 53 16 35 24 1 1; 290 46 21 45 25 1 1; 426 37 21 57 26 1 1; 279 53 15 36 37 1 1; ]
1500300269[363 52 17 35 24 1 1; 291 46 20 44 25 1 1; 427 37 21 57 26 1 1; 279 53 15 37 37 1 1; ]
1500300270[361 52 19 36 24 1 1; 291 46 19 43 25 1 1; 429 36 20 57 26 1 1; 279 52 15 37 37 1 1; ]
1500300271[362 52 19 36 24 1 1; 292 45 18 44 25 1 1; 430 36 20 56 26 1 1; 279 52 15 37 37 1 1; ]
1500300272[362 52 19 37 24 1 1; 293 44 18 44 25 1 1; 430 36 20 56 26 1 1; 279 52 15 37 37 1 1; ]
1500300273[363 52 19 37 24 1 1; 293 44 18 44 25 1 1; 431 36 20 56 26 1 1; 279 52 15 37 37 1 1; ]
1500300274[293 46 18 43 25 1 1; 431 36 21 57 26 1 1; 280 53 15 37 37 1 1; ]
1500300275[293 49 19 40 25 1 1; 432 35 22 57 26 0 1; 281 54 15 38 37 1 1; ]
1500300276[293 50 20 38 25 1 1; 432 35 23 57 26 0 1; 282 55 15 38 37 1 1; ]
1500300277[294 49 21 39 25 1 1; 433 37 23 55 26 0 1; 282 53 15 39 37 1 1; ]
1500300278[294 47 22 42 25 1 1; 433 34 23 58 26 0 1; 282 51 15 39 37 1 1; ]
1500300279[295 44 22 44 25 1 1; 434 32 23 60 26 0 1; 282 49 15 39 37 0 1; ]
1500300280[295 43 21 46 25 1 1; 434 31 23 61 26 0 1; 282 49 15 39 37 1 1; ]
1500300281[295 41 20 47 25 1 1; 435 30 23 62 26 0 1; 282 49 15 39 37 1 1; ]
1500300282[296 41 19 48 25 1 1; 436 31 22 60 26 0 1; 283 49 15 39 37 1 1; ]
1500300283[296 41 19 48 25 1 1; 439 33 21 60 26 0 1; 359 50 18 38 33 1 1; 284 51 15 40 37 1 1; ]
1500300284[297 43 20 48 25 1 1; 442 35 21 60 26 0 1; 419 55 21 45 28 1 1; 360 53 19 37 33 1 1; 285 53 15 40 37 1 1; ]
1500300285[298 46 22 48 25 1 1; 444 36 21 60 26 0 1; 421 56 21 44 28 1 1; 361 56 19 37 33 1 1; 287 55 15 41 37 1 1; ]
1500300286[300 46 22 47 25 1 1; 445 37 22 60 26 0 1; 422 56 21 43 28 1 1; 361 57 20 37 33 1 1; 288 55 15 41 37 1 1; ]
1500300287[302 47 21 46 25 1 1; 446 37 24 60 26 0 1; 424 57 21 42 28 1 1; 362 56 20 38 33 1 1; 290 55 15 41 37 1 1; ]
1500300288[304 48 21 45 25 1 1; 448 37 23 60 26 0 1; 362 56 20 39 33 1 1; 291 55 15 41 37 1 1; ]
1500300289[305 49 21 45 25 1 1; 449 36 23 61 26 0 1; 363 55 20 39 33 1 1; 291 55 15 41 37 1 1; ]
1500300290[306 50 21 44 25 1 1; 451 35 23 62 26 0 1; 363 55 20 39 33 1 1; 292 55 16 41 37 1 1; ]
1500300291[307 50 21 43 25 1 1; 453 34 23 63 26 0 1; 364 54 21 39 33 1 1; 292 55 17 41 37 1 1; ]
1500300292[308 50 21 44 25 1 1; 455 34 22 64 26 0 1; 365 54 21 38 33 1 1; 295 55 16 40 37 1 1; ]
1500300293[310 49 21 45 25 1 1; 458 33 22 64 26 0 1; 367 54 20 39 33 1 1; 297 55 15 39 37 1 1; ]
1500300294[312 48 21 46 25 1 1; 460 32 22 64 26 0 1; 369 55 18 39 33 1 1; 300 55 15 38 37 1 1; ]
1500300295[314 46 21 47 25 1 1; 463 36 22 59 26 0 1; 372 55 17 39 33 1 1; 301 55 15 38 37 1 1; ]
1500300296[316 46 21 48 25 1 1; 467 32 22 61 26 0 1; 373 54 17 39 33 1 1; 303 55 15 38 37 1 1; ]
1500300297[318 45 21 48 25 1 1; 470 30 22 62 26 0 1; 374 52 17 39 33 1 1; 305 55 15 38 37 1 1; ]
1500300298[319 45 22 47 25 1 1; 472 29 22 62 26 0 1; 375 48 18 38 33 1 1; 305 53 16 39 37 1 1; ]
1500300299[320 45 22 45 25 1 1; 475 28 23 62 26 0 1; 375 48 19 39 33 1 1; 305 51 17 40 37 1 1; ]
1500300300[322 44 23 43 25 1 1; 476 28 22 62 26 0 1; 375 48 20 39 33 1 1; 305 49 18 41 37 1 1; ]
1500300301[324 44 22 42 25 1 1; 478 28 23 62 26 0 1; 375 48 20 39 33 1 1; 307 49 17 41 37 1 1; ]
1500300302[325 45 23 43 25 1 1; 480 28 25 62 26 0 1; 310 49 16 41 37 1 1; ]
1500300303[327 45 23 45 25 1 1; 482 28 25 63 26 0 1; 313 49 15 41 37 1 1; ]
1500300304[328 45 24 47 25 1 1; 485 29 25 63 26 0 1; 314 52 16 40 37 1 1; ]
1500300305[329 46 25 49 25 1 1; 489 30 21 64 26 0 1; 315 55 16 39 37 1 1; ]
1500300306[330 47 26 50 25 1 1; 316 58 17 38 37 1 1; ]
1500300307[331 48 25 50 25 1 1; 447 60 19 37 29 1 1; 318 60 17 38 37 1 1; ]
1500300308[332 50 25 50 25 1 1; 447 62 19 38 29 1 1; 319 62 17 38 37 1 1; ]
1500300309[334 53 25 50 25 1 1; 447 63 20 38 29 1 1; 321 64 17 38 37 1 1; ]
1500300310[335 55 25 49 25 1 1; 448 64 20 38 29 1 1; 322 64 16 38 37 1 1; ]
1500300311[337 55 24 49 25 1 1; 448 65 20 38 29 1 1; 324 64 15 38 37 1 1; ]
1500300312[338 55 24 49 25 1 1; 449 66 19 37 29 1 1; 325 64 15 38 37 1 1; ]
1500300313[341 55 24 49 25 1 1; 450 66 19 37 29 1 1; 326 64 15 38 37 1 1; ]
1500300314[343 54 24 49 25 1 1; 451 66 19 37 29 1 1; 327 64 15 38 37 1 1; ]
1500300315[343 53 24 50 25 1 1; 453 64 20 38 29 1 1; 328 64 15 38 37 1 1; ]
1500300316[343 52 25 50 25 1 1; 453 63 21 38 29 1 1; 328 63 15 38 37 1 1; ]
1500300317[343 51 25 50 25 1 1; 453 60 21 39 29 1 1; 328 61 15 37 37 1 1; ]
1500300318[344 50 25 50 25 1 1; 453 58 20 40 29 1 1; 328 60 16 37 37 1 1; ]
1500300319[345 49 25 50 25 1 1; 453 57 19 41 29 1 1; 330 59 15 37 37 1 1; ]
1500300320[346 48 25 50 25 1 1; 453 57 18 40 29 1 1; 331 59 15 37 37 1 1; ]
1500300321[347 48 25 50 25 1 1; 454 59 18 38 29 1 1; 332 58 15 37 37 1 1; ]
1500300322[349 49 24 51 25 1 1; 454 61 18 36 29 1 1; 332 58 16 38 37 1 1; ]
1500300323[350 49 23 52 25 1 1; 453 61 19 36 29 1 1; 333 58 16 39 37 1 1; ]
1500300324[350 49 24 53 25 1 1; 452 60 20 36 29 1 1; 333 58 17 39 37 1 1; ]
1500300325[348 48 27 54 25 1 1; 452 60 20 37 29 1 1; 333 59 17 39 37 1 1; ]
1500300326[349 50 22 50 25 1 1; 452 61 20 38 29 1 1; 333 61 17 39 37 1 1; ]
1500300327[348 52 25 51 25 1 1; 452 62 20 40 29 1 1; 333 63 17 38 37 1 1; ]
1500300328[349 53 24 51 25 1 1; 452 64 20 41 29 1 1; 333 63 17 39 37 1 1; ]
1500300329[350 54 22 51 25 1 1; 452 66 20 40 29 1 1; 333 64 17 39 37 1 1; ]
1500300330[352 56 21 52 25 1 1; 451 68 22 40 29 1 1; 333 65 17 39 37 1 1; ]
1500300331[352 57 20 52 25 1 1; 451 69 22 39 29 1 1; 333 65 16 39 37 1 1; ]
1500300332[352 57 20 51 25 1 1; 451 68 22 40 29 1 1; 334 65 16 39 37 1 1; ]
1500300333[352 58 21 51 25 1 1; 451 67 21 41 29 1 1; 334 65 15 39 37 1 1; ]
1500300334[352 58 21 50 25 1 1; 451 66 21 42 29 1 1; 334 65 15 39 37 1 1; ]
1500300335[352 57 22 50 25 1 1; 451 66 21 42 29 1 1; 334 65 15 39 37 1 1; ]
1500300336[352 57 22 49 25 1 1; 451 66 22 42 29 1 1; 334 65 15 39 37 1 1; ]
1500300337[353 56 22 49 25 1 1; 451 66 22 42 29 1 1; 335 64 16 39 37 1 1; ]
1500300338[353 55 22 50 25 1 1; 336 63 16 39 37 1 1; ]
1500300339[354 54 22 50 25 1 1; 337 61 17 38 37 1 1; ]
1500300340[355 53 21 51 25 1 1; 337 61 16 38 37 1 1; ]
1500300341[357 52 20 53 25 1 1; 338 61 15 38 37 1 1; ]
1500300342[357 52 20 53 25 1 1; 377 59 24 42 34 1 1; 339 61 15 38 37 1 1; ]
1500300343[358 52 20 53 25 1 1; 377 59 24 42 34 1 1; 339 61 15 39 37 1 1; ]
1500300344[358 52 21 53 25 1 1; 377 59 24 42 34 1 1; 339 61 15 41 37 1 1; ]
1500300345[359 53 21 53 25 1 1; 451 64 19 37 30 1 1; 377 59 24 42 34 1 1; 339 61 15 42 37 1 1; ]
1500300346[359 53 21 53 25 1 1; 450 64 20 38 30 1 1; 377 59 24 42 34 1 1; 339 63 15 41 37 1 1; ]
1500300347[360 53 21 53 25 1 1; 450 64 21 38 30 1 1; 377 59 24 42 34 1 1; 339 64 15 41 37 1 1; ]
1500300348[360 54 21 52 25 1 1; 450 64 21 38 30 1 1; 377 59 24 42 34 1 1; 340 65 15 41 37 1 1; ]
1500300349[361 55 22 52 25 1 1; 450 64 21 38 30 1 1; 377 59 24 42 34 1 1; 340 65 16 41 37 1 1; ]
1500300350[361 55 22 52 25 1 1; 451 66 20 37 30 1 1; 377 59 24 42 34 1 1; 341 65 16 41 37 1 1; ]
1500300351[361 55 22 52 25 1 1; 451 66 20 37 30 1 1; 377 59 24 42 34 1 1; 341 65 17 41 37 0 1; ]
1500300352[362 55 23 51 25 1 1; 451 66 20 37 30 1 1; 377 59 24 42 34 1 1; 341 65 16 41 37 0 1; ]
1500300353[362 55 24 51 25 1 1; 450 66 20 37 30 1 1; 377 59 24 42 34 1 1; 341 65 16 41 37 0 1; ]
1500300354[362 55 24 50 25 1 1; 450 66 20 37 30 1 1; 377 59 24 42 34 1 1; 341 65 16 41 37 0 1; ]
1500300355[362 55 24 50 25 1 1; 449 66 20 37 30 1 1; 376 59 24 42 34 1 1; 341 65 16 41 37 0 1; ]
1500300356[363 55 24 50 25 1 1; 448 66 21 38 30 1 1; 376 59 24 42 34 1 1; 342 65 16 41 37 0 1; ]
1500300357[364 55 24 51 25 1 1; 448 65 21 38 30 1 1; 375 59 24 42 34 1 1; 343 65 16 41 37 0 1; ]
1500300358[366 55 22 52 25 1 1; 448 64 21 39 30 1 1; 343 65 17 41 37 0 1; ]
1500300359[367 55 21 52 25 1 1; 449 63 21 40 30 1 1; 344 64 16 42 37 0 1; ]
1500300360[368 54 20 53 25 1 1; 450 61 21 42 30 1 1; 344 63 16 43 37 0 1; ]
1500300361[368 53 20 53 25 1 1; 449 61 21 42 30 1 1; 344 63 15 44 37 0 1; ]
1500300362[368 53 21 53 25 1 1; 448 61 21 42 30 1 1; 344 63 15 44 37 0 1; ]
1500300363[368 51 22 53 25 1 1; 448 61 21 42 30 1 1; 344 63 15 43 37 0 1; ]
1500300364[368 50 23 53 25 1 1; 448 61 21 42 30 1 1; 344 63 15 43 37 0 1; ]
1500300365[369 49 23 53 25 1 1; 448 60 22 41 30 1 1; 345 62 15 43 37 0 1; ]
1500300366[371 47 23 53 25 1 1; 448 59 22 41 30 1 1; 346 61 15 44 37 0 1; ]
1500300367[372 46 23 53 25 1 1; 448 59 22 41 30 1 1; 347 60 15 44 37 0 1; ]
1500300368[373 46 23 53 25 1 1; 448 58 22 41 30 1 1; 347 60 16 44 37 0 1; ]
1500300369[373 46 23 53 25 1 1; 448 58 22 42 30 1 1; 347 60 16 44 37 0 1; ]
1500300370[374 46 23 54 25 1 1; 447 57 22 43 30 1 1; 348 60 17 44 37 0 1; ]
1500300371[374 46 22 54 25 1 1; 446 56 22 44 30 1 1; 348 60 17 44 37 0 1; ]
1500300372[375 46 22 54 25 1 1; 445 55 22 44 30 1 1; 348 60 17 44 37 0 1; ]
1500300373[375 46 22 54 25 1 1; 445 56 22 44 30 1 1; 348 60 18 44 37 0 1; ]
1500300374[376 47 21 53 25 1 1; 444 57 23 44 30 1 1; 349 60 18 45 37 0 1; ]
1500300375[377 50 20 51 25 1 1; 444 59 23 43 30 1 1; 349 60 18 46 37 0 1; ]
1500300376[377 52 20 50 25 1 1; 444 61 22 45 30 1 1; 350 60 18 47 37 0 1; ]
1500300377[378 52 20 50 25 1 1; 444 62 21 46 30 1 1; 350 60 18 48 37 0 1; ]
1500300378[378 52 20 50 25 1 1; 444 63 21 47 30 1 1; 350 60 18 48 37 0 1; ]
1500300379[378 53 21 51 25 1 1; 444 62 22 47 30 1 1; 350 60 18 49 37 0 1; ]
1500300380[378 53 22 51 25 1 1; 444 62 23 48 30 1 1; 350 61 18 48 37 0 1; ]
1500300381[378 53 23 52 25 1 1; 444 61 23 48 30 1 1; 350 63 18 48 37 0 1; ]
1500300382[380 54 23 53 25 1 1; 444 62 23 48 30 1 1; 350 64 19 47 37 0 1; ]
1500300383[381 54 22 55 25 1 1; 443 64 23 49 30 1 1; 351 64 18 48 37 0 1; ]
1500300384[383 55 22 56 25 1 1; 443 65 23 49 30 1 1; 352 65 18 49 37 0 1; ]
1500300385[383 55 21 56 25 1 1; 444 65 23 48 30 1 1; 352 65 18 50 37 0 1; ]
1500300386[384 55 21 56 25 1 1; 445 64 22 47 30 1 1; 379 57 24 49 35 1 1; 352 66 18 49 37 0 1; ]
1500300387[385 55 21 56 25 1 1; 445 64 21 47 30 1 1; 378 60 18 55 35 1 1; 352 67 18 48 37 0 1; ]
1500300388[385 55 21 55 25 1 1; 445 64 21 47 30 1 1; 378 60 18 57 35 1 1; 352 69 18 47 37 0 1; ]
1500300389[385 55 21 55 25 1 1; 445 64 21 47 30 1 1; 378 59 18 57 35 1 1; 352 69 18 47 37 0 1; ]
1500300390[385 55 21 55 25 1 1; 444 65 22 47 30 1 1; 378 59 18 58 35 1 1; 352 69 18 47 37 0 1; ]
1500300391[385 54 21 57 25 1 1; 378 60 18 57 35 1 1; 352 69 18 47 37 0 1; ]
1500300392[385 54 22 58 25 1 1; 378 62 19 55 35 1 1; 353 69 18 47 37 0 1; ]
1500300393[385 54 22 58 25 1 1; 379 60 18 48 35 1 1; 353 69 19 47 37 0 1; ]
1500300394[386 53 23 58 25 1 1; 378 61 18 58 35 1 1; 354 69 20 47 37 0 1; ]
1500300395[386 52 24 58 25 1 1; 378 61 19 54 35 1 1; 354 67 20 48 37 0 1; ]
1500300396[386 52 24 58 25 1 1; 377 60 20 56 35 1 1; 354 65 20 50 37 0 1; ]
1500300397[388 51 23 56 25 1 1; 378 59 19 57 35 1 1; 354 64 20 52 37 0 1; ]
1500300398[389 51 22 55 25 1 1; 378 58 18 58 35 1 1; 354 62 20 52 37 0 1; ]
1500300399[390 51 21 55 25 1 1; 378 56 18 58 35 1 1; 354 61 20 52 37 0 1; ]
1500300400[390 51 20 54 25 1 1; 378 55 18 59 35 1 1; 354 59 20 53 37 0 1; ]
1500300401[391 50 20 54 25 1 1; 378 54 19 60 35 1 1; 354 59 20 53 37 0 1; ]
1500300402[391 50 20 54 25 1 1; 378 54 19 61 35 1 1; 354 59 19 53 37 0 1; ]
1500300403[392 50 20 55 25 1 1; 378 53 19 62 35 1 1; 355 59 19 53 37 0 1; ]
1500300404[392 50 20 56 25 1 1; 378 53 19 63 35 1 1; 355 60 19 52 37 0 1; ]
1500300405[392 50 20 57 25 1 1; 378 54 19 63 35 1 1; 355 61 19 50 37 0 1; ]
1500300406[392 50 20 58 25 1 1; 378 54 20 64 35 1 1; 355 63 19 49 37 0 1; ]
1500300407[392 51 20 58 25 1 1; 377 55 21 64 35 1 1; 355 64 19 50 37 0 1; ]
1500300408[392 51 21 59 25 1 1; 377 57 21 63 35 1 1; 355 65 19 50 37 0 1; ]
1500300409[392 52 22 59 25 1 1; 378 58 21 63 35 1 1; 355 66 19 50 37 0 1; ]
1500300410[392 52 24 60 25 1 1; 378 60 20 62 35 1 1; 355 66 19 50 37 0 1; ]
1500300411[392 53 26 60 25 1 1; 378 60 20 63 35 0 1; 355 66 19 50 37 0 1; ]
1500300412[393 53 24 59 25 1 1; 378 60 21 64 35 0 1; 355 66 19 50 37 0 1; ]
1500300413[394 54 23 58 25 1 1; 378 60 21 65 35 0 1; 355 66 19 50 37 0 1; ]
1500300414[394 54 23 58 25 1 1; 378 61 22 66 35 0 1; 355 66 19 50 37 0 1; ]
1500300415[395 55 22 58 25 1 1; 378 62 23 67 35 0 1; 355 66 19 50 37 0 1; ]
1500300416[395 55 22 58 25 1 1; 431 64 21 48 31 1 1; 378 64 23 67 35 0 1; 355 68 19 50 37 0 1; ]
1500300417[396 56 23 58 25 1 1; 431 66 20 47 31 1 1; 379 65 23 67 35 0 1; 355 70 19 49 37 0 1; ]
1500300418[396 56 23 60 25 1 1; 431 67 20 47 31 1 1; 379 67 22 66 35 0 1; 355 72 19 48 37 0 1; ]
1500300419[396 57 24 62 25 1 1; 431 67 20 47 31 1 1; 380 67 22 66 35 0 1; 355 72 19 49 37 0 1; ]
1500300420[396 57 25 64 25 1 1; 430 67 20 47 31 1 1; 380 67 22 67 35 0 1; 355 72 19 50 37 0 1; ]
1500300421[397 58 26 65 25 1 1; 429 67 22 48 31 1 1; 380 67 22 69 35 0 1; 355 72 19 52 37 0 1; ]
1500300422[397 58 26 65 25 1 1; 428 67 22 49 31 1 1; 380 66 22 70 35 0 1; 355 74 19 51 37 0 1; ]
1500300423[398 59 26 66 25 1 1; 428 69 22 49 31 1 1; 379 67 23 69 35 0 1; 355 76 19 50 37 0 1; ]
1500300424[398 60 25 66 25 1 1; 428 72 22 48 31 1 1; 379 69 23 69 35 0 1; 355 78 19 49 37 0 1; ]
1500300425[399 61 25 66 25 1 1; 428 73 21 48 31 1 1; 378 72 24 67 35 0 1; 355 79 19 50 37 0 1; ]
1500300426[400 63 24 66 25 1 1; 428 74 21 48 31 1 1; 379 72 24 69 35 0 1; 355 80 19 51 37 0 1; ]
1500300427[400 63 25 64 25 1 1; 428 75 20 48 31 1 1; 379 72 23 71 35 0 1; 355 81 19 52 37 0 1; ]
1500300428[401 64 25 63 25 1 1; 428 75 20 49 31 1 1; 380 71 23 72 35 0 1; 355 81 19 52 37 0 1; ]
1500300429[401 64 25 62 25 1 1; 426 75 19 49 31 1 1; 380 70 23 73 35 0 1; 355 81 19 52 37 0 1; ]
1500300430[402 64 26 61 25 1 1; 425 75 19 49 31 1 1; 381 69 23 74 35 0 1; 355 81 19 52 37 0 1; ]
1500300431[402 64 26 61 25 1 1; 424 75 19 49 31 1 1; 382 69 23 75 35 0 1; 355 81 20 52 37 0 1; ]
1500300432[403 63 25 61 25 1 1; 423 75 19 49 31 1 1; 382 69 24 74 35 0 1; 355 81 21 52 37 0 1; ]
1500300433[405 63 25 62 25 1 1; 423 75 20 49 31 1 1; 382 70 24 73 35 0 1; 356 81 22 52 37 0 1; ]
1500300434[406 61 24 63 25 1 1; 423 75 21 49 31 1 1; 382 71 24 72 35 0 1; 356 81 22 52 37 0 1; ]
1500300435[407 61 24 64 25 1 1; 382 70 24 73 35 0 1; 356 81 22 52 37 0 1; ]
1500300436[408 60 23 65 25 1 1; 383 69 24 74 35 0 1; 356 81 22 52 37 0 1; ]
1500300437[408 60 23 65 25 1 1; 383 69 23 75 35 0 1; 356 81 22 52 37 0 1; ]
1500300438[409 60 24 66 25 1 1; 383 69 23 74 35 0 1; 356 81 22 52 37 0 1; ]
1500300439[409 60 25 66 25 1 1; 384 70 23 73 35 0 1; 356 81 22 52 37 0 1; ]
1500300440[409 60 26 67 25 1 1; 384 71 23 72 35 0 1; 356 81 22 52 37 0 1; ]
1500300441[409 60 27 67 25 1 1; 384 72 23 73 35 0 1; 356 81 22 52 37 0 1; ]
1500300442[409 61 28 67 25 1 1; 385 72 24 74 35 0 1; 356 81 22 52 37 0 1; ]
1500300443[410 61 28 66 25 1 1; 385 72 24 75 35 0 1; 356 81 22 52 37 0 1; ]
1500300444[411 61 29 66 25 1 1; 386 72 26 75 35 0 1; 356 81 22 52 37 0 1; ]
1500300445[412 61 29 66 25 1 1; 387 72 28 75 35 0 1; 356 81 22 52 37 0 1; ]
1500300446[412 61 29 66 25 1 1; 388 72 29 75 35 0 1; 357 81 22 52 37 0 1; ]
1500300447[414 61 29 67 25 1 1; 388 72 28 75 35 0 1; 357 81 22 52 37 0 1; ]
1500300448[415 61 28 69 25 1 1; 389 72 26 76 35 0 1; 358 81 22 52 37 0 1; ]
1500300449[417 61 28 71 25 1 1; 390 72 26 77 35 0 1; 358 81 22 53 37 0 1; ]
1500300450[419 61 27 73 25 1 1; 391 72 26 77 35 0 1; 358 82 22 54 37 0 1; ]
1500300451[420 61 27 73 25 1 1; 393 72 26 78 35 0 1; 358 82 22 55 37 0 1; ]
1500300452[422 61 27 73 25 1 1; 394 72 26 78 35 0 1; 360 82 22 55 37 0 1; ]
1500300453[423 61 27 73 25 1 1; 395 72 26 79 35 0 1; 361 82 21 55 37 0 1; ]
1500300454[424 60 27 73 25 1 1; 396 70 27 80 35 0 1; 363 82 21 55 37 0 1; ]
1500300455[425 59 27 73 25 1 1; 397 69 28 82 35 0 1; 363 82 22 55 37 0 1; ]
1500300456[426 58 28 73 25 1 1; 398 71 27 82 35 0 1; 363 82 23 55 37 0 1; ]
1500300457[427 58 28 74 25 1 1; 399 73 27 82 35 0 1; 363 82 24 55 37 0 1; ]
1500300458[429 58 28 76 25 1 1; 400 73 27 82 35 0 1; 364 82 24 55 37 0 1; ]
1500300459[430 58 29 77 25 1 1; 402 73 27 82 35 0 1; 365 82 24 55 37 0 1; ]
1500300460[432 58 29 77 25 1 1; 404 73 28 83 35 0 1; 366 82 23 55 37 0 1; ]
1500300461[433 58 30 78 25 1 1; 406 72 24 83 35 0 1; 367 82 22 55 37 0 1; ]
1500300462[434 58 31 79 25 1 1; 408 71 25 85 35 0 1; 368 82 21 55 37 0 1; ]
1500300463[435 57 33 79 25 1 1; 430 75 21 62 32 1 1; 410 70 25 86 35 0 1; 369 82 20 55 37 0 1; ]
1500300464[437 57 34 80 25 1 1; 432 74 21 62 32 1 1; 411 69 26 87 35 0 1; 370 81 21 56 37 0 1; ]
1500300465[438 56 35 80 25 1 1; 433 73 21 61 32 1 1; 413 67 26 87 35 0 1; 370 80 22 56 37 0 1; ]
1500300466[440 55 36 81 25 1 1; 434 72 21 61 32 1 1; 414 66 26 87 35 0 1; 371 78 23 56 37 0 1; 346 88 15 30 38 0 0; ]
1500300467[442 55 36 81 25 1 1; 434 71 21 62 32 1 1; 415 65 27 87 35 0 1; 372 78 23 57 37 0 1; 346 87 15 30 38 0 0; ]
1500300468[444 54 35 82 25 1 1; 435 68 22 65 32 1 1; 415 64 27 87 35 0 1; 373 78 23 57 37 0 1; 346 86 15 31 38 0 0; ]
1500300469[447 53 34 84 25 1 1; 435 67 22 66 32 1 1; 416 63 27 89 35 0 1; 374 77 22 58 37 0 1; 346 86 15 32 38 0 0; ]
1500300470[450 52 33 85 25 1 1; 436 69 22 66 32 1 1; 417 63 28 90 35 0 1; 375 79 22 57 37 0 1; 346 86 15 32 38 0 0; ]
1500300471[453 50 31 87 25 1 1; 436 71 23 66 32 1 1; 419 64 28 92 35 0 1; 375 81 22 57 37 0 1; 346 86 15 32 38 0 0; ]
1500300472[456 52 32 87 25 1 1; 437 73 23 66 32 1 1; 421 68 29 93 35 0 1; 376 83 22 56 37 0 1; 346 86 15 32 38 0 0; ]
1500300473[458 54 33 88 25 1 1; 439 75 23 67 32 1 1; 424 70 29 94 35 0 1; 377 84 21 57 37 0 1; 346 86 15 32 38 0 0; ]
1500300474[461 55 33 88 25 1 1; 440 75 23 69 32 1 1; 426 70 29 94 35 0 1; 378 85 21 57 37 0 1; 346 88 15 32 38 0 0; ]
1500300475[463 56 34 89 25 1 1; 442 76 22 72 32 1 1; 428 70 28 94 35 0 1; 380 86 20 58 37 0 1; 348 92 16 32 38 0 0; ]
1500300476[466 57 35 90 25 1 1; 431 70 28 94 35 0 1; 381 86 21 58 37 0 1; 349 94 17 32 38 0 0; ]
1500300477[468 56 35 91 25 1 1; 433 72 28 92 35 0 1; 382 86 21 59 37 0 1; 351 94 16 32 38 0 0; ]
1500300478[471 56 36 93 25 1 1; 435 73 28 91 35 0 1; 383 86 22 60 37 0 1; 352 94 15 32 38 0 0; ]
1500300479[473 56 36 94 25 1 1; 437 73 28 91 35 0 1; 384 86 22 60 37 0 1; 352 94 15 32 38 0 0; ]
1500300480[439 73 28 91 35 0 1; 385 86 22 60 37 0 1; 352 94 15 32 38 0 0; ]
1500300481[441 71 28 93 35 0 1; 385 86 22 60 37 0 1; 352 94 15 32 38 0 0; ]
1500300482[443 70 28 95 35 0 1; 386 84 23 61 37 0 1; 353 94 15 32 38 0 0; ]
1500300483[445 69 28 96 35 0 1; 388 83 23 62 37 0 1; 353 93 15 32 38 0 0; ]
1500300484[448 68 30 98 35 0 1; 389 82 23 64 37 0 1; 354 93 15 31 38 0 0; ]
1500300485[451 66 30 99 35 0 1; 390 80 23 63 37 0 1; 355 91 16 30 38 0 0; ]
1500300486[455 64 29 99 35 0 1; 391 79 23 62 37 0 1; ]
1500300487[460 60 28 99 35 0 1; 392 77 23 61 37 0 1; ]
1500300488[463 58 27 100 35 0 1; 394 75 23 62 37 0 1; 358 82 17 31 38 0 0; ]
1500300489[466 56 27 101 35 0 1; 395 73 23 63 37 0 1; 359 81 17 32 38 0 0; ]
1500300490[468 55 29 102 35 0 1; 397 71 23 64 37 0 1; 360 81 16 32 38 0 0; ]
1500300491[469 54 31 104 35 0 1; 398 72 23 64 37 0 1; 361 81 16 32 38 0 0; ]
1500300492[472 54 32 105 35 0 1; 400 73 22 64 37 0 1; 361 81 15 32 38 0 0; ]
1500300493[474 54 32 107 35 0 1; 402 73 21 65 37 0 1; 361 83 15 32 38 0 0; ]
1500300494[477 54 32 108 35 0 1; 403 75 23 66 37 0 1; 362 85 16 32 38 0 0; ]
1500300495[403 76 24 66 37 0 1; 362 86 16 32 38 0 0; ]
1500300496[403 77 26 67 37 0 1; 363 88 17 32 38 0 0; ]
1500300497[405 78 25 68 37 0 1; 363 90 18 33 38 0 0; ]
1500300498[407 79 25 69 37 0 1; 364 92 19 33 38 0 0; ]
1500300499[409 80 24 70 37 0 1; 364 92 18 33 38 0 0; ]
1500300500[410 80 25 69 37 0 1; 365 92 17 33 38 0 0; ]
1500300501[411 80 25 69 37 0 1; 366 92 17 33 38 0 0; ]
1500300502[411 81 26 68 37 0 1; 367 92 16 33 38 0 0; ]
1500300503[414 81 26 68 37 0 1; 368 92 16 33 38 0 0; ]
1500300504[416 81 26 68 37 0 1; 369 92 15 33 38 0 0; ]
1500300505[418 81 26 68 37 0 1; 371 92 16 33 38 0 0; ]
1500300506[420 80 26 69 37 0 1; 372 92 17 33 38 0 0; ]
1500300507[422 80 26 69 37 0 1; 373 92 16 33 38 0 0; ]
1500300508[424 80 26 70 37 0 1; 374 92 15 33 38 0 0; ]
1500300509[425 78 26 72 37 0 1; 375 92 15 33 38 0 0; ]
1500300510[426 77 27 74 37 0 1; 377 92 15 33 38 0 0; ]
1500300511[427 76 28 76 37 0 1; 377 92 15 33 38 0 0; ]
1500300512[429 75 27 76 37 0 1; 377 91 15 33 38 0 0; ]
1500300513[431 74 27 77 37 0 1; 377 90 16 33 38 0 0; ]
1500300514[433 73 27 77 37 0 1; 377 89 17 33 38 0 0; ]
1500300515[435 72 27 78 37 0 1; 378 88 17 33 38 0 0; ]
1500300516[437 70 27 79 37 0 1; 379 87 17 32 38 0 0; ]
1500300517[439 69 27 79 37 0 1; 380 86 17 32 38 0 0; ]
1500300518[442 67 28 81 36 0 1; 381 85 17 33 38 0 0; ]
1500300519[443 66 28 81 36 0 1; 382 84 17 34 38 0 0; ]
1500300520[445 65 28 82 36 0 1; 383 83 17 35 38 0 0; ]
1500300521[446 65 28 83 36 0 1; 384 83 16 35 38 0 0; ]
1500300522[448 65 28 84 36 0 1; 385 83 16 36 38 0 0; ]
1500300523[450 65 29 85 36 0 1; 386 83 16 37 38 0 0; ]
1500300524[451 65 30 85 36 0 1; 387 83 16 37 38 0 0; ]
1500300525[452 65 31 85 36 0 1; 387 83 15 37 38 0 0; ]
1500300526[454 65 32 85 36 0 1; 388 83 15 37 38 0 0; ]
1500300527[456 65 32 85 36 0 1; 388 83 16 36 38 0 0; ]
1500300528[458 65 32 86 36 0 1; 390 83 17 33 38 0 0; ]
1500300529[460 64 31 88 36 0 1; 391 83 18 32 38 0 0; ]
1500300530[462 63 30 89 36 0 1; 392 83 18 33 38 0 0; ]
1500300531[465 62 30 90 36 0 1; 392 81 18 34 38 0 0; ]
1500300532[467 60 31 91 36 0 1; 393 81 18 35 38 0 0; ]
1500300533[469 59 31 91 36 0 1; 394 81 17 35 38 0 0; ]
1500300534[470 59 33 91 36 0 1; 396 81 16 35 38 0 0; ]
1500300535[472 59 34 91 36 0 1; 397 81 15 35 38 0 0; ]
1500300536[474 59 35 91 36 0 1; 397 81 16 35 38 0 0; ]
1500300537[476 58 35 92 36 0 1; 398 81 16 35 38 0 0; ]
1500300538[398 81 18 35 38 0 0; ]
1500300539[400 81 16 35 38 0 0; ]
1500300540[402 81 16 35 38 0 0; ]
1500300541[403 81 15 35 38 0 0; ]
1500300542[404 82 16 35 38 0 0; ]
1500300543[404 85 18 35 38 0 0; ]
1500300544[405 87 19 36 38 0 0; ]
1500300545[406 87 18 36 38 0 0; ]
1500300546[408 87 18 36 38 0 0; ]
1500300547[409 87 18 36 38 0 0; ]
1500300548[410 86 18 36 38 0 0; ]
1500300549[411 85 18 38 38 0 0; ]
1500300550[411 84 19 38 38 0 0; ]
1500300551[412 84 19 38 38 0 0; ]
1500300552[413 83 19 37 38 0 0; ]
1500300553[415 82 19 36 38 0 0; ]
1500300554[417 80 19 39 38 0 0; ]
1500300555[418 79 20 41 38 0 0; ]
1500300556[419 78 20 42 38 0 0; ]
1500300557[420 78 20 42 38 0 0; ]
1500300558[421 78 20 42 38 0 0; ]
1500300559[422 78 20 42 38 0 0; ]
1500300560[422 78 20 43 38 0 0; ]
1500300561[423 76 22 45 38 0 0; ]
1500300562[424 75 22 45 38 0 0; ]
1500300563[425 73 22 45 38 0 0; ]
1500300564[426 72 21 45 38 0 0; ]
1500300565[427 71 21 45 38 0 0; ]
1500300566[429 71 21 45 38 0 0; ]
1500300567[430 71 22 45 38 0 0; ]
1500300568[432 71 22 45 38 0 0; ]
1500300569[434 71 22 45 38 0 0; ]
1500300570[435 71 21 45 38 0 0; ]
1500300571[436 71 21 45 38 0 0; ]
1500300572[437 70 21 45 38 0 0; ]
1500300573[438 68 21 44 38 0 0; ]
1500300574[439 67 21 43 38 0 0; ]
1500300575[440 67 21 44 38 0 0; ]
1500300576[441 67 22 45 38 0 0; ]
1500300577[442 67 22 47 38 0 0; ]
1500300578[443 68 23 48 38 0 0; ]
1500300579[445 68 23 49 38 0 0; ]
1500300580[446 69 23 49 38 0 0; ]
1500300581[447 70 24 48 38 0 0; ]
1500300582[448 71 24 47 38 0 0; ]
1500300583[449 73 24 44 38 0 0; ]
1500300584[449 73 23 44 38 0 0; ]
1500300585[450 73 22 44 38 0 0; ]
1500300586[451 73 22 44 38 0 0; ]
1500300587[452 73 22 45 38 0 0; ]
1500300588[453 73 23 47 38 0 0; ]
1500300589[454 73 23 48 38 0 0; ]
1500300590[456 73 23 48 38 0 0; ]
1500300591[457 73 23 48 38 0 0; ]
1500300592[459 73 22 48 38 0 0; ]
1500300593[460 73 22 48 38 0 0; ]
1500300594[462 73 21 48 38 0 0; ]
1500300595[462 73 21 48 38 0 0; ]
1500300596[463 73 21 48 38 0 0; ]
1500300597[463 73 22 48 38 0 0; ]
1500300598[463 73 23 48 38 0 0; ]
1500300599[465 73 23 48 38 0 0; ]
1500300600[466 73 23 48 38 0 0; ]
1500300601[467 73 23 48 38 0 0; ]
1500300602[468 73 24 49 38 0 0; ]
1500300603[469 71 24 51 38 0 0; ]
1500300604[470 69 24 53 38 0 0; ]
1500300605[472 67 25 55 38 0 0; ]
1500300606[473 65 25 57 38 0 0; ]
1500300607[475 64 26 58 38 0 0; ]
1500300608[477 65 25 56 38 0 0; ]
1500300609[479 68 25 53 38 0 0; ]
1500300610[481 70 24 52 38 0 0; ]
1500300611[482 70 24 52 38 0 0; ]
1500300612[484 70 24 54 38 0 0; ]
1500300613[485 70 24 56 38 0 0; ]
1500300614[]
1500300615[]
1500300616[]
1500300617[]
1500300618[]
1500300619[]
1500300620[]
1500300621[]
1500300622[]
1500300623[]
1500300624[]
1500300625[]
1500300626[]
1500300627[]
1500300628[]
1500300629[]
1500300630[]
1500300631[]
1500300632[]
1500300633[]
1500300634[]
1500300635[]
1500300636[]
1500300637[]
1500300638[]
1500300639[]
1500300640[]
1500300641[]
1500300642[]
1500300643[]
1500300644[]
1500300645[]
1500300646[]
1500300647[]
1500300648[]
1500300649[]
1500300650[]
1500300651[]
1500300652[]
1500300653[]
1500300654[]
1500300655[]
1500300656[]
1500300657[]
1500300658[]
1500300659[]
1500300660[]
1500300661[]
1500300662[]
1500300663[]
1500300664[]
1500300665[]
1500300666[]
1500300667[]
1500300668[]
1500300669[]
1500300670[]
1500300671[]
1500300672[]
1500300673[]
1500300674[]
1500300675[]
1500300676[]
1500300677[]
1500300678[]
1500300679[]
1500300680[]
1500300681[]
1500300682[]
1500300683[]
1500300684[]
1500300685[]
1500300686[]
1500300687[]
1500300688[]
1500300689[]
1500300690[]
1500300691[]
1500300692[]
1500300693[]
1500300694[]
1500300695[]
1500300696[]
1500300697[]
1500300698[]
1500300699[]
1500300700[]
1500300701[]
1500300702[]
1500300703[]
1500300704[]
1500300705[]
1500300706[]
1500300707[]
1500300708[]
1500300709[]
1500300710[]
1500300711[]
1500300712[]
1500300713[]
1500300714[]
1500300715[]
1500300716[]
1500300717[]
1500300718[]
1500300719[]
1500300720[]
1500300721[]
1500300722[]
1500300723[]
1500300724[]
1500300725[]
1500300726[]
1500300727[]
1500300728[]
1500300729[]
1500300730[]
1500300731[]
1500300732[]
1500300733[]
1500300734[]
1500300735[]
1500300736[]
1500300737[]
1500300738[]
1500300739[]
1500300740[]
1500300741[]
1500300742[]
1500300743[]
1500300744[]
1500300745[]
1500300746[]
1500300747[]
1500300748[]
1500300749[]
1500300750[]
1500300751[]
1500300752[]
1500300753[]
1500300754[]
1500300755[]
1500300756[]
1500300757[]
1500300758[]
1500300759[]
1500300760[]
1500300761[]
1500300762[]
1500300763[]
1500300764[]
1500300765[]
1500300766[]
1500300767[]
1500300768[]
1500300769[]
1500300770[]
1500300771[]
1500300772[]
1500300773[]
1500300774[]
1500300775[]
1500300776[]
1500300777[]
1500300778[]
1500300779[]
1500300780[]
1500300781[]
1500300782[]
1500300783[]
1500300784[]
1500300785[]
1500300786[]
1500300787[]
1500300788[]
1500300789[]
1500300790[]
1500300791[]
1500300792[]
1500300793[]
1500300794[]
1500300795[]
1500300796[]
1500300797[]
1500300798[]
1500300799[]
1500300800[]
1500300801[]
1500300802[]
1500300803[]
1500300804[]
1500300805[]
1500300806[]
1500300807[]
1500300808[]
1500300809[]
1500300810[]
1500300811[]
1500300812[]
1500300813[]
1500300814[]
1500300815[]
1500300816[]
1500300817[]
1500300818[]
1500300819[]
1500300820[]
1500300821[]
1500300822[]
1500300823[]
1500300824[]
1500300825[]
1500300826[]
1500300827[]
1500300828[]
1500300829[]
1500300830[]
1500300831[]
1500300832[]
1500300833[]
1500300834[]
1500300835[]
1500300836[]
1500300837[]
1500300838[]
1500300839[]
1500300840[]
1500300841[]
1500300842[]
1500300843[]
1500300844[]
1500300845[]
1500300846[]
1500300847[]
1500300848[]
1500300849[]
1500300850[]
1500300851[]
1500300852[]
1500300853[]
1500300854[]
1500300855[]
1500300856[]
1500300857[]
1500300858[]
1500300859[]
1500300860[]
1500300861[]
1500300862[]
1500300863[]
1500300864[]
1500300865[]
1500300866[]
1500300867[]
1500300868[]
1500300869[]
1500300870[]
1500300871[]
1500300872[]
1500300873[]
1500300874[]
1500300875[]
1500300876[]
1500300877[]
1500300878[]
1500300879[]
1500300880[]
1500300881[317 75 20 30 40 1 0; ]
1500300882[]
1500300883[]
1500300884[]
1500300885[]
1500300886[317 77 17 30 40 0 0; ]
1500300887[317 78 17 30 40 0 0; ]
1500300888[]
1500300889[]
1500300890[]
1500300891[]
1500300892[]
1500300893[317 83 17 30 40 0 0; ]
1500300894[317 83 17 30 40 0 0; ]
1500300895[317 83 17 30 40 0 0; ]
1500300896[317 83 17 30 40 0 0; ]
1500300897[317 83 17 30 40 0 0; ]
1500300898[317 82 17 31 40 0 0; ]
1500300899[317 81 17 32 40 0 0; ]
1500300900[318 81 18 32 40 0 0; ]
1500300901[318 81 18 32 40 0 0; ]
1500300902[318 81 19 32 40 0 0; ]
1500300903[318 81 19 32 40 0 0; ]
1500300904[318 81 19 32 40 0 0; ]
1500300905[318 81 19 32 40 0 0; ]
1500300906[318 81 19 32 40 0 0; ]
1500300907[319 81 19 32 40 0 0; ]
1500300908[319 81 18 32 40 0 0; ]
1500300909[320 81 17 32 40 0 0; ]
1500300910[321 81 17 32 40 0 0; ]
1500300911[321 81 17 32 40 0 0; ]
1500300912[322 82 17 32 40 0 0; ]
1500300913[322 82 17 32 40 0 0; ]
1500300914[323 83 17 32 40 0 0; ]
1500300915[323 83 18 34 40 0 0; ]
1500300916[323 83 18 35 40 0 0; ]
1500300917[323 83 19 36 40 0 0; ]
1500300918[323 83 19 36 40 0 0; ]
1500300919[324 83 19 36 40 0 0; ]
1500300920[325 83 19 36 40 0 0; ]
1500300921[325 83 19 36 40 0 0; ]
1500300922[325 83 19 36 40 0 0; ]
1500300923[326 82 20 36 40 0 0; ]
1500300924[326 81 20 36 40 0 0; ]
1500300925[326 80 21 36 40 0 0; ]
1500300926[327 79 21 36 40 0 0; ]
1500300927[327 78 22 35 40 0 0; ]
1500300928[328 78 22 35 40 0 0; ]
1500300929[329 77 22 35 40 0 0; ]
1500300930[330 77 21 35 40 0 0; ]
1500300931[331 77 19 35 40 0 0; ]
1500300932[332 77 19 35 40 0 0; ]
1500300933[333 77 19 35 40 0 0; ]
1500300934[333 77 19 35 40 0 0; ]
1500300935[334 77 19 35 40 0 0; ]
1500300936[334 77 19 35 40 0 0; ]
1500300937[335 77 19 35 40 0 0; ]
1500300938[336 77 19 35 40 0 0; ]
1500300939[337 77 19 35 40 0 0; ]
1500300940[338 77 19 35 40 0 0; ]
1500300941[338 77 19 35 40 0 0; ]
1500300942[339 77 19 35 40 0 0; ]
1500300943[340 77 19 35 40 0 0; ]
1500300944[341 77 20 35 40 0 0; ]
1500300945[341 77 20 35 40 0 0; ]
1500300946[341 77 20 35 40 0 0; ]
1500300947[341 77 20 35 40 0 0; ]
1500300948[341 77 20 35 40 0 0; ]
1500300949[342 77 20 36 40 0 0; ]
1500300950[343 77 20 38 40 0 0; ]
1500300951[343 77 20 38 40 0 0; ]
1500300952[343 77 20 38 40 0 0; ]
1500300953[343 78 20 37 40 0 0; ]
1500300954[343 79 21 36 40 0 0; ]
1500300955[343 80 21 36 40 0 0; ]
1500300956[344 80 21 36 40 0 0; ]
1500300957[344 80 21 36 40 0 0; ]
1500300958[345 80 21 37 40 0 0; ]
1500300959[347 80 21 38 40 0 0; ]
1500300960[347 80 21 38 40 0 0; ]
1500300961[347 80 21 38 40 0 0; ]
1500300962[348 80 21 38 40 0 0; ]
1500300963[349 80 21 38 40 0 0; ]
1500300964[350 80 21 38 40 0 0; ]
1500300965[351 80 21 38 40 0 0; ]
1500300966[351 80 21 38 40 0 0; ]
1500300967[352 80 21 38 40 0 0; ]
1500300968[352 80 21 39 40 0 0; ]
1500300969[352 80 21 39 40 0 0; ]
1500300970[352 80 21 39 40 0 0; ]
1500300971[353 80 21 39 40 0 0; ]
1500300972[353 80 21 39 40 0 0; ]
1500300973[354 80 22 39 40 0 0; ]
1500300974[355 81 22 38 40 0 0; ]
1500300975[356 81 22 38 40 0 0; ]
1500300976[358 81 21 38 40 0 0; ]
1500300977[358 81 21 38 40 0 0; ]
1500300978[358 81 21 38 40 0 0; ]
1500300979[358 82 22 39 40 0 0; ]
1500300980[358 83 23 39 40 0 0; ]
1500300981[358 83 23 39 40 0 0; ]
1500300982[358 83 23 39 40 0 0; ]
1500300983[359 83 23 39 40 0 0; ]
1500300984[360 83 23 39 40 0 0; ]
1500300985[360 83 23 39 40 0 0; ]
1500300986[361 83 23 39 40 0 0; ]
1500300987[362 83 23 39 40 0 0; ]
1500300988[363 83 22 39 40 0 0; 374 1 121 210 42 0 0; ]
1500300989[365 83 21 39 40 1 0; 371 1 119 209 42 0 0; ]
1500300990[365 83 21 39 40 1 0; 368 1 118 208 42 0 0; ]
1500300991[365 83 21 39 40 1 0; 365 1 116 206 42 0 0; ]
1500300992[365 83 21 39 40 1 0; 362 3 115 203 42 0 0; ]
1500300993[360 8 113 199 42 0 0; ]
1500300994[357 12 112 195 42 0 0; ]
1500300995[355 14 111 193 42 0 0; ]
1500300996[352 14 109 193 42 0 0; ]
1500300997[349 14 108 193 42 0 0; ]
1500300998[347 14 107 193 42 0 0; ]
1500300999[344 14 106 193 42 0 0; ]
1500301000[342 14 105 193 42 0 0; ]
1500301001[340 14 103 193 42 0 0; ]
1500301002[338 14 101 193 42 0 0; ]
1500301003[337 19 99 179 42 0 0; ]
1500301004[336 20 98 178 42 0 0; ]
1500301005[335 20 96 177 42 0 0; ]
1500301006[333 20 96 175 42 0 0; ]
1500301007[331 20 96 172 42 0 0; ]
1500301008[329 20 96 167 42 0 0; ]
1500301009[326 20 96 162 42 0 0; ]
1500301010[324 20 96 159 42 0 0; ]
1500301011[322 20 95 158 42 0 0; ]
1500301012[320 20 94 156 42 0 0; ]
1500301013[317 20 92 155 42 0 0; ]
1500301014[315 20 91 154 42 0 0; ]
1500301015[380 72 24 49 41 1 0; 313 20 91 154 42 0 0; ]
1500301016[380 73 24 50 41 1 0; 310 20 92 153 42 0 0; ]
1500301017[380 74 24 50 41 1 0; 307 20 92 152 42 0 0; ]
1500301018[380 75 24 50 41 0 0; 305 20 94 152 42 0 0; ]
1500301019[380 78 24 49 41 0 0; 304 24 88 149 42 0 0; ]
1500301020[380 80 24 48 41 0 0; 303 27 84 147 42 0 0; ]
1500301021[380 81 24 48 41 0 0; 301 29 81 145 42 0 0; ]
1500301022[380 81 24 48 41 0 0; 299 30 80 143 42 0 0; ]
1500301023[380 81 24 49 41 0 0; 296 32 80 142 42 0 0; ]
1500301024[380 81 24 49 41 0 0; 293 33 79 141 42 0 0; ]
1500301025[380 81 24 49 41 0 0; 290 34 79 140 42 0 0; ]
1500301026[380 81 25 49 41 0 0; 287 34 78 139 42 0 0; ]
1500301027[381 81 26 49 41 0 0; 285 34 77 139 42 0 0; ]
1500301028[381 81 26 49 41 0 0; 282 34 77 138 42 0 0; ]
1500301029[381 81 27 49 41 0 0; 280 34 77 137 42 0 0; ]
1500301030[381 80 27 49 41 0 0; 277 33 77 137 42 0 0; ]
1500301031[381 80 27 50 41 0 0; 275 33 77 136 42 0 0; ]
1500301032[381 78 27 51 41 0 0; 272 32 78 135 42 0 0; ]
1500301033[381 77 27 53 41 0 0; 270 31 79 134 42 0 0; ]
1500301034[381 76 28 54 41 0 0; 267 31 77 134 42 0 0; ]
1500301035[381 75 30 55 41 0 0; 265 31 76 134 42 0 0; ]
1500301036[381 75 30 55 41 0 0; 263 31 75 134 42 0 0; ]
1500301037[381 75 30 55 41 0 0; 261 31 76 133 42 0 0; ]
1500301038[381 75 30 55 41 0 0; 259 31 77 132 42 0 0; ]
1500301039[381 75 30 55 41 0 0; 257 31 78 130 42 0 0; ]
1500301040[381 75 30 55 41 0 0; 255 31 79 129 42 0 0; ]
1500301041[381 74 30 56 41 0 0; 253 31 77 128 42 0 0; ]
1500301042[381 73 30 57 41 0 0; 251 31 73 127 42 0 0; ]
1500301043[381 72 30 58 41 0 0; 250 31 69 127 42 0 0; ]
1500301044[381 71 30 59 41 0 0; 248 31 68 127 42 0 0; ]
1500301045[381 70 30 59 41 0 0; 246 31 68 127 42 0 0; ]
1500301046[381 69 29 59 41 0 0; 244 31 68 127 42 0 0; ]
1500301047[382 68 29 59 41 0 0; 242 31 68 127 42 0 0; ]
1500301048[383 66 28 59 41 0 0; 240 31 68 127 42 0 0; ]
1500301049[383 66 28 59 41 0 0; 237 31 69 125 42 0 0; ]
1500301050[383 66 28 59 41 0 0; 235 31 70 123 42 0 0; ]
1500301051[383 66 28 59 41 0 0; 232 31 71 122 42 0 0; ]
1500301052[383 66 29 59 41 0 0; 230 31 71 120 42 0 0; ]
1500301053[383 66 30 59 41 0 0; 227 31 70 119 42 0 0; ]
1500301054[383 66 32 59 41 0 0; 224 31 69 118 42 0 0; ]
1500301055[383 66 32 59 41 0 0; 222 31 69 118 42 0 0; ]
1500301056[383 66 32 59 41 0 0; 220 31 68 118 42 0 0; ]
1500301057[383 65 32 60 41 0 0; 218 31 67 118 42 0 0; ]
1500301058[383 64 32 60 41 0 0; 216 31 67 118 42 0 0; ]
1500301059[383 64 32 61 41 0 0; 214 31 66 118 42 0 0; ]
1500301060[383 64 32 62 41 0 0; 212 31 66 117 42 0 0; ]
1500301061[383 64 33 63 41 0 0; 210 32 66 116 42 0 0; ]
1500301062[383 64 33 64 41 0 0; 208 33 65 113 42 0 0; ]
1500301063[383 64 34 65 41 0 0; 206 35 65 111 42 0 0; ]
1500301064[384 64 34 65 41 0 0; 204 35 65 110 42 0 0; ]
1500301065[385 64 34 65 41 0 0; 202 36 65 110 42 0 0; ]
1500301066[385 64 35 65 41 0 0; 200 36 64 110 42 0 0; ]
1500301067[385 64 35 66 41 0 0; 199 37 63 109 42 0 0; ]
1500301068[385 65 36 68 41 0 0; 197 37 63 109 42 0 0; ]
1500301069[385 66 37 70 41 0 0; 195 38 62 109 42 0 0; ]
1500301070[385 66 37 71 41 0 0; 194 38 61 108 42 0 0; ]
1500301071[387 66 37 71 41 0 0; 192 38 60 108 42 0 0; ]
1500301072[390 66 36 71 41 0 0; 190 38 60 108 42 0 0; ]
1500301073[393 66 35 71 41 0 0; 189 38 59 108 42 0 0; ]
1500301074[394 66 35 71 41 0 0; 187 38 58 108 42 0 0; ]
1500301075[394 66 35 71 41 0 0; 185 38 58 108 42 0 0; ]
1500301076[394 65 37 72 41 0 0; 183 38 57 107 42 0 0; ]
1500301077[394 65 39 72 41 0 0; 182 38 56 106 42 0 0; ]
1500301078[394 64 41 73 41 0 0; 180 38 55 105 42 0 0; ]
1500301079[397 62 40 75 41 0 0; 178 38 55 105 42 0 0; ]
1500301080[399 61 39 76 41 0 0; 175 38 55 105 42 0 0; ]
1500301081[401 60 38 77 41 0 0; 173 38 55 105 42 0 0; ]
1500301082[403 60 38 78 41 0 0; 171 39 56 104 42 0 0; ]
1500301083[404 60 38 78 41 0 0; 168 41 57 102 42 0 0; ]
1500301084[405 60 38 79 41 0 0; 166 42 59 101 42 0 0; ]
1500301085[407 60 38 79 41 0 0; 164 43 60 100 42 0 0; ]
1500301086[409 60 38 81 41 0 0; 163 43 59 100 42 0 0; ]
1500301087[410 60 38 82 41 0 0; 162 43 57 100 42 0 0; ]
1500301088[413 60 38 84 41 0 0; 162 43 55 100 42 0 0; ]
1500301089[415 60 38 84 41 0 0; 161 43 54 100 42 0 0; ]
1500301090[417 60 38 84 41 0 0; 160 43 53 100 42 0 0; ]
1500301091[420 60 39 84 41 0 0; 158 43 52 100 42 0 0; ]
1500301092[422 60 40 84 41 0 0; 157 43 52 100 42 0 0; ]
1500301093[425 60 41 84 41 0 0; 155 43 52 100 42 0 0; ]
1500301094[426 60 43 85 41 0 0; 153 44 53 99 42 0 0; ]
1500301095[427 60 44 86 41 0 0; 150 45 55 98 42 0 0; ]
1500301096[428 60 45 88 41 0 0; 148 46 55 98 42 0 0; ]
1500301097[431 60 45 90 41 0 0; 146 46 55 98 42 0 0; ]
1500301098[434 60 44 92 41 0 0; 144 46 55 98 42 0 0; ]
1500301099[438 60 44 94 41 0 0; 143 46 55 98 42 0 0; ]
1500301100[442 60 44 95 41 0 0; 141 46 55 98 42 0 0; ]
1500301101[445 60 44 95 41 0 0; 141 46 55 98 42 0 0; ]
1500301102[448 60 44 95 41 0 0; 140 46 53 98 42 0 0; ]
1500301103[450 60 45 95 41 0 0; 139 46 52 98 42 0 0; ]
1500301104[453 60 46 95 41 0 0; 138 46 52 98 42 0 0; ]
1500301105[456 60 47 96 41 0 0; 137 46 52 97 42 0 0; ]
1500301106[460 59 49 98 41 0 0; 136 46 52 96 42 0 0; ]
1500301107[134 46 52 95 42 0 0; ]
1500301108[132 46 52 94 42 0 0; ]
1500301109[131 44 51 93 42 0 0; ]
1500301110[130 43 50 93 42 0 0; ]
1500301111[129 42 49 93 42 0 0; ]
1500301112[128 42 49 92 42 0 0; ]
1500301113[127 42 49 92 42 0 0; ]
1500301114[126 42 48 92 42 0 0; ]
1500301115[124 42 48 91 42 0 0; ]
1500301116[123 42 49 91 42 0 0; 106 60 23 39 44 1 0; ]
1500301117[120 42 49 91 42 0 0; 106 60 23 41 44 1 0; ]
1500301118[118 42 50 91 42 0 0; 106 60 22 42 44 1 0; ]
1500301119[117 42 51 91 42 0 0; 107 60 21 42 44 1 0; ]
1500301120[115 42 50 91 42 0 0; 110 60 19 37 44 1 0; ]
1500301121[114 42 50 90 42 0 0; ]
1500301122[114 42 49 89 42 0 0; ]
1500301123[113 42 48 88 42 0 0; ]
1500301124[112 42 50 88 42 0 0; ]
1500301125[111 42 51 88 42 0 0; ]
1500301126[110 42 52 88 42 0 0; ]
1500301127[109 43 51 87 42 0 0; ]
1500301128[108 45 50 85 42 0 0; ]
1500301129[108 47 49 84 42 0 0; ]
1500301130[107 48 49 83 42 0 0; ]
1500301131[106 49 49 83 42 0 0; ]
1500301132[106 50 49 83 42 0 0; ]
1500301133[106 51 48 83 42 0 0; ]
1500301134[105 51 48 83 42 0 0; ]
1500301135[105 52 48 83 42 0 0; ]
1500301136[105 54 48 83 42 0 0; 88 69 20 35 48 1 0; ]
1500301137[104 55 48 83 42 0 0; 90 69 19 36 48 1 0; ]
1500301138[104 57 48 83 42 0 0; 91 69 18 37 48 1 0; ]
1500301139[104 54 48 83 42 0 0; 93 69 18 37 48 1 0; ]
1500301140[104 52 48 83 42 0 0; 94 69 18 37 48 0 0; ]
1500301141[104 52 48 83 42 0 0; 95 69 18 37 48 0 0; ]
1500301142[104 52 48 83 42 0 0; 96 69 18 37 48 0 0; ]
1500301143[104 52 48 83 42 0 0; 137 73 21 35 45 1 0; 97 69 19 37 48 0 0; ]
1500301144[104 52 48 82 42 0 0; 140 73 20 35 45 1 0; 98 69 18 37 48 0 0; ]
1500301145[104 52 48 82 42 0 0; 142 73 19 35 45 1 0; 100 69 17 37 48 0 0; ]
1500301146[104 53 48 81 42 0 0; 145 73 18 35 45 1 0; 101 69 15 37 48 0 0; ]
1500301147[]
1500301148[103 52 45 85 43 0 0; 148 73 18 33 46 0 0; 99 69 18 37 49 1 0; ]
1500301149[103 52 45 83 43 0 0; 149 73 18 33 46 0 0; 101 69 17 37 49 1 0; ]
1500301150[103 52 45 82 43 0 0; 151 73 18 33 46 0 0; 102 69 16 37 49 1 0; ]
1500301151[103 53 45 81 43 0 0; 153 73 19 33 46 0 0; 104 69 16 37 49 1 0; ]
1500301152[103 54 45 80 43 0 0; 154 74 19 33 46 0 0; 105 69 15 37 49 1 0; ]
1500301153[103 54 45 79 43 0 0; 156 74 20 33 46 0 0; ]
1500301154[103 55 45 79 43 0 0; 157 75 20 32 46 0 0; ]
1500301155[103 55 45 78 43 0 0; 158 75 20 32 46 0 0; ]
1500301156[103 55 45 77 43 0 0; 161 75 20 32 46 0 0; ]
1500301157[103 55 45 76 43 0 0; 163 75 19 33 46 0 0; ]
1500301158[103 55 45 75 43 0 0; 165 75 19 33 46 0 0; ]
1500301159[103 55 45 75 43 0 0; 168 75 19 33 46 0 0; ]
1500301160[103 55 44 74 43 0 0; 169 74 19 34 46 0 0; ]
1500301161[103 55 43 73 43 0 0; 171 74 19 34 46 0 0; ]
1500301162[103 54 41 73 43 0 0; 172 73 19 35 46 0 0; ]
1500301163[103 53 39 72 43 0 0; 173 72 20 36 46 0 0; ]
1500301164[102 52 40 73 43 0 0; 176 72 19 36 46 0 0; ]
1500301165[101 51 42 74 43 0 0; 179 72 19 36 46 0 0; ]
1500301166[101 50 43 75 43 0 0; 181 72 19 36 46 0 0; ]
1500301167[100 50 43 75 43 0 0; 183 72 19 36 46 0 0; ]
1500301168[99 50 44 75 43 0 0; 185 70 19 38 46 0 0; ]
1500301169[99 50 44 75 43 0 0; 186 69 20 39 46 0 0; ]
1500301170[98 50 45 75 43 0 0; 188 69 20 39 46 0 0; ]
1500301171[98 50 46 75 43 0 0; 190 69 19 39 46 0 0; 124 59 22 37 50 1 0; ]
1500301172[97 50 46 75 43 0 0; 191 69 18 39 46 0 0; 125 61 21 36 50 1 0; ]
1500301173[97 50 47 75 43 0 0; 193 69 17 39 46 1 0; 127 62 20 36 50 1 0; ]
1500301174[96 50 47 75 43 0 0; 195 69 15 39 46 1 0; 129 63 19 36 50 1 0; ]
1500301175[96 51 47 74 43 0 0; 131 63 18 37 50 0 0; ]
1500301176[95 52 45 73 43 0 0; 133 63 17 38 50 0 0; ]
1500301177[94 53 43 72 43 0 0; 135 63 17 39 50 0 0; ]
1500301178[94 50 40 75 43 0 0; 136 63 17 40 50 0 0; ]
1500301179[93 52 43 73 43 0 0; 136 63 19 41 50 0 0; ]
1500301180[93 53 44 72 43 0 0; 137 63 21 42 50 0 0; ]
1500301181[93 54 45 71 43 0 0; 138 63 22 42 50 0 0; ]
1500301182[93 55 45 70 43 0 0; 140 63 22 42 50 0 0; ]
1500301183[93 56 44 69 43 0 0; 142 64 21 42 50 0 0; ]
1500301184[93 56 43 69 43 0 0; 144 66 20 41 50 0 0; ]
1500301185[93 57 43 68 43 0 0; 147 67 19 41 50 0 0; ]
1500301186[93 57 43 68 43 0 0; 150 67 18 41 50 0 0; ]
1500301187[93 57 43 68 43 0 0; 152 67 17 41 50 0 0; ]
1500301188[93 57 43 68 43 0 0; 154 67 17 41 50 0 0; ]
1500301189[93 57 43 68 43 0 0; 156 67 17 41 50 0 0; ]
1500301190[93 56 42 69 43 0 0; 157 67 17 41 50 0 0; ]
1500301191[92 55 42 70 43 0 0; 159 67 18 41 50 0 0; ]
1500301192[91 54 42 71 43 0 0; 161 67 19 41 50 0 0; ]
1500301193[90 53 41 72 43 0 0; 162 67 19 41 50 0 0; ]
1500301194[90 53 41 72 43 0 0; 164 65 20 43 50 0 0; ]
1500301195[90 53 41 72 43 0 0; 166 63 20 45 50 0 0; ]
1500301196[90 53 41 72 43 0 0; 168 63 20 45 50 0 0; ]
1500301197[90 53 42 72 43 0 0; 170 63 20 45 50 0 0; ]
1500301198[90 53 43 72 43 0 0; 173 63 19 45 50 0 0; ]
1500301199[90 53 43 72 43 0 0; 175 63 18 45 50 0 0; 254 74 17 34 72 1 0; ]
1500301200[90 53 44 72 43 0 0; 177 63 18 45 50 0 0; 254 74 17 34 72 1 0; ]
1500301201[90 53 44 72 43 0 0; 255 72 23 43 47 1 0; 179 63 19 45 50 0 0; ]
1500301202[90 53 44 72 43 0 0; 258 71 22 45 47 1 0; 181 63 20 45 50 1 0; ]
1500301203[90 53 44 72 43 0 0; 260 70 21 47 47 1 0; 183 63 20 45 50 1 0; ]
1500301204[90 53 44 72 43 0 0; 263 70 21 48 47 1 0; 185 63 21 45 50 1 0; ]
1500301205[91 53 44 72 43 0 0; 266 70 21 49 47 0 0; 187 63 21 45 50 1 0; ]
1500301206[91 54 44 71 43 0 0; 269 70 22 50 47 0 0; ]
1500301207[91 55 44 70 43 0 0; 271 71 22 51 47 0 0; ]
1500301208[92 57 45 68 43 0 0; 274 71 22 52 47 0 0; ]
1500301209[92 57 44 68 43 0 0; 276 71 22 52 47 0 0; ]
1500301210[93 57 43 68 43 0 0; 279 71 22 52 47 0 0; ]
1500301211[94 57 43 68 43 0 0; 281 71 22 52 47 0 0; ]
1500301212[95 57 42 68 43 0 0; 283 71 22 52 47 0 0; ]
1500301213[97 57 42 68 43 0 0; 286 71 22 52 47 0 0; ]
1500301214[98 57 42 68 43 0 0; 290 71 23 52 47 0 0; ]
1500301215[98 57 41 68 43 0 0; 294 71 23 52 47 0 0; ]
1500301216[98 57 41 68 43 0 0; 298 71 23 45 47 0 0; ]
1500301217[98 57 41 68 43 0 0; 301 69 23 49 47 0 0; ]
1500301218[98 57 41 68 43 0 0; 303 68 23 52 47 0 0; ]
1500301219[98 57 41 68 43 0 0; 306 67 23 53 47 0 0; ]
1500301220[99 57 41 68 43 0 0; 309 67 24 52 47 0 0; ]
1500301221[100 57 41 68 43 0 0; 311 67 24 52 47 0 0; ]
1500301222[101 57 41 68 43 0 0; 314 67 25 51 47 0 0; ]
1500301223[103 57 40 68 43 0 0; 317 67 26 50 47 0 0; ]
1500301224[104 57 39 68 43 0 0; 321 67 25 51 47 0 0; ]
1500301225[104 57 38 68 43 0 0; 324 65 24 52 47 0 0; ]
1500301226[105 57 38 68 43 0 0; 328 63 23 53 47 0 0; ]
1500301227[106 57 38 68 43 0 0; 331 63 22 54 47 0 0; ]
1500301228[107 57 39 68 43 0 0; 334 63 22 54 47 0 0; ]
1500301229[109 57 39 68 43 0 0; 337 63 22 55 47 0 0; ]
1500301230[110 57 39 68 43 0 0; 340 63 22 55 47 0 0; ]
1500301231[111 57 38 68 43 0 0; 342 63 22 53 47 0 0; ]
1500301232[113 57 37 68 43 0 0; 345 63 22 54 47 0 0; ]
1500301233[114 57 35 68 43 0 0; 347 63 22 56 47 0 0; 266 53 26 49 51 1 0; ]
1500301234[114 57 35 68 43 0 0; 350 63 22 56 47 0 0; 268 54 24 47 51 1 0; ]
1500301235[114 57 35 68 43 0 0; 353 63 23 56 47 0 0; 270 55 24 46 51 1 0; ]
1500301236[114 57 36 67 43 0 0; 355 63 24 56 47 0 0; 272 57 23 45 51 1 0; ]
1500301237[114 57 37 65 43 0 0; 358 63 24 56 47 0 0; 275 58 25 45 51 0 0; ]
1500301238[114 57 39 64 43 0 0; 361 63 25 56 47 0 0; 278 59 26 45 51 0 0; ]
1500301239[115 57 38 64 43 0 0; 364 63 25 56 47 0 0; 280 60 26 45 51 0 0; ]
1500301240[116 57 37 64 43 0 0; 367 63 25 55 47 0 0; 283 60 27 45 51 0 0; ]
1500301241[117 57 37 64 43 0 0; 369 63 26 55 47 0 0; 286 60 27 45 51 0 0; ]
1500301242[117 56 37 64 43 0 0; 372 62 26 55 47 0 0; 288 60 26 45 51 0 0; ]
1500301243[117 55 38 65 43 0 0; 375 61 26 55 47 0 0; 291 60 26 45 51 0 0; ]
1500301244[117 54 39 66 43 0 0; 377 60 26 56 47 0 0; 293 60 26 45 51 0 0; ]
1500301245[117 53 39 67 43 0 0; 380 59 26 56 47 0 0; 296 59 25 46 51 0 0; ]
1500301246[117 51 39 68 43 0 0; 383 58 26 57 47 0 0; 299 55 24 48 51 0 0; ]
1500301247[118 49 39 68 43 0 0; 386 57 26 57 47 0 0; 302 52 24 50 51 0 0; ]
1500301248[120 48 38 68 43 0 0; 389 57 26 58 47 0 0; 305 50 23 50 51 0 0; ]
1500301249[121 47 38 68 43 0 0; 391 57 25 58 47 0 0; 308 50 23 50 51 0 0; ]
1500301250[122 47 38 68 43 0 0; 394 57 24 58 47 0 0; 311 50 24 50 51 0 0; ]
1500301251[122 48 38 67 43 0 0; 397 57 23 58 47 0 0; 314 50 24 50 51 0 0; ]
1500301252[123 49 38 65 43 0 0; 400 57 22 58 47 0 0; 317 50 24 50 51 0 0; ]
1500301253[123 53 38 60 43 0 0; 403 57 24 60 47 0 0; 320 50 24 51 51 0 0; ]
1500301254[125 55 37 58 43 0 0; 403 57 31 64 47 0 0; 323 50 24 52 51 0 0; ]
1500301255[126 57 36 56 43 0 0; 405 57 31 66 47 0 0; 326 51 25 55 51 0 0; ]
1500301256[128 59 36 54 43 0 0; 409 58 30 69 47 0 0; 329 51 26 60 51 0 0; ]
1500301257[129 60 35 53 43 0 0; 414 59 29 70 47 0 0; 333 52 27 66 51 0 0; ]
1500301258[131 61 35 52 43 0 0; 417 60 29 70 47 0 0; 335 53 28 68 51 0 0; ]
1500301259[132 62 35 51 43 0 0; 420 61 28 70 47 0 0; 338 54 28 68 51 0 0; ]
1500301260[134 63 35 50 43 0 0; 423 63 28 70 47 0 0; 340 54 27 68 51 0 0; ]
1500301261[135 63 34 51 43 0 0; 426 63 28 70 47 0 0; 342 55 27 66 51 0 0; ]
1500301262[136 63 33 52 43 0 0; 429 63 29 70 47 0 0; 348 55 27 66 51 0 0; ]
1500301263[137 63 33 53 43 0 0; 432 63 29 70 47 0 0; 353 55 28 66 51 0 0; ]
1500301264[138 63 32 54 43 0 0; 435 63 30 70 47 0 0; 357 55 28 66 51 0 0; ]
1500301265[139 63 32 54 43 0 0; 439 63 30 70 47 0 0; 360 55 27 66 51 0 0; ]
1500301266[140 63 33 54 43 0 0; 442 63 31 70 47 0 0; 363 55 27 66 51 0 0; ]
1500301267[141 63 33 54 43 0 0; 445 63 31 70 47 0 0; 366 55 26 66 51 0 0; ]
1500301268[141 63 34 54 43 0 0; 448 63 32 70 47 0 0; 369 55 26 66 51 0 0; ]
1500301269[144 63 32 54 43 0 0; 451 63 32 70 47 0 0; 373 55 26 66 51 0 0; ]
1500301270[146 63 31 54 43 0 0; 453 63 32 70 47 0 0; 376 54 28 67 51 0 0; ]
1500301271[147 63 30 54 43 0 0; 459 63 32 71 47 0 0; 379 53 30 68 51 0 0; ]
1500301272[148 63 30 53 43 0 0; 464 63 31 72 47 0 0; 383 53 31 68 51 0 0; ]
1500301273[150 65 30 52 43 0 0; 468 63 31 73 47 0 0; 387 53 31 70 51 0 0; ]
1500301274[151 67 30 50 43 1 0; 472 63 31 75 47 0 0; 391 53 31 71 51 0 0; ]
1500301275[152 67 30 49 43 1 0; 476 63 31 76 47 0 0; 395 53 30 73 51 0 0; ]
1500301276[153 67 30 49 43 1 0; 479 63 31 78 47 0 0; 400 53 29 75 51 0 0; ]
1500301277[153 67 31 49 43 1 0; 403 53 30 76 51 0 0; ]
1500301278[154 67 32 49 43 1 0; 406 53 30 78 51 0 0; ]
1500301279[155 67 32 49 43 1 0; 409 53 31 79 51 0 0; ]
1500301280[157 67 30 49 43 1 0; 412 52 33 81 51 0 0; ]
1500301281[415 50 34 82 51 0 0; ]
1500301282[418 48 36 83 51 0 0; ]
1500301283[422 47 37 83 51 0 0; ]
1500301284[425 47 37 83 51 0 0; ]
1500301285[429 47 38 83 51 0 0; ]
1500301286[433 47 38 83 51 0 0; ]
1500301287[437 47 38 83 51 0 0; ]
1500301288[442 47 38 83 51 0 0; ]
1500301289[446 46 38 84 51 0 0; ]
1500301290[451 45 38 85 51 0 0; ]
1500301291[456 43 38 87 51 0 0; ]
1500301292[459 41 37 88 51 0 0; ]
1500301293[462 40 36 90 51 0 0; ]
1500301294[466 38 36 91 51 0 0; ]
1500301295[470 37 36 93 51 0 0; ]
1500301296[]
1500301297[]
1500301298[]
1500301299[]
1500301300[]
1500301301[]
1500301302[]
1500301303[]
1500301304[]
1500301305[]
1500301306[]
1500301307[]
1500301308[]
1500301309[]
1500301310[]
1500301311[]
1500301312[]
1500301313[]
1500301314[]
1500301315[]
1500301316[]
1500301317[]
1500301318[]
1500301319[]
1500301320[]
1500301321[]
1500301322[]
1500301323[]
1500301324[]
1500301325[]
1500301326[]
1500301327[]
1500301328[]
1500301329[]
1500301330[]
1500301331[]
1500301332[]
1500301333[]
1500301334[]
1500301335[]
1500301336[]
1500301337[]
1500301338[]
1500301339[]
1500301340[]
1500301341[]
1500301342[]
1500301343[]
1500301344[]
1500301345[]
1500301346[]
1500301347[]
1500301348[]
1500301349[]
1500301350[]
1500301351[]
1500301352[]
1500301353[]
1500301354[]
1500301355[]
1500301356[]
1500301357[]
1500301358[]
1500301359[]
1500301360[]
1500301361[]
1500301362[]
1500301363[]
1500301364[]
1500301365[]
1500301366[]
1500301367[]
1500301368[]
1500301369[]
1500301370[]
1500301371[]
1500301372[]
1500301373[]
1500301374[]
1500301375[]
1500301376[]
1500301377[]
1500301378[]
1500301379[]
1500301380[]
1500301381[]
1500301382[]
1500301383[]
1500301384[]
1500301385[]
1500301386[]
1500301387[]
1500301388[]
1500301389[]
1500301390[]
1500301391[]
1500301392[]
1500301393[]
1500301394[]
1500301395[]
1500301396[]
1500301397[]
1500301398[]
1500301399[]
1500301400[]
1500301401[]
1500301402[]
1500301403[]
1500301404[]
1500301405[]
1500301406[]
1500301407[]
1500301408[]
1500301409[]
1500301410[]
1500301411[]
1500301412[]
1500301413[]
1500301414[]
1500301415[]
1500301416[]
1500301417[]
1500301418[]
1500301419[]
1500301420[]
1500301421[]
1500301422[]
1500301423[]
1500301424[]
1500301425[]
1500301426[]
1500301427[]
1500301428[]
1500301429[]
1500301430[]
1500301431[]
1500301432[]
1500301433[]
1500301434[]
1500301435[]
1500301436[]
1500301437[]
1500301438[]
1500301439[]
1500301440[]
1500301441[]
1500301442[]
1500301443[]
1500301444[]
1500301445[]
1500301446[]
1500301447[]
1500301448[]
1500301449[]
1500301450[]
1500301451[]
1500301452[]
1500301453[]
1500301454[]
1500301455[]
1500301456[]
1500301457[]
1500301458[]
1500301459[]
1500301460[]
1500301461[]
1500301462[]
1500301463[]
1500301464[]
1500301465[]
1500301466[]
1500301467[]
1500301468[]
1500301469[]
1500301470[]
1500301471[]
1500301472[]
1500301473[]
1500301474[]
1500301475[]
1500301476[]
1500301477[]
1500301478[]
1500301479[]
1500301480[]
1500301481[]
1500301482[]
1500301483[]
1500301484[]
1500301485[]
1500301486[]
1500301487[]
1500301488[]
1500301489[]
1500301490[]
1500301491[]
1500301492[]
1500301493[]
1500301494[]
1500301495[]
1500301496[]
1500301497[]
1500301498[]
1500301499[]
1500301500[]
1500301501[]
1500301502[]
1500301503[]
1500301504[]
1500301505[]
1500301506[]
1500301507[]
1500301508[]
1500301509[]
1500301510[]
1500301511[]
1500301512[]
1500301513[]
1500301514[]
1500301515[]
1500301516[]
1500301517[]
1500301518[]
1500301519[]
1500301520[]
1500301521[]
1500301522[]
1500301523[]
1500301524[]
1500301525[]
1500301526[]
1500301527[]
1500301528[]
1500301529[]
1500301530[]
1500301531[]
1500301532[]
1500301533[]
1500301534[]
1500301535[]
1500301536[]
1500301537[]
1500301538[]
1500301539[]
1500301540[]
1500301541[]
1500301542[]
1500301543[]
1500301544[]
1500301545[]
1500301546[]
1500301547[]
1500301548[]
1500301549[]
1500301550[]
1500301551[]
1500301552[]
1500301553[]
1500301554[]
1500301555[]
1500301556[]
1500301557[]
1500301558[]
1500301559[]
1500301560[]
1500301561[]
1500301562[]
1500301563[]
1500301564[]
1500301565[]
1500301566[]
1500301567[]
1500301568[]
1500301569[]
1500301570[]
1500301571[]
1500301572[]
1500301573[]
1500301574[]
1500301575[]
1500301576[]
1500301577[]
1500301578[]
1500301579[]
1500301580[]
1500301581[]
1500301582[]
1500301583[]
1500301584[]
1500301585[]
1500301586[]
1500301587[]
1500301588[]
1500301589[]
1500301590[]
1500301591[]
1500301592[]
1500301593[]
1500301594[]
1500301595[]
1500301596[]
1500301597[]
1500301598[]
1500301599[]
1500301600[]
1500301601[]
1500301602[]
1500301603[]
1500301604[]
1500301605[]
1500301606[]
1500301607[]
1500301608[]
1500301609[]
1500301610[]
1500301611[]
1500301612[]
1500301613[]
1500301614[]
1500301615[]
1500301616[]
1500301617[]
1500301618[]
1500301619[]
1500301620[]
1500301621[]
1500301622[]
1500301623[]
1500301624[]
1500301625[]
1500301626[]
1500301627[]
1500301628[]
1500301629[]
1500301630[]
1500301631[]
1500301632[]
1500301633[]
1500301634[]
1500301635[]
1500301636[]
1500301637[]
1500301638[]
1500301639[]
1500301640[]
1500301641[]
1500301642[]
1500301643[]
1500301644[]
1500301645[]
1500301646[]
1500301647[]
1500301648[]
1500301649[]
1500301650[]
1500301651[]
1500301652[]
1500301653[]
1500301654[]
1500301655[]
1500301656[]
1500301657[]
1500301658[]
1500301659[]
1500301660[]
1500301661[]
1500301662[]
1500301663[]
1500301664[]
1500301665[]
1500301666[]
1500301667[]
1500301668[]
1500301669[]
1500301670[]
1500301671[]
1500301672[]
1500301673[]
1500301674[]
1500301675[]
1500301676[]
1500301677[]
1500301678[]
1500301679[]
1500301680[]
1500301681[]
1500301682[]
1500301683[]
1500301684[]
1500301685[]
1500301686[]
1500301687[]
1500301688[]
1500301689[]
1500301690[]
1500301691[]
1500301692[]
1500301693[]
1500301694[]
1500301695[]
1500301696[]
1500301697[]
1500301698[]
1500301699[]
1500301700[]
1500301701[]
1500301702[]
1500301703[]
1500301704[]
1500301705[]
1500301706[]
1500301707[]
1500301708[]
1500301709[]
1500301710[]
1500301711[]
1500301712[]
1500301713[]
1500301714[]
1500301715[]
1500301716[]
1500301717[]
1500301718[]
1500301719[]
1500301720[]
1500301721[]
1500301722[]
1500301723[]
1500301724[]
1500301725[]
1500301726[]
1500301727[]
1500301728[]
1500301729[]
1500301730[]
1500301731[]
1500301732[]
1500301733[]
1500301734[]
1500301735[]
1500301736[]
1500301737[]
1500301738[]
1500301739[]
1500301740[]
1500301741[]
1500301742[]
1500301743[]
1500301744[]
1500301745[]
1500301746[]
1500301747[]
1500301748[]
1500301749[]
1500301750[]
1500301751[]
1500301752[]
1500301753[]
1500301754[]
1500301755[]
1500301756[]
1500301757[]
1500301758[]
1500301759[]
1500301760[]
1500301761[]
1500301762[]
1500301763[]
1500301764[]
1500301765[]
1500301766[]
1500301767[]
1500301768[]
1500301769[]
1500301770[]
1500301771[]
1500301772[]
1500301773[]
1500301774[]
1500301775[]
1500301776[]
1500301777[]
1500301778[]
1500301779[]
1500301780[]
1500301781[]
1500301782[]
1500301783[]
1500301784[]
1500301785[]
1500301786[]
1500301787[]
1500301788[]
1500301789[]
1500301790[]
1500301791[]
1500301792[]
1500301793[]
1500301794[]
1500301795[]
1500301796[]
1500301797[]
1500301798[]
1500301799[]
1500301800[]
1500301801[]
1500301802[]
1500301803[]
1500301804[]
1500301805[]
1500301806[]
1500301807[]
1500301808[]
1500301809[]
1500301810[]
1500301811[]
1500301812[]
1500301813[]
1500301814[]
1500301815[]
1500301816[]
1500301817[]
1500301818[]
1500301819[]
1500301820[]
1500301821[]
1500301822[]
1500301823[]
1500301824[]
1500301825[]
1500301826[]
1500301827[]
1500301828[]
1500301829[]
1500301830[]
1500301831[]
1500301832[]
1500301833[]
1500301834[]
1500301835[]
1500301836[]
1500301837[]
1500301838[]
1500301839[]
1500301840[]
1500301841[]
1500301842[]
1500301843[]
1500301844[]
1500301845[]
1500301846[]
1500301847[]
1500301848[]
1500301849[]
1500301850[]
1500301851[]
1500301852[]
1500301853[]
1500301854[]
1500301855[]
1500301856[]
1500301857[]
1500301858[]
1500301859[]
1500301860[]
1500301861[]
1500301862[]
1500301863[]
1500301864[]
1500301865[]
1500301866[]
1500301867[]
1500301868[]
1500301869[]
1500301870[]
1500301871[]
1500301872[]
1500301873[]
1500301874[]
1500301875[]
1500301876[]
1500301877[]
1500301878[]
1500301879[]
1500301880[]
1500301881[]
1500301882[]
1500301883[]
1500301884[]
1500301885[]
1500301886[]
1500301887[]
1500301888[]
1500301889[]
1500301890[]
1500301891[]
1500301892[]
1500301893[]
1500301894[]
1500301895[]
1500301896[]
1500301897[]
1500301898[]
1500301899[]
1500301900[]
1500301901[]
1500301902[3 63 33 58 57 0 0; ]
1500301903[7 64 32 57 57 0 0; ]
1500301904[11 66 32 56 57 0 0; ]
1500301905[16 67 31 54 57 0 0; ]
1500301906[19 67 31 52 57 0 0; ]
1500301907[22 67 31 50 57 0 0; ]
1500301908[25 67 31 49 57 0 0; ]
1500301909[27 67 31 49 57 0 0; ]
1500301910[30 67 31 49 57 0 0; ]
1500301911[33 67 30 49 57 1 0; ]
1500301912[35 67 30 49 57 1 0; ]
1500301913[38 67 29 49 57 1 0; ]
1500301914[41 67 28 49 57 1 0; ]
1500301915[44 67 28 49 57 1 0; ]
1500301916[]
1500301917[]
1500301918[]
1500301919[]
1500301920[]
1500301921[]
1500301922[]
1500301923[]
1500301924[]
1500301925[]
1500301926[]
1500301927[]
1500301928[]
1500301929[]
1500301930[]
1500301931[]
1500301932[]
1500301933[]
1500301934[]
1500301935[]
1500301936[]
1500301937[]
1500301938[]
1500301939[]
1500301940[]
1500301941[]
1500301942[]
1500301943[]
1500301944[]
1500301945[]
1500301946[]
1500301947[]
1500301948[]
1500301949[]
1500301950[]
1500301951[]
1500301952[]
1500301953[]
1500301954[]
1500301955[]
1500301956[]
1500301957[]
1500301958[]
1500301959[]
1500301960[]
1500301961[484 71 25 54 52 0 0; ]
1500301962[478 71 26 54 52 0 0; ]
1500301963[474 71 25 54 52 0 0; ]
1500301964[469 71 24 54 52 0 0; ]
1500301965[465 71 23 54 52 0 0; ]
1500301966[460 71 23 54 52 0 0; ]
1500301967[456 71 23 54 52 0 0; ]
1500301968[452 71 23 54 52 0 0; ]
1500301969[448 71 23 54 52 0 0; ]
1500301970[443 72 23 53 52 0 0; ]
1500301971[439 73 23 52 52 0 0; ]
1500301972[435 74 23 51 52 0 0; ]
1500301973[431 75 23 50 52 0 0; ]
1500301974[426 75 23 50 52 0 0; ]
1500301975[422 75 24 50 52 0 0; ]
1500301976[417 75 24 50 52 0 0; ]
1500301977[412 75 24 50 52 0 0; ]
1500301978[410 75 24 50 52 0 0; ]
1500301979[407 75 23 50 52 0 0; ]
1500301980[403 75 23 50 52 0 0; ]
1500301981[400 75 24 50 52 0 0; ]
1500301982[397 75 25 50 52 0 0; ]
1500301983[393 75 26 50 52 0 0; ]
1500301984[390 75 28 50 52 1 0; ]
1500301985[388 75 27 50 52 1 0; ]
1500301986[385 75 26 50 52 1 0; ]
1500301987[383 75 24 50 52 1 0; ]
1500301988[]
1500301989[]
1500301990[]
1500301991[]
1500301992[]
1500301993[]
1500301994[]
1500301995[]
1500301996[]
1500301997[]
1500301998[]
1500301999[]
1500302000[]
1500302001[]
1500302002[]
1500302003[]
1500302004[]
1500302005[]
1500302006[]
1500302007[]
1500302008[]
1500302009[]
1500302010[]
1500302011[]
1500302012[]
1500302013[]
1500302014[]
1500302015[]
1500302016[]
1500302017[]
1500302018[]
1500302019[]
1500302020[]
1500302021[]
1500302022[]
1500302023[]
1500302024[]
1500302025[]
1500302026[]
1500302027[]
1500302028[]
1500302029[]
1500302030[]
1500302031[]
1500302032[]
1500302033[]
1500302034[]
1500302035[]
1500302036[]
1500302037[]
1500302038[]
1500302039[]
1500302040[]
1500302041[]
1500302042[]
1500302043[]
1500302044[]
1500302045[]
1500302046[]
1500302047[]
1500302048[]
1500302049[]
1500302050[]
1500302051[]
1500302052[]
1500302053[]
1500302054[]
1500302055[]
1500302056[]
1500302057[]
1500302058[]
1500302059[]
1500302060[]
1500302061[]
1500302062[]
1500302063[]
1500302064[]
1500302065[]
1500302066[]
1500302067[]
1500302068[]
1500302069[]
1500302070[]
1500302071[]
1500302072[]
1500302073[]
1500302074[]
1500302075[]
1500302076[]
1500302077[]
1500302078[]
1500302079[]
1500302080[]
1500302081[]
1500302082[]
1500302083[]
1500302084[]
1500302085[]
1500302086[]
1500302087[]
1500302088[]
1500302089[]
1500302090[]
1500302091[]
1500302092[]
1500302093[]
1500302094[]
1500302095[]
1500302096[]
1500302097[]
1500302098[]
1500302099[]
1500302100[]
1500302101[]
1500302102[]
1500302103[]
1500302104[]
1500302105[]
1500302106[]
1500302107[]
1500302108[]
1500302109[]
1500302110[]
1500302111[]
1500302112[]
1500302113[]
1500302114[]
1500302115[]
1500302116[]
1500302117[]
1500302118[]
1500302119[]
1500302120[]
1500302121[]
1500302122[]
1500302123[]
1500302124[]
1500302125[]
1500302126[]
1500302127[]
1500302128[]
1500302129[]
1500302130[]
1500302131[]
1500302132[]
1500302133[]
1500302134[]
1500302135[]
1500302136[]
1500302137[]
1500302138[]
1500302139[]
1500302140[]
1500302141[]
1500302142[]
1500302143[]
1500302144[]
1500302145[]
1500302146[]
1500302147[]
1500302148[]
1500302149[]
1500302150[]
1500302151[]
1500302152[]
1500302153[]
1500302154[]
1500302155[]
1500302156[]
1500302157[]
1500302158[]
1500302159[]
1500302160[]
1500302161[]
1500302162[]
1500302163[]
1500302164[]
1500302165[]
1500302166[]
1500302167[]
1500302168[]
1500302169[]
1500302170[]
1500302171[]
1500302172[]
1500302173[]
1500302174[]
1500302175[]
1500302176[]
1500302177[]
1500302178[]
1500302179[]
1500302180[]
1500302181[]
1500302182[]
1500302183[]
1500302184[]
1500302185[]
1500302186[]
1500302187[]
1500302188[]
1500302189[]
1500302190[]
1500302191[]
1500302192[]
1500302193[]
1500302194[]
1500302195[]
1500302196[]
1500302197[]
1500302198[]
1500302199[]
1500302200[]
1500302201[]
1500302202[]
1500302203[]
1500302204[]
1500302205[]
1500302206[]
1500302207[]
1500302208[]
1500302209[]
1500302210[]
1500302211[]
1500302212[]
1500302213[]
1500302214[]
1500302215[]
1500302216[]
1500302217[]
1500302218[]
1500302219[]
1500302220[]
1500302221[]
1500302222[]
1500302223[]
1500302224[]
1500302225[]
1500302226[]
1500302227[]
1500302228[]
1500302229[]
1500302230[]
1500302231[]
1500302232[]
1500302233[]
1500302234[]
1500302235[]
1500302236[]
1500302237[]
1500302238[]
1500302239[]
1500302240[]
1500302241[]
1500302242[]
1500302243[]
1500302244[]
1500302245[]
1500302246[]
1500302247[]
1500302248[]
1500302249[]
1500302250[]
1500302251[]
1500302252[]
1500302253[]
1500302254[]
1500302255[]
1500302256[]
1500302257[]
1500302258[]
1500302259[]
1500302260[]
1500302261[]
1500302262[]
1500302263[]
1500302264[]
1500302265[]
1500302266[]
1500302267[]
1500302268[]
1500302269[]
1500302270[]
1500302271[]
1500302272[]
1500302273[]
1500302274[]
1500302275[]
1500302276[]
1500302277[]
1500302278[]
1500302279[]
1500302280[]
1500302281[]
1500302282[]
1500302283[]
1500302284[]
1500302285[]
1500302286[]
1500302287[]
1500302288[]
1500302289[]
1500302290[]
1500302291[]
1500302292[]
1500302293[]
1500302294[]
1500302295[]
1500302296[]
1500302297[]
1500302298[]
1500302299[]
1500302300[]
1500302301[]
1500302302[]
1500302303[]
1500302304[]
1500302305[]
1500302306[]
1500302307[]
1500302308[]
1500302309[]
1500302310[]
1500302311[]
1500302312[]
1500302313[]
1500302314[]
1500302315[]
1500302316[]
1500302317[]
1500302318[]
1500302319[]
1500302320[]
1500302321[]
1500302322[]
1500302323[]
1500302324[]
1500302325[]
1500302326[]
1500302327[]
1500302328[]
1500302329[]
1500302330[]
1500302331[]
1500302332[]
1500302333[]
1500302334[]
1500302335[]
1500302336[]
1500302337[]
1500302338[]
1500302339[]
1500302340[]
1500302341[]
1500302342[]
1500302343[]
1500302344[]
1500302345[]
1500302346[]
1500302347[]
1500302348[]
1500302349[]
1500302350[]
1500302351[]
1500302352[]
1500302353[]
1500302354[]
1500302355[]
1500302356[]
1500302357[]
1500302358[]
1500302359[]
1500302360[]
1500302361[]
1500302362[]
1500302363[]
1500302364[]
1500302365[]
1500302366[]
1500302367[]
1500302368[]
1500302369[]
1500302370[]
1500302371[]
1500302372[]
1500302373[]
1500302374[]
1500302375[]
1500302376[]
1500302377[]
1500302378[]
1500302379[]
1500302380[]
1500302381[]
1500302382[]
1500302383[]
1500302384[]
1500302385[]
1500302386[]
1500302387[]
1500302388[]
1500302389[]
1500302390[]
1500302391[]
1500302392[]
1500302393[]
1500302394[]
1500302395[]
1500302396[]
1500302397[]
1500302398[]
1500302399[]
1500302400[]
1500302401[]
1500302402[]
1500302403[]
1500302404[]
1500302405[]
1500302406[]
1500302407[]
1500302408[]
1500302409[]
1500302410[]
1500302411[]
1500302412[]
1500302413[]
1500302414[]
1500302415[]
1500302416[]
1500302417[]
1500302418[]
1500302419[]
1500302420[]
1500302421[]
1500302422[]
1500302423[]
1500302424[]
1500302425[]
1500302426[]
1500302427[]
1500302428[]
1500302429[]
1500302430[]
1500302431[]
1500302432[]
1500302433[]
1500302434[]
1500302435[]
1500302436[]
1500302437[]
1500302438[]
1500302439[]
1500302440[]
1500302441[]
1500302442[]
1500302443[]
1500302444[]
1500302445[]
1500302446[]
1500302447[]
1500302448[]
1500302449[]
1500302450[]
1500302451[]
1500302452[]
1500302453[]
1500302454[]
1500302455[]
1500302456[]
1500302457[]
1500302458[]
1500302459[]
1500302460[]
1500302461[]
1500302462[]
1500302463[]
1500302464[]
1500302465[]
1500302466[]
1500302467[]
1500302468[]
1500302469[]
1500302470[]
1500302471[]
1500302472[]
1500302473[]
1500302474[]
1500302475[]
1500302476[]
1500302477[]
1500302478[]
1500302479[]
1500302480[]
1500302481[]
1500302482[]
1500302483[]
1500302484[]
1500302485[]
1500302486[]
1500302487[]
1500302488[]
1500302489[]
1500302490[]
1500302491[]
1500302492[]
1500302493[]
1500302494[]
1500302495[]
1500302496[]
1500302497[]
1500302498[]
1500302499[]
1500302500[]
1500302501[]
1500302502[]
1500302503[]
1500302504[]
1500302505[]
1500302506[]
1500302507[]
1500302508[]
1500302509[]
1500302510[]
1500302511[]
1500302512[]
1500302513[]
1500302514[]
1500302515[]
1500302516[]
1500302517[]
1500302518[]
1500302519[]
1500302520[]
1500302521[]
1500302522[]
1500302523[]
1500302524[]
1500302525[]
1500302526[]
1500302527[]
1500302528[]
1500302529[]
1500302530[]
1500302531[]
1500302532[]
1500302533[]
1500302534[]
1500302535[]
1500302536[]
1500302537[]
1500302538[]
1500302539[]
1500302540[]
1500302541[]
1500302542[]
1500302543[]
1500302544[]
1500302545[]
1500302546[]
1500302547[]
1500302548[]
1500302549[]
1500302550[]
1500302551[]
1500302552[]
1500302553[]
1500302554[]
1500302555[]
1500302556[]
1500302557[]
1500302558[]
1500302559[]
1500302560[]
1500302561[]
1500302562[]
1500302563[]
1500302564[]
1500302565[]
1500302566[]
1500302567[]
1500302568[]
1500302569[]
1500302570[]
1500302571[]
1500302572[]
1500302573[]
1500302574[]
1500302575[]
1500302576[]
1500302577[]
1500302578[]
1500302579[]
1500302580[]
1500302581[]
1500302582[]
1500302583[]
1500302584[]
1500302585[]
1500302586[]
1500302587[]
1500302588[]
1500302589[]
1500302590[]
1500302591[]
1500302592[]
1500302593[]
1500302594[]
1500302595[]
1500302596[]
1500302597[]
1500302598[]
1500302599[]
1500302600[]
1500302601[]
1500302602[]
1500302603[]
1500302604[]
1500302605[]
1500302606[]
1500302607[]
1500302608[]
1500302609[]
1500302610[]
1500302611[]
1500302612[]
1500302613[]
1500302614[]
1500302615[]
1500302616[]
1500302617[]
1500302618[]
1500302619[]
1500302620[]
1500302621[]
1500302622[]
1500302623[]
1500302624[]
1500302625[]
1500302626[]
1500302627[]
1500302628[]
1500302629[]
1500302630[]
1500302631[]
1500302632[]
1500302633[]
1500302634[]
1500302635[]
1500302636[]
1500302637[]
1500302638[]
1500302639[]
1500302640[]
1500302641[]
1500302642[]
1500302643[]
1500302644[]
1500302645[]
1500302646[]
1500302647[]
1500302648[]
1500302649[]
1500302650[]
1500302651[]
1500302652[]
1500302653[]
1500302654[]
1500302655[]
1500302656[]
1500302657[]
1500302658[]
1500302659[]
1500302660[]
1500302661[]
1500302662[]
1500302663[]
1500302664[]
1500302665[]
1500302666[]
1500302667[]
1500302668[]
1500302669[]
1500302670[]
1500302671[]
1500302672[]
1500302673[]
1500302674[]
1500302675[]
1500302676[]
1500302677[]
1500302678[]
1500302679[]
1500302680[]
1500302681[]
1500302682[]
1500302683[]
1500302684[]
1500302685[]
1500302686[]
1500302687[]
1500302688[]
1500302689[]
1500302690[]
1500302691[]
1500302692[]
1500302693[]
1500302694[]
1500302695[]
1500302696[]
1500302697[]
1500302698[]
1500302699[]
1500302700[]
1500302701[]
1500302702[]
1500302703[]
1500302704[]
1500302705[]
1500302706[]
1500302707[]
1500302708[]
1500302709[]
1500302710[]
1500302711[]
1500302712[]
1500302713[]
1500302714[]
1500302715[]
1500302716[]
1500302717[]
1500302718[]
1500302719[]
1500302720[]
1500302721[]
1500302722[]
1500302723[]
1500302724[]
1500302725[]
1500302726[]
1500302727[]
1500302728[]
1500302729[]
1500302730[]
1500302731[]
1500302732[]
1500302733[]
1500302734[]
1500302735[]
1500302736[]
1500302737[]
1500302738[]
1500302739[]
1500302740[]
1500302741[]
1500302742[]
1500302743[]
1500302744[]
1500302745[]
1500302746[]
1500302747[]
1500302748[]
1500302749[]
1500302750[]
1500302751[]
1500302752[]
1500302753[]
1500302754[]
1500302755[]
1500302756[]
1500302757[]
1500302758[]
1500302759[]
1500302760[]
1500302761[]
1500302762[]
1500302763[]
1500302764[]
1500302765[]
1500302766[]
1500302767[]
1500302768[]
1500302769[]
1500302770[]
1500302771[]
1500302772[]
1500302773[]
1500302774[]
1500302775[]
1500302776[]
1500302777[]
1500302778[]
1500302779[]
1500302780[]
1500302781[]
1500302782[]
1500302783[]
1500302784[]
1500302785[]
1500302786[]
1500302787[]
1500302788[]
1500302789[]
1500302790[]
1500302791[]
1500302792[]
1500302793[]
1500302794[]
1500302795[]
1500302796[]
1500302797[]
1500302798[]
1500302799[]
1500302800[]
1500302801[]
1500302802[]
1500302803[]
1500302804[]
1500302805[]
1500302806[]
1500302807[]
1500302808[]
1500302809[]
1500302810[]
1500302811[]
1500302812[]
1500302813[]
1500302814[]
1500302815[]
1500302816[]
1500302817[]
1500302818[]
1500302819[]
1500302820[]
1500302821[]
1500302822[]
1500302823[]
1500302824[]
1500302825[]
1500302826[]
1500302827[]
1500302828[]
1500302829[]
1500302830[]
1500302831[]
1500302832[]
1500302833[]
1500302834[]
1500302835[]
1500302836[]
1500302837[]
1500302838[]
1500302839[]
1500302840[]
1500302841[]
1500302842[]
1500302843[]
1500302844[]
1500302845[]
1500302846[]
1500302847[]
1500302848[]
1500302849[]
1500302850[]
1500302851[]
1500302852[]
1500302853[]
1500302854[]
1500302855[]
1500302856[]
1500302857[]
1500302858[]
1500302859[]
1500302860[]
1500302861[]
1500302862[]
1500302863[]
1500302864[]
1500302865[]
1500302866[]
1500302867[]
1500302868[]
1500302869[]
1500302870[]
1500302871[]
1500302872[]
1500302873[]
1500302874[]
1500302875[]
1500302876[]
1500302877[]
1500302878[]
1500302879[]
1500302880[]
1500302881[]
1500302882[]
1500302883[]
1500302884[]
1500302885[]
1500302886[]
1500302887[]
1500302888[]
1500302889[]
1500302890[]
1500302891[]
1500302892[]
1500302893[]
1500302894[]
1500302895[]
1500302896[]
1500302897[3 67 26 61 54 1 1; ]
1500302898[8 67 26 61 54 1 1; ]
1500302899[13 67 26 61 54 1 1; 2 69 29 64 55 1 1; ]
1500302900[19 67 25 61 54 1 1; 7 69 29 64 55 1 1; ]
1500302901[24 67 25 61 54 1 1; 11 69 29 64 55 1 1; ]
1500302902[29 67 25 61 54 1 1; 16 69 29 64 55 1 1; ]
1500302903[35 67 24 61 54 1 1; 20 69 29 64 55 1 1; ]
1500302904[39 67 25 61 54 1 1; 26 69 26 64 55 1 1; ]
1500302905[44 67 26 61 54 1 1; 32 69 24 64 55 1 1; ]
1500302906[49 67 27 61 54 1 1; 35 69 24 64 55 1 1; ]
1500302907[49 67 27 61 54 0 1; 38 69 24 64 55 1 1; ]
1500302908[49 67 27 61 54 0 1; ]
1500302909[49 67 27 61 54 0 1; ]
1500302910[]
1500302911[]
1500302912[]
1500302913[]
1500302914[]
1500302915[]
1500302916[]
1500302917[]
1500302918[]
1500302919[]
1500302920[]
1500302921[]
1500302922[]
1500302923[]
1500302924[]
1500302925[]
1500302926[]
1500302927[]
1500302928[]
1500302929[]
1500302930[]
1500302931[]
1500302932[]
1500302933[]
1500302934[]
1500302935[]
1500302936[]
1500302937[]
1500302938[]
1500302939[]
1500302940[]
1500302941[]
1500302942[]
1500302943[]
1500302944[]
1500302945[]
1500302946[]
1500302947[]
1500302948[]
1500302949[]
1500302950[]
1500302951[]
1500302952[]
1500302953[]
1500302954[]
1500302955[]
1500302956[]
1500302957[]
1500302958[]
1500302959[]
1500302960[]
1500302961[]
1500302962[]
1500302963[]
1500302964[]
1500302965[]
1500302966[]
1500302967[]
1500302968[]
1500302969[386 37 67 127 53 1 2; ]
1500302970[391 37 68 130 53 1 2; ]
1500302971[397 37 69 133 53 1 2; ]
1500302972[403 37 71 134 53 1 2; ]
1500302973[410 37 72 134 53 1 2; ]
1500302974[418 37 74 133 53 1 2; ]
1500302975[426 37 75 133 53 1 2; ]
