1500600001[]
1500600002[]
1500600003[450 77 18 36 0 0 0; 27 76 20 36 51 0 0; ]
1500600004[450 77 18 36 0 0 0; 29 77 19 35 51 0 0; ]
1500600005[450 77 18 36 0 0 0; 30 77 19 35 51 0 0; ]
1500600006[450 77 18 36 0 0 0; 31 77 18 35 51 0 0; ]
1500600007[450 77 18 36 0 0 0; 33 78 18 35 51 0 0; ]
1500600008[]
1500600009[33 77 20 39 1 0 0; 451 77 17 36 5 0 0; ]
1500600010[34 77 20 39 1 0 0; 451 77 17 36 5 0 0; ]
1500600011[35 77 20 39 1 0 0; 451 77 17 36 5 0 0; ]
1500600012[36 77 20 39 1 0 0; 451 77 17 36 5 0 0; ]
1500600013[37 77 20 39 1 0 0; 451 78 17 36 5 0 0; ]
1500600014[38 77 20 39 1 0 0; 451 78 17 36 5 0 0; ]
1500600015[39 77 20 39 1 0 0; 451 78 17 35 5 0 0; ]
1500600016[39 77 20 39 1 0 0; 451 78 17 35 5 0 0; ]
1500600017[40 77 20 39 1 0 0; 451 78 17 35 5 0 0; ]
1500600018[41 77 20 39 1 0 0; 451 78 17 35 5 0 0; ]
1500600019[42 77 20 39 1 0 0; 451 78 17 35 5 0 0; ]
1500600020[43 77 20 39 1 0 0; 451 79 17 35 5 0 0; ]
1500600021[44 77 20 39 1 0 0; 451 79 17 34 5 0 0; ]
1500600022[44 77 20 39 1 0 0; 451 79 17 34 5 0 0; ]
1500600023[45 77 20 39 1 0 0; 451 79 17 34 5 0 0; ]
1500600024[46 77 20 39 1 0 0; 451 79 17 34 5 0 0; ]
1500600025[46 77 20 39 1 0 0; 451 79 17 34 5 0 0; ]
1500600026[47 77 20 39 1 0 0; 451 79 17 34 5 0 0; ]
1500600027[48 77 20 39 1 0 0; 451 79 17 33 5 0 0; ]
1500600028[48 77 20 39 1 0 0; 451 80 17 33 5 0 0; ]
1500600029[49 77 20 39 1 1 0; 451 80 17 33 5 0 0; ]
1500600030[49 77 20 39 1 1 0; 452 80 17 33 5 0 0; ]
1500600031[49 77 20 39 1 1 0; 452 80 17 33 5 0 0; ]
1500600032[50 77 20 39 1 1 0; 452 80 17 33 5 0 0; ]
1500600033[50 77 20 39 1 1 0; 452 80 17 33 5 0 0; ]
1500600034[50 77 20 39 1 1 0; 452 80 17 32 5 0 0; ]
1500600035[50 77 20 39 1 1 0; 452 80 17 32 5 0 0; ]
1500600036[50 77 20 39 1 1 0; 452 80 17 32 5 0 0; ]
1500600037[50 77 20 39 1 1 0; 452 80 17 32 5 0 0; ]
1500600038[50 77 20 39 1 1 0; 452 81 17 32 5 0 0; ]
1500600039[50 77 20 39 1 1 0; 452 81 17 32 5 0 0; ]
1500600040[50 77 20 39 1 1 0; 452 81 17 32 5 0 0; ]
1500600041[50 77 20 39 1 1 0; 452 81 17 32 5 0 0; ]
1500600042[50 77 20 39 1 1 0; 452 81 17 32 5 0 0; ]
1500600043[50 77 20 39 1 1 0; 452 81 17 31 5 0 0; ]
1500600044[50 77 20 39 1 1 0; 452 81 17 31 5 0 0; ]
1500600045[50 77 20 39 1 1 0; 452 81 17 31 5 0 0; ]
1500600046[50 77 20 39 1 1 0; 452 81 17 31 5 0 0; ]
1500600047[51 77 20 39 1 1 0; 452 81 17 31 5 0 0; ]
1500600048[51 77 21 39 1 1 0; 452 81 17 31 5 0 0; ]
1500600049[51 77 21 39 1 1 0; 452 81 17 31 5 0 0; ]
1500600050[51 77 21 39 1 1 0; 452 81 17 31 5 0 0; ]
1500600051[51 77 21 39 1 1 0; 452 81 17 31 5 0 0; ]
1500600052[51 77 21 39 1 1 0; 452 82 17 31 5 0 0; ]
1500600053[51 76 21 40 1 1 0; 452 82 17 31 5 0 0; ]
1500600054[51 76 21 40 1 1 0; 452 82 17 30 5 0 0; ]
1500600055[51 76 21 40 1 1 0; 452 82 17 30 5 0 0; ]
1500600056[51 76 22 40 1 1 0; 452 82 17 30 5 0 0; ]
1500600057[51 76 22 40 1 1 0; 452 82 17 30 5 0 0; ]
1500600058[51 76 22 40 1 1 0; 452 82 17 30 5 0 0; ]
1500600059[51 76 22 40 1 1 0; 452 82 17 30 5 0 0; ]
1500600060[51 76 22 40 1 1 0; 452 82 17 30 5 0 0; ]
1500600061[51 76 22 40 1 1 0; 452 82 17 30 5 0 0; ]
1500600062[51 76 22 40 1 1 0; 452 82 17 30 5 0 0; ]
1500600063[51 76 22 40 1 1 0; 452 82 17 30 5 0 0; ]
1500600064[51 76 22 40 1 1 0; 452 82 17 30 5 0 0; ]
1500600065[51 76 23 40 1 1 0; 452 82 17 30 5 0 0; ]
1500600066[51 76 23 40 1 1 0; 452 82 17 30 5 0 0; ]
1500600067[51 76 23 40 1 1 0; 452 82 17 30 5 0 0; ]
1500600068[51 76 23 40 1 1 0; 452 82 17 30 5 0 0; ]
1500600069[51 76 23 40 1 1 0; 452 82 17 30 5 0 0; ]
1500600070[51 76 23 40 1 1 0; 452 82 17 30 5 0 0; ]
1500600071[51 75 23 41 1 1 0; 452 82 17 30 5 0 0; ]
1500600072[51 75 23 41 1 1 0; 452 82 17 30 5 0 0; ]
1500600073[52 75 23 41 1 1 0; 452 82 17 30 5 0 0; ]
1500600074[52 75 23 41 1 1 0; 452 82 17 30 5 0 0; ]
1500600075[52 75 23 41 1 1 0; 452 82 17 30 5 0 0; ]
1500600076[53 75 23 41 1 1 0; 452 82 17 30 5 0 0; ]
1500600077[53 75 23 41 1 1 0; 452 82 17 30 5 0 0; ]
1500600078[54 75 23 41 1 1 0; 451 82 17 30 5 0 0; ]
1500600079[54 75 23 41 1 1 0; 451 82 17 30 5 0 0; ]
1500600080[55 75 23 41 1 1 0; 451 82 17 30 5 0 0; ]
1500600081[56 75 23 42 1 1 0; 451 82 17 30 5 0 0; ]
1500600082[56 75 23 42 1 1 0; 451 82 17 30 5 0 0; ]
1500600083[57 75 23 42 1 1 0; 451 82 17 30 5 0 0; ]
1500600084[58 75 24 42 1 1 0; 450 82 17 30 5 0 0; ]
1500600085[59 74 24 42 1 1 0; 450 82 17 30 5 0 0; ]
1500600086[60 74 24 42 1 1 0; 450 82 17 30 5 0 0; ]
1500600087[61 74 24 43 1 1 0; 450 82 17 30 5 0 0; ]
1500600088[62 74 24 43 1 1 0; 450 82 17 30 5 0 0; ]
1500600089[63 74 24 43 1 1 0; 449 82 17 30 5 0 0; ]
1500600090[65 74 24 43 1 1 0; 449 82 18 30 5 0 0; ]
1500600091[66 74 24 43 1 1 0; 449 82 18 30 5 0 0; ]
1500600092[67 74 24 44 1 1 0; 449 82 18 30 5 0 0; ]
1500600093[69 74 25 44 1 1 0; 448 82 18 30 5 0 0; ]
1500600094[70 74 25 44 1 1 0; 448 81 18 30 5 0 0; ]
1500600095[71 73 25 44 1 1 0; 448 81 18 30 5 0 0; ]
1500600096[73 73 25 44 1 1 0; 447 81 18 30 5 0 0; ]
1500600097[74 73 25 44 1 1 0; 447 81 18 30 5 0 0; ]
1500600098[76 73 25 44 1 1 0; 447 81 18 30 5 0 0; ]
1500600099[78 73 25 45 1 1 0; 447 81 18 30 5 0 0; ]
1500600100[80 73 24 45 1 1 0; 446 81 18 30 5 0 0; ]
1500600101[82 73 24 45 1 1 0; 446 81 18 30 5 0 0; ]
1500600102[84 73 24 45 1 1 0; 446 81 18 31 5 0 0; ]
1500600103[86 73 24 45 1 1 0; 446 81 18 31 5 0 0; ]
1500600104[88 73 24 45 1 1 0; 446 81 18 31 5 0 0; ]
1500600105[90 73 24 45 1 1 0; 445 81 18 31 5 0 0; ]
1500600106[92 73 24 45 1 1 0; 445 81 18 31 5 0 0; ]
1500600107[93 73 24 45 1 1 0; 445 81 18 31 5 0 0; ]
1500600108[95 73 24 45 1 1 0; 445 81 18 31 5 0 0; ]
1500600109[96 73 24 45 1 1 0; 445 81 18 31 5 0 0; ]
1500600110[98 73 24 45 1 1 0; 445 81 18 31 5 0 0; ]
1500600111[100 73 24 45 1 1 0; 444 81 18 31 5 0 0; ]
1500600112[101 73 24 46 1 1 0; 444 81 18 31 5 0 0; ]
1500600113[103 72 25 46 1 1 0; 444 81 18 31 5 0 0; ]
1500600114[105 72 25 46 1 1 0; 444 81 18 31 5 0 0; ]
1500600115[107 72 25 46 1 1 0; 444 81 18 31 5 0 0; ]
1500600116[109 72 25 46 1 1 0; 444 81 18 31 5 0 0; ]
1500600117[110 72 25 46 1 1 0; 443 81 18 31 5 0 0; ]
1500600118[112 72 25 46 1 1 0; 443 81 18 31 5 0 0; ]
1500600119[114 72 25 46 1 1 0; 443 81 18 31 5 0 0; ]
1500600120[116 72 25 46 1 1 0; 443 81 18 31 5 0 0; ]
1500600121[118 72 25 46 1 1 0; 443 81 18 31 5 0 0; ]
1500600122[120 72 25 46 1 1 0; 443 81 18 31 5 0 0; ]
1500600123[122 72 25 46 1 1 0; 443 81 18 31 5 0 0; ]
1500600124[125 72 25 46 1 1 0; 442 81 18 31 5 0 0; ]
1500600125[127 72 26 46 1 1 0; 442 81 18 31 5 0 0; ]
1500600126[129 72 26 46 1 1 0; 442 81 18 31 5 0 0; ]
1500600127[131 72 26 46 1 1 0; 442 81 18 31 5 0 0; ]
1500600128[133 72 26 46 1 1 0; 442 81 18 31 5 0 0; ]
1500600129[135 72 26 46 1 1 0; 442 81 18 31 5 0 0; ]
1500600130[138 72 26 46 1 1 0; 441 81 18 31 5 0 0; ]
1500600131[140 72 26 46 1 1 0; 441 81 18 31 5 0 0; ]
1500600132[142 72 26 46 1 1 0; 441 81 18 31 5 0 0; ]
1500600133[144 72 26 46 1 1 0; 441 81 18 32 5 0 0; ]
1500600134[147 72 26 46 1 1 0; 441 82 18 32 5 0 0; ]
1500600135[149 72 26 46 1 1 0; 441 82 18 32 5 0 0; ]
1500600136[151 72 26 46 1 1 0; 441 82 18 32 5 0 0; ]
1500600137[154 72 26 46 1 1 0; 440 82 17 32 5 0 0; ]
1500600138[156 72 26 46 1 1 0; 440 82 17 32 5 0 0; ]
1500600139[159 72 26 46 1 1 0; 440 82 17 32 5 0 0; ]
1500600140[161 72 26 46 1 1 0; 440 82 17 32 5 0 0; ]
1500600141[164 72 26 46 1 1 0; 440 82 17 32 5 0 0; ]
1500600142[166 72 26 46 1 1 0; 479 72 31 53 2 0 0; 440 82 17 32 5 0 0; ]
1500600143[169 72 26 47 1 1 0; 477 72 31 53 2 0 0; 440 82 17 32 5 0 0; ]
1500600144[172 72 26 47 1 1 0; 474 72 31 53 2 0 0; 440 82 17 32 5 0 0; ]
1500600145[174 72 26 47 1 1 0; 472 72 31 53 2 0 0; 439 82 17 32 5 0 0; ]
1500600146[177 72 26 47 1 1 0; 470 72 31 53 2 0 0; 439 82 17 32 5 0 0; ]
1500600147[180 72 26 47 1 1 0; 468 72 31 53 2 0 0; 439 82 17 32 5 0 0; ]
1500600148[183 72 26 47 1 1 0; 465 72 31 53 2 0 0; 439 82 16 32 5 0 0; ]
1500600149[186 72 26 47 1 1 0; 463 72 31 53 2 0 0; 439 82 16 32 5 1 0; ]
1500600150[189 72 27 47 1 1 0; 461 72 31 53 2 0 0; 439 82 16 32 5 1 0; ]
1500600151[192 72 27 47 1 1 0; 459 72 31 53 2 0 0; 438 82 16 32 5 1 0; ]
1500600152[195 72 27 47 1 1 0; 456 72 31 53 2 0 0; 438 82 16 32 5 1 0; ]
1500600153[198 72 27 47 1 1 0; 454 73 31 53 2 0 0; 438 82 16 32 5 1 0; ]
1500600154[201 72 27 47 1 0 0; 452 73 31 53 2 0 0; 437 82 16 32 5 1 0; ]
1500600155[204 72 27 47 1 0 0; 450 73 31 53 2 0 0; 437 82 16 31 5 1 0; ]
1500600156[207 72 27 47 1 0 0; 447 73 31 53 2 0 0; 437 82 15 31 5 1 0; ]
1500600157[210 72 27 47 1 0 0; 445 73 31 53 2 0 0; 437 82 15 31 5 1 0; ]
1500600158[214 72 27 47 1 0 0; 443 73 31 53 2 0 0; 436 82 15 31 5 1 0; ]
1500600159[217 72 27 47 1 0 0; 441 73 31 53 2 0 0; 436 82 15 31 5 1 0; ]
1500600160[220 73 27 47 1 0 0; 438 73 31 53 2 0 0; 436 82 15 31 5 1 0; ]
1500600161[223 73 27 47 1 0 0; 436 73 31 53 2 0 0; 435 82 15 31 5 1 0; ]
1500600162[227 73 27 47 1 0 0; 434 73 31 54 2 0 0; 435 82 14 31 5 1 0; ]
1500600163[230 73 27 47 1 0 0; 431 73 31 54 2 0 0; ]
1500600164[233 73 27 47 1 0 0; 429 73 31 54 2 0 0; ]
1500600165[237 73 28 47 1 0 0; 427 73 31 54 2 0 0; ]
1500600166[240 73 28 47 1 0 0; 425 73 31 54 2 0 0; ]
1500600167[244 73 28 47 1 0 0; 422 73 31 54 2 0 0; ]
1500600168[247 73 28 47 1 0 0; 420 73 31 54 2 0 0; ]
1500600169[251 73 28 47 1 0 0; 418 73 31 54 2 0 0; ]
1500600170[254 73 28 47 1 0 0; 416 73 31 54 2 0 0; ]
1500600171[258 73 28 48 1 0 0; 413 73 31 54 2 0 0; ]
1500600172[262 73 28 48 1 0 0; 411 73 31 54 2 0 0; ]
1500600173[265 73 28 48 1 0 0; 409 73 31 54 2 0 0; ]
1500600174[269 73 28 48 1 0 0; 406 73 31 54 2 0 0; ]
1500600175[273 73 28 48 1 0 0; 404 73 31 54 2 0 0; 430 83 16 32 6 0 0; ]
1500600176[276 73 28 48 1 0 0; 402 73 31 54 2 0 0; 429 83 16 32 6 0 0; ]
1500600177[280 73 28 48 1 0 0; 400 73 31 54 2 0 0; 429 83 16 32 6 0 0; ]
1500600178[284 74 28 48 1 0 0; 397 73 31 54 2 0 0; 428 83 16 32 6 0 0; ]
1500600179[288 74 28 48 1 0 0; 395 73 31 54 2 0 0; 428 83 16 32 6 0 0; ]
1500600180[292 74 28 48 1 0 0; 393 73 31 54 2 0 0; 428 83 16 32 6 0 0; ]
1500600181[296 74 28 48 1 0 0; 391 73 31 54 2 0 0; 427 83 16 32 6 0 0; ]
1500600182[300 74 28 48 1 0 0; 388 73 31 54 2 0 0; 427 83 16 32 6 0 0; ]
1500600183[303 74 28 48 1 0 0; 386 73 31 54 2 0 0; 426 83 16 32 6 0 0; ]
1500600184[307 74 28 48 1 0 0; 384 73 31 54 2 0 0; 426 83 16 32 6 0 0; ]
1500600185[311 74 28 48 1 0 0; 381 73 31 54 2 0 0; 425 83 16 32 6 0 0; ]
1500600186[315 74 28 48 1 0 0; 379 73 31 54 2 0 0; 425 83 16 32 6 0 0; ]
1500600187[320 74 28 48 1 0 0; 377 73 31 54 2 0 0; 425 83 16 32 6 0 0; ]
1500600188[324 74 28 48 1 0 0; 374 73 31 54 2 0 0; 424 83 16 32 6 0 0; ]
1500600189[329 74 28 48 1 0 0; 372 73 31 54 2 0 0; 424 83 16 32 6 0 0; ]
1500600190[333 74 28 48 1 0 0; 370 73 31 54 2 0 0; 423 83 16 31 6 0 0; ]
1500600191[337 74 28 48 1 0 0; 368 73 31 54 2 0 0; 423 83 16 31 6 0 0; ]
1500600192[341 74 28 48 1 0 0; 365 73 31 54 2 0 0; 423 83 16 31 6 0 0; ]
1500600193[345 74 28 48 1 0 0; 363 73 31 54 2 0 0; 422 83 17 31 6 0 0; ]
1500600194[349 74 28 48 1 0 0; 360 73 31 54 2 0 0; 422 83 17 31 6 0 0; ]
1500600195[353 74 27 48 1 1 0; 358 73 31 54 2 0 0; 421 83 17 31 6 0 0; ]
1500600196[356 73 31 55 2 0 0; 421 83 17 31 6 0 0; ]
1500600197[353 73 31 55 2 0 0; 420 83 17 31 6 0 0; ]
1500600198[351 73 31 55 2 0 0; 420 83 17 31 6 0 0; 366 72 27 50 8 1 0; ]
1500600199[349 73 31 55 2 0 0; 420 83 17 31 6 0 0; 370 72 27 50 8 0 0; ]
1500600200[346 73 31 55 2 0 0; 419 83 17 31 6 0 0; 375 72 28 50 8 0 0; ]
1500600201[344 73 31 55 2 0 0; 419 83 17 31 6 0 0; 379 72 28 50 8 0 0; ]
1500600202[341 73 31 55 2 0 0; 418 83 17 31 6 0 0; 383 72 28 50 8 0 0; ]
1500600203[339 73 31 55 2 0 0; 418 83 17 31 6 0 0; 388 72 28 50 8 0 0; ]
1500600204[337 73 31 55 2 0 0; 418 83 17 31 6 0 0; 392 72 28 50 8 0 0; ]
1500600205[334 73 31 55 2 0 0; 417 83 17 31 6 0 0; 396 71 29 50 8 0 0; ]
1500600206[332 73 31 55 2 0 0; 415 83 20 34 6 0 0; 401 71 29 51 8 0 0; ]
1500600207[329 73 31 55 2 0 0; 415 83 20 34 6 0 0; 405 71 29 51 8 0 0; ]
1500600208[327 73 31 55 2 0 0; 409 71 29 51 8 0 0; ]
1500600209[324 73 31 55 2 0 0; 414 71 29 51 8 0 0; ]
1500600210[322 73 31 55 2 0 0; 418 71 29 51 8 0 0; ]
1500600211[319 73 31 55 2 0 0; 423 71 29 51 8 0 0; ]
1500600212[317 73 31 55 2 0 0; 427 71 29 51 8 0 0; ]
1500600213[314 73 31 55 2 0 0; 431 71 29 51 8 0 0; ]
1500600214[312 73 31 55 2 0 0; 436 71 29 51 8 0 0; ]
1500600215[309 73 31 55 2 0 0; 440 71 29 51 8 0 0; ]
1500600216[307 73 31 55 2 0 0; 445 71 29 51 8 0 0; ]
1500600217[304 73 31 55 2 0 0; 449 71 29 51 8 0 0; ]
1500600218[302 73 31 55 2 0 0; 454 71 29 51 8 0 0; ]
1500600219[299 73 31 55 2 0 0; 458 71 29 51 8 0 0; ]
1500600220[296 73 31 56 2 0 0; 463 71 29 51 8 0 0; ]
1500600221[294 73 31 56 2 0 0; 467 71 29 51 8 0 0; ]
1500600222[291 73 31 56 2 0 0; 471 71 29 51 8 0 0; ]
1500600223[288 73 31 56 2 0 0; 476 71 29 51 8 0 0; ]
1500600224[286 73 31 56 2 0 0; 480 71 29 51 8 0 0; ]
1500600225[283 73 31 56 2 0 0; ]
1500600226[280 73 31 56 2 0 0; ]
1500600227[278 73 31 56 2 0 0; ]
1500600228[275 73 31 56 2 0 0; ]
1500600229[272 73 31 56 2 0 0; ]
1500600230[269 73 31 56 2 0 0; ]
1500600231[267 73 31 56 2 0 0; ]
1500600232[264 73 31 56 2 0 0; ]
1500600233[261 73 31 56 2 0 0; ]
1500600234[258 73 31 56 2 0 0; ]
1500600235[255 73 31 56 2 0 0; ]
1500600236[253 73 31 56 2 0 0; ]
1500600237[250 73 31 56 2 0 0; ]
1500600238[247 73 31 56 2 0 0; ]
1500600239[244 73 31 56 2 0 0; ]
1500600240[241 73 31 56 2 0 0; ]
1500600241[238 73 31 57 2 0 0; ]
1500600242[235 73 31 57 2 0 0; ]
1500600243[232 73 31 57 2 0 0; ]
1500600244[229 73 31 57 2 0 0; ]
1500600245[226 73 31 57 2 0 0; ]
1500600246[223 73 31 57 2 0 0; ]
1500600247[219 73 31 57 2 0 0; ]
1500600248[216 73 31 57 2 0 0; ]
1500600249[213 73 31 57 2 0 0; ]
1500600250[210 73 31 57 2 0 0; ]
1500600251[207 73 31 57 2 0 0; ]
1500600252[203 72 31 57 2 0 0; ]
1500600253[200 72 31 57 2 0 0; ]
1500600254[197 72 31 57 2 0 0; ]
1500600255[193 72 31 57 2 0 0; 479 64 30 71 3 0 0; ]
1500600256[190 72 31 57 2 0 0; 474 64 30 71 3 0 0; ]
1500600257[186 72 31 58 2 0 0; 469 64 30 71 3 0 0; ]
1500600258[183 72 31 58 2 0 0; 463 65 30 71 3 0 0; 485 75 24 53 4 0 0; ]
1500600259[180 72 31 58 2 0 0; 458 65 30 71 3 0 0; 480 75 24 53 4 0 0; ]
1500600260[176 72 31 58 2 0 0; 453 65 30 71 3 0 0; 475 75 24 53 4 0 0; ]
1500600261[173 72 31 58 2 0 0; 447 65 30 71 3 0 0; 469 75 24 53 4 0 0; ]
1500600262[169 72 31 58 2 0 0; 442 65 30 71 3 0 0; 464 75 24 53 4 0 0; ]
1500600263[166 72 31 58 2 0 0; 437 65 30 71 3 0 0; 459 75 24 53 4 0 0; ]
1500600264[162 72 31 58 2 0 0; 431 65 30 71 3 0 0; 453 75 24 53 4 0 0; ]
1500600265[158 72 31 58 2 0 0; 426 65 30 71 3 0 0; 448 75 24 53 4 0 0; ]
1500600266[155 71 31 58 2 0 0; 421 65 30 71 3 0 0; 443 75 25 53 4 0 0; ]
1500600267[151 71 31 58 2 0 0; 415 65 30 71 3 0 0; 437 75 25 53 4 0 0; ]
1500600268[148 71 31 58 2 0 0; 410 65 30 71 3 0 0; 432 75 25 53 4 0 0; ]
1500600269[144 71 31 58 2 0 0; 405 65 30 71 3 0 0; 427 75 25 53 4 0 0; ]
1500600270[140 71 31 58 2 0 0; 399 65 30 71 3 0 0; 421 75 25 53 4 0 0; ]
1500600271[137 71 31 59 2 0 0; 394 65 30 71 3 0 0; 416 75 25 53 4 0 0; ]
1500600272[133 71 31 59 2 0 0; 389 65 30 71 3 0 0; 411 75 25 53 4 0 0; ]
1500600273[129 71 31 59 2 0 0; 384 66 30 71 3 0 0; 405 75 25 53 4 0 0; ]
1500600274[125 71 31 59 2 0 0; 378 66 30 71 3 0 0; 400 75 25 53 4 0 0; ]
1500600275[122 71 31 59 2 0 0; 373 66 30 71 3 0 0; 395 75 25 53 4 0 0; ]
1500600276[118 71 31 59 2 0 0; 368 66 30 71 3 0 0; 390 75 25 53 4 0 0; ]
1500600277[114 71 31 59 2 0 0; 362 66 30 71 3 0 0; 384 75 25 53 4 0 0; ]
1500600278[110 70 32 59 2 0 0; 357 66 30 71 3 0 0; 379 75 25 53 4 0 0; ]
1500600279[106 70 32 59 2 0 0; 352 66 30 71 3 0 0; 374 75 25 53 4 0 0; ]
1500600280[103 70 32 59 2 0 0; 347 66 30 71 3 0 0; 369 75 26 53 4 0 0; ]
1500600281[99 70 32 59 2 0 0; 341 66 30 71 3 0 0; 363 75 26 53 4 0 0; ]
1500600282[95 70 32 59 2 0 0; 336 66 30 71 3 0 0; 358 75 26 53 4 0 0; ]
1500600283[91 70 32 59 2 0 0; 331 66 30 71 3 0 0; 353 75 26 53 4 0 0; ]
1500600284[87 70 32 60 2 0 0; 326 66 30 71 3 0 0; 348 75 26 53 4 0 0; ]
1500600285[83 70 32 60 2 0 0; 320 66 30 71 3 0 0; 343 75 26 53 4 0 0; ]
1500600286[79 70 32 60 2 0 0; 315 66 30 71 3 0 0; 337 75 26 53 4 0 0; ]
1500600287[75 70 32 60 2 0 0; 310 66 30 71 3 0 0; 332 75 26 53 4 0 0; ]
1500600288[71 70 32 60 2 0 0; 305 66 30 71 3 0 0; 327 75 26 53 4 0 0; ]
1500600289[67 70 32 60 2 0 0; 299 66 30 71 3 0 0; 322 75 26 53 4 0 0; ]
1500600290[63 70 32 60 2 0 0; 294 66 30 71 3 0 0; 317 75 26 53 4 0 0; ]
1500600291[59 69 32 60 2 0 0; 289 66 30 71 3 0 0; 312 75 26 53 4 0 0; ]
1500600292[55 69 32 60 2 0 0; 284 66 30 71 3 0 0; 306 75 26 53 4 0 0; ]
1500600293[51 69 32 60 2 0 0; 278 66 30 71 3 0 0; 301 75 26 53 4 0 0; ]
1500600294[46 69 32 60 2 0 0; 273 66 30 71 3 0 0; 296 75 26 53 4 0 0; ]
1500600295[42 69 33 60 2 0 0; 268 66 30 71 3 0 0; 291 75 26 53 4 0 0; ]
1500600296[37 69 33 60 2 0 0; 263 66 30 71 3 0 0; 286 75 26 53 4 0 0; ]
1500600297[33 69 33 61 2 0 0; 257 66 30 71 3 0 0; 281 75 26 53 4 0 0; ]
1500600298[28 69 33 61 2 0 0; 252 66 30 70 3 0 0; 276 75 26 53 4 0 0; ]
1500600299[24 69 33 61 2 0 0; 247 66 30 70 3 0 0; 271 75 26 53 4 0 0; ]
1500600300[19 69 33 61 2 0 0; 242 66 31 70 3 0 0; 266 75 26 53 4 0 0; ]
1500600301[15 69 34 61 2 0 0; 236 66 31 70 3 0 0; 261 75 26 53 4 0 0; ]
1500600302[10 69 34 61 2 0 0; 231 66 31 70 3 0 0; 255 75 26 53 4 0 0; ]
1500600303[6 68 34 61 2 0 0; 226 66 31 70 3 0 0; 250 75 26 53 4 0 0; ]
1500600304[1 68 34 61 2 0 0; 221 66 31 70 3 0 0; 245 75 26 53 4 0 0; ]
1500600305[215 66 31 70 3 0 0; 240 75 26 53 4 0 0; ]
1500600306[210 66 31 69 3 0 0; 235 75 26 53 4 0 0; ]
1500600307[205 66 31 69 3 0 0; 230 75 26 53 4 0 0; ]
1500600308[200 66 32 69 3 0 0; 225 75 26 53 4 0 0; ]
1500600309[195 66 32 69 3 0 0; 220 75 26 53 4 0 0; ]
1500600310[190 66 32 69 3 0 0; 215 75 26 53 4 0 0; ]
1500600311[184 66 32 69 3 0 0; 210 75 26 53 4 0 0; ]
1500600312[179 66 32 69 3 0 0; 205 75 26 53 4 0 0; ]
1500600313[174 66 32 69 3 0 0; 200 75 26 53 4 0 0; ]
1500600314[169 66 32 69 3 0 0; 196 75 26 53 4 0 0; ]
1500600315[164 66 32 69 3 0 0; 191 75 26 53 4 0 0; ]
1500600316[159 66 32 69 3 0 0; 186 74 26 53 4 0 0; ]
1500600317[154 66 32 69 3 0 0; 181 74 26 53 4 0 0; ]
1500600318[149 66 32 69 3 0 0; 176 74 26 53 4 0 0; ]
1500600319[144 66 32 69 3 0 0; 171 74 26 53 4 0 0; ]
1500600320[139 66 32 69 3 0 0; 166 74 26 54 4 0 0; ]
1500600321[134 66 32 69 3 0 0; 161 74 26 54 4 0 0; ]
1500600322[129 66 32 69 3 0 0; 156 74 26 54 4 0 0; ]
1500600323[124 66 32 69 3 0 0; 151 74 26 54 4 0 0; ]
1500600324[119 66 32 69 3 0 0; 146 74 26 54 4 0 0; ]
1500600325[115 66 32 69 3 0 0; 142 74 26 54 4 0 0; ]
1500600326[110 66 32 69 3 0 0; 137 74 26 54 4 0 0; ]
1500600327[105 66 32 69 3 0 0; 132 74 26 54 4 0 0; ]
1500600328[100 66 32 69 3 0 0; 127 74 26 54 4 0 0; ]
1500600329[95 66 32 69 3 0 0; 122 74 25 54 4 0 0; ]
1500600330[90 66 32 69 3 0 0; 117 74 25 54 4 0 0; ]
1500600331[85 66 32 69 3 0 0; 113 74 25 54 4 0 0; ]
1500600332[80 65 32 69 3 0 0; 108 74 25 54 4 0 0; ]
1500600333[75 65 32 70 3 0 0; 103 74 25 54 4 0 0; ]
1500600334[71 65 32 70 3 0 0; 98 73 25 54 4 0 0; ]
1500600335[66 65 32 70 3 0 0; 93 73 25 54 4 0 0; ]
1500600336[61 65 32 70 3 0 0; 88 73 25 54 4 0 0; ]
1500600337[56 65 32 70 3 0 0; 84 73 25 54 4 0 0; ]
1500600338[51 65 32 70 3 0 0; 79 73 25 54 4 0 0; ]
1500600339[46 65 32 70 3 0 0; 74 73 24 54 4 0 0; ]
1500600340[42 65 32 70 3 0 0; 69 73 24 54 4 0 0; ]
1500600341[37 65 32 70 3 0 0; 65 73 24 54 4 0 0; ]
1500600342[32 65 32 70 3 0 0; 60 73 24 54 4 0 0; ]
1500600343[27 64 32 70 3 0 0; 55 73 24 54 4 0 0; ]
1500600344[23 64 32 70 3 0 0; 50 73 24 54 4 0 0; ]
1500600345[18 64 32 70 3 0 0; 46 72 24 55 4 0 0; ]
1500600346[13 64 32 70 3 0 0; 41 72 24 55 4 0 0; ]
1500600347[8 64 32 71 3 0 0; 36 72 24 55 4 0 0; ]
1500600348[4 64 32 71 3 0 0; 31 72 24 55 4 0 0; ]
1500600349[27 72 23 55 4 0 0; ]
1500600350[22 72 23 55 4 0 0; ]
1500600351[17 72 23 55 4 0 0; ]
1500600352[13 72 23 55 4 0 0; ]
1500600353[8 72 23 55 4 0 0; ]
1500600354[3 72 23 55 4 0 0; ]
1500600355[]
1500600356[]
1500600357[]
1500600358[]
1500600359[]
1500600360[]
1500600361[]
1500600362[]
1500600363[]
1500600364[]
1500600365[]
1500600366[]
1500600367[]
1500600368[]
1500600369[]
1500600370[]
1500600371[]
1500600372[]
1500600373[]
1500600374[]
1500600375[]
1500600376[]
1500600377[]
1500600378[]
1500600379[]
1500600380[]
1500600381[]
1500600382[]
1500600383[]
1500600384[]
1500600385[]
1500600386[]
1500600387[]
1500600388[]
1500600389[]
1500600390[]
1500600391[]
1500600392[]
1500600393[]
1500600394[]
1500600395[]
1500600396[]
1500600397[]
1500600398[]
1500600399[]
1500600400[]
1500600401[]
1500600402[]
1500600403[]
1500600404[]
1500600405[50 82 20 40 9 1 0; ]
1500600406[49 82 20 40 9 1 0; ]
1500600407[49 82 20 40 9 1 0; ]
1500600408[48 82 20 40 9 1 0; ]
1500600409[47 82 20 40 9 1 0; ]
1500600410[47 82 20 40 9 1 0; ]
1500600411[46 82 20 40 9 1 0; ]
1500600412[45 82 20 40 9 1 0; ]
1500600413[45 82 20 40 9 0 0; ]
1500600414[44 82 20 40 9 0 0; ]
1500600415[43 81 20 40 9 0 0; ]
1500600416[42 81 20 40 9 0 0; ]
1500600417[42 81 20 40 9 0 0; ]
1500600418[41 81 20 41 9 0 0; ]
1500600419[40 81 20 41 9 0 0; ]
1500600420[40 81 20 41 9 0 0; ]
1500600421[39 81 20 41 9 0 0; ]
1500600422[38 81 20 41 9 0 0; ]
1500600423[38 81 20 41 9 0 0; ]
1500600424[37 81 20 41 9 0 0; ]
1500600425[36 81 20 41 9 0 0; ]
1500600426[36 81 20 41 9 0 0; ]
1500600427[35 81 20 41 9 0 0; ]
1500600428[34 81 20 41 9 0 0; ]
1500600429[34 81 20 41 9 0 0; ]
1500600430[33 81 20 41 9 0 0; ]
1500600431[32 81 20 41 9 0 0; ]
1500600432[32 81 20 41 9 0 0; ]
1500600433[31 81 20 41 9 0 0; ]
1500600434[31 81 20 41 9 0 0; ]
1500600435[30 81 20 41 9 0 0; ]
1500600436[29 81 20 41 9 0 0; ]
1500600437[29 80 20 41 9 0 0; ]
1500600438[28 80 20 41 9 0 0; ]
1500600439[28 80 20 41 9 0 0; ]
1500600440[27 80 20 41 9 0 0; ]
1500600441[26 80 20 41 9 0 0; ]
1500600442[26 80 20 41 9 0 0; ]
1500600443[25 80 20 41 9 0 0; ]
1500600444[25 80 20 42 9 0 0; ]
1500600445[24 80 20 42 9 0 0; ]
1500600446[23 80 20 42 9 0 0; ]
1500600447[23 80 20 42 9 0 0; ]
1500600448[22 80 20 42 9 0 0; ]
1500600449[22 80 20 42 9 0 0; ]
1500600450[21 80 20 42 9 0 0; ]
1500600451[20 80 20 42 9 0 0; ]
1500600452[20 80 21 42 9 0 0; ]
1500600453[19 80 21 42 9 0 0; ]
1500600454[18 80 21 42 9 0 0; ]
1500600455[18 80 21 42 9 0 0; ]
1500600456[17 80 21 42 9 0 0; ]
1500600457[17 80 21 42 9 0 0; ]
1500600458[16 80 21 42 9 0 0; ]
1500600459[16 80 21 42 9 0 0; ]
1500600460[16 80 21 42 9 0 0; ]
1500600461[15 80 22 42 9 0 0; ]
1500600462[15 80 22 42 9 0 0; ]
1500600463[15 80 22 42 9 0 0; ]
1500600464[15 80 22 42 9 0 0; ]
1500600465[14 80 22 42 9 0 0; ]
1500600466[14 80 22 42 9 0 0; ]
1500600467[14 80 22 42 9 0 0; ]
1500600468[14 80 22 42 9 0 0; ]
1500600469[14 80 22 42 9 0 0; ]
1500600470[14 80 22 42 9 0 0; ]
1500600471[13 80 22 43 9 0 0; ]
1500600472[13 80 22 43 9 0 0; ]
1500600473[13 80 22 43 9 0 0; ]
1500600474[13 79 22 43 9 0 0; ]
1500600475[13 79 22 43 9 0 0; ]
1500600476[13 79 22 43 9 0 0; ]
1500600477[13 79 22 43 9 0 0; ]
1500600478[13 79 23 43 9 0 0; ]
1500600479[12 79 23 43 9 0 0; ]
1500600480[12 79 23 43 9 0 0; ]
1500600481[12 79 23 44 9 0 0; ]
1500600482[12 79 23 44 9 0 0; ]
1500600483[12 79 23 44 9 0 0; ]
1500600484[12 79 23 44 9 0 0; ]
1500600485[12 79 23 44 9 0 0; ]
1500600486[12 79 23 44 9 0 0; ]
1500600487[12 79 23 44 9 0 0; ]
1500600488[13 79 24 45 9 0 0; ]
1500600489[13 79 24 45 9 0 0; ]
1500600490[13 79 24 45 9 0 0; ]
1500600491[13 79 25 45 9 0 0; ]
1500600492[14 79 25 45 9 0 0; ]
1500600493[14 79 25 46 9 0 0; ]
1500600494[15 79 25 46 9 0 0; ]
1500600495[15 79 26 46 9 0 0; ]
1500600496[16 79 26 46 9 0 0; ]
1500600497[16 79 26 46 9 0 0; ]
1500600498[17 80 26 46 9 0 0; ]
1500600499[18 80 27 47 9 0 0; ]
1500600500[18 80 27 47 9 0 0; ]
1500600501[19 80 27 47 9 0 0; ]
1500600502[20 80 27 47 9 0 0; ]
1500600503[21 80 28 47 9 0 0; ]
1500600504[22 79 28 47 9 0 0; ]
1500600505[24 79 28 47 9 0 0; ]
1500600506[25 79 27 47 9 0 0; ]
1500600507[27 79 26 47 9 0 0; ]
1500600508[28 79 25 47 9 0 0; ]
1500600509[30 79 25 47 9 0 0; ]
1500600510[32 79 24 47 9 0 0; ]
1500600511[33 79 25 47 9 0 0; ]
1500600512[35 78 25 47 9 0 0; ]
1500600513[37 78 26 47 9 0 0; ]
1500600514[39 78 28 47 9 0 0; ]
1500600515[41 78 29 47 9 1 0; ]
1500600516[42 78 30 47 9 1 0; ]
1500600517[44 78 31 47 9 1 0; ]
1500600518[46 78 31 47 9 1 0; ]
1500600519[48 77 32 47 9 1 0; ]
1500600520[50 77 32 47 9 1 0; ]
1500600521[52 77 32 47 9 1 0; ]
1500600522[54 77 32 47 9 1 0; ]
1500600523[56 77 32 47 9 1 0; ]
1500600524[58 77 33 47 9 1 0; ]
1500600525[60 77 33 47 9 1 0; ]
1500600526[62 77 33 47 9 1 0; ]
1500600527[64 77 33 47 9 1 0; ]
1500600528[66 77 33 47 9 1 0; ]
1500600529[69 77 33 47 9 1 0; ]
1500600530[71 77 33 47 9 1 0; ]
1500600531[73 77 34 47 9 1 0; ]
1500600532[75 77 34 47 9 1 0; ]
1500600533[78 77 34 47 9 1 0; ]
1500600534[80 77 34 47 9 1 0; ]
1500600535[82 77 34 47 9 1 0; ]
1500600536[85 77 34 47 9 1 0; ]
1500600537[87 76 34 47 9 1 0; ]
1500600538[89 76 34 47 9 1 0; ]
1500600539[92 76 35 47 9 1 0; ]
1500600540[94 76 35 47 9 1 0; ]
1500600541[97 76 35 47 9 1 0; ]
1500600542[99 76 35 47 9 1 0; ]
1500600543[102 76 35 47 9 1 0; ]
1500600544[104 76 35 47 9 1 0; ]
1500600545[107 76 35 47 9 1 0; ]
1500600546[109 76 35 47 9 1 0; ]
1500600547[112 76 35 47 9 1 0; ]
1500600548[114 76 35 47 9 1 0; ]
1500600549[117 76 35 47 9 1 0; ]
1500600550[120 76 35 47 9 1 0; ]
1500600551[122 76 35 47 9 1 0; ]
1500600552[125 76 35 47 9 1 0; ]
1500600553[127 76 36 47 9 1 0; ]
1500600554[130 76 36 47 9 1 0; ]
1500600555[133 76 36 47 9 1 0; ]
1500600556[136 76 36 47 9 1 0; ]
1500600557[138 76 36 47 9 1 0; ]
1500600558[141 76 36 47 9 1 0; ]
1500600559[144 76 36 47 9 1 0; ]
1500600560[146 76 36 47 9 1 0; ]
1500600561[149 76 36 47 9 1 0; ]
1500600562[152 76 36 47 9 1 0; ]
1500600563[155 76 36 47 9 1 0; ]
1500600564[157 76 36 47 9 1 0; ]
1500600565[160 76 36 47 9 1 0; ]
1500600566[163 76 36 47 9 1 0; ]
1500600567[166 76 36 47 9 1 0; ]
1500600568[169 76 36 46 9 1 0; ]
1500600569[172 76 36 46 9 1 0; ]
1500600570[175 77 36 46 9 1 0; ]
1500600571[179 77 35 46 9 1 0; ]
1500600572[182 77 35 46 9 1 0; ]
1500600573[185 77 35 46 9 1 0; ]
1500600574[189 77 35 46 9 1 0; ]
1500600575[193 77 35 45 9 1 0; ]
1500600576[196 78 35 45 9 0 0; ]
1500600577[200 78 35 45 9 0 0; ]
1500600578[203 78 34 45 9 0 0; ]
1500600579[207 78 34 44 9 0 0; ]
1500600580[211 79 34 44 9 0 0; ]
1500600581[214 79 34 44 9 0 0; ]
1500600582[218 79 34 44 9 0 0; ]
1500600583[222 79 34 44 9 0 0; ]
1500600584[225 79 33 44 9 0 0; ]
1500600585[229 79 33 43 9 0 0; ]
1500600586[233 80 33 43 9 0 0; ]
1500600587[236 80 33 43 9 0 0; ]
1500600588[240 80 33 43 9 0 0; ]
1500600589[244 80 33 43 9 0 0; ]
1500600590[248 80 33 43 9 0 0; ]
1500600591[251 80 33 43 9 0 0; ]
1500600592[255 80 33 43 9 0 0; ]
1500600593[259 80 33 43 9 0 0; ]
1500600594[263 80 33 43 9 0 0; ]
1500600595[266 80 33 43 9 0 0; ]
1500600596[270 80 33 43 9 0 0; ]
1500600597[274 80 33 43 9 0 0; ]
1500600598[278 79 33 43 9 0 0; ]
1500600599[282 79 33 43 9 0 0; ]
1500600600[285 79 33 43 9 0 0; ]
1500600601[289 79 33 43 9 0 0; ]
1500600602[293 79 33 44 9 0 0; ]
1500600603[297 79 33 44 9 0 0; ]
1500600604[301 79 33 44 9 0 0; ]
1500600605[305 79 34 44 9 0 0; ]
1500600606[308 79 34 44 9 0 0; ]
1500600607[312 79 34 44 9 0 0; ]
1500600608[316 79 34 44 9 0 0; ]
1500600609[320 79 34 44 9 0 0; ]
1500600610[324 79 34 44 9 0 0; ]
1500600611[328 79 34 44 9 0 0; ]
1500600612[331 79 34 44 9 0 0; ]
1500600613[335 79 34 44 9 0 0; ]
1500600614[339 78 34 45 9 0 0; ]
1500600615[343 78 34 45 9 0 0; ]
1500600616[347 78 34 45 9 0 0; ]
1500600617[351 78 34 45 9 0 0; ]
1500600618[355 78 34 45 9 0 0; ]
1500600619[358 78 34 45 9 0 0; ]
1500600620[362 78 34 45 9 0 0; ]
1500600621[366 78 34 45 9 0 0; ]
1500600622[370 78 34 45 9 0 0; ]
1500600623[374 78 34 45 9 0 0; ]
1500600624[378 78 35 46 9 0 0; ]
1500600625[382 77 35 46 9 0 0; ]
1500600626[386 77 35 46 9 0 0; ]
1500600627[390 77 35 46 9 0 0; ]
1500600628[394 77 35 46 9 0 0; ]
1500600629[398 77 35 46 9 0 0; ]
1500600630[401 77 35 46 9 0 0; ]
1500600631[405 77 35 46 9 0 0; ]
1500600632[409 77 35 46 9 0 0; ]
1500600633[413 77 35 47 9 0 0; ]
1500600634[417 77 35 47 9 0 0; ]
1500600635[421 77 35 47 9 0 0; ]
1500600636[425 76 35 47 9 0 0; ]
1500600637[429 76 35 47 9 0 0; ]
1500600638[433 76 35 47 9 0 0; ]
1500600639[437 76 35 47 9 0 0; ]
1500600640[441 76 36 47 9 0 0; ]
1500600641[445 76 36 47 9 0 0; ]
1500600642[449 76 36 48 9 0 0; ]
1500600643[453 76 36 48 9 0 0; ]
1500600644[457 76 36 48 9 0 0; ]
1500600645[461 76 36 48 9 0 0; ]
1500600646[465 76 36 48 9 0 0; ]
1500600647[469 75 36 48 9 0 0; ]
1500600648[473 75 36 48 9 0 0; ]
1500600649[]
1500600650[]
1500600651[]
1500600652[]
1500600653[]
1500600654[]
1500600655[]
1500600656[]
1500600657[]
1500600658[]
1500600659[]
1500600660[]
1500600661[]
1500600662[]
1500600663[]
1500600664[]
1500600665[]
1500600666[]
1500600667[]
1500600668[]
1500600669[]
1500600670[]
1500600671[]
1500600672[]
1500600673[]
1500600674[]
1500600675[]
1500600676[]
1500600677[]
1500600678[]
1500600679[]
1500600680[]
1500600681[]
1500600682[]
1500600683[]
1500600684[]
1500600685[]
1500600686[]
1500600687[]
1500600688[]
1500600689[]
1500600690[]
1500600691[]
1500600692[]
1500600693[]
1500600694[]
1500600695[]
1500600696[]
1500600697[]
1500600698[]
1500600699[]
1500600700[]
1500600701[]
1500600702[]
1500600703[]
1500600704[]
1500600705[]
1500600706[]
1500600707[]
1500600708[]
1500600709[]
1500600710[]
1500600711[]
1500600712[]
1500600713[]
1500600714[]
1500600715[]
1500600716[]
1500600717[]
1500600718[]
1500600719[]
1500600720[]
1500600721[]
1500600722[]
1500600723[]
1500600724[]
1500600725[]
1500600726[]
1500600727[]
1500600728[]
1500600729[]
1500600730[]
1500600731[]
1500600732[]
1500600733[]
1500600734[]
1500600735[]
1500600736[]
1500600737[]
1500600738[]
1500600739[]
1500600740[]
1500600741[]
1500600742[]
1500600743[]
1500600744[]
1500600745[]
1500600746[]
1500600747[]
1500600748[]
1500600749[]
1500600750[]
1500600751[]
1500600752[]
1500600753[]
1500600754[]
1500600755[]
1500600756[]
1500600757[]
1500600758[]
1500600759[]
1500600760[]
1500600761[]
1500600762[]
1500600763[]
1500600764[]
1500600765[]
1500600766[]
1500600767[]
1500600768[]
1500600769[]
1500600770[]
1500600771[]
1500600772[]
1500600773[]
1500600774[]
1500600775[]
1500600776[]
1500600777[]
1500600778[]
1500600779[]
1500600780[]
1500600781[]
1500600782[]
1500600783[]
1500600784[]
1500600785[]
1500600786[]
1500600787[]
1500600788[]
1500600789[]
1500600790[]
1500600791[]
1500600792[]
1500600793[]
1500600794[]
1500600795[]
1500600796[]
1500600797[]
1500600798[]
1500600799[]
1500600800[]
1500600801[]
1500600802[]
1500600803[]
1500600804[]
1500600805[]
1500600806[]
1500600807[]
1500600808[]
1500600809[]
1500600810[]
1500600811[]
1500600812[]
1500600813[]
1500600814[]
1500600815[]
1500600816[]
1500600817[]
1500600818[]
1500600819[]
1500600820[]
1500600821[]
1500600822[]
1500600823[]
1500600824[]
1500600825[]
1500600826[]
1500600827[]
1500600828[]
1500600829[]
1500600830[]
1500600831[]
1500600832[]
1500600833[]
1500600834[]
1500600835[]
1500600836[]
1500600837[]
1500600838[]
1500600839[]
1500600840[]
1500600841[]
1500600842[]
1500600843[]
1500600844[]
1500600845[]
1500600846[]
1500600847[]
1500600848[]
1500600849[]
1500600850[]
1500600851[]
1500600852[]
1500600853[]
1500600854[]
1500600855[]
1500600856[]
1500600857[]
1500600858[]
1500600859[]
1500600860[]
1500600861[]
1500600862[]
1500600863[]
1500600864[]
1500600865[]
1500600866[]
1500600867[]
1500600868[]
1500600869[]
1500600870[]
1500600871[]
1500600872[]
1500600873[]
1500600874[]
1500600875[]
1500600876[]
1500600877[]
1500600878[]
1500600879[]
1500600880[]
1500600881[]
1500600882[]
1500600883[]
1500600884[]
1500600885[]
1500600886[]
1500600887[]
1500600888[]
1500600889[]
1500600890[]
1500600891[]
1500600892[]
1500600893[]
1500600894[]
1500600895[]
1500600896[]
1500600897[]
1500600898[]
1500600899[]
1500600900[]
1500600901[]
1500600902[]
1500600903[]
1500600904[]
1500600905[]
1500600906[]
1500600907[]
1500600908[]
1500600909[]
1500600910[]
1500600911[]
1500600912[]
1500600913[]
1500600914[]
1500600915[]
1500600916[]
1500600917[]
1500600918[]
1500600919[]
1500600920[]
1500600921[]
1500600922[]
1500600923[]
1500600924[]
1500600925[]
1500600926[]
1500600927[]
1500600928[]
1500600929[]
1500600930[]
1500600931[]
1500600932[]
1500600933[]
1500600934[]
1500600935[]
1500600936[]
1500600937[]
1500600938[]
1500600939[]
1500600940[]
1500600941[]
1500600942[]
1500600943[]
1500600944[]
1500600945[]
1500600946[]
1500600947[]
1500600948[]
1500600949[]
1500600950[]
1500600951[]
1500600952[]
1500600953[]
1500600954[]
1500600955[]
1500600956[]
1500600957[]
1500600958[]
1500600959[]
1500600960[]
1500600961[]
1500600962[]
1500600963[]
1500600964[]
1500600965[]
1500600966[]
1500600967[]
1500600968[]
1500600969[]
1500600970[]
1500600971[]
1500600972[]
1500600973[]
1500600974[]
1500600975[]
1500600976[]
1500600977[]
1500600978[]
1500600979[]
1500600980[]
1500600981[]
1500600982[]
1500600983[]
1500600984[]
1500600985[]
1500600986[]
1500600987[]
1500600988[]
1500600989[]
1500600990[]
1500600991[]
1500600992[]
1500600993[]
1500600994[]
1500600995[]
1500600996[]
1500600997[]
1500600998[]
1500600999[]
1500601000[]
1500601001[]
1500601002[]
1500601003[]
1500601004[]
1500601005[]
1500601006[]
1500601007[]
1500601008[]
1500601009[]
1500601010[]
1500601011[]
1500601012[]
1500601013[]
1500601014[]
1500601015[]
1500601016[]
1500601017[]
1500601018[]
1500601019[]
1500601020[]
1500601021[]
1500601022[]
1500601023[]
1500601024[]
1500601025[]
1500601026[]
1500601027[]
1500601028[]
1500601029[]
1500601030[]
1500601031[]
1500601032[]
1500601033[]
1500601034[]
1500601035[]
1500601036[]
1500601037[]
1500601038[]
1500601039[]
1500601040[]
1500601041[]
1500601042[]
1500601043[]
1500601044[]
1500601045[]
1500601046[]
1500601047[]
1500601048[]
1500601049[]
1500601050[]
1500601051[]
1500601052[]
1500601053[]
1500601054[]
1500601055[]
1500601056[]
1500601057[]
1500601058[]
1500601059[]
1500601060[]
1500601061[]
1500601062[]
1500601063[]
1500601064[]
1500601065[]
1500601066[]
1500601067[]
1500601068[]
1500601069[]
1500601070[]
1500601071[]
1500601072[]
1500601073[]
1500601074[]
1500601075[]
1500601076[]
1500601077[]
1500601078[]
1500601079[]
1500601080[]
1500601081[]
1500601082[]
1500601083[]
1500601084[]
1500601085[]
1500601086[]
1500601087[]
1500601088[]
1500601089[]
1500601090[]
1500601091[]
1500601092[]
1500601093[]
1500601094[]
1500601095[]
1500601096[]
1500601097[]
1500601098[]
1500601099[]
1500601100[]
1500601101[]
1500601102[]
1500601103[]
1500601104[]
1500601105[]
1500601106[]
1500601107[]
1500601108[]
1500601109[]
1500601110[]
1500601111[]
1500601112[]
1500601113[]
1500601114[]
1500601115[]
1500601116[]
1500601117[]
1500601118[]
1500601119[]
1500601120[]
1500601121[156 1 88 239 10 0 1; ]
1500601122[]
1500601123[]
1500601124[]
1500601125[]
1500601126[]
1500601127[82 11 105 235 12 0 1; 15 4 118 231 13 1 1; ]
1500601128[85 9 114 238 12 0 1; 25 4 126 228 13 1 1; ]
1500601129[91 6 118 241 12 0 1; 37 4 129 227 13 1 1; ]
1500601130[103 0 117 243 12 0 1; 53 4 126 228 13 1 1; ]
1500601131[71 4 120 230 13 1 1; ]
1500601132[89 4 113 232 13 1 1; ]
1500601133[152 0 120 246 12 0 1; 104 4 108 233 13 0 1; ]
1500601134[180 3 113 246 12 0 1; 113 4 110 234 13 0 1; ]
1500601135[204 4 106 246 12 0 1; 120 4 113 234 13 0 1; ]
1500601136[214 4 112 244 12 0 1; 129 4 115 236 13 0 1; ]
1500601137[221 2 124 243 12 0 1; 141 4 115 238 13 0 1; ]
1500601138[160 4 115 237 13 0 1; ]
1500601139[183 4 114 236 13 0 1; ]
1500601140[211 4 107 236 13 0 1; ]
1500601141[232 4 102 236 13 0 1; ]
1500601142[239 1 109 239 13 0 1; ]
1500601143[]
1500601144[]
1500601145[]
1500601146[]
1500601147[]
1500601148[]
1500601149[]
1500601150[]
1500601151[]
1500601152[]
1500601153[]
1500601154[]
1500601155[]
1500601156[]
1500601157[]
1500601158[]
1500601159[]
1500601160[]
1500601161[]
1500601162[]
1500601163[]
1500601164[]
1500601165[]
1500601166[]
1500601167[]
1500601168[]
1500601169[]
1500601170[]
1500601171[]
1500601172[]
1500601173[]
1500601174[]
1500601175[]
1500601176[]
1500601177[]
1500601178[]
1500601179[]
1500601180[]
1500601181[]
1500601182[]
1500601183[]
1500601184[]
1500601185[]
1500601186[]
1500601187[]
1500601188[]
1500601189[]
1500601190[]
1500601191[]
1500601192[]
1500601193[]
1500601194[]
1500601195[]
1500601196[]
1500601197[]
1500601198[]
1500601199[]
1500601200[]
1500601201[]
1500601202[]
1500601203[]
1500601204[]
1500601205[]
1500601206[]
1500601207[]
1500601208[]
1500601209[]
1500601210[]
1500601211[]
1500601212[]
1500601213[]
1500601214[]
1500601215[]
1500601216[]
1500601217[]
1500601218[]
1500601219[]
1500601220[]
1500601221[]
1500601222[]
1500601223[]
1500601224[]
1500601225[]
1500601226[]
1500601227[]
1500601228[]
1500601229[]
1500601230[]
1500601231[]
1500601232[]
1500601233[]
1500601234[]
1500601235[]
1500601236[]
1500601237[]
1500601238[]
1500601239[]
1500601240[]
1500601241[]
1500601242[]
1500601243[]
1500601244[]
1500601245[]
1500601246[]
1500601247[]
1500601248[]
1500601249[]
1500601250[]
1500601251[]
1500601252[]
1500601253[]
1500601254[]
1500601255[]
1500601256[]
1500601257[]
1500601258[]
1500601259[]
1500601260[]
1500601261[]
1500601262[]
1500601263[]
1500601264[]
1500601265[]
1500601266[]
1500601267[]
1500601268[]
1500601269[]
1500601270[]
1500601271[]
1500601272[]
1500601273[]
1500601274[]
1500601275[]
1500601276[]
1500601277[]
1500601278[]
1500601279[]
1500601280[]
1500601281[]
1500601282[]
1500601283[]
1500601284[]
1500601285[]
1500601286[]
1500601287[]
1500601288[]
1500601289[]
1500601290[424 80 11 30 39 1 3; ]
1500601291[424 80 11 30 39 1 3; ]
1500601292[424 80 11 30 39 1 3; ]
1500601293[]
1500601294[]
1500601295[]
1500601296[]
1500601297[]
1500601298[]
1500601299[]
1500601300[]
1500601301[]
1500601302[]
1500601303[]
1500601304[]
1500601305[]
1500601306[]
1500601307[]
1500601308[]
1500601309[]
1500601310[]
1500601311[]
1500601312[]
1500601313[]
1500601314[]
1500601315[]
1500601316[]
1500601317[]
1500601318[]
1500601319[]
1500601320[]
1500601321[]
1500601322[]
1500601323[]
1500601324[]
1500601325[]
1500601326[]
1500601327[]
1500601328[]
1500601329[]
1500601330[]
1500601331[]
1500601332[]
1500601333[]
1500601334[]
1500601335[]
1500601336[]
1500601337[]
1500601338[]
1500601339[]
1500601340[]
1500601341[]
1500601342[]
1500601343[]
1500601344[]
1500601345[]
1500601346[]
1500601347[423 85 14 30 14 0 1; ]
1500601348[423 85 14 31 14 0 1; ]
1500601349[423 85 14 31 14 0 1; ]
1500601350[423 85 14 31 14 0 1; ]
1500601351[423 85 14 31 14 0 1; ]
1500601352[423 85 13 31 14 0 1; ]
1500601353[423 85 13 31 14 0 1; ]
1500601354[422 85 14 31 14 0 1; ]
1500601355[421 85 14 31 14 0 1; ]
1500601356[421 85 14 31 14 0 1; ]
1500601357[421 85 14 31 14 1 1; ]
1500601358[421 85 14 31 14 1 1; ]
1500601359[421 85 14 31 14 1 1; ]
1500601360[421 85 14 31 14 1 1; ]
1500601361[421 85 13 31 14 1 1; ]
1500601362[]
1500601363[]
1500601364[]
1500601365[]
1500601366[]
1500601367[]
1500601368[]
1500601369[]
1500601370[]
1500601371[]
1500601372[]
1500601373[]
1500601374[]
1500601375[]
1500601376[]
1500601377[]
1500601378[]
1500601379[]
1500601380[]
1500601381[]
1500601382[]
1500601383[]
1500601384[]
1500601385[]
1500601386[]
1500601387[]
1500601388[]
1500601389[]
1500601390[]
1500601391[]
1500601392[]
1500601393[]
1500601394[]
1500601395[]
1500601396[]
1500601397[]
1500601398[]
1500601399[]
1500601400[]
1500601401[]
1500601402[]
1500601403[]
1500601404[]
1500601405[]
1500601406[]
1500601407[]
1500601408[]
1500601409[]
1500601410[]
1500601411[]
1500601412[]
1500601413[]
1500601414[]
1500601415[]
1500601416[]
1500601417[]
1500601418[385 82 18 36 53 1 1; ]
1500601419[385 82 18 37 53 1 1; ]
1500601420[385 82 18 38 53 1 1; ]
1500601421[385 82 18 39 53 1 1; ]
1500601422[]
1500601423[383 85 16 41 15 0 1; ]
1500601424[382 86 16 41 15 0 1; ]
1500601425[382 87 16 41 15 0 1; ]
1500601426[381 88 16 42 15 0 1; ]
1500601427[381 89 16 42 15 0 1; ]
1500601428[380 91 17 42 15 0 1; ]
1500601429[380 93 17 41 15 0 1; ]
1500601430[379 96 17 39 15 0 1; ]
1500601431[378 99 17 38 15 0 1; ]
1500601432[378 101 17 37 15 0 1; ]
1500601433[377 100 17 37 15 0 1; 359 103 17 34 16 0 1; ]
1500601434[376 99 18 37 15 0 1; 357 101 18 35 16 0 1; ]
1500601435[375 97 18 37 15 0 1; 356 99 20 35 16 0 1; ]
1500601436[374 96 18 37 15 0 1; 355 97 21 36 16 0 1; ]
1500601437[374 93 18 37 15 0 1; 354 95 22 36 16 0 1; ]
1500601438[373 88 18 37 15 0 1; 353 92 22 35 16 0 1; ]
1500601439[372 85 18 37 15 0 1; 352 88 23 34 16 0 1; ]
1500601440[372 83 18 37 15 0 1; 351 84 24 33 16 0 1; ]
1500601441[372 83 18 37 15 0 1; 350 83 24 32 16 0 1; ]
1500601442[372 83 18 37 15 0 1; 349 83 24 33 16 0 1; ]
1500601443[372 83 18 37 15 0 1; 349 85 24 34 16 0 1; ]
1500601444[372 83 18 37 15 0 1; 348 86 24 34 16 0 1; ]
1500601445[372 84 18 38 15 0 1; 347 88 24 35 16 0 1; ]
1500601446[371 86 18 38 15 0 1; 347 90 24 35 16 0 1; ]
1500601447[370 90 18 39 15 0 1; 346 92 24 35 16 0 1; ]
1500601448[369 94 18 40 15 0 1; 346 94 24 34 16 0 1; ]
1500601449[368 94 18 40 15 0 1; 345 97 24 34 16 0 1; ]
1500601450[368 93 17 40 15 0 1; 344 96 25 35 16 0 1; ]
1500601451[368 93 17 40 15 0 1; 343 94 26 35 16 0 1; ]
1500601452[367 92 17 41 15 0 1; 342 93 27 36 16 0 1; ]
1500601453[366 91 18 41 15 0 1; 342 92 28 36 16 0 1; ]
1500601454[365 90 19 42 15 0 1; 341 91 29 36 16 0 1; ]
1500601455[365 89 20 42 15 0 1; 340 91 29 36 16 0 1; ]
1500601456[364 89 20 42 15 0 1; 340 91 29 36 16 0 1; ]
1500601457[363 89 21 42 15 0 1; 339 91 29 36 16 0 1; ]
1500601458[362 88 21 42 15 0 1; 339 91 29 36 16 0 1; ]
1500601459[361 88 22 42 15 0 1; 338 91 28 36 16 0 1; ]
1500601460[361 88 22 42 15 0 1; 338 92 27 35 16 0 1; ]
1500601461[360 88 23 42 15 0 1; 338 92 26 35 16 0 1; ]
1500601462[359 88 23 42 15 0 1; 337 91 26 35 16 0 1; ]
1500601463[359 87 23 42 15 0 1; 337 90 26 36 16 0 1; ]
1500601464[359 87 23 42 15 0 1; 337 89 26 36 16 0 1; ]
1500601465[359 86 23 42 15 0 1; 337 88 26 36 16 0 1; ]
1500601466[359 85 23 42 15 0 1; 337 87 26 37 16 0 1; ]
1500601467[359 84 23 43 15 0 1; 337 85 26 37 16 0 1; ]
1500601468[359 82 23 43 15 0 1; 337 84 25 38 16 0 1; ]
1500601469[359 82 23 43 15 0 1; 337 83 25 38 16 0 1; ]
1500601470[359 82 23 43 15 0 1; 337 84 25 38 16 0 1; ]
1500601471[359 82 23 43 15 0 1; 337 84 25 38 16 0 1; ]
1500601472[359 82 23 43 15 0 1; 337 85 25 38 16 0 1; ]
1500601473[359 82 23 43 15 0 1; 337 85 25 37 16 0 1; ]
1500601474[360 82 23 43 15 0 1; 336 85 25 37 16 0 1; ]
1500601475[360 82 23 43 15 0 1; 336 85 25 37 16 0 1; ]
1500601476[360 82 23 43 15 0 1; 336 85 25 37 16 0 1; ]
1500601477[360 82 23 43 15 0 1; 336 85 25 37 16 0 1; ]
1500601478[360 82 23 43 15 0 1; 336 85 25 37 16 0 1; ]
1500601479[360 82 22 43 15 0 1; 336 85 24 37 16 0 1; ]
1500601480[360 82 22 43 15 0 1; 336 85 24 37 16 0 1; ]
1500601481[361 82 22 43 15 0 1; 336 85 24 37 16 0 1; ]
1500601482[361 82 22 43 15 0 1; 336 85 24 37 16 0 1; ]
1500601483[361 82 22 43 15 0 1; 336 85 25 37 16 0 1; ]
1500601484[361 82 22 43 15 0 1; 336 85 25 37 16 0 1; ]
1500601485[361 82 22 43 15 0 1; 337 85 25 37 16 0 1; ]
1500601486[361 82 22 43 15 0 1; 337 85 25 38 16 0 1; ]
1500601487[361 82 22 43 15 0 1; 337 85 25 38 16 0 1; ]
1500601488[361 82 22 43 15 0 1; 337 85 25 38 16 0 1; ]
1500601489[362 82 22 43 15 0 1; 337 85 26 38 16 0 1; ]
1500601490[362 82 22 43 15 0 1; 337 85 26 37 16 0 1; ]
1500601491[362 82 22 43 15 0 1; 337 85 26 37 16 0 1; ]
1500601492[362 82 22 43 15 0 1; 337 85 27 37 16 0 1; ]
1500601493[364 81 23 45 15 0 1; 337 85 27 36 16 0 1; ]
1500601494[366 80 24 46 15 0 1; 338 85 28 37 16 0 1; ]
1500601495[367 79 25 47 15 0 1; 338 85 28 37 16 0 1; ]
1500601496[368 78 25 47 15 0 1; 338 83 29 37 16 0 1; ]
1500601497[369 78 26 48 15 0 1; 338 82 29 38 16 0 1; ]
1500601498[369 78 26 49 15 0 1; 339 82 29 38 16 0 1; ]
1500601499[370 78 26 49 15 0 1; 340 82 29 39 16 0 1; ]
1500601500[371 78 26 49 15 0 1; 340 82 29 39 16 0 1; ]
1500601501[372 79 26 49 15 0 1; 341 82 29 40 16 0 1; ]
1500601502[374 80 27 49 15 0 1; 343 83 29 40 16 0 1; ]
1500601503[377 81 27 49 15 0 1; 344 83 30 41 16 0 1; ]
1500601504[380 82 27 49 15 0 1; 346 83 30 42 16 0 1; ]
1500601505[382 82 27 49 15 0 1; 349 84 30 43 16 0 1; ]
1500601506[384 82 26 50 15 0 1; 351 85 30 44 16 0 1; ]
1500601507[387 82 26 50 15 0 1; 354 85 31 44 16 0 1; ]
1500601508[390 82 26 50 15 0 1; 356 85 31 45 16 0 1; ]
1500601509[393 82 26 50 15 0 1; 359 85 31 45 16 0 1; ]
1500601510[396 80 26 50 15 0 1; 361 85 32 45 16 0 1; ]
1500601511[399 78 26 51 15 0 1; 364 84 32 45 16 0 1; ]
1500601512[403 76 27 51 15 0 1; 366 82 32 44 16 0 1; ]
1500601513[407 74 27 51 15 0 1; 369 80 32 44 16 0 1; ]
1500601514[410 72 27 52 15 0 1; 372 79 33 44 16 0 1; ]
1500601515[413 71 27 52 15 0 1; 375 77 33 43 16 0 1; ]
1500601516[416 71 27 52 15 0 1; 377 76 33 43 16 0 1; ]
1500601517[419 71 27 53 15 0 1; 379 75 33 43 16 0 1; ]
1500601518[421 71 28 53 15 0 1; 381 75 34 43 16 0 1; ]
1500601519[424 71 28 54 15 0 1; 383 76 34 44 16 0 1; ]
1500601520[426 71 29 54 15 0 1; 385 76 34 44 16 0 1; ]
1500601521[428 72 29 55 15 0 1; 387 76 34 45 16 0 1; ]
1500601522[430 72 30 55 15 0 1; 389 76 34 46 16 0 1; ]
1500601523[432 73 30 56 15 0 1; 390 77 35 46 16 0 1; ]
1500601524[434 74 30 56 15 0 1; 392 77 35 47 16 0 1; ]
1500601525[436 75 31 55 15 0 1; 393 77 35 47 16 0 1; ]
1500601526[438 77 31 55 15 0 1; 395 78 35 47 16 0 1; ]
1500601527[440 78 31 54 15 0 1; 396 79 35 47 16 0 1; ]
1500601528[442 79 31 53 15 0 1; 397 81 36 46 16 0 1; ]
1500601529[444 79 31 54 15 0 1; 398 82 36 46 16 0 1; ]
1500601530[446 78 31 56 15 0 1; 399 81 36 47 16 0 1; ]
1500601531[447 77 31 58 15 0 1; 400 80 37 48 16 0 1; ]
1500601532[449 76 32 59 15 0 1; 401 80 37 49 16 0 1; ]
1500601533[451 76 31 59 15 0 1; 403 80 37 49 16 0 1; ]
1500601534[452 76 31 59 15 0 1; 404 79 37 49 16 0 1; ]
1500601535[454 75 31 59 15 0 1; 406 79 37 49 16 0 1; ]
1500601536[455 75 31 58 15 0 1; 408 79 36 49 16 0 1; ]
1500601537[457 75 31 58 15 0 1; 410 79 36 48 16 0 1; ]
1500601538[458 75 31 58 15 0 1; 411 79 36 48 16 0 1; ]
1500601539[460 75 31 58 15 0 1; 413 79 36 48 16 0 1; ]
1500601540[461 75 31 58 15 0 1; 414 79 36 48 16 0 1; ]
1500601541[463 75 31 58 15 0 1; 415 79 36 48 16 0 1; ]
1500601542[464 75 31 59 15 0 1; 415 79 36 48 16 0 1; ]
1500601543[466 76 31 59 15 0 1; 415 80 36 48 16 0 1; ]
1500601544[467 76 31 60 15 0 1; 415 81 37 48 16 0 1; ]
1500601545[468 77 32 60 15 0 1; 416 82 37 48 16 0 1; ]
1500601546[470 78 32 61 15 0 1; 417 83 37 48 16 0 1; ]
1500601547[471 79 32 62 15 0 1; 418 85 37 48 16 0 1; ]
1500601548[472 80 33 63 15 0 1; 420 86 37 48 16 0 1; ]
1500601549[474 79 34 63 15 0 1; 421 86 37 48 16 0 1; ]
1500601550[475 78 35 63 15 0 1; 421 86 37 49 16 0 1; ]
1500601551[421 84 38 50 16 0 1; ]
1500601552[422 83 40 50 16 0 1; ]
1500601553[422 82 40 51 16 0 1; ]
1500601554[423 82 40 51 16 0 1; ]
1500601555[424 82 40 51 16 0 1; ]
1500601556[426 81 40 51 16 0 1; ]
1500601557[427 81 40 51 16 0 1; ]
1500601558[429 81 40 51 16 0 1; ]
1500601559[430 81 40 52 16 0 1; ]
1500601560[431 81 40 53 16 0 1; ]
1500601561[432 80 40 54 16 0 1; ]
1500601562[433 80 40 55 16 0 1; ]
1500601563[435 80 40 56 16 0 1; ]
1500601564[436 80 40 56 16 0 1; ]
1500601565[437 80 40 57 16 0 1; ]
1500601566[438 80 40 56 16 0 1; ]
1500601567[439 80 40 55 16 0 1; ]
1500601568[440 80 40 54 16 0 1; ]
1500601569[441 79 40 53 16 0 1; ]
1500601570[442 78 40 54 16 0 1; ]
1500601571[443 76 40 56 16 0 1; ]
1500601572[444 73 40 58 16 0 1; ]
1500601573[444 72 40 59 16 0 1; ]
1500601574[445 72 41 60 16 0 1; ]
1500601575[446 72 41 60 16 0 1; ]
1500601576[447 73 41 60 16 0 1; ]
1500601577[448 73 41 60 16 0 1; ]
1500601578[449 75 41 61 16 0 1; ]
1500601579[449 76 42 61 16 0 1; ]
1500601580[450 78 42 61 16 0 1; ]
1500601581[451 81 42 61 16 0 1; ]
1500601582[452 82 42 62 16 0 1; ]
1500601583[453 83 42 62 16 0 1; ]
1500601584[454 84 42 63 16 0 1; ]
1500601585[456 84 43 63 16 0 1; ]
1500601586[457 84 43 64 16 0 1; ]
1500601587[458 85 43 65 16 0 1; ]
1500601588[459 85 43 65 16 0 1; ]
1500601589[460 85 43 65 16 0 1; ]
1500601590[461 84 44 66 16 0 1; ]
1500601591[462 83 44 66 16 0 1; ]
1500601592[464 82 44 67 16 0 1; ]
1500601593[465 80 45 67 16 0 1; ]
1500601594[]
1500601595[]
1500601596[]
1500601597[]
1500601598[]
1500601599[]
1500601600[]
1500601601[]
1500601602[]
1500601603[]
1500601604[]
1500601605[]
1500601606[]
1500601607[]
1500601608[]
1500601609[]
1500601610[]
1500601611[]
1500601612[]
1500601613[]
1500601614[]
1500601615[]
1500601616[]
1500601617[]
1500601618[]
1500601619[]
1500601620[]
1500601621[]
1500601622[]
1500601623[]
1500601624[]
1500601625[]
1500601626[]
1500601627[]
1500601628[]
1500601629[]
1500601630[]
1500601631[]
1500601632[]
1500601633[]
1500601634[]
1500601635[]
1500601636[]
1500601637[]
1500601638[]
1500601639[]
1500601640[]
1500601641[]
1500601642[]
1500601643[]
1500601644[]
1500601645[]
1500601646[]
1500601647[]
1500601648[]
1500601649[]
1500601650[]
1500601651[]
1500601652[]
1500601653[]
1500601654[]
1500601655[]
1500601656[]
1500601657[]
1500601658[]
1500601659[]
1500601660[]
1500601661[]
1500601662[]
1500601663[]
1500601664[]
1500601665[]
1500601666[]
1500601667[]
1500601668[]
1500601669[]
1500601670[]
1500601671[]
1500601672[]
1500601673[]
1500601674[]
1500601675[]
1500601676[]
1500601677[]
1500601678[]
1500601679[]
1500601680[]
1500601681[]
1500601682[]
1500601683[]
1500601684[]
1500601685[]
1500601686[]
1500601687[]
1500601688[]
1500601689[]
1500601690[]
1500601691[]
1500601692[]
1500601693[]
1500601694[]
1500601695[]
1500601696[]
1500601697[]
1500601698[]
1500601699[]
1500601700[]
1500601701[]
1500601702[]
1500601703[]
1500601704[]
1500601705[]
1500601706[]
1500601707[]
1500601708[]
1500601709[]
1500601710[]
1500601711[]
1500601712[]
1500601713[]
1500601714[]
1500601715[]
1500601716[]
1500601717[]
1500601718[]
1500601719[]
1500601720[]
1500601721[]
1500601722[]
1500601723[]
1500601724[]
1500601725[]
1500601726[]
1500601727[]
1500601728[]
1500601729[]
1500601730[]
1500601731[]
1500601732[]
1500601733[]
1500601734[]
1500601735[]
1500601736[]
1500601737[]
1500601738[]
1500601739[]
1500601740[]
1500601741[]
1500601742[]
1500601743[]
1500601744[]
1500601745[]
1500601746[]
1500601747[]
1500601748[]
1500601749[]
1500601750[]
1500601751[]
1500601752[]
1500601753[]
1500601754[]
1500601755[]
1500601756[]
1500601757[]
1500601758[]
1500601759[]
1500601760[]
1500601761[]
1500601762[]
1500601763[]
1500601764[]
1500601765[]
1500601766[]
1500601767[]
1500601768[]
1500601769[]
1500601770[]
1500601771[]
1500601772[]
1500601773[]
1500601774[]
1500601775[]
1500601776[]
1500601777[]
1500601778[]
1500601779[]
1500601780[]
1500601781[]
1500601782[]
1500601783[]
1500601784[]
1500601785[]
1500601786[]
1500601787[]
1500601788[]
1500601789[]
1500601790[]
1500601791[]
1500601792[]
1500601793[]
1500601794[]
1500601795[]
1500601796[]
1500601797[]
1500601798[]
1500601799[]
1500601800[]
1500601801[]
1500601802[]
1500601803[]
1500601804[]
1500601805[]
1500601806[]
1500601807[]
1500601808[]
1500601809[]
1500601810[]
1500601811[]
1500601812[]
1500601813[]
1500601814[]
1500601815[]
1500601816[]
1500601817[]
1500601818[]
1500601819[]
1500601820[]
1500601821[]
1500601822[]
1500601823[]
1500601824[]
1500601825[]
1500601826[]
1500601827[]
1500601828[]
1500601829[]
1500601830[]
1500601831[]
1500601832[]
1500601833[]
1500601834[]
1500601835[]
1500601836[]
1500601837[]
1500601838[]
1500601839[]
1500601840[]
1500601841[]
1500601842[]
1500601843[]
1500601844[]
1500601845[]
1500601846[]
1500601847[]
1500601848[]
1500601849[]
1500601850[]
1500601851[]
1500601852[]
1500601853[]
1500601854[]
1500601855[]
1500601856[]
1500601857[]
1500601858[]
1500601859[]
1500601860[]
1500601861[]
1500601862[]
1500601863[]
1500601864[]
1500601865[]
1500601866[]
1500601867[]
1500601868[]
1500601869[]
1500601870[]
1500601871[]
1500601872[]
1500601873[]
1500601874[]
1500601875[]
1500601876[]
1500601877[]
1500601878[]
1500601879[]
1500601880[]
1500601881[]
1500601882[]
1500601883[]
1500601884[]
1500601885[]
1500601886[]
1500601887[]
1500601888[]
1500601889[]
1500601890[]
1500601891[]
1500601892[]
1500601893[]
1500601894[]
1500601895[]
1500601896[]
1500601897[]
1500601898[]
1500601899[]
1500601900[]
1500601901[]
1500601902[]
1500601903[]
1500601904[]
1500601905[]
1500601906[]
1500601907[]
1500601908[]
1500601909[]
1500601910[]
1500601911[]
1500601912[]
1500601913[]
1500601914[]
1500601915[]
1500601916[]
1500601917[]
1500601918[]
1500601919[]
1500601920[]
1500601921[]
1500601922[]
1500601923[]
1500601924[]
1500601925[]
1500601926[]
1500601927[]
1500601928[]
1500601929[]
1500601930[]
1500601931[]
1500601932[]
1500601933[]
1500601934[]
1500601935[]
1500601936[]
1500601937[]
1500601938[]
1500601939[]
1500601940[]
1500601941[]
1500601942[]
1500601943[]
1500601944[]
1500601945[]
1500601946[]
1500601947[]
1500601948[]
1500601949[]
1500601950[]
1500601951[]
1500601952[]
1500601953[]
1500601954[]
1500601955[]
1500601956[]
1500601957[]
1500601958[]
1500601959[]
1500601960[]
1500601961[]
1500601962[]
1500601963[]
1500601964[]
1500601965[]
1500601966[]
1500601967[]
1500601968[]
1500601969[]
1500601970[]
1500601971[]
1500601972[]
1500601973[]
1500601974[]
1500601975[]
1500601976[]
1500601977[]
1500601978[]
1500601979[]
1500601980[]
1500601981[]
1500601982[]
1500601983[]
1500601984[]
1500601985[]
1500601986[]
1500601987[]
1500601988[]
1500601989[]
1500601990[]
1500601991[]
1500601992[]
1500601993[]
1500601994[]
1500601995[]
1500601996[]
1500601997[]
1500601998[]
1500601999[]
1500602000[]
1500602001[]
1500602002[]
1500602003[]
1500602004[]
1500602005[]
1500602006[]
1500602007[]
1500602008[]
1500602009[]
1500602010[]
1500602011[]
1500602012[]
1500602013[]
1500602014[]
1500602015[]
1500602016[]
1500602017[]
1500602018[]
1500602019[]
1500602020[]
1500602021[]
1500602022[]
1500602023[]
1500602024[]
1500602025[]
1500602026[]
1500602027[]
1500602028[]
1500602029[]
1500602030[]
1500602031[]
1500602032[]
1500602033[]
1500602034[]
1500602035[]
1500602036[]
1500602037[]
1500602038[]
1500602039[]
1500602040[]
1500602041[]
1500602042[]
1500602043[]
1500602044[]
1500602045[]
1500602046[]
1500602047[]
1500602048[]
1500602049[]
1500602050[]
1500602051[426 69 13 31 18 1 1; ]
1500602052[426 69 13 31 18 1 1; ]
1500602053[426 69 13 31 18 1 1; ]
1500602054[426 69 13 31 18 1 1; ]
1500602055[426 69 13 31 18 1 1; ]
1500602056[426 69 13 31 18 1 1; ]
1500602057[426 69 13 31 18 1 1; ]
1500602058[426 69 13 31 18 1 1; ]
1500602059[426 69 13 31 18 0 1; ]
1500602060[426 69 13 31 18 0 1; ]
1500602061[426 69 13 31 18 0 1; ]
1500602062[427 69 13 31 18 0 1; ]
1500602063[427 69 13 31 18 0 1; ]
1500602064[428 69 13 31 18 0 1; ]
1500602065[428 69 13 31 18 0 1; ]
1500602066[429 69 14 31 18 0 1; ]
1500602067[430 69 14 31 18 0 1; ]
1500602068[430 69 14 31 18 0 1; ]
1500602069[430 69 14 31 18 0 1; ]
1500602070[431 69 14 31 18 0 1; ]
1500602071[431 69 14 31 18 0 1; ]
1500602072[432 70 13 30 18 0 1; ]
1500602073[432 71 13 30 18 0 1; ]
1500602074[]
1500602075[]
1500602076[]
1500602077[]
1500602078[]
1500602079[]
1500602080[]
1500602081[]
1500602082[]
1500602083[]
1500602084[]
1500602085[]
1500602086[]
1500602087[]
1500602088[]
1500602089[]
1500602090[]
1500602091[]
1500602092[]
1500602093[]
1500602094[]
1500602095[]
1500602096[]
1500602097[]
1500602098[]
1500602099[]
1500602100[]
1500602101[]
1500602102[]
1500602103[]
1500602104[]
1500602105[]
1500602106[]
1500602107[]
1500602108[]
1500602109[]
1500602110[]
1500602111[]
1500602112[]
1500602113[]
1500602114[]
1500602115[]
1500602116[]
1500602117[]
1500602118[]
1500602119[]
1500602120[]
1500602121[]
1500602122[]
1500602123[]
1500602124[]
1500602125[]
1500602126[]
1500602127[]
1500602128[]
1500602129[]
1500602130[]
1500602131[]
1500602132[]
1500602133[]
1500602134[]
1500602135[]
1500602136[]
1500602137[]
1500602138[]
1500602139[]
1500602140[]
1500602141[]
1500602142[]
1500602143[]
1500602144[450 68 12 30 19 0 1; ]
1500602145[450 69 12 30 19 0 1; ]
1500602146[450 69 13 30 19 0 1; ]
1500602147[450 70 13 31 19 0 1; ]
1500602148[451 70 13 31 19 0 1; ]
1500602149[451 71 13 31 19 0 1; ]
1500602150[451 71 13 32 19 0 1; ]
1500602151[451 71 13 32 19 0 1; ]
1500602152[451 72 13 32 19 0 1; ]
1500602153[451 72 14 32 19 0 1; ]
1500602154[451 72 14 32 19 0 1; ]
1500602155[451 72 14 32 19 0 1; ]
1500602156[451 72 14 32 19 0 1; ]
1500602157[451 72 14 32 19 0 1; ]
1500602158[451 72 14 32 19 0 1; ]
1500602159[451 71 14 32 19 0 1; ]
1500602160[443 72 14 30 18 0 1; 451 71 14 32 19 0 1; ]
1500602161[443 71 14 32 18 0 1; 451 71 14 32 19 0 1; ]
1500602162[443 70 14 32 18 0 1; 451 72 14 32 19 0 1; ]
1500602163[443 71 14 32 18 0 1; 451 72 14 32 19 0 1; ]
1500602164[428 75 20 30 17 0 0; 443 73 14 31 18 0 1; 451 73 14 32 19 0 1; ]
1500602165[427 76 20 30 17 0 0; 451 73 14 32 19 0 1; ]
1500602166[427 76 21 30 17 0 0; 451 74 14 32 19 0 1; ]
1500602167[427 77 21 30 17 0 0; 451 75 14 32 19 0 1; ]
1500602168[427 77 21 31 17 0 0; 452 76 14 32 19 0 1; ]
1500602169[427 77 21 31 17 0 0; 452 77 14 32 19 0 1; ]
1500602170[427 77 21 31 17 0 0; 452 77 14 32 19 0 1; ]
1500602171[426 77 21 32 17 0 0; 443 80 15 30 18 0 1; 452 78 14 31 19 0 1; ]
1500602172[426 77 22 32 17 0 0; 443 80 15 30 18 0 1; 452 79 14 31 19 0 1; ]
1500602173[426 77 22 32 17 0 0; 443 81 15 30 18 0 1; 453 80 14 31 19 0 1; ]
1500602174[426 77 22 33 17 0 0; 443 81 15 30 18 0 1; 453 80 14 31 19 0 1; ]
1500602175[426 77 22 33 17 0 0; 443 82 15 30 18 0 1; 453 80 14 31 19 0 1; ]
1500602176[426 77 22 33 17 0 0; 443 82 15 30 18 0 1; 453 80 14 31 19 0 1; ]
1500602177[426 77 22 33 17 0 0; 443 82 15 31 18 0 1; 453 79 14 32 19 0 1; ]
1500602178[426 77 22 33 17 0 0; 444 82 15 31 18 0 1; 454 78 15 33 19 0 1; ]
1500602179[426 77 22 34 17 0 0; 444 82 15 31 18 0 1; 454 77 15 34 19 0 1; ]
1500602180[426 77 22 34 17 0 0; 444 81 15 30 18 0 1; 454 77 15 35 19 0 1; ]
1500602181[426 77 22 34 17 0 0; 445 81 15 30 18 0 1; 454 76 15 35 19 0 1; ]
1500602182[426 77 22 34 17 0 0; 445 80 15 30 18 0 1; 455 76 15 35 19 0 1; ]
1500602183[426 77 22 34 17 0 0; 446 79 15 30 18 0 1; 455 75 15 36 19 0 1; ]
1500602184[426 77 22 34 17 0 0; 446 78 15 30 18 0 1; 456 75 15 36 19 0 1; ]
1500602185[426 77 22 34 17 0 0; 447 77 15 30 18 0 1; 456 76 15 35 19 0 1; ]
1500602186[427 77 22 34 17 0 0; 447 77 15 30 18 0 1; 457 76 15 35 19 0 1; ]
1500602187[427 77 21 34 17 0 0; 448 77 15 30 18 0 1; 458 77 14 34 19 0 1; ]
1500602188[428 78 21 34 17 0 0; 448 78 15 30 18 0 1; 459 78 14 33 19 0 1; ]
1500602189[429 78 21 34 17 0 0; 449 79 16 30 18 0 1; 460 79 13 32 19 0 1; ]
1500602190[429 78 21 34 17 0 0; 449 79 16 30 18 0 1; 461 79 13 31 19 0 1; ]
1500602191[430 78 21 34 17 0 0; 450 80 17 30 18 0 1; 462 79 13 31 19 0 1; ]
1500602192[430 78 21 34 17 0 0; 451 81 17 31 18 0 1; 463 79 13 31 19 0 1; ]
1500602193[430 78 21 34 17 0 0; 451 81 17 31 18 0 1; 464 79 13 30 19 0 1; ]
1500602194[431 78 21 34 17 0 0; 452 81 18 31 18 0 1; 465 79 13 30 19 0 1; ]
1500602195[431 78 21 34 17 0 0; 453 81 18 31 18 0 1; 466 79 13 30 19 0 1; ]
1500602196[431 78 21 34 17 0 0; 453 81 17 31 18 0 1; 467 79 13 30 19 0 1; ]
1500602197[431 78 21 34 17 0 0; 454 81 17 31 18 0 1; 468 79 13 30 19 0 1; ]
1500602198[432 78 22 35 17 0 0; 455 81 17 31 18 0 1; ]
1500602199[432 77 22 35 17 0 0; 456 80 17 31 18 0 1; ]
1500602200[432 77 22 35 17 0 0; 457 80 17 31 18 0 1; ]
1500602201[432 77 23 35 17 0 0; 458 79 17 30 18 0 1; 471 79 13 30 19 0 1; ]
1500602202[432 77 23 35 17 0 0; 458 79 17 30 18 0 1; 471 79 14 30 19 0 1; ]
1500602203[433 77 23 36 17 0 0; 459 78 17 30 18 0 1; 472 78 15 31 19 0 1; ]
1500602204[433 77 23 36 17 0 0; 460 78 17 30 18 0 1; 472 78 15 32 19 0 1; ]
1500602205[433 77 24 36 17 0 0; 461 78 16 30 18 0 1; 472 77 16 33 19 0 1; ]
1500602206[434 77 24 36 17 0 0; 462 77 16 30 18 0 1; 473 76 17 34 19 0 1; ]
1500602207[434 76 24 37 17 0 0; 463 77 16 30 18 0 1; 473 76 17 34 19 0 1; 482 80 28 30 54 0 2; ]
1500602208[435 76 24 37 17 0 0; 463 77 16 30 18 0 1; 473 75 17 35 19 0 1; 483 80 28 30 54 0 2; ]
1500602209[435 76 25 38 17 0 0; 464 76 16 30 18 0 1; 474 75 17 35 19 0 1; ]
1500602210[436 75 25 38 17 0 0; 464 76 16 30 18 0 1; 475 75 17 35 19 0 1; ]
1500602211[436 75 25 38 17 0 0; 465 76 16 30 18 0 1; 476 75 17 35 19 0 1; ]
1500602212[437 77 23 37 17 0 0; 465 77 16 31 18 0 1; 477 75 17 35 19 0 1; ]
1500602213[438 78 22 35 17 0 0; 466 78 16 31 18 0 1; 478 75 17 35 19 0 1; ]
1500602214[439 80 21 35 17 0 0; 466 78 16 32 18 0 1; 478 76 17 34 19 0 1; ]
1500602215[440 80 20 34 17 0 0; 466 79 16 33 18 0 1; 479 77 17 34 19 0 1; ]
1500602216[440 81 19 34 17 0 0; 467 80 16 34 18 0 1; 480 77 17 33 19 0 1; ]
1500602217[441 81 19 33 17 0 0; 467 80 16 34 18 0 1; 480 77 17 34 19 0 1; ]
1500602218[441 81 19 33 17 0 0; 468 80 16 35 18 0 1; 481 77 17 34 19 0 1; ]
1500602219[441 81 19 34 17 0 0; 468 79 16 35 18 0 1; 481 77 17 35 19 0 1; ]
1500602220[441 80 20 35 17 0 0; 469 78 17 36 18 0 1; 482 77 17 37 19 0 1; ]
1500602221[441 79 20 36 17 0 0; 469 77 17 37 18 0 1; 482 76 18 38 19 0 1; ]
1500602222[441 78 21 37 17 0 0; 470 77 17 37 18 0 1; 483 76 18 39 19 0 1; ]
1500602223[441 77 22 38 17 0 0; 470 76 17 38 18 0 1; 484 76 18 40 19 0 1; ]
1500602224[441 76 23 38 17 0 0; 471 75 17 38 18 0 1; 484 75 18 40 19 0 1; ]
1500602225[440 75 24 38 17 0 0; 472 75 18 38 18 0 1; 485 75 18 40 19 0 1; ]
1500602226[439 74 25 37 17 0 0; 472 75 18 38 18 0 1; 486 74 17 40 19 0 1; ]
1500602227[440 74 24 37 17 0 0; 473 75 18 38 18 0 1; 486 74 16 39 19 0 1; ]
1500602228[440 74 24 37 17 0 0; 473 75 18 38 18 0 1; 487 73 15 39 19 0 1; ]
1500602229[440 74 24 37 17 0 0; 474 75 18 38 18 0 1; ]
1500602230[440 74 25 37 17 0 0; 475 75 18 38 18 0 1; ]
1500602231[441 74 25 38 17 0 0; 475 75 17 38 18 0 1; ]
1500602232[441 74 25 38 17 0 0; 476 75 17 38 18 0 1; ]
1500602233[441 74 26 39 17 0 0; 476 75 17 38 18 0 1; ]
1500602234[441 75 26 39 17 0 0; 477 75 17 38 18 0 1; ]
1500602235[441 75 27 40 17 0 0; 478 75 17 38 18 0 1; ]
1500602236[442 75 27 40 17 0 0; 478 75 17 38 18 0 1; ]
1500602237[442 75 27 41 17 0 0; 479 75 17 38 18 0 1; ]
1500602238[442 75 27 41 17 0 0; 480 76 17 38 18 0 1; ]
1500602239[442 75 28 41 17 0 0; 480 76 17 38 18 0 1; ]
1500602240[443 75 28 41 17 0 0; 481 76 17 38 18 0 1; ]
1500602241[443 75 28 42 17 0 0; 481 76 17 37 18 0 1; ]
1500602242[443 75 28 42 17 0 0; 482 76 17 37 18 0 1; ]
1500602243[444 74 28 42 17 0 0; 483 76 17 37 18 0 1; ]
1500602244[444 74 28 42 17 0 0; 483 76 17 37 18 0 1; ]
1500602245[444 73 28 42 17 0 0; 484 76 17 37 18 0 1; ]
1500602246[444 73 28 42 17 0 0; 485 76 17 37 18 0 1; ]
1500602247[445 72 28 42 17 0 0; 486 76 17 37 18 0 1; ]
1500602248[445 71 28 42 17 0 0; 486 76 17 38 18 0 1; ]
1500602249[445 71 29 42 17 0 0; 487 75 17 38 18 0 1; ]
1500602250[446 70 29 42 17 0 0; 488 75 17 39 18 0 1; ]
1500602251[446 70 29 43 17 0 0; 488 73 17 40 18 0 1; ]
1500602252[447 69 29 43 17 0 0; 489 73 17 41 18 0 1; ]
1500602253[447 69 29 43 17 0 0; 490 72 17 42 18 0 1; ]
1500602254[448 69 29 43 17 0 0; 491 71 17 43 18 0 1; ]
1500602255[448 68 29 43 17 0 0; 492 71 17 43 18 0 1; ]
1500602256[449 68 29 43 17 0 0; 493 71 17 44 18 0 1; ]
1500602257[450 68 29 44 17 0 0; 494 70 17 44 18 0 1; ]
1500602258[450 68 29 44 17 0 0; ]
1500602259[451 68 29 45 17 0 0; ]
1500602260[452 68 30 45 17 0 0; ]
1500602261[453 68 30 46 17 0 0; ]
1500602262[455 67 30 46 17 0 0; ]
1500602263[456 67 30 46 17 0 0; ]
1500602264[457 67 30 47 17 0 0; ]
1500602265[458 67 30 47 17 0 0; ]
1500602266[459 67 30 47 17 0 0; ]
1500602267[460 67 30 47 17 0 0; ]
1500602268[461 67 31 47 17 0 0; ]
1500602269[463 67 31 47 17 0 0; ]
1500602270[464 67 31 47 17 0 0; ]
1500602271[465 67 31 47 17 0 0; ]
1500602272[467 66 31 47 17 0 0; ]
1500602273[468 66 31 47 17 0 0; ]
1500602274[469 66 32 47 17 0 0; ]
1500602275[471 66 32 47 17 0 0; ]
1500602276[472 66 32 47 17 0 0; ]
1500602277[473 66 32 48 17 0 0; ]
1500602278[475 66 32 48 17 0 0; ]
1500602279[476 66 32 48 17 0 0; ]
1500602280[477 66 33 48 17 0 0; ]
1500602281[]
1500602282[]
1500602283[]
1500602284[]
1500602285[]
1500602286[]
1500602287[]
1500602288[]
1500602289[]
1500602290[]
1500602291[]
1500602292[]
1500602293[]
1500602294[]
1500602295[]
1500602296[]
1500602297[]
1500602298[]
1500602299[]
1500602300[]
1500602301[]
1500602302[]
1500602303[]
1500602304[]
1500602305[]
1500602306[]
1500602307[]
1500602308[]
1500602309[]
1500602310[]
1500602311[]
1500602312[]
1500602313[]
1500602314[]
1500602315[]
1500602316[]
1500602317[]
1500602318[]
1500602319[]
1500602320[]
1500602321[]
1500602322[]
1500602323[]
1500602324[]
1500602325[]
1500602326[]
1500602327[]
1500602328[]
1500602329[]
1500602330[]
1500602331[]
1500602332[]
1500602333[]
1500602334[]
1500602335[]
1500602336[]
1500602337[]
1500602338[]
1500602339[]
1500602340[]
1500602341[]
1500602342[]
1500602343[]
1500602344[]
1500602345[]
1500602346[]
1500602347[]
1500602348[]
1500602349[]
1500602350[]
1500602351[]
1500602352[]
1500602353[]
1500602354[]
1500602355[]
1500602356[]
1500602357[]
1500602358[]
1500602359[]
1500602360[]
1500602361[]
1500602362[]
1500602363[]
1500602364[]
1500602365[]
1500602366[]
1500602367[]
1500602368[]
1500602369[]
1500602370[]
1500602371[]
1500602372[]
1500602373[]
1500602374[]
1500602375[]
1500602376[]
1500602377[]
1500602378[]
1500602379[]
1500602380[]
1500602381[]
1500602382[]
1500602383[]
1500602384[]
1500602385[]
1500602386[]
1500602387[]
1500602388[]
1500602389[]
1500602390[]
1500602391[]
1500602392[]
1500602393[]
1500602394[]
1500602395[]
1500602396[]
1500602397[]
1500602398[]
1500602399[]
1500602400[]
1500602401[]
1500602402[]
1500602403[]
1500602404[]
1500602405[]
1500602406[]
1500602407[]
1500602408[]
1500602409[]
1500602410[]
1500602411[]
1500602412[]
1500602413[]
1500602414[]
1500602415[]
1500602416[]
1500602417[]
1500602418[]
1500602419[]
1500602420[]
1500602421[]
1500602422[]
1500602423[]
1500602424[]
1500602425[]
1500602426[]
1500602427[]
1500602428[]
1500602429[]
1500602430[]
1500602431[]
1500602432[]
1500602433[]
1500602434[]
1500602435[]
1500602436[]
1500602437[]
1500602438[]
1500602439[]
1500602440[]
1500602441[]
1500602442[]
1500602443[]
1500602444[]
1500602445[]
1500602446[]
1500602447[]
1500602448[]
1500602449[]
1500602450[]
1500602451[]
1500602452[]
1500602453[]
1500602454[]
1500602455[]
1500602456[]
1500602457[]
1500602458[]
1500602459[]
1500602460[]
1500602461[]
1500602462[]
1500602463[]
1500602464[]
1500602465[]
1500602466[]
1500602467[]
1500602468[]
1500602469[]
1500602470[]
1500602471[]
1500602472[]
1500602473[]
1500602474[]
1500602475[]
1500602476[]
1500602477[]
1500602478[]
1500602479[]
1500602480[]
1500602481[]
1500602482[]
1500602483[]
1500602484[]
1500602485[]
1500602486[]
1500602487[]
1500602488[]
1500602489[]
1500602490[]
1500602491[]
1500602492[]
1500602493[]
1500602494[]
1500602495[]
1500602496[]
1500602497[]
1500602498[]
1500602499[]
1500602500[]
1500602501[]
1500602502[]
1500602503[]
1500602504[]
1500602505[]
1500602506[]
1500602507[]
1500602508[]
1500602509[]
1500602510[]
1500602511[]
1500602512[]
1500602513[]
1500602514[]
1500602515[]
1500602516[]
1500602517[]
1500602518[]
1500602519[]
1500602520[]
1500602521[]
1500602522[]
1500602523[]
1500602524[]
1500602525[]
1500602526[]
1500602527[]
1500602528[]
1500602529[]
1500602530[]
1500602531[]
1500602532[]
1500602533[]
1500602534[]
1500602535[]
1500602536[]
1500602537[]
1500602538[]
1500602539[]
1500602540[]
1500602541[]
1500602542[]
1500602543[]
1500602544[]
1500602545[]
1500602546[]
1500602547[]
1500602548[]
1500602549[]
1500602550[]
1500602551[]
1500602552[]
1500602553[]
1500602554[]
1500602555[]
1500602556[]
1500602557[]
1500602558[]
1500602559[]
1500602560[]
1500602561[]
1500602562[]
1500602563[]
1500602564[]
1500602565[]
1500602566[]
1500602567[]
1500602568[]
1500602569[]
1500602570[]
1500602571[]
1500602572[]
1500602573[]
1500602574[]
1500602575[]
1500602576[]
1500602577[]
1500602578[]
1500602579[]
1500602580[]
1500602581[]
1500602582[]
1500602583[]
1500602584[]
1500602585[]
1500602586[]
1500602587[]
1500602588[]
1500602589[]
1500602590[]
1500602591[]
1500602592[]
1500602593[]
1500602594[]
1500602595[]
1500602596[]
1500602597[]
1500602598[]
1500602599[]
1500602600[]
1500602601[]
1500602602[]
1500602603[]
1500602604[]
1500602605[]
1500602606[]
1500602607[]
1500602608[]
1500602609[]
1500602610[]
1500602611[]
1500602612[]
1500602613[]
1500602614[]
1500602615[]
1500602616[]
1500602617[]
1500602618[]
1500602619[]
1500602620[]
1500602621[]
1500602622[]
1500602623[]
1500602624[]
1500602625[]
1500602626[]
1500602627[]
1500602628[]
1500602629[]
1500602630[]
1500602631[]
1500602632[]
1500602633[]
1500602634[]
1500602635[]
1500602636[]
1500602637[]
1500602638[]
1500602639[]
1500602640[339 70 23 31 21 1 0; ]
1500602641[339 70 23 31 21 1 0; ]
1500602642[339 70 22 31 21 1 0; ]
1500602643[339 70 22 32 21 1 0; ]
1500602644[339 69 22 32 21 0 0; ]
1500602645[339 69 22 33 21 0 0; ]
1500602646[339 69 22 33 21 0 0; ]
1500602647[339 69 22 34 21 0 0; ]
1500602648[340 69 22 35 21 0 0; ]
1500602649[340 69 22 35 21 0 0; ]
1500602650[340 69 22 35 21 0 0; ]
1500602651[340 69 22 36 21 0 0; ]
1500602652[340 69 22 36 21 0 0; ]
1500602653[340 70 22 36 21 0 0; ]
1500602654[340 72 23 36 21 0 0; ]
1500602655[340 75 24 36 21 0 0; ]
1500602656[340 76 24 36 21 0 0; ]
1500602657[340 75 24 36 21 0 0; ]
1500602658[340 74 24 36 21 0 0; ]
1500602659[340 72 24 36 21 0 0; ]
1500602660[340 71 24 36 21 0 0; ]
1500602661[340 71 24 36 21 0 0; ]
1500602662[341 70 24 36 21 0 0; ]
1500602663[341 70 24 36 21 0 0; ]
1500602664[341 70 24 36 21 0 0; ]
1500602665[341 70 24 36 21 0 0; ]
1500602666[342 70 23 36 21 0 0; ]
1500602667[342 69 23 36 21 0 0; ]
1500602668[343 69 23 36 21 0 0; ]
1500602669[343 69 23 36 21 0 0; ]
1500602670[344 69 23 36 21 0 0; ]
1500602671[344 69 22 36 21 0 0; ]
1500602672[345 69 22 36 21 0 0; ]
1500602673[346 69 22 36 21 0 0; ]
1500602674[346 69 22 36 21 0 0; ]
1500602675[347 69 21 36 21 0 0; ]
1500602676[348 69 21 36 21 1 0; ]
1500602677[349 69 21 36 21 1 0; ]
1500602678[349 69 20 36 21 1 0; ]
1500602679[350 69 20 36 21 1 0; ]
1500602680[351 69 20 36 21 1 0; ]
1500602681[]
1500602682[]
1500602683[]
1500602684[]
1500602685[]
1500602686[]
1500602687[]
1500602688[]
1500602689[]
1500602690[]
1500602691[]
1500602692[]
1500602693[]
1500602694[]
1500602695[]
1500602696[]
1500602697[]
1500602698[]
1500602699[]
1500602700[]
1500602701[]
1500602702[]
1500602703[]
1500602704[]
1500602705[]
1500602706[]
1500602707[]
1500602708[351 62 20 46 22 1 0; ]
1500602709[350 61 20 46 22 1 0; ]
1500602710[350 60 21 47 22 1 0; ]
1500602711[350 59 21 47 22 1 0; ]
1500602712[349 59 22 48 22 0 0; ]
1500602713[349 58 22 48 22 0 0; ]
1500602714[348 58 23 48 22 0 0; ]
1500602715[348 58 23 48 22 0 0; ]
1500602716[348 58 23 48 22 0 0; ]
1500602717[348 58 23 48 22 0 0; ]
1500602718[347 59 24 48 22 0 0; ]
1500602719[347 60 24 48 22 0 0; ]
1500602720[347 62 24 47 22 0 0; ]
1500602721[347 63 24 47 22 0 0; ]
1500602722[346 65 25 46 22 0 0; ]
1500602723[346 66 25 46 22 0 0; ]
1500602724[346 66 25 46 22 0 0; ]
1500602725[346 66 25 46 22 0 0; ]
1500602726[347 66 24 46 22 0 0; ]
1500602727[347 65 24 46 22 0 0; ]
1500602728[348 65 24 47 22 0 0; ]
1500602729[348 64 23 47 22 0 0; ]
1500602730[349 64 23 47 22 0 0; ]
1500602731[350 64 22 48 22 0 0; ]
1500602732[350 64 22 48 22 0 0; ]
1500602733[351 64 22 48 22 0 0; ]
1500602734[351 64 23 49 22 0 0; ]
1500602735[352 64 24 49 22 0 0; ]
1500602736[353 64 24 49 22 0 0; ]
1500602737[353 65 25 50 22 0 0; ]
1500602738[354 65 26 50 22 0 0; ]
1500602739[355 65 27 50 22 0 0; ]
1500602740[356 65 27 51 22 0 0; ]
1500602741[356 65 27 51 22 0 0; ]
1500602742[357 65 27 51 22 0 0; ]
1500602743[358 65 28 52 22 0 0; ]
1500602744[359 65 28 52 22 0 0; ]
1500602745[360 65 28 52 22 0 0; ]
1500602746[361 65 28 52 22 0 0; ]
1500602747[361 65 28 53 22 0 0; ]
1500602748[362 64 28 53 22 0 0; ]
1500602749[363 64 28 53 22 0 0; ]
1500602750[364 64 28 53 22 0 0; ]
1500602751[365 64 28 54 22 0 0; ]
1500602752[366 64 29 54 22 0 0; ]
1500602753[366 63 29 54 22 0 0; ]
1500602754[367 62 29 55 22 0 0; ]
1500602755[368 61 29 55 22 0 0; ]
1500602756[369 61 29 55 22 0 0; ]
1500602757[370 60 30 56 22 0 0; ]
1500602758[371 60 30 56 22 0 0; ]
1500602759[372 59 30 56 22 0 0; ]
1500602760[373 59 30 56 22 0 0; ]
1500602761[374 58 30 57 22 0 0; ]
1500602762[375 58 31 57 22 0 0; ]
1500602763[376 58 31 57 22 0 0; ]
1500602764[378 58 31 57 22 0 0; ]
1500602765[379 58 31 58 22 0 0; ]
1500602766[381 58 31 58 22 0 0; ]
1500602767[383 58 32 58 22 0 0; ]
1500602768[384 58 32 58 22 0 0; ]
1500602769[387 58 32 58 22 0 0; ]
1500602770[389 59 32 58 22 0 0; ]
1500602771[391 59 32 58 22 0 0; ]
1500602772[393 59 32 59 22 0 0; ]
1500602773[396 59 32 59 22 0 0; ]
1500602774[398 60 33 59 22 0 0; ]
1500602775[401 60 33 59 22 0 0; ]
1500602776[403 60 33 59 22 0 0; ]
1500602777[405 60 33 59 22 0 0; ]
1500602778[408 60 33 60 22 0 0; ]
1500602779[410 60 33 60 22 0 0; ]
1500602780[412 60 33 60 22 0 0; ]
1500602781[415 60 33 60 22 0 0; ]
1500602782[417 59 34 61 22 0 0; ]
1500602783[419 58 34 62 22 0 0; ]
1500602784[421 56 34 62 22 0 0; ]
1500602785[423 55 34 63 22 0 0; ]
1500602786[425 53 34 63 22 0 0; ]
1500602787[428 52 34 64 22 0 0; ]
1500602788[430 52 34 64 22 0 0; ]
1500602789[432 52 34 65 22 0 0; ]
1500602790[434 52 34 65 22 0 0; ]
1500602791[436 52 34 65 22 0 0; ]
1500602792[438 52 34 65 22 0 0; ]
1500602793[440 52 34 65 22 0 0; ]
1500602794[443 52 34 66 22 0 0; ]
1500602795[445 53 34 66 22 0 0; ]
1500602796[447 53 34 66 22 0 0; ]
1500602797[449 53 34 66 22 0 0; ]
1500602798[451 54 34 66 22 0 0; ]
1500602799[454 54 34 66 22 0 0; ]
1500602800[456 54 34 67 22 0 0; ]
1500602801[458 55 34 67 22 0 0; ]
1500602802[461 55 34 67 22 0 0; ]
1500602803[463 56 34 67 22 0 0; ]
1500602804[466 56 34 67 22 0 0; ]
1500602805[469 57 34 67 22 0 0; ]
1500602806[472 59 34 66 22 0 0; ]
1500602807[475 60 34 65 22 0 0; ]
1500602808[]
1500602809[]
1500602810[]
1500602811[]
1500602812[]
1500602813[]
1500602814[]
1500602815[]
1500602816[]
1500602817[]
1500602818[]
1500602819[]
1500602820[]
1500602821[]
1500602822[]
1500602823[]
1500602824[]
1500602825[]
1500602826[]
1500602827[]
1500602828[]
1500602829[]
1500602830[31 38 63 93 24 1 0; ]
1500602831[35 37 62 94 24 1 0; ]
1500602832[39 36 61 95 24 1 0; ]
1500602833[43 34 61 96 24 1 0; ]
1500602834[47 33 60 96 24 0 0; ]
1500602835[51 32 59 97 24 0 0; ]
1500602836[55 30 58 98 24 0 0; ]
1500602837[59 29 58 99 24 0 0; ]
1500602838[63 27 57 99 24 0 0; ]
1500602839[67 26 57 100 24 0 0; ]
1500602840[71 24 57 101 24 0 0; ]
1500602841[75 23 57 101 24 0 0; ]
1500602842[79 21 56 102 24 0 0; ]
1500602843[82 20 56 102 24 0 0; ]
1500602844[86 18 56 103 24 0 0; ]
1500602845[90 16 56 103 24 0 0; ]
1500602846[94 14 56 104 24 0 0; ]
1500602847[97 12 57 104 24 0 0; ]
1500602848[101 11 57 105 24 0 0; ]
1500602849[105 13 57 106 24 0 0; ]
1500602850[110 14 58 106 24 0 0; ]
1500602851[114 15 58 107 24 0 0; ]
1500602852[119 16 59 108 24 0 0; ]
1500602853[124 17 59 109 24 0 0; ]
1500602854[128 18 59 109 24 0 0; ]
1500602855[133 19 59 110 24 0 0; ]
1500602856[138 20 59 110 24 0 0; ]
1500602857[143 20 59 111 24 0 0; ]
1500602858[149 21 59 111 24 0 0; ]
1500602859[154 22 59 111 24 0 0; ]
1500602860[160 22 59 112 24 0 0; ]
1500602861[166 23 59 112 24 0 0; ]
1500602862[171 23 59 112 24 0 0; ]
1500602863[177 24 59 112 24 0 0; ]
1500602864[183 24 59 112 24 0 0; ]
1500602865[189 24 59 113 24 0 0; ]
1500602866[195 24 59 113 24 0 0; ]
1500602867[201 24 59 113 24 0 0; ]
1500602868[207 24 59 114 24 0 0; ]
1500602869[213 24 60 114 24 0 0; ]
1500602870[219 24 60 115 24 0 0; ]
1500602871[225 24 61 115 24 0 0; ]
1500602872[231 23 62 116 24 0 0; ]
1500602873[237 22 64 117 24 0 0; ]
1500602874[243 22 65 118 24 0 0; ]
1500602875[249 22 65 118 24 0 0; ]
1500602876[256 22 66 119 24 0 0; ]
1500602877[262 22 66 119 24 0 0; ]
1500602878[269 22 66 119 24 0 0; ]
1500602879[275 22 66 120 24 0 0; ]
1500602880[282 22 66 120 24 0 0; ]
1500602881[289 23 66 120 24 0 0; ]
1500602882[296 24 66 120 24 0 0; ]
1500602883[303 24 66 120 24 0 0; ]
1500602884[310 25 66 121 24 0 0; ]
1500602885[317 26 66 121 24 0 0; ]
1500602886[324 26 66 121 24 0 0; ]
1500602887[331 27 66 121 24 0 0; ]
1500602888[338 28 66 121 24 0 0; ]
1500602889[346 29 67 121 24 0 0; ]
1500602890[353 30 67 121 24 0 0; ]
1500602891[360 31 67 121 24 0 0; ]
1500602892[368 32 67 121 24 0 0; ]
1500602893[375 33 67 122 24 0 0; ]
1500602894[382 33 67 122 24 0 0; ]
1500602895[390 34 67 122 24 0 0; ]
1500602896[397 35 67 122 24 0 0; ]
1500602897[405 36 67 122 24 0 0; ]
1500602898[412 36 67 122 24 0 0; ]
1500602899[420 37 67 122 24 0 0; ]
1500602900[428 37 67 122 24 0 0; ]
1500602901[435 38 67 123 24 0 0; ]
1500602902[443 38 67 123 24 0 0; ]
1500602903[]
1500602904[]
1500602905[]
1500602906[]
1500602907[]
1500602908[]
1500602909[]
1500602910[]
1500602911[]
1500602912[]
1500602913[]
1500602914[]
1500602915[]
1500602916[]
1500602917[]
1500602918[]
1500602919[]
1500602920[]
1500602921[]
1500602922[]
1500602923[]
1500602924[]
1500602925[]
1500602926[]
1500602927[]
1500602928[]
1500602929[]
1500602930[]
1500602931[]
1500602932[]
1500602933[]
1500602934[]
1500602935[]
1500602936[]
1500602937[]
1500602938[]
1500602939[]
1500602940[]
1500602941[]
1500602942[]
1500602943[]
1500602944[]
1500602945[]
1500602946[]
1500602947[]
1500602948[]
1500602949[]
1500602950[]
1500602951[]
1500602952[]
1500602953[]
1500602954[]
1500602955[]
1500602956[]
1500602957[]
1500602958[]
1500602959[]
1500602960[]
1500602961[]
1500602962[]
1500602963[]
1500602964[]
1500602965[]
1500602966[]
1500602967[]
1500602968[]
1500602969[]
1500602970[]
1500602971[]
1500602972[]
1500602973[]
1500602974[]
1500602975[]
