1500700001[]
1500700002[]
1500700003[]
1500700004[]
1500700005[]
1500700006[437 43 73 111 5 0 0; ]
1500700007[424 43 75 111 5 0 0; ]
1500700008[413 43 76 112 5 0 0; ]
1500700009[405 43 75 113 5 0 0; ]
1500700010[397 43 71 114 5 0 0; ]
1500700011[389 43 69 114 5 0 0; ]
1500700012[379 43 69 114 5 0 0; ]
1500700013[367 43 70 114 5 0 0; ]
1500700014[356 43 70 113 5 0 0; ]
1500700015[345 43 71 112 5 0 0; ]
1500700016[334 43 72 111 5 0 0; ]
1500700017[323 43 73 109 5 0 0; ]
1500700018[312 43 74 107 5 0 0; ]
1500700019[304 43 74 107 5 0 0; ]
1500700020[]
1500700021[309 36 55 112 6 1 0; ]
1500700022[]
1500700023[]
1500700024[]
1500700025[]
1500700026[246 41 69 108 7 1 0; ]
1500700027[237 40 69 108 7 0 0; ]
1500700028[228 40 67 108 7 0 0; ]
1500700029[220 40 66 107 7 0 0; ]
1500700030[214 40 62 107 7 1 0; ]
1500700031[]
1500700032[]
1500700033[]
1500700034[]
1500700035[156 39 66 113 8 0 0; ]
1500700036[147 39 68 112 8 0 0; ]
1500700037[137 38 69 111 8 0 0; ]
1500700038[127 38 70 111 8 0 0; ]
1500700039[117 37 71 111 8 0 0; ]
1500700040[108 37 72 111 8 0 0; ]
1500700041[98 36 72 110 8 0 0; ]
1500700042[88 36 72 110 8 0 0; ]
1500700043[79 35 72 112 8 0 0; ]
1500700044[69 35 71 114 8 0 0; ]
1500700045[59 34 69 117 8 0 0; ]
1500700046[49 34 69 119 8 1 0; ]
1500700047[40 33 69 119 8 1 0; ]
1500700048[30 33 70 120 8 1 0; ]
1500700049[24 33 64 112 8 0 0; ]
1500700050[]
1500700051[]
1500700052[]
1500700053[]
1500700054[]
1500700055[]
1500700056[]
1500700057[]
1500700058[]
1500700059[]
1500700060[]
1500700061[]
1500700062[]
1500700063[]
1500700064[]
1500700065[]
1500700066[]
1500700067[480 77 31 52 29 0 0; ]
1500700068[480 77 30 52 29 0 0; ]
1500700069[480 77 30 52 29 0 0; ]
1500700070[480 77 29 52 29 1 0; ]
1500700071[]
1500700072[]
1500700073[]
1500700074[]
1500700075[]
1500700076[]
1500700077[]
1500700078[]
1500700079[]
1500700080[]
1500700081[]
1500700082[]
1500700083[]
1500700084[]
1500700085[]
1500700086[]
1500700087[]
1500700088[]
1500700089[]
1500700090[]
1500700091[]
1500700092[]
1500700093[]
1500700094[]
1500700095[]
1500700096[]
1500700097[]
1500700098[]
1500700099[]
1500700100[]
1500700101[]
1500700102[]
1500700103[]
1500700104[]
1500700105[]
1500700106[]
1500700107[]
1500700108[]
1500700109[]
1500700110[]
1500700111[]
1500700112[]
1500700113[]
1500700114[]
1500700115[]
1500700116[]
1500700117[]
1500700118[]
1500700119[]
1500700120[]
1500700121[]
1500700122[]
1500700123[]
1500700124[]
1500700125[]
1500700126[]
1500700127[]
1500700128[]
1500700129[]
1500700130[]
1500700131[]
1500700132[]
1500700133[]
1500700134[]
1500700135[]
1500700136[]
1500700137[]
1500700138[]
1500700139[]
1500700140[]
1500700141[]
1500700142[]
1500700143[]
1500700144[]
1500700145[]
1500700146[]
1500700147[]
1500700148[]
1500700149[]
1500700150[]
1500700151[]
1500700152[]
1500700153[]
1500700154[]
1500700155[]
1500700156[]
1500700157[]
1500700158[]
1500700159[]
1500700160[]
1500700161[]
1500700162[]
1500700163[]
1500700164[]
1500700165[]
1500700166[]
1500700167[]
1500700168[]
1500700169[]
1500700170[]
1500700171[]
1500700172[]
1500700173[]
1500700174[]
1500700175[]
1500700176[]
1500700177[]
1500700178[]
1500700179[]
1500700180[]
1500700181[]
1500700182[]
1500700183[]
1500700184[]
1500700185[]
1500700186[]
1500700187[]
1500700188[]
1500700189[]
1500700190[]
1500700191[]
1500700192[]
1500700193[]
1500700194[]
1500700195[]
1500700196[]
1500700197[]
1500700198[]
1500700199[]
1500700200[]
1500700201[]
1500700202[]
1500700203[]
1500700204[]
1500700205[]
1500700206[]
1500700207[]
1500700208[]
1500700209[]
1500700210[]
1500700211[]
1500700212[]
1500700213[]
1500700214[]
1500700215[]
1500700216[]
1500700217[]
1500700218[]
1500700219[]
1500700220[]
1500700221[]
1500700222[]
1500700223[]
1500700224[]
1500700225[]
1500700226[]
1500700227[]
1500700228[]
1500700229[]
1500700230[]
1500700231[]
1500700232[]
1500700233[]
1500700234[]
1500700235[]
1500700236[]
1500700237[]
1500700238[]
1500700239[]
1500700240[]
1500700241[]
1500700242[]
1500700243[]
1500700244[]
1500700245[]
1500700246[]
1500700247[]
1500700248[]
1500700249[]
1500700250[]
1500700251[]
1500700252[]
1500700253[]
1500700254[]
1500700255[]
1500700256[]
1500700257[]
1500700258[]
1500700259[]
1500700260[]
1500700261[]
1500700262[]
1500700263[]
1500700264[]
1500700265[]
1500700266[]
1500700267[]
1500700268[]
1500700269[]
1500700270[]
1500700271[392 1 118 243 23 0 2; ]
1500700272[390 0 105 243 23 0 2; ]
1500700273[387 0 96 243 23 0 2; ]
1500700274[376 0 90 243 23 0 2; ]
1500700275[363 0 97 243 23 0 2; 444 47 51 101 25 1 0; ]
1500700276[354 1 105 242 23 0 2; 439 47 52 101 25 1 0; ]
1500700277[343 2 117 242 23 0 2; 433 47 52 101 25 1 0; ]
1500700278[333 2 127 241 23 0 2; 427 47 53 101 25 1 0; ]
1500700279[322 4 135 240 23 0 2; 421 47 54 101 25 1 0; ]
1500700280[312 5 142 238 23 0 2; 415 47 54 102 25 1 0; ]
1500700281[303 3 148 240 23 0 2; 409 47 55 102 25 0 0; ]
1500700282[300 1 133 242 23 0 2; 403 47 56 102 25 0 0; ]
1500700283[397 47 57 102 25 0 0; ]
1500700284[391 47 58 103 25 0 0; ]
1500700285[385 47 58 103 25 0 0; ]
1500700286[379 47 57 103 25 0 0; ]
1500700287[373 47 56 103 25 0 0; ]
1500700288[367 47 56 103 25 0 0; ]
1500700289[361 47 58 104 25 0 0; ]
1500700290[237 0 127 243 23 0 2; 356 47 61 104 25 0 0; ]
1500700291[229 0 130 243 23 0 2; 351 47 61 104 25 0 0; ]
1500700292[346 47 61 105 25 0 0; ]
1500700293[342 47 61 105 25 0 0; ]
1500700294[337 47 61 106 25 0 0; ]
1500700295[332 47 61 106 25 0 0; ]
1500700296[328 47 61 106 25 0 0; ]
1500700297[323 47 60 107 25 0 0; ]
1500700298[318 47 60 107 25 0 0; ]
1500700299[314 47 60 108 25 0 0; ]
1500700300[309 47 60 108 25 0 0; ]
1500700301[304 47 60 109 25 0 0; ]
1500700302[300 47 60 109 25 0 0; ]
1500700303[295 47 60 110 25 0 0; ]
1500700304[290 47 60 110 25 0 0; ]
1500700305[286 47 55 110 25 0 0; ]
1500700306[281 47 55 110 25 0 0; ]
1500700307[276 47 55 109 25 0 0; ]
1500700308[271 47 55 108 25 0 0; ]
1500700309[266 47 54 108 25 0 0; ]
1500700310[261 47 54 107 25 0 0; ]
1500700311[256 47 54 106 25 0 0; ]
1500700312[252 47 54 106 25 0 0; ]
1500700313[247 47 54 105 25 0 0; ]
1500700314[242 47 54 105 25 0 0; ]
1500700315[237 47 53 104 25 0 0; ]
1500700316[232 47 53 103 25 0 0; ]
1500700317[227 47 53 103 25 0 0; ]
1500700318[222 47 53 102 25 0 0; ]
1500700319[217 47 53 101 25 0 0; ]
1500700320[212 47 53 101 25 0 0; ]
1500700321[204 47 53 100 25 0 0; ]
1500700322[197 47 54 100 25 0 0; ]
1500700323[191 47 55 100 25 0 0; ]
1500700324[186 47 55 99 25 0 0; ]
1500700325[182 47 55 99 25 0 0; ]
1500700326[179 47 56 99 25 0 0; ]
1500700327[177 47 56 99 25 0 0; ]
1500700328[176 47 56 99 25 0 0; ]
1500700329[176 47 56 99 25 0 0; ]
1500700330[176 47 56 99 25 0 0; ]
1500700331[176 47 56 99 25 0 0; ]
1500700332[176 47 55 99 25 0 0; ]
1500700333[176 47 55 100 25 0 0; ]
1500700334[176 47 55 100 25 0 0; ]
1500700335[176 47 54 101 25 0 0; ]
1500700336[176 47 55 99 25 0 0; ]
1500700337[176 47 55 99 25 0 0; ]
1500700338[175 47 55 98 25 0 0; ]
1500700339[175 47 55 98 25 0 0; ]
1500700340[175 47 55 98 25 0 0; ]
1500700341[177 47 52 99 25 0 0; ]
1500700342[105 47 51 102 25 0 0; 332 5 101 254 26 0 1; ]
1500700343[98 47 53 104 25 0 0; 313 7 99 254 26 0 1; ]
1500700344[92 47 53 104 25 0 0; 301 8 88 253 26 0 1; ]
1500700345[86 47 53 105 25 0 0; 293 8 94 252 26 0 1; ]
1500700346[81 47 53 105 25 0 0; 277 6 104 251 26 0 1; ]
1500700347[76 47 53 106 25 0 0; 258 4 114 250 26 0 1; ]
1500700348[72 47 53 106 25 0 0; 238 4 121 254 26 0 1; ]
1500700349[68 47 52 106 25 0 0; 229 4 108 254 26 0 1; ]
1500700350[65 47 52 106 25 0 0; 221 4 90 255 26 0 1; ]
1500700351[60 46 53 105 25 0 0; 213 4 80 255 26 0 1; ]
1500700352[55 46 54 104 25 0 0; 198 4 85 255 26 0 1; ]
1500700353[50 46 55 103 25 0 0; 176 4 105 255 26 0 1; ]
1500700354[45 46 56 103 25 0 0; 158 3 118 256 26 0 1; ]
1500700355[41 45 57 102 25 0 0; 145 2 122 256 26 0 1; ]
1500700356[36 45 58 102 25 0 0; 137 2 112 257 26 0 1; ]
1500700357[31 45 58 102 25 0 0; 133 1 103 257 26 0 1; ]
1500700358[26 44 58 102 25 0 0; 117 1 81 259 26 0 1; ]
1500700359[21 44 58 102 25 0 0; 107 0 77 261 26 0 1; ]
1500700360[16 44 59 103 25 0 0; ]
1500700361[11 44 59 104 25 0 0; ]
1500700362[6 43 59 105 25 0 0; ]
1500700363[1 43 59 107 25 0 0; ]
1500700364[]
1500700365[]
1500700366[]
1500700367[]
1500700368[]
1500700369[]
1500700370[]
1500700371[]
1500700372[]
1500700373[]
1500700374[]
1500700375[]
1500700376[]
1500700377[]
1500700378[]
1500700379[]
1500700380[]
1500700381[]
1500700382[]
1500700383[]
1500700384[]
1500700385[]
1500700386[]
1500700387[]
1500700388[]
1500700389[]
1500700390[]
1500700391[]
1500700392[]
1500700393[]
1500700394[]
1500700395[]
1500700396[]
1500700397[]
1500700398[]
1500700399[]
1500700400[]
1500700401[]
1500700402[]
1500700403[]
1500700404[]
1500700405[]
1500700406[]
1500700407[]
1500700408[]
1500700409[]
1500700410[]
1500700411[]
1500700412[]
1500700413[]
1500700414[]
1500700415[]
1500700416[]
1500700417[]
1500700418[]
1500700419[]
1500700420[]
1500700421[]
1500700422[]
1500700423[]
1500700424[3 34 56 117 31 0 0; ]
1500700425[11 34 56 117 31 0 0; ]
1500700426[18 34 56 117 31 0 0; ]
1500700427[25 35 56 117 31 0 0; ]
1500700428[32 35 57 117 31 0 0; 452 47 53 89 86 0 0; ]
1500700429[39 35 57 117 31 0 0; 440 47 53 89 86 0 0; ]
1500700430[46 35 57 116 31 0 0; 464 60 37 88 81 0 1; 429 47 53 88 86 0 0; ]
1500700431[53 35 57 116 31 0 0; 1 45 52 97 39 0 0; 459 60 37 83 81 0 1; 417 48 53 88 86 0 0; ]
1500700432[61 36 57 114 31 0 0; 8 45 52 99 39 0 0; 454 60 37 81 81 0 1; 406 48 53 87 86 0 0; ]
1500700433[68 36 57 112 31 0 0; 15 45 52 101 39 0 0; 449 61 37 81 81 0 1; 395 49 53 86 86 0 0; ]
1500700434[75 36 58 111 31 0 0; 22 45 52 103 39 0 0; 444 61 37 83 81 0 1; 383 50 53 85 86 0 0; 470 62 41 84 87 0 1; ]
1500700435[82 36 58 109 31 0 0; 29 45 52 104 39 0 0; 438 61 36 86 81 0 1; 373 51 53 84 86 0 0; 463 62 42 83 87 0 1; ]
1500700436[89 37 58 108 31 0 0; 35 45 52 105 39 0 0; 433 61 35 86 81 0 1; 361 51 53 84 86 0 0; 457 62 43 83 87 0 1; ]
1500700437[96 37 58 107 31 0 0; 42 46 52 105 39 0 0; 428 61 34 86 81 0 1; 350 50 52 84 86 0 0; 450 62 42 82 87 0 1; ]
1500700438[104 37 58 106 31 0 0; 49 46 52 105 39 0 0; 423 61 33 86 81 0 1; 340 50 52 84 86 0 0; 444 62 40 82 87 0 1; ]
1500700439[111 37 57 106 31 0 0; 56 46 52 105 39 0 0; 418 61 33 86 81 0 1; 329 50 52 84 86 0 0; 437 62 38 81 87 0 1; ]
1500700440[118 38 57 106 31 0 0; 63 46 52 105 39 0 0; 413 61 32 86 81 1 1; 318 50 51 86 86 0 0; 433 62 37 81 87 0 1; ]
1500700441[125 38 57 105 31 0 0; 69 46 52 104 39 0 0; 408 61 32 86 81 1 1; 308 50 50 87 86 0 0; 428 62 37 81 87 0 1; ]
1500700442[132 38 57 104 31 0 0; 76 46 52 104 39 0 0; 402 62 31 86 81 1 1; 297 50 50 89 86 0 0; 423 62 37 81 87 0 1; ]
1500700443[139 38 57 104 31 0 0; 83 47 52 104 39 0 0; 397 62 31 87 81 1 1; 287 49 49 90 86 0 0; 417 62 37 81 87 0 1; ]
1500700444[146 39 57 103 31 0 0; 90 47 52 103 39 0 0; 392 62 31 87 81 1 1; 276 49 49 91 86 0 0; 411 62 38 81 87 0 1; ]
1500700445[153 39 56 101 31 0 0; 97 47 52 102 39 0 0; 387 62 31 88 81 1 1; 264 49 49 91 86 0 0; 405 62 39 81 87 0 1; ]
1500700446[159 39 56 100 31 0 0; 103 47 52 102 39 0 0; 381 62 31 85 81 0 1; 253 49 50 92 86 0 0; 399 62 40 81 87 0 1; ]
1500700447[165 39 56 102 31 0 0; 110 47 53 102 39 0 0; 375 61 31 83 81 0 1; 243 49 49 90 86 0 0; 392 62 36 81 87 0 1; ]
1500700448[171 40 56 105 31 0 0; 117 48 53 101 39 0 0; 369 61 32 81 81 0 1; 233 49 48 87 86 0 0; 386 62 36 81 87 0 1; ]
1500700449[177 40 55 106 31 0 0; 124 48 53 101 39 0 0; 364 61 32 81 81 0 1; 223 49 46 83 86 1 0; 380 62 36 81 87 0 1; ]
1500700450[182 40 55 107 31 0 0; 130 48 53 101 39 0 0; 358 61 32 81 81 0 1; 215 48 43 77 86 1 0; 374 62 36 81 87 0 1; ]
1500700451[190 42 59 112 32 0 2; 137 48 53 100 39 0 0; 5 43 68 97 41 0 0; 353 61 31 82 81 0 1; 213 48 35 77 86 1 0; 368 62 36 81 87 0 1; ]
1500700452[197 39 60 120 33 0 0; 144 48 53 100 39 0 0; 12 43 67 97 41 0 0; 347 60 29 84 81 0 1; 362 62 36 81 87 0 1; ]
1500700453[203 39 60 120 33 0 0; 182 48 37 78 35 1 0; 151 49 53 99 39 0 0; 19 43 67 97 41 0 0; 342 60 28 85 81 0 1; 356 62 36 81 87 0 1; ]
1500700454[210 39 59 120 33 0 0; 181 48 34 76 35 1 0; 159 48 55 90 40 0 2; 26 44 67 97 41 0 0; 336 60 27 85 81 1 1; 350 62 37 81 87 0 1; ]
1500700455[217 39 59 119 33 0 0; 34 44 66 97 41 0 0; 162 45 55 95 80 0 1; 331 60 27 85 81 1 1; 344 62 36 81 87 0 1; ]
1500700456[224 40 58 119 33 0 0; 147 47 43 82 36 0 0; 41 44 66 97 41 0 0; 168 45 54 95 80 0 1; 325 59 26 85 81 1 1; 338 62 35 81 87 0 1; ]
1500700457[231 40 58 119 33 0 0; 135 47 45 82 36 0 0; 48 44 65 97 41 0 0; 175 46 54 95 80 0 1; 319 59 25 85 81 1 1; 332 61 35 80 87 0 1; ]
1500700458[237 40 57 119 33 0 0; 124 47 46 82 36 0 0; 55 45 65 97 41 0 0; 182 46 54 95 80 0 1; 314 59 25 84 81 1 1; 325 61 35 79 87 0 1; ]
1500700459[244 40 57 119 33 0 0; 117 47 46 82 36 0 0; 62 45 65 96 41 0 0; 189 46 54 95 80 0 1; 308 59 25 84 81 1 1; 319 61 37 78 87 0 1; ]
1500700460[251 41 57 119 33 0 0; 111 47 40 78 36 1 0; 69 45 64 96 41 0 0; 196 47 54 94 80 0 1; 302 59 25 83 81 1 1; 313 61 40 77 87 1 1; ]
1500700461[258 41 57 118 33 0 0; 77 46 64 96 41 0 0; 203 47 53 94 80 0 1; 298 59 23 83 81 1 1; 306 61 44 77 87 1 1; ]
1500700462[265 41 57 118 33 0 0; 84 46 64 96 41 0 0; 210 48 53 94 80 0 1; ]
1500700463[271 42 57 118 33 0 0; 69 46 45 85 37 1 0; 91 46 64 96 41 0 0; 217 48 53 94 80 0 1; ]
1500700464[278 42 57 118 33 0 0; 58 46 46 85 37 1 0; 98 47 64 95 41 0 0; 224 49 53 94 80 0 1; ]
1500700465[285 42 57 118 33 0 0; 48 46 47 86 37 0 0; 105 47 64 95 41 0 0; 230 49 52 94 80 0 1; ]
1500700466[292 42 57 118 33 0 0; 37 46 48 86 37 0 0; 112 48 64 95 41 0 0; 237 49 52 94 80 0 1; 277 61 24 68 82 1 1; ]
1500700467[299 43 57 117 33 0 0; 27 46 48 86 37 0 0; 119 48 64 94 41 0 0; 244 50 52 94 80 0 1; ]
1500700468[305 43 57 117 33 0 0; 457 52 52 81 34 0 0; 16 46 49 87 37 0 0; 126 49 64 94 41 0 0; 251 50 52 94 80 0 1; ]
1500700469[311 43 56 116 33 0 0; 447 52 52 81 34 0 0; 6 46 49 87 37 0 0; 134 49 64 93 41 0 0; 258 51 52 93 80 0 1; ]
1500700470[318 43 56 115 33 0 0; 437 52 51 82 34 0 0; 141 49 64 93 41 0 0; 265 51 51 93 80 0 1; 245 59 30 84 83 1 1; ]
1500700471[324 43 55 114 33 0 0; 426 52 51 82 34 0 0; 148 50 64 92 41 0 0; 271 51 52 96 80 0 1; 240 59 32 83 83 0 1; ]
1500700472[331 43 55 113 33 0 0; 416 52 50 82 34 0 0; 155 50 64 92 41 0 0; 278 51 52 98 80 0 1; 235 59 39 84 83 0 1; ]
1500700473[337 43 54 112 33 0 0; 406 52 50 82 34 0 0; 162 51 64 92 41 0 0; 284 52 52 100 80 0 1; 229 59 36 81 83 0 1; ]
1500700474[343 43 54 111 33 0 0; 399 52 47 80 34 0 0; 169 51 64 91 41 0 0; 291 52 52 102 80 0 1; 224 59 39 80 83 1 1; ]
1500700475[350 43 54 110 33 0 0; 391 52 44 77 34 0 0; 176 52 64 91 41 0 0; 297 52 52 103 80 0 1; 219 59 41 78 83 1 1; ]
1500700476[356 43 54 109 33 0 0; 384 52 41 75 34 0 0; 183 52 64 90 41 0 0; 304 52 52 103 80 0 1; ]
1500700477[363 43 54 108 33 0 0; 190 52 64 90 41 0 0; 310 52 52 104 80 0 1; ]
1500700478[369 43 54 107 33 0 0; 197 53 64 90 41 0 0; 317 52 51 104 80 0 1; ]
1500700479[375 43 54 106 33 0 0; 204 53 64 89 41 0 0; 323 52 51 104 80 0 1; ]
1500700480[382 43 55 105 33 0 0; 211 53 64 89 41 0 0; 330 52 51 103 80 0 1; 187 58 33 82 84 1 1; ]
1500700481[388 43 55 105 33 0 0; 218 53 64 89 41 0 0; 336 52 51 102 80 0 1; 181 58 38 83 84 1 1; ]
1500700482[395 43 55 104 33 0 0; 225 54 64 89 41 0 0; 342 53 51 100 80 0 1; 176 58 41 84 84 1 1; 318 53 41 83 88 1 0; ]
1500700483[401 43 55 104 33 0 0; 232 54 64 89 41 0 0; 349 53 51 98 80 0 1; 170 57 43 85 84 0 1; 310 53 41 82 88 1 0; ]
1500700484[406 43 55 105 33 0 0; 239 54 64 89 41 0 0; 355 53 51 96 80 0 1; 165 57 44 86 84 0 1; 302 53 41 81 88 1 0; ]
1500700485[412 43 56 105 33 0 0; 246 54 64 89 41 0 0; 362 53 51 93 80 0 1; 159 57 45 87 84 0 1; 294 53 41 79 88 1 0; ]
1500700486[418 43 56 106 33 0 0; 253 54 64 88 41 0 0; 368 53 51 93 80 0 1; 153 56 44 88 84 0 1; ]
1500700487[424 43 56 107 33 0 0; 260 55 65 88 41 0 0; 374 53 51 93 80 0 1; 148 56 41 88 84 0 1; ]
1500700488[430 43 56 108 33 0 0; 267 55 65 88 41 0 0; 380 53 50 93 80 0 1; 142 56 40 89 84 0 1; ]
1500700489[436 43 56 109 33 0 0; 274 55 65 88 41 0 0; 386 54 50 94 80 0 1; 136 56 40 89 84 0 1; 246 50 47 82 89 1 0; ]
1500700490[442 43 56 110 33 0 0; 281 55 65 88 41 0 0; 392 54 50 94 80 0 1; 130 55 40 89 84 0 1; 236 50 47 83 89 0 0; ]
1500700491[448 43 56 110 33 0 0; 288 55 65 88 41 0 0; 398 54 49 94 80 0 1; 124 55 40 90 84 0 1; 226 50 48 83 89 0 0; ]
1500700492[454 43 57 110 33 0 0; 295 56 65 87 41 0 0; 404 54 49 94 80 0 1; 118 55 40 90 84 0 1; 216 50 49 83 89 0 0; ]
1500700493[302 56 65 87 41 0 0; 410 54 49 94 80 0 1; 112 55 40 90 84 0 1; 205 50 49 83 89 0 0; ]
1500700494[309 55 65 88 41 0 0; 416 54 48 94 80 0 1; 106 54 40 91 84 0 1; 195 50 50 83 89 0 0; ]
1500700495[317 55 65 88 41 0 0; 422 55 48 94 80 0 1; 100 54 41 91 84 0 1; 185 50 50 83 89 0 0; ]
1500700496[324 55 65 88 41 0 0; 429 55 48 94 80 0 1; 94 54 41 90 84 0 1; 175 50 50 83 89 0 0; ]
1500700497[331 55 65 88 41 0 0; 435 55 47 94 80 0 1; 89 54 40 90 84 0 1; 165 50 50 83 89 0 0; ]
1500700498[338 55 65 88 41 0 0; 441 55 47 94 80 0 1; 83 55 40 89 84 0 1; 155 50 50 83 89 0 0; ]
1500700499[346 55 65 88 41 0 0; 447 55 46 94 80 0 1; 77 55 40 89 84 0 1; 145 50 50 83 89 0 0; ]
1500700500[353 55 65 88 41 0 0; 453 55 46 94 80 0 1; 72 55 40 88 84 0 1; 134 50 50 82 89 0 0; ]
1500700501[360 55 65 88 41 0 0; 458 55 46 95 80 0 1; 66 55 40 88 84 0 1; 124 50 50 82 89 0 0; ]
1500700502[367 55 65 88 41 0 0; 464 55 46 95 80 0 1; 61 56 40 87 84 1 1; 114 50 51 81 89 0 0; ]
1500700503[375 54 64 89 41 0 0; 55 56 40 87 84 1 1; 104 50 51 80 89 0 0; ]
1500700504[382 54 64 89 41 0 0; 50 56 39 86 84 1 1; 94 50 51 79 89 0 0; ]
1500700505[389 54 64 89 41 0 0; 44 56 39 86 84 1 1; 84 50 50 78 89 0 0; ]
1500700506[397 54 64 89 41 0 0; 38 56 39 85 84 1 1; 75 50 50 77 89 0 0; ]
1500700507[404 54 64 89 41 0 0; 33 57 39 85 84 1 1; 65 50 49 76 89 0 0; ]
1500700508[411 54 61 89 41 0 0; 27 57 39 84 84 1 1; 56 50 49 75 89 0 0; ]
1500700509[418 54 61 89 41 0 0; 22 57 39 84 84 1 1; 46 49 48 75 89 0 0; ]
1500700510[425 54 61 89 41 0 0; 16 57 38 83 84 1 1; 36 49 48 75 89 0 0; ]
1500700511[432 54 61 89 41 0 0; 27 49 47 74 89 0 0; ]
1500700512[440 54 61 89 41 0 0; 17 49 46 74 89 0 0; ]
1500700513[447 54 61 89 41 0 0; 8 49 46 75 89 0 0; ]
1500700514[]
1500700515[]
1500700516[]
1500700517[]
1500700518[]
1500700519[482 68 22 56 56 1 1; ]
1500700520[481 68 24 59 56 0 1; ]
1500700521[481 68 25 62 56 0 1; ]
1500700522[479 68 26 64 56 0 1; ]
1500700523[478 68 26 65 56 0 1; ]
1500700524[477 68 26 66 56 0 1; ]
1500700525[474 68 25 66 56 0 1; ]
1500700526[472 68 24 66 56 0 1; ]
1500700527[470 68 25 66 56 0 1; ]
1500700528[469 68 27 66 56 0 1; ]
1500700529[467 68 29 66 56 0 1; ]
1500700530[466 68 30 61 56 0 1; ]
1500700531[465 68 30 64 56 0 1; ]
1500700532[464 68 29 64 56 0 1; ]
1500700533[463 68 27 63 56 0 1; ]
1500700534[463 68 24 61 56 0 1; ]
1500700535[459 68 28 66 56 0 1; ]
1500700536[457 68 27 66 56 0 1; ]
1500700537[456 68 26 66 56 0 1; ]
1500700538[455 68 25 66 56 0 1; ]
1500700539[455 68 24 66 56 0 1; ]
1500700540[454 68 24 66 56 0 1; ]
1500700541[454 68 24 66 56 0 1; ]
1500700542[448 68 25 66 56 0 1; ]
1500700543[446 68 25 66 56 0 1; ]
1500700544[444 68 25 66 56 0 1; ]
1500700545[442 68 25 66 56 0 1; ]
1500700546[441 68 25 66 56 0 1; ]
1500700547[440 68 25 66 56 0 1; ]
1500700548[439 68 25 66 56 0 1; ]
1500700549[439 68 25 66 56 0 1; ]
1500700550[438 68 24 67 56 0 1; ]
1500700551[437 68 23 68 56 0 1; ]
1500700552[435 68 22 68 56 0 1; ]
1500700553[434 68 21 68 56 0 1; ]
1500700554[433 68 21 67 56 0 1; ]
1500700555[431 68 20 66 56 0 1; ]
1500700556[430 68 20 66 56 0 1; ]
1500700557[428 68 20 66 56 0 1; ]
1500700558[427 68 20 66 56 0 1; 478 75 32 57 61 0 1; ]
1500700559[425 68 20 66 56 0 1; 477 75 32 56 61 0 1; ]
1500700560[423 68 20 66 56 0 1; 475 75 31 56 61 0 1; ]
1500700561[422 68 20 66 56 0 1; 474 75 30 56 61 0 1; ]
1500700562[420 68 20 66 56 0 1; 472 75 30 55 61 0 1; ]
1500700563[418 68 20 66 56 0 1; 471 75 29 55 61 0 1; ]
1500700564[416 68 20 66 56 0 1; 470 75 28 55 61 0 1; ]
1500700565[416 68 21 66 56 0 1; 468 75 27 55 61 0 1; ]
1500700566[415 68 21 66 56 0 1; 467 75 27 55 61 0 1; ]
1500700567[415 68 21 66 56 0 1; 465 75 26 55 61 0 1; ]
1500700568[414 68 20 66 56 0 1; 464 75 25 55 61 0 1; ]
1500700569[412 68 19 66 56 0 1; 462 75 25 55 61 0 1; ]
1500700570[410 68 20 66 56 0 1; 461 75 24 55 61 0 1; ]
1500700571[406 68 22 66 56 0 1; 460 75 23 56 61 0 1; ]
1500700572[125 0 102 259 49 0 1; 28 2 104 245 51 0 1; 404 68 23 66 56 0 1; 458 75 22 56 61 0 1; ]
1500700573[129 1 108 258 49 0 1; 29 3 114 243 51 0 1; 403 68 23 66 56 0 1; 454 75 25 56 61 0 1; ]
1500700574[134 1 109 257 49 0 1; 33 3 120 243 51 0 1; 401 68 23 66 56 0 1; 451 75 27 56 61 0 1; ]
1500700575[138 0 109 259 49 0 1; 40 3 119 244 51 0 1; 400 68 23 66 56 0 1; 448 75 28 56 61 0 1; ]
1500700576[50 3 116 244 51 0 1; 399 68 22 66 56 0 1; 446 75 29 56 61 0 1; ]
1500700577[61 2 109 244 51 0 1; 398 68 21 66 56 0 1; 443 75 30 55 61 0 1; ]
1500700578[76 2 99 245 51 0 1; 398 68 20 66 56 0 1; 442 75 30 55 61 0 1; ]
1500700579[93 1 84 246 51 0 1; 398 68 18 66 56 0 1; 440 75 31 55 61 0 1; ]
1500700580[113 0 64 247 51 0 1; 397 71 18 63 56 0 1; 439 75 31 55 61 0 1; ]
1500700581[118 2 74 244 51 0 1; 399 76 29 53 56 0 1; 438 75 30 55 61 0 1; ]
1500700582[122 4 82 242 51 0 1; 399 75 25 57 56 1 1; 438 75 29 54 61 0 1; ]
1500700583[126 6 89 241 51 0 1; 437 75 26 53 61 0 1; ]
1500700584[130 7 94 239 51 0 1; 437 75 23 53 61 0 1; ]
1500700585[133 8 97 239 51 0 1; 437 75 19 52 61 0 1; ]
1500700586[136 9 100 238 51 0 1; ]
1500700587[141 9 101 238 51 0 1; ]
1500700588[150 8 97 238 51 0 1; 428 74 25 56 62 0 1; ]
1500700589[165 7 88 239 51 0 1; ]
1500700590[181 6 77 241 51 0 1; ]
1500700591[196 4 68 242 51 0 1; ]
1500700592[207 3 64 243 51 0 1; ]
1500700593[212 2 66 245 51 0 1; 376 68 23 59 63 0 1; ]
1500700594[217 1 72 246 51 0 1; 376 68 22 59 63 0 1; ]
1500700595[309 0 89 259 49 0 1; 219 0 81 247 51 0 1; 376 68 20 60 63 0 1; ]
1500700596[311 1 103 258 49 0 1; 219 3 104 245 51 0 1; 376 68 19 59 63 1 1; ]
1500700597[312 2 113 257 49 0 1; 220 6 110 243 51 0 1; 415 72 22 59 64 0 1; ]
1500700598[313 4 118 255 49 0 1; 231 8 97 242 51 0 1; 414 72 21 59 64 0 1; ]
1500700599[314 6 122 253 49 0 1; 239 9 99 242 51 0 1; 413 72 21 59 64 0 1; ]
1500700600[324 5 112 254 49 0 1; 248 9 100 242 51 0 1; 412 72 20 59 64 0 1; ]
1500700601[336 4 103 255 49 0 1; 258 10 100 242 51 0 1; ]
1500700602[348 3 95 256 49 0 1; 268 10 100 241 51 0 1; ]
1500700603[361 2 89 256 49 0 1; 284 8 86 244 51 0 1; ]
1500700604[373 2 86 257 49 0 1; 298 6 71 246 51 0 1; ]
1500700605[384 2 85 257 49 0 1; 304 6 74 246 51 0 1; ]
1500700606[395 2 83 257 49 0 1; 308 7 80 246 51 0 1; ]
1500700607[405 1 83 257 49 0 1; 311 7 89 246 51 0 1; ]
1500700608[414 2 84 257 49 0 1; 313 6 100 249 51 0 1; ]
1500700609[422 2 86 257 49 0 1; 316 3 113 252 51 0 1; ]
1500700610[318 0 129 256 51 0 1; ]
1500700611[321 7 125 249 51 0 1; ]
1500700612[331 11 116 245 51 0 1; ]
1500700613[345 12 104 244 51 0 1; 349 70 22 59 66 1 1; ]
1500700614[361 12 91 244 51 0 1; 348 70 20 58 66 0 1; ]
1500700615[387 4 73 251 51 0 1; 347 70 20 58 66 0 1; 358 75 23 55 67 0 1; ]
1500700616[396 5 68 250 51 0 1; 346 70 19 58 66 0 1; 358 74 22 57 67 0 1; ]
1500700617[402 6 67 250 51 0 1; 345 70 19 57 66 0 1; 358 74 22 57 67 0 1; ]
1500700618[406 7 68 249 51 0 1; 344 70 19 57 66 0 1; 357 74 22 57 67 0 1; 378 70 29 62 68 0 1; ]
1500700619[410 8 73 248 51 0 1; 343 70 19 58 66 0 1; 356 74 22 57 67 0 1; 377 70 28 61 68 0 1; ]
1500700620[414 9 78 247 51 0 1; 342 70 19 59 66 0 1; 354 74 22 56 67 0 1; 376 70 26 61 68 0 1; ]
1500700621[417 9 84 246 51 0 1; 340 70 20 59 66 0 1; 353 74 23 56 67 0 1; 375 70 25 60 68 0 1; ]
1500700622[419 10 91 246 51 0 1; 339 70 20 60 66 0 1; 351 74 24 55 67 0 1; 373 71 24 60 68 0 1; ]
1500700623[338 70 21 60 66 0 1; 350 74 25 55 67 0 1; 372 71 23 60 68 0 1; ]
1500700624[336 70 21 60 66 0 1; 348 74 25 55 67 0 1; 371 71 23 59 68 0 1; ]
1500700625[335 70 21 60 66 0 1; 347 74 24 54 67 0 1; 369 71 23 59 68 0 1; ]
1500700626[333 70 21 60 66 0 1; 346 74 24 54 67 0 1; 368 71 22 58 68 0 1; ]
1500700627[331 70 22 60 66 0 1; 345 74 23 53 67 0 1; 366 71 23 58 68 0 1; ]
1500700628[330 70 22 60 66 0 1; 344 74 22 53 67 0 1; 365 72 23 58 68 0 1; ]
1500700629[329 70 21 60 66 0 1; 343 74 20 53 67 0 1; 363 72 24 57 68 0 1; ]
1500700630[328 69 21 60 66 0 1; 343 74 19 53 67 0 1; 361 72 25 57 68 0 1; ]
1500700631[327 69 21 61 66 0 1; 342 74 18 53 67 0 1; 359 72 26 57 68 0 1; ]
1500700632[326 69 20 61 66 0 1; 341 74 18 53 67 0 1; 356 72 28 56 68 0 1; ]
1500700633[325 69 20 61 66 0 1; 340 74 18 53 67 0 1; 354 72 29 56 68 0 1; ]
1500700634[324 68 19 62 66 1 1; 340 74 18 53 67 0 1; 353 72 26 56 68 0 1; ]
1500700635[339 74 18 53 67 0 1; 352 72 24 56 68 0 1; 207 73 21 50 137 1 3; ]
1500700636[338 74 18 53 67 1 1; 350 72 24 56 68 0 1; 209 73 21 51 137 1 3; ]
1500700637[349 72 24 56 68 0 1; 211 73 22 52 137 1 3; ]
1500700638[348 72 27 56 68 1 1; 214 73 23 52 137 1 3; ]
1500700639[216 73 23 53 137 1 3; ]
1500700640[217 68 24 62 52 1 1; ]
1500700641[218 68 24 62 52 0 1; ]
1500700642[220 68 24 62 52 0 1; ]
1500700643[222 68 24 62 52 0 1; ]
1500700644[223 68 24 63 52 0 1; 311 69 21 63 69 0 1; ]
1500700645[225 68 24 63 52 0 1; 309 69 21 63 69 0 1; ]
1500700646[226 68 24 63 52 0 1; 308 69 21 63 69 0 1; 321 75 26 54 71 1 1; ]
1500700647[228 68 24 64 52 0 1; 307 69 21 62 69 0 1; 321 75 24 55 71 0 1; ]
1500700648[230 68 24 64 52 0 1; 306 69 20 62 69 0 1; 321 74 22 55 71 0 1; 333 73 23 54 138 1 1; ]
1500700649[231 68 24 64 52 0 1; 304 69 20 62 69 0 1; 320 74 21 56 71 0 1; 332 73 23 53 138 1 1; ]
1500700650[233 68 24 64 52 0 1; 303 69 20 62 69 0 1; 320 74 20 56 71 0 1; 332 73 22 53 138 1 1; ]
1500700651[235 68 24 65 52 0 1; 302 69 20 61 69 0 1; 319 74 19 56 71 0 1; 331 73 22 52 138 1 1; ]
1500700652[236 68 24 65 52 0 1; 300 69 20 61 69 0 1; 318 74 20 55 71 0 1; 330 73 21 52 138 1 1; ]
1500700653[238 68 24 65 52 0 1; 299 69 20 61 69 0 1; 315 74 20 52 71 0 1; 329 73 21 52 138 1 1; ]
1500700654[239 68 24 65 52 0 1; 298 69 20 60 69 0 1; 314 74 21 50 71 0 1; 328 73 21 52 138 1 1; ]
1500700655[242 68 24 62 52 0 1; 297 69 20 60 69 0 1; 316 75 19 48 71 0 1; 327 73 20 52 138 1 1; ]
1500700656[243 69 24 62 52 0 1; 295 69 20 60 69 0 1; 316 75 18 48 71 0 1; 326 73 20 52 138 1 1; ]
1500700657[245 69 24 62 52 0 1; 294 69 20 60 69 0 1; 316 75 17 48 71 0 1; 325 73 20 52 138 1 1; ]
1500700658[247 69 24 62 52 0 1; 293 69 19 59 69 0 1; 315 75 17 48 71 0 1; 324 73 20 52 138 1 1; ]
1500700659[249 69 24 62 52 0 1; 292 69 19 59 69 0 1; 314 75 16 48 71 0 1; ]
1500700660[251 69 23 61 52 0 1; 290 69 20 59 69 0 1; 311 75 16 48 71 0 1; ]
1500700661[253 70 23 61 52 0 1; 289 69 20 59 69 0 1; 316 75 22 54 72 0 1; ]
1500700662[255 70 23 61 52 0 1; 287 69 21 59 69 0 1; 315 75 22 54 72 0 1; ]
1500700663[257 70 22 61 52 0 1; 286 69 21 59 69 0 1; 313 75 22 54 72 0 1; ]
1500700664[259 70 22 61 52 0 1; 284 69 22 59 69 0 1; 312 75 22 54 72 0 1; ]
1500700665[262 70 22 60 52 0 1; 283 69 22 59 69 0 1; 311 75 22 54 72 0 1; ]
1500700666[264 70 21 60 52 0 1; 282 69 22 59 69 0 1; 309 75 22 54 72 0 1; ]
1500700667[267 71 20 60 52 0 1; 281 69 22 59 69 0 1; 308 75 22 54 72 0 1; ]
1500700668[269 71 19 60 52 0 1; 280 69 22 59 69 0 1; 307 75 22 54 72 0 1; 293 72 20 52 139 1 1; ]
1500700669[270 71 20 59 52 0 1; 279 69 22 59 69 1 1; 305 75 22 54 72 0 1; 292 72 20 52 139 1 1; ]
1500700670[271 72 21 59 52 0 1; 304 75 22 54 72 0 1; 291 72 21 52 139 1 1; ]
1500700671[272 72 22 58 52 0 1; 303 75 22 54 72 0 1; 290 72 21 52 139 1 1; ]
1500700672[274 72 23 58 52 0 1; 301 75 22 54 72 0 1; ]
1500700673[275 72 23 58 52 0 1; 300 75 22 54 72 0 1; ]
1500700674[278 72 23 58 52 0 1; 273 66 17 61 70 1 1; 299 75 22 54 72 0 1; ]
1500700675[280 72 23 57 52 0 1; 272 67 18 61 70 0 1; 297 75 22 54 72 0 1; ]
1500700676[282 72 23 57 52 0 1; 270 67 20 61 70 0 1; 296 75 22 54 72 0 1; ]
1500700677[284 72 22 57 52 0 1; 268 67 21 60 70 0 1; 293 75 23 55 72 1 1; ]
1500700678[285 72 21 56 52 0 1; 267 68 22 60 70 0 1; 279 72 19 53 73 1 1; ]
1500700679[287 72 20 56 52 0 1; 266 68 22 60 70 0 1; 278 72 20 54 73 0 1; ]
1500700680[289 72 20 56 52 0 1; 264 68 23 60 70 0 1; 278 72 20 54 73 0 1; ]
1500700681[291 72 20 57 52 0 1; 263 68 23 60 70 0 1; 277 72 20 55 73 0 1; ]
1500700682[294 71 19 57 52 0 1; 262 68 23 60 70 0 1; 276 72 20 55 73 0 1; ]
1500700683[296 71 19 58 52 0 1; 261 68 23 61 70 0 1; 275 72 20 55 73 0 1; ]
1500700684[296 71 22 59 52 0 1; 259 68 23 61 70 0 1; 274 72 20 56 73 0 1; 285 72 20 58 74 0 1; ]
1500700685[297 71 23 59 52 0 1; 258 68 23 61 70 0 1; 273 72 20 56 73 0 1; 284 71 21 58 74 0 1; ]
1500700686[297 71 24 59 52 0 1; 257 68 22 62 70 0 1; 272 72 20 56 73 0 1; 282 71 22 59 74 0 1; ]
1500700687[298 71 24 58 52 0 1; 257 67 21 63 70 0 1; 271 72 20 56 73 0 1; 280 71 23 59 74 0 1; ]
1500700688[302 72 23 57 52 0 1; 256 67 20 64 70 0 1; 269 72 20 56 73 0 1; 279 71 23 59 74 0 1; ]
1500700689[305 72 21 57 52 0 1; 255 66 19 65 70 0 1; 268 72 20 56 73 0 1; 277 71 23 59 74 0 1; ]
1500700690[307 72 22 57 52 0 1; 252 67 22 64 70 0 1; 267 72 20 56 73 0 1; 276 71 24 59 74 0 1; ]
1500700691[308 72 22 57 52 0 1; 249 67 24 64 70 0 1; 266 72 20 56 73 0 1; 274 71 24 59 74 0 1; ]
1500700692[309 72 22 58 52 0 1; 247 68 26 64 70 0 1; 265 72 20 56 73 0 1; 273 71 24 59 74 0 1; ]
1500700693[311 72 23 58 52 0 1; 245 68 27 63 70 0 1; 263 72 19 56 73 1 1; 272 71 24 59 74 0 1; ]
1500700694[312 71 23 58 52 0 1; 243 68 28 63 70 0 1; 262 72 20 56 73 1 1; 271 71 23 59 74 0 1; ]
1500700695[314 71 24 58 52 0 1; 242 68 29 63 70 0 1; 261 72 20 57 73 1 1; 270 71 23 59 74 0 1; ]
1500700696[315 71 24 58 52 0 1; 240 68 29 63 70 0 1; 260 72 20 58 73 1 1; 269 71 22 59 74 0 1; ]
1500700697[317 71 24 58 52 0 1; 239 68 29 63 70 0 1; 258 72 18 57 73 1 1; 268 71 21 59 74 0 1; ]
1500700698[318 71 25 58 52 0 1; 239 68 29 63 70 0 1; 260 72 17 57 73 1 1; 267 71 19 58 74 0 1; ]
1500700699[320 71 25 59 52 0 1; 238 68 28 63 70 0 1; 265 72 18 57 74 0 1; ]
1500700700[321 71 25 59 52 0 1; 237 68 27 64 70 0 1; 261 70 20 58 74 0 1; ]
1500700701[323 71 25 59 52 0 1; 237 67 26 64 70 0 1; 259 70 21 59 74 0 1; ]
1500700702[324 71 25 60 52 0 1; 236 67 24 64 70 0 1; 258 70 21 60 74 0 1; ]
1500700703[326 72 25 60 52 0 1; 236 67 22 64 70 0 1; 257 69 22 61 74 0 1; ]
1500700704[327 72 25 60 52 0 1; 236 66 20 65 70 0 1; 256 69 22 62 74 0 1; ]
1500700705[329 72 25 60 52 0 1; 234 66 22 65 70 0 1; 255 69 23 61 74 0 1; ]
1500700706[331 72 25 60 52 0 1; 232 66 23 64 70 0 1; 255 69 24 60 74 0 1; ]
1500700707[332 72 25 60 52 0 1; 231 66 23 64 70 0 1; 253 69 25 59 74 0 1; ]
1500700708[334 72 25 60 52 0 1; 230 66 23 64 70 0 1; 250 70 25 59 74 0 1; ]
1500700709[335 73 26 60 52 0 1; 229 66 23 64 70 0 1; 247 70 25 59 74 0 1; ]
1500700710[337 73 27 60 52 0 1; 228 66 22 63 70 0 1; 250 69 19 61 74 0 1; ]
1500700711[338 73 28 59 52 0 1; 227 66 21 62 70 0 1; 249 69 19 61 74 0 1; ]
1500700712[340 73 29 59 52 0 1; 226 66 21 62 70 0 1; 247 69 19 60 74 0 1; ]
1500700713[341 73 30 58 52 0 1; 225 66 21 61 70 0 1; 246 69 19 60 74 0 1; ]
1500700714[344 73 28 58 52 0 1; 224 66 21 60 70 0 1; 243 70 20 59 74 0 1; ]
1500700715[347 73 26 58 52 0 1; 223 66 21 59 70 0 1; 243 70 21 59 74 0 1; ]
1500700716[349 73 24 58 52 0 1; 222 66 21 58 70 0 1; 242 70 21 59 74 0 1; ]
1500700717[351 73 24 58 52 0 1; 221 66 21 58 70 0 1; 241 70 22 59 74 0 1; ]
1500700718[354 73 23 58 52 0 1; 220 66 21 57 70 0 1; 240 70 22 59 74 0 1; ]
1500700719[356 73 22 58 52 0 1; 218 66 21 56 70 1 1; 239 70 23 59 74 0 1; ]
1500700720[358 73 22 58 52 0 1; 237 70 24 59 74 0 1; ]
1500700721[360 73 22 58 52 0 1; 236 70 25 58 74 0 1; ]
1500700722[361 73 22 58 52 0 1; 234 70 25 58 74 0 1; ]
1500700723[363 73 23 58 52 0 1; 233 70 25 58 74 0 1; ]
1500700724[364 73 24 59 52 0 1; 231 70 24 57 74 0 1; ]
1500700725[365 73 25 59 52 0 1; 230 70 24 57 74 0 1; ]
1500700726[367 73 26 59 52 0 1; 229 70 23 57 74 0 1; ]
1500700727[368 73 27 60 52 0 1; 228 70 22 57 74 0 1; 206 65 20 53 140 1 2; ]
1500700728[370 73 27 60 52 0 1; 227 70 20 57 74 0 1; 206 65 20 53 140 1 2; ]
1500700729[371 73 27 60 52 0 1; 226 70 19 57 74 1 1; 206 65 20 53 140 1 2; ]
1500700730[373 73 27 60 52 0 1; 225 70 21 57 74 1 1; 205 65 19 53 140 1 2; ]
1500700731[375 73 27 60 52 0 1; 225 70 22 57 74 1 1; 204 65 19 53 140 1 2; ]
1500700732[379 73 24 61 52 0 1; 224 70 22 57 74 1 1; 203 65 19 53 140 1 2; ]
1500700733[379 73 27 61 52 0 1; 223 70 22 57 74 1 1; 202 65 19 53 140 1 2; ]
1500700734[381 73 27 61 52 0 1; 223 70 22 57 74 1 1; 201 65 19 53 140 1 2; ]
1500700735[383 73 27 61 52 0 1; 222 70 22 58 74 1 1; 199 65 19 52 140 1 2; ]
1500700736[385 73 26 61 52 0 1; 222 70 22 58 74 1 1; 198 65 19 52 140 1 2; ]
1500700737[387 73 26 61 52 0 1; 221 70 21 58 74 1 1; 197 65 19 52 140 1 2; ]
1500700738[389 73 26 60 52 0 1; 220 70 20 58 74 1 1; 195 65 19 52 140 1 2; ]
1500700739[391 73 25 60 52 0 1; 194 65 19 51 140 1 2; 214 70 25 53 141 1 2; ]
1500700740[394 73 25 59 52 0 1; 193 65 20 51 140 1 2; 213 70 25 53 141 1 2; ]
1500700741[396 73 24 58 52 0 1; 192 65 20 50 140 1 2; 212 70 25 53 141 1 2; ]
1500700742[398 73 24 57 52 0 1; 190 65 20 50 140 1 2; 210 70 25 52 141 1 2; ]
1500700743[401 73 23 57 52 0 1; 189 65 20 50 140 1 2; 209 70 25 52 141 1 2; ]
1500700744[401 73 25 58 52 0 1; 188 65 20 50 140 1 2; 208 70 25 52 141 1 2; ]
1500700745[401 73 27 58 52 0 1; 187 65 20 50 140 1 2; 206 70 25 52 141 1 2; ]
1500700746[402 73 28 59 52 0 1; 186 65 20 50 140 1 2; 205 70 25 51 141 1 2; ]
1500700747[403 73 29 59 52 0 1; 185 65 20 50 140 1 2; 204 70 25 51 141 1 2; ]
1500700748[404 73 30 60 52 0 1; 184 65 20 50 140 1 2; 203 70 25 51 141 1 2; ]
1500700749[405 73 30 60 52 0 1; 182 65 20 50 140 1 2; 202 70 25 50 141 1 2; ]
1500700750[407 73 30 60 52 0 1; 181 65 19 50 140 1 2; 200 70 25 50 141 1 2; ]
1500700751[409 73 30 60 52 0 1; 180 65 19 50 140 1 2; 199 70 25 50 141 1 2; ]
1500700752[416 73 23 58 52 0 1; 179 65 19 50 140 1 2; 198 70 25 50 141 1 2; ]
1500700753[418 73 23 58 52 0 1; 178 65 19 50 140 1 2; 196 70 25 49 141 1 2; ]
1500700754[419 73 23 58 52 0 1; 177 65 19 50 140 1 2; 195 70 25 49 141 1 2; ]
1500700755[421 73 23 59 52 0 1; 175 65 19 50 140 1 2; 194 69 26 49 141 1 2; ]
1500700756[423 73 23 59 52 0 1; 174 65 19 50 140 1 2; 192 69 26 49 141 1 2; ]
1500700757[424 73 23 59 52 0 1; 173 65 20 50 140 1 2; 190 69 26 49 141 1 2; ]
1500700758[426 73 23 59 52 0 1; 172 65 20 50 140 1 2; 189 69 26 49 141 1 2; ]
1500700759[428 73 24 59 52 0 1; 170 65 20 50 140 1 2; 187 69 27 48 141 1 2; ]
1500700760[429 73 24 60 52 0 1; 169 65 20 50 140 1 2; 185 68 27 48 141 1 2; ]
1500700761[431 73 25 60 52 0 1; 167 65 21 50 140 1 2; 184 68 28 48 141 1 2; ]
1500700762[432 73 26 60 52 0 1; 166 65 21 50 140 1 2; 183 68 27 48 141 1 2; ]
1500700763[434 73 26 61 52 0 1; 165 65 21 50 140 1 2; 181 67 27 48 141 1 2; ]
1500700764[435 73 27 61 52 0 1; 163 65 21 50 140 1 2; 180 67 27 48 141 1 2; ]
1500700765[437 73 27 61 52 0 1; 162 65 21 50 140 1 2; 179 67 26 49 141 1 2; ]
1500700766[438 73 27 61 52 0 1; 161 65 21 50 140 1 2; 178 67 26 49 141 1 2; ]
1500700767[440 73 28 61 52 0 1; 160 65 21 50 140 1 2; 177 67 26 49 141 1 2; ]
1500700768[442 73 28 61 52 0 1; 159 65 21 50 140 1 2; 176 66 26 49 141 1 2; ]
1500700769[443 73 29 61 52 0 1; 158 65 21 50 140 1 2; 175 66 25 49 141 1 2; ]
1500700770[445 73 29 60 52 0 1; 157 65 20 50 140 1 2; 174 66 25 49 141 1 2; ]
1500700771[447 73 29 60 52 0 1; 156 65 20 50 140 1 2; 173 65 24 49 141 1 2; ]
1500700772[449 73 30 60 52 0 1; 155 65 20 50 140 1 2; 172 65 24 49 141 1 2; ]
1500700773[451 73 30 60 52 0 1; 154 65 20 50 140 1 2; 171 65 23 49 141 1 2; ]
1500700774[453 73 29 60 52 0 1; 153 65 20 50 140 1 2; 170 65 23 49 141 1 2; ]
1500700775[456 73 27 60 52 0 1; 152 65 20 50 140 1 2; 169 65 23 49 141 1 2; ]
1500700776[459 73 26 60 52 0 1; 151 65 20 50 140 1 2; 168 65 23 49 141 1 2; ]
1500700777[461 73 25 60 52 0 1; 149 65 20 50 140 1 2; 166 65 23 49 141 1 2; ]
1500700778[464 73 25 60 52 0 1; 148 65 20 50 140 1 2; 165 65 23 49 141 1 2; ]
1500700779[466 73 24 60 52 0 1; 147 65 20 50 140 1 2; 164 65 24 49 141 1 2; ]
1500700780[468 73 23 60 52 0 1; 146 65 19 50 140 1 2; 162 66 24 48 141 1 2; ]
1500700781[470 73 23 60 52 0 1; 144 65 19 50 140 1 2; 161 66 24 48 141 1 2; ]
1500700782[471 73 23 60 52 0 1; 143 65 19 50 140 1 2; 159 67 25 47 141 1 2; ]
1500700783[473 73 24 60 52 0 1; 142 65 19 50 140 1 2; 158 67 25 47 141 1 2; ]
1500700784[474 73 24 60 52 0 1; 140 65 19 50 140 1 2; 156 68 26 46 141 1 2; ]
1500700785[475 73 25 60 52 0 1; 139 65 20 50 140 1 2; 154 68 26 46 141 1 2; ]
1500700786[476 73 25 60 52 0 1; 137 65 20 50 140 1 2; 153 68 26 46 141 1 2; ]
1500700787[477 73 26 60 52 0 1; 136 65 21 50 140 1 2; 152 68 26 46 141 1 2; ]
1500700788[478 73 28 60 52 0 1; 135 65 21 50 140 1 2; 152 68 26 46 141 1 2; ]
1500700789[482 73 25 60 52 0 1; 134 65 20 50 140 1 2; 152 68 26 46 141 1 2; ]
1500700790[486 73 23 59 52 0 1; 133 65 20 50 140 1 2; 152 68 26 46 141 1 2; ]
1500700791[489 73 22 59 52 0 1; 132 65 20 50 140 1 2; 150 68 26 46 141 1 2; ]
1500700792[131 65 20 50 140 1 2; 148 68 26 46 141 1 2; ]
1500700793[130 65 20 50 140 1 2; 146 68 26 46 141 1 2; ]
1500700794[129 65 19 50 140 1 2; 145 68 26 46 141 1 2; ]
1500700795[128 65 19 50 140 1 2; 143 68 26 46 141 1 2; ]
1500700796[127 65 19 50 140 1 2; 142 68 26 46 141 1 2; ]
1500700797[126 65 19 50 140 1 2; 140 68 26 46 141 1 2; ]
1500700798[125 65 19 50 140 1 2; 138 68 26 46 141 1 2; ]
1500700799[124 65 18 50 140 1 2; 137 68 25 46 141 1 2; ]
1500700800[123 65 18 50 140 1 2; 135 68 24 46 141 1 2; ]
1500700801[122 65 18 50 140 1 2; 134 68 24 46 141 1 2; ]
1500700802[121 65 18 50 140 1 2; 134 68 24 46 141 1 2; ]
1500700803[120 67 33 50 142 1 2; ]
1500700804[119 67 33 50 142 1 2; ]
1500700805[117 67 34 50 142 1 2; ]
1500700806[116 67 34 50 142 1 2; ]
1500700807[115 67 35 50 142 1 2; ]
1500700808[113 67 36 50 142 1 2; ]
1500700809[112 67 36 50 142 1 2; ]
1500700810[110 67 37 50 142 1 2; ]
1500700811[109 67 37 50 142 1 2; ]
1500700812[107 67 38 50 142 1 2; ]
1500700813[106 67 38 50 142 1 2; ]
1500700814[104 67 39 50 142 1 2; ]
1500700815[103 67 39 50 142 1 2; ]
1500700816[101 67 40 50 142 1 2; ]
1500700817[100 67 40 50 142 1 2; ]
1500700818[98 67 41 50 142 1 2; ]
1500700819[96 67 41 50 142 1 2; ]
1500700820[95 67 41 50 142 1 2; ]
1500700821[95 67 24 50 142 1 2; ]
1500700822[95 67 24 50 142 1 2; ]
1500700823[94 67 24 50 142 1 2; ]
1500700824[91 67 25 50 142 1 2; ]
1500700825[89 67 26 50 142 1 2; ]
1500700826[85 67 28 50 142 1 2; ]
1500700827[84 67 27 50 142 1 2; ]
1500700828[83 67 26 50 142 1 2; ]
1500700829[82 67 26 50 142 1 2; ]
1500700830[81 67 25 50 142 1 2; ]
1500700831[79 67 25 50 142 1 2; ]
1500700832[78 67 25 50 142 1 2; ]
1500700833[76 67 25 50 142 1 2; ]
1500700834[73 67 25 50 142 1 2; ]
1500700835[71 67 26 50 142 1 2; ]
1500700836[68 67 27 50 142 1 2; ]
1500700837[66 67 27 50 142 1 2; ]
1500700838[64 67 28 50 142 1 2; ]
1500700839[471 56 40 79 92 0 1; 62 67 28 50 142 1 2; ]
1500700840[464 57 40 80 92 0 1; 60 67 28 50 142 1 2; ]
1500700841[458 57 40 80 92 0 1; 59 67 28 50 142 1 2; ]
1500700842[451 57 41 81 92 0 1; 57 67 28 50 142 1 2; ]
1500700843[444 58 41 81 92 0 1; 56 67 28 50 142 1 2; ]
1500700844[438 58 41 81 92 0 1; 55 68 28 49 142 1 2; ]
1500700845[431 58 42 81 92 0 1; 54 68 28 49 142 1 2; ]
1500700846[424 58 42 81 92 0 1; 53 69 28 49 142 1 2; ]
1500700847[418 59 42 81 92 0 1; 52 69 27 48 142 1 2; ]
1500700848[411 59 43 81 92 0 1; 52 70 27 48 142 1 2; ]
1500700849[404 59 43 80 92 0 1; 50 70 27 48 142 1 2; ]
1500700850[398 59 43 80 92 0 1; 49 70 27 48 142 1 2; ]
1500700851[391 60 44 79 92 0 1; 48 70 26 48 142 1 2; ]
1500700852[384 60 44 78 92 0 1; 46 70 26 48 142 1 2; ]
1500700853[378 60 44 76 92 0 1; 45 70 26 48 142 1 2; ]
1500700854[371 61 44 75 92 0 1; 44 70 26 48 142 1 2; ]
1500700855[365 61 44 75 92 0 1; 42 70 26 48 142 1 2; ]
1500700856[358 61 44 75 92 0 1; 41 70 26 48 142 1 2; ]
1500700857[352 61 44 75 92 0 1; 40 70 25 48 142 1 2; ]
1500700858[346 61 44 75 92 0 1; 38 70 25 48 142 1 2; ]
1500700859[339 61 44 75 92 0 1; 37 70 25 48 142 1 2; ]
1500700860[333 61 44 75 92 0 1; 36 70 25 48 142 1 2; ]
1500700861[327 61 44 75 92 0 1; 34 70 25 48 142 1 2; ]
1500700862[320 61 44 75 92 0 1; 33 70 25 48 142 1 2; ]
1500700863[314 61 44 75 92 0 1; 31 70 25 48 142 1 2; ]
1500700864[308 61 44 75 92 0 1; 30 70 25 48 142 1 2; ]
1500700865[301 61 44 75 92 0 1; 28 70 25 48 142 1 2; ]
1500700866[295 61 44 75 92 0 1; 26 70 25 48 142 1 2; ]
1500700867[289 61 44 75 92 0 1; 25 70 26 48 142 1 2; ]
1500700868[282 61 44 75 92 0 1; 23 70 26 48 142 1 2; ]
1500700869[276 61 44 75 92 0 1; 21 70 27 48 142 1 2; ]
1500700870[269 60 45 76 92 0 1; 19 70 28 48 142 1 2; ]
1500700871[262 60 46 78 92 0 1; 18 70 28 48 142 1 2; ]
1500700872[255 60 47 79 92 0 1; 15 70 28 47 142 1 2; ]
1500700873[249 59 48 79 92 0 1; 13 70 28 47 142 1 2; ]
1500700874[242 59 48 80 92 0 1; 11 70 28 47 142 1 2; ]
1500700875[235 59 49 80 92 0 1; 9 70 27 47 142 1 2; ]
1500700876[229 59 49 81 92 0 1; 8 70 27 47 142 1 2; ]
1500700877[222 59 49 81 92 0 1; 8 70 27 47 142 1 2; ]
1500700878[216 59 49 81 92 0 1; 8 71 26 46 142 1 2; ]
1500700879[210 59 49 81 92 0 1; 12 71 25 46 142 1 2; ]
1500700880[204 59 48 80 92 0 1; 0 70 22 59 93 1 1; 16 71 25 46 142 1 2; ]
1500700881[198 59 48 80 92 0 1; 19 71 24 46 142 1 2; ]
1500700882[192 60 47 79 92 0 1; 20 72 24 45 142 1 2; ]
1500700883[186 60 46 78 92 0 1; 22 72 23 45 142 1 2; ]
1500700884[181 61 45 77 92 0 1; 22 72 23 45 142 1 2; ]
1500700885[174 59 45 77 92 0 1; 23 72 23 45 142 1 2; ]
1500700886[168 58 45 76 92 0 1; 23 72 23 45 142 1 2; ]
1500700887[162 58 45 76 92 0 1; 21 72 23 45 142 1 2; ]
1500700888[156 57 45 76 92 0 1; 18 72 24 45 142 1 2; ]
1500700889[149 56 45 76 92 0 1; 16 72 24 45 142 1 2; ]
1500700890[143 56 45 76 92 0 1; 15 72 25 45 142 1 2; ]
1500700891[137 56 45 76 92 0 1; 13 72 25 45 142 1 2; ]
1500700892[131 56 45 76 92 0 1; 11 72 26 45 142 1 2; ]
1500700893[124 56 45 76 92 0 1; 10 72 26 45 142 1 2; ]
1500700894[118 56 45 76 92 0 1; 7 72 25 45 142 1 2; ]
1500700895[112 56 45 76 92 0 1; 5 72 24 45 142 1 2; ]
1500700896[106 56 45 76 92 0 1; 3 72 24 45 142 1 2; ]
1500700897[99 56 45 76 92 0 1; 3 72 24 45 142 1 2; ]
1500700898[93 57 45 77 92 0 1; 3 72 24 45 142 1 2; ]
1500700899[87 57 44 77 92 0 1; ]
1500700900[81 57 44 77 92 0 1; ]
1500700901[74 57 44 77 92 0 1; ]
1500700902[68 57 43 78 92 0 1; ]
1500700903[62 57 43 78 92 0 1; ]
1500700904[55 57 43 78 92 0 1; ]
1500700905[49 57 43 78 92 0 1; ]
1500700906[42 56 43 78 92 0 1; ]
1500700907[35 57 43 79 92 0 1; ]
1500700908[28 57 43 79 92 0 1; ]
1500700909[21 57 43 79 92 0 1; ]
1500700910[14 57 44 79 92 0 1; ]
1500700911[7 57 44 79 92 0 1; ]
1500700912[0 57 44 80 92 0 1; ]
1500700913[]
1500700914[]
1500700915[]
1500700916[]
1500700917[]
1500700918[]
1500700919[]
1500700920[]
1500700921[]
1500700922[]
1500700923[]
1500700924[]
1500700925[]
1500700926[]
1500700927[]
1500700928[]
1500700929[]
1500700930[]
1500700931[]
1500700932[]
1500700933[]
1500700934[481 76 30 69 79 0 1; ]
1500700935[478 76 32 68 79 0 1; ]
1500700936[476 77 34 68 79 0 1; ]
1500700937[473 77 36 68 79 0 1; ]
1500700938[471 77 35 70 79 0 1; ]
1500700939[470 77 35 70 79 0 1; ]
1500700940[468 77 36 71 79 0 1; ]
1500700941[467 77 36 71 79 0 1; ]
1500700942[465 77 36 71 79 0 1; ]
1500700943[463 77 37 71 79 0 1; ]
1500700944[461 78 37 71 79 0 1; ]
1500700945[459 78 38 71 79 0 1; ]
1500700946[457 78 38 71 79 0 1; ]
1500700947[455 79 37 71 79 0 1; ]
1500700948[453 79 37 70 79 0 1; ]
1500700949[450 80 36 68 79 0 1; ]
1500700950[448 81 34 65 79 0 1; ]
1500700951[445 81 33 63 79 0 1; ]
1500700952[442 82 31 60 79 0 1; ]
1500700953[439 80 32 62 79 0 1; ]
1500700954[437 79 33 64 79 0 1; ]
1500700955[434 78 34 66 79 0 1; ]
1500700956[431 77 34 67 79 0 1; ]
1500700957[428 78 34 67 79 0 1; ]
1500700958[424 78 33 67 79 0 1; ]
1500700959[421 79 32 66 79 0 1; ]
1500700960[418 80 32 66 79 0 1; ]
1500700961[415 80 31 66 79 0 1; ]
1500700962[411 80 31 66 79 0 1; ]
1500700963[407 80 32 66 79 0 1; ]
1500700964[403 80 33 66 79 0 1; ]
1500700965[399 80 34 66 79 0 1; ]
1500700966[395 80 35 67 79 0 1; ]
1500700967[391 79 37 67 79 0 1; ]
1500700968[387 79 37 68 79 0 1; ]
1500700969[384 78 36 69 79 0 1; ]
1500700970[381 78 36 69 79 0 1; ]
1500700971[377 78 35 70 79 0 1; ]
1500700972[374 78 35 71 79 0 1; ]
1500700973[370 77 35 71 79 0 1; ]
1500700974[367 77 34 72 79 0 1; ]
1500700975[364 77 34 72 79 0 1; ]
1500700976[360 77 33 72 79 0 1; ]
1500700977[357 76 33 72 79 0 1; ]
1500700978[353 76 32 72 79 0 1; ]
1500700979[350 76 32 73 79 0 1; ]
1500700980[347 75 32 73 79 0 1; ]
1500700981[343 75 31 73 79 0 1; ]
1500700982[340 75 31 73 79 0 1; ]
1500700983[336 73 31 74 79 0 1; ]
1500700984[332 72 30 75 79 0 1; ]
1500700985[328 73 30 75 79 0 1; ]
1500700986[324 74 29 75 79 0 1; ]
1500700987[320 75 29 75 79 0 1; ]
1500700988[316 76 28 75 79 0 1; ]
1500700989[312 77 28 75 79 0 1; ]
1500700990[307 76 28 75 79 0 1; ]
1500700991[303 76 28 75 79 0 1; ]
1500700992[299 76 28 75 79 0 1; ]
1500700993[295 75 29 75 79 0 1; ]
1500700994[291 74 29 75 79 0 1; ]
1500700995[287 73 30 75 79 0 1; ]
1500700996[283 72 31 75 79 0 1; ]
1500700997[279 70 32 75 79 0 1; ]
1500700998[276 70 31 75 79 0 1; ]
1500700999[272 70 31 76 79 0 1; ]
1500701000[268 70 30 76 79 0 1; ]
1500701001[264 70 29 76 79 0 1; ]
1500701002[261 70 29 77 79 0 1; ]
1500701003[257 70 29 77 79 0 1; ]
1500701004[253 70 29 77 79 0 1; ]
1500701005[249 70 29 77 79 0 1; ]
1500701006[245 70 29 77 79 0 1; ]
1500701007[240 70 29 77 79 0 1; ]
1500701008[236 70 30 77 79 0 1; ]
1500701009[232 70 32 77 79 0 1; ]
1500701010[227 70 33 77 79 0 1; ]
1500701011[223 70 35 77 79 0 1; ]
1500701012[218 70 37 77 79 0 1; 38 76 22 57 144 1 1; ]
1500701013[216 69 35 79 79 0 1; 40 76 22 57 144 1 1; ]
1500701014[213 68 32 80 79 0 1; 42 76 23 57 144 1 1; ]
1500701015[210 67 29 81 79 0 1; 44 76 23 57 144 1 1; ]
1500701016[207 67 28 82 79 0 1; 46 76 23 57 144 1 1; ]
1500701017[203 67 28 82 79 0 1; 47 76 23 57 144 1 1; ]
1500701018[199 67 30 82 79 0 1; 49 76 23 57 144 1 1; ]
1500701019[195 68 32 82 79 0 1; 51 76 23 57 144 1 1; ]
1500701020[191 68 33 82 79 0 1; 53 76 23 57 144 1 1; ]
1500701021[187 68 34 82 79 0 1; 55 76 23 57 144 1 1; ]
1500701022[183 68 34 82 79 0 1; 57 76 23 57 144 1 1; ]
1500701023[179 67 34 83 79 0 1; 58 76 23 57 144 1 1; ]
1500701024[176 67 35 83 79 0 1; 60 76 24 57 144 1 1; ]
1500701025[172 67 35 84 79 0 1; 62 76 24 57 144 1 1; ]
1500701026[169 67 34 84 79 0 1; 64 76 24 57 144 1 1; ]
1500701027[165 66 32 85 79 0 1; 66 76 24 57 144 1 1; ]
1500701028[160 66 31 86 79 0 1; 68 76 24 57 144 1 1; ]
1500701029[155 66 31 87 79 0 1; 70 76 24 57 144 1 1; ]
1500701030[151 66 33 88 79 0 1; 73 76 24 57 144 1 1; ]
1500701031[146 66 36 88 79 0 1; 75 76 24 57 144 1 1; ]
1500701032[142 66 39 89 79 0 1; 77 76 24 57 144 1 1; ]
1500701033[137 66 41 89 79 0 1; 79 76 25 57 144 1 1; ]
1500701034[133 66 42 89 79 0 1; 82 76 25 57 144 1 1; ]
1500701035[130 66 41 89 79 0 1; 83 76 25 59 144 1 1; ]
1500701036[127 66 40 89 79 0 1; 86 76 25 61 144 1 1; ]
1500701037[124 66 38 89 79 0 1; 88 76 25 63 144 1 1; ]
1500701038[121 66 37 88 79 0 1; 91 76 25 65 144 1 1; ]
1500701039[118 66 35 88 79 0 1; 94 76 25 66 144 1 1; ]
1500701040[114 66 33 87 79 0 1; 98 76 25 67 144 1 1; ]
1500701041[111 65 28 87 79 1 1; 102 76 26 68 144 1 1; ]
1500701042[106 64 31 89 79 1 1; 108 76 27 69 144 1 1; ]
1500701043[110 76 28 69 144 1 1; ]
1500701044[109 72 32 83 106 1 1; ]
1500701045[112 72 35 87 106 1 1; 94 65 29 78 145 1 1; ]
1500701046[114 72 36 88 106 1 1; 89 66 30 77 145 1 1; ]
1500701047[116 72 38 88 106 1 1; 84 66 31 76 145 1 1; ]
1500701048[117 72 39 89 106 1 1; 79 66 31 75 145 1 1; ]
1500701049[119 72 41 89 106 0 1; 74 66 30 76 145 1 1; ]
1500701050[121 71 43 89 106 0 1; 70 64 30 77 145 1 1; ]
1500701051[124 70 46 89 106 0 1; 65 62 29 79 145 1 1; ]
1500701052[127 68 48 90 106 0 1; 60 60 29 80 145 1 1; ]
1500701053[130 66 50 90 106 0 1; 56 59 29 80 145 1 1; ]
1500701054[134 65 52 90 106 0 1; 51 58 29 81 145 1 1; ]
1500701055[138 65 52 90 106 0 1; 46 57 29 81 145 1 1; ]
1500701056[143 65 50 90 106 0 1; 41 57 29 81 145 1 1; ]
1500701057[149 65 46 90 106 0 1; 37 57 28 81 145 1 1; ]
1500701058[157 66 40 91 106 0 1; 32 56 28 81 145 1 1; ]
1500701059[165 67 33 91 106 0 1; 27 56 28 81 145 1 1; ]
1500701060[168 65 35 92 106 0 1; 22 55 28 82 145 1 1; ]
1500701061[169 64 41 92 106 0 1; 17 54 29 82 145 1 1; ]
1500701062[170 63 46 92 106 0 1; 11 52 29 83 145 1 1; ]
1500701063[173 62 46 93 106 0 1; 5 50 30 84 145 1 1; ]
1500701064[178 61 45 93 106 0 1; ]
1500701065[184 60 45 94 106 0 1; ]
1500701066[190 60 44 94 106 0 1; ]
1500701067[196 59 43 95 106 0 1; ]
1500701068[202 59 43 96 106 0 1; ]
1500701069[206 59 42 96 106 0 1; ]
1500701070[211 59 42 97 106 0 1; ]
1500701071[215 59 41 98 106 0 1; ]
1500701072[219 60 41 99 106 0 1; ]
1500701073[223 61 40 99 106 0 1; ]
1500701074[226 61 39 100 106 0 1; ]
1500701075[234 61 38 101 106 0 1; ]
1500701076[236 61 42 101 106 0 1; ]
1500701077[238 61 49 102 106 0 1; ]
1500701078[240 61 54 102 106 0 1; ]
1500701079[245 61 52 102 106 0 1; ]
1500701080[253 61 48 103 106 0 1; ]
1500701081[261 61 44 103 106 0 1; ]
1500701082[268 61 42 103 106 0 1; ]
1500701083[272 61 45 104 106 0 1; ]
1500701084[275 60 51 105 106 0 1; ]
1500701085[278 59 58 106 106 0 1; ]
1500701086[282 59 60 106 106 0 1; ]
1500701087[288 59 59 106 106 0 1; ]
1500701088[295 60 55 106 106 0 1; ]
1500701089[304 61 48 106 106 0 1; ]
1500701090[315 60 42 108 106 0 1; ]
1500701091[322 59 41 110 106 0 1; ]
1500701092[323 59 47 111 106 0 1; ]
1500701093[324 58 58 112 106 0 1; ]
1500701094[326 58 64 113 106 0 1; ]
1500701095[331 58 61 114 106 0 1; ]
1500701096[340 59 55 114 106 0 1; ]
1500701097[350 59 51 114 106 0 1; ]
1500701098[360 59 49 115 106 0 1; ]
1500701099[366 59 52 116 106 0 1; ]
1500701100[370 59 56 117 106 0 1; ]
1500701101[375 59 60 118 106 0 1; ]
1500701102[380 58 62 119 106 0 1; ]
1500701103[385 58 64 120 106 0 1; ]
1500701104[390 57 64 122 106 0 1; ]
1500701105[402 57 60 124 106 0 1; ]
1500701106[409 56 61 126 106 0 1; ]
1500701107[416 56 54 128 106 0 1; ]
1500701108[421 56 64 129 106 0 1; ]
1500701109[426 55 67 131 106 0 1; ]
1500701110[431 55 69 133 106 0 1; ]
1500701111[438 54 71 135 106 0 1; 425 94 13 30 108 0 1; ]
1500701112[424 94 13 30 108 0 1; ]
1500701113[423 95 13 30 108 0 1; ]
1500701114[422 96 14 30 108 0 1; ]
1500701115[]
1500701116[]
1500701117[]
1500701118[]
1500701119[484 80 27 58 107 0 0; ]
1500701120[483 80 26 57 107 0 0; ]
1500701121[483 79 25 57 107 0 0; ]
1500701122[482 79 25 57 107 0 0; ]
1500701123[482 79 25 56 107 0 0; ]
1500701124[481 79 25 56 107 0 0; ]
1500701125[481 81 26 59 107 0 0; 413 94 13 30 108 0 1; ]
1500701126[480 80 26 59 107 0 0; 413 93 13 31 108 0 1; ]
1500701127[480 79 27 59 107 0 0; 412 93 12 31 108 0 1; ]
1500701128[479 78 28 59 107 0 0; 412 93 12 32 108 0 1; ]
1500701129[478 77 27 58 107 0 0; 411 92 12 32 108 0 1; ]
1500701130[478 77 25 58 107 0 0; 411 92 12 32 108 0 1; ]
1500701131[477 81 26 59 107 0 0; 411 96 12 30 108 0 1; ]
1500701132[477 81 26 58 107 0 0; ]
1500701133[476 81 26 58 107 0 0; ]
1500701134[475 81 26 58 107 0 0; ]
1500701135[474 81 25 58 107 0 0; ]
1500701136[473 80 25 58 107 0 0; ]
1500701137[472 80 25 58 107 0 0; 404 98 12 30 108 0 1; ]
1500701138[471 79 25 58 107 0 0; 402 97 12 30 108 0 1; ]
1500701139[470 78 25 57 107 0 0; 400 95 12 31 108 0 1; ]
1500701140[469 77 25 57 107 0 0; 398 93 13 31 108 0 1; ]
1500701141[468 76 25 57 107 0 0; 396 92 14 31 108 0 1; ]
1500701142[467 74 25 57 107 0 0; 395 91 14 31 108 0 1; ]
1500701143[466 72 27 57 107 0 0; 394 90 14 31 108 0 1; ]
1500701144[464 70 28 57 107 0 0; 393 89 14 31 108 0 1; ]
1500701145[463 69 29 56 107 0 0; 391 89 14 31 108 0 1; ]
1500701146[462 69 29 56 107 0 0; 390 88 14 31 108 0 1; ]
1500701147[461 70 28 55 107 0 0; 388 88 14 31 108 0 1; ]
1500701148[460 72 27 55 107 0 0; 387 89 13 30 108 0 1; ]
1500701149[459 72 26 54 107 0 0; ]
1500701150[458 71 26 54 107 0 0; ]
1500701151[457 71 25 53 107 0 0; ]
1500701152[457 71 25 53 107 0 0; ]
1500701153[456 71 24 52 107 0 0; ]
1500701154[455 70 24 52 107 0 0; 378 89 13 30 108 0 1; ]
1500701155[454 70 24 52 107 0 0; 376 88 13 32 108 0 1; ]
1500701156[453 70 24 52 107 0 0; 375 87 13 32 108 0 1; ]
1500701157[452 70 24 52 107 0 0; 373 86 14 31 108 0 1; ]
1500701158[451 69 24 52 107 0 0; 372 86 14 31 108 0 1; ]
1500701159[450 69 24 52 107 0 0; 370 86 14 31 108 0 1; ]
1500701160[449 69 24 52 107 0 0; 369 87 14 32 108 0 1; ]
1500701161[448 68 25 52 107 0 0; 368 88 15 32 108 0 1; ]
1500701162[447 68 25 52 107 0 0; 366 88 15 32 108 0 1; ]
1500701163[446 68 26 52 107 0 0; 366 88 15 32 108 0 1; ]
1500701164[446 66 27 51 107 0 0; 365 87 15 32 108 0 1; ]
1500701165[445 65 27 51 107 0 0; 364 86 14 32 108 0 1; ]
1500701166[445 64 28 50 107 0 0; 364 85 14 33 108 0 1; ]
1500701167[444 63 28 50 107 0 0; 363 84 14 33 108 0 1; ]
1500701168[444 62 29 50 107 0 0; 362 83 14 33 108 0 1; ]
1500701169[444 62 29 50 107 0 0; 361 83 14 33 108 0 1; 486 75 23 46 113 0 2; ]
1500701170[443 61 29 50 107 0 0; 360 83 14 32 108 0 1; ]
1500701171[443 61 29 50 107 0 0; 360 83 14 32 108 0 1; ]
1500701172[443 61 29 50 107 0 0; 359 84 13 32 108 0 1; ]
1500701173[444 62 29 50 107 0 0; 359 84 13 31 108 0 1; 484 72 26 49 113 0 2; ]
1500701174[444 62 29 51 107 0 0; 359 84 13 31 108 0 1; 484 72 27 50 113 0 2; ]
1500701175[444 62 28 52 107 0 0; 358 85 13 31 108 0 1; ]
1500701176[445 63 28 53 107 0 0; 358 85 13 31 108 0 1; ]
1500701177[446 64 28 54 107 0 0; 358 86 13 31 108 0 1; ]
1500701178[446 65 27 55 107 0 0; 358 86 13 31 108 0 1; ]
1500701179[447 65 28 56 107 0 0; 358 86 13 31 108 0 1; ]
1500701180[447 64 28 57 107 0 0; 358 87 14 31 108 0 1; ]
1500701181[448 64 29 58 107 0 0; 358 87 14 31 108 0 1; ]
1500701182[449 64 29 58 107 0 0; 358 87 14 31 108 0 1; 468 78 25 47 111 0 2; ]
1500701183[450 64 30 59 107 0 0; 359 88 14 32 108 0 1; 468 77 27 50 111 0 2; ]
1500701184[451 64 30 59 107 0 0; 359 88 15 32 108 0 1; 469 76 29 52 111 0 2; ]
1500701185[452 63 30 60 107 0 0; 359 88 15 32 108 0 1; 469 75 29 53 111 0 2; ]
1500701186[453 63 30 60 107 0 0; 359 87 15 33 108 0 1; 471 74 30 53 111 0 2; ]
1500701187[454 62 30 60 107 0 0; 360 86 15 33 108 0 1; 472 73 30 53 111 0 2; ]
1500701188[455 62 30 60 107 0 0; 361 85 16 33 108 0 1; 477 72 27 51 111 0 2; ]
1500701189[457 60 30 60 107 0 0; 362 83 16 34 108 0 1; 478 71 27 52 111 0 2; ]
1500701190[459 59 30 59 107 0 0; 363 81 15 34 108 0 1; 480 71 27 52 111 0 2; ]
1500701191[461 57 30 59 107 0 0; 365 79 14 34 108 0 1; 481 69 28 52 111 0 2; ]
1500701192[464 56 30 59 107 0 0; 367 78 13 35 108 0 1; ]
1500701193[466 54 30 58 107 0 0; 369 78 13 35 108 0 1; ]
1500701194[468 55 30 59 107 0 0; 370 78 13 35 108 0 1; ]
1500701195[470 55 31 60 107 0 0; 371 78 13 35 108 0 1; ]
1500701196[471 56 31 61 107 0 0; 372 79 14 35 108 0 1; ]
1500701197[473 57 31 62 107 0 0; 373 79 14 35 108 0 1; ]
1500701198[475 57 31 62 107 0 0; 374 80 15 35 108 0 1; ]
1500701199[476 58 31 63 107 0 0; 375 81 16 35 108 0 1; ]
1500701200[478 59 32 63 107 0 0; 376 83 16 35 108 0 1; ]
1500701201[479 59 32 64 107 0 0; 377 85 16 34 108 0 1; ]
1500701202[378 86 16 34 108 0 1; ]
1500701203[379 87 16 33 108 0 1; ]
1500701204[380 88 16 33 108 0 1; ]
1500701205[381 89 16 33 108 0 1; ]
1500701206[382 90 16 33 108 0 1; ]
1500701207[383 90 16 33 108 0 1; ]
1500701208[384 91 16 33 108 0 1; ]
1500701209[385 91 16 33 108 0 1; ]
1500701210[386 91 16 33 108 0 1; ]
1500701211[388 91 16 33 108 0 1; ]
1500701212[389 91 16 34 108 0 1; ]
1500701213[391 91 16 34 108 0 1; ]
1500701214[392 91 16 34 108 0 1; ]
1500701215[394 91 16 34 108 0 1; ]
1500701216[396 91 16 34 108 0 1; ]
1500701217[398 91 16 34 108 0 1; ]
1500701218[399 91 16 34 108 0 1; ]
1500701219[401 91 16 34 108 0 1; ]
1500701220[403 91 16 34 108 0 1; ]
1500701221[404 91 16 34 108 0 1; ]
1500701222[406 91 16 34 108 0 1; ]
1500701223[408 91 16 34 108 0 1; ]
1500701224[410 91 16 34 108 0 1; ]
1500701225[411 91 16 34 108 0 1; ]
1500701226[413 91 16 34 108 0 1; ]
1500701227[415 91 16 34 108 0 1; ]
1500701228[417 91 16 34 108 0 1; ]
1500701229[418 91 16 34 108 0 1; ]
1500701230[420 91 16 35 108 0 1; ]
1500701231[422 91 17 35 108 0 1; ]
1500701232[424 91 17 35 108 0 1; ]
1500701233[427 90 17 35 108 0 1; ]
1500701234[429 89 17 35 108 0 1; ]
1500701235[431 88 17 36 108 0 1; ]
1500701236[433 86 17 37 108 0 1; ]
1500701237[435 85 17 37 108 0 1; ]
1500701238[437 84 17 38 108 0 1; ]
1500701239[438 85 17 37 108 0 1; ]
1500701240[439 87 18 37 108 0 1; ]
1500701241[441 87 18 36 108 0 1; ]
1500701242[443 87 17 36 108 0 1; ]
1500701243[446 87 17 35 108 0 1; ]
1500701244[448 87 16 35 108 0 1; ]
1500701245[450 88 16 40 108 0 1; ]
1500701246[451 87 17 39 108 0 1; ]
1500701247[453 86 17 38 108 0 1; ]
1500701248[455 86 18 37 108 0 1; ]
1500701249[457 87 18 36 108 0 1; ]
1500701250[459 89 17 36 108 0 1; ]
1500701251[460 89 17 36 108 0 1; ]
1500701252[462 87 17 36 108 0 1; ]
1500701253[463 85 18 36 108 0 1; ]
1500701254[465 85 18 36 108 0 1; ]
1500701255[467 85 18 36 108 0 1; ]
1500701256[468 85 18 36 108 0 1; ]
1500701257[470 85 18 36 108 0 1; ]
1500701258[472 85 17 37 108 0 1; ]
1500701259[475 84 16 38 108 0 1; ]
1500701260[476 85 16 38 108 0 1; ]
1500701261[478 85 16 37 108 0 1; ]
1500701262[480 85 16 37 108 0 1; ]
1500701263[482 86 17 37 108 0 1; ]
1500701264[484 86 17 37 108 0 1; ]
1500701265[486 87 17 37 108 0 1; ]
1500701266[487 88 17 37 108 0 1; ]
1500701267[489 88 17 38 108 0 1; ]
1500701268[491 89 17 38 108 0 1; ]
1500701269[493 91 18 38 108 0 1; ]
1500701270[]
1500701271[]
1500701272[]
1500701273[]
1500701274[]
1500701275[]
1500701276[]
1500701277[]
1500701278[]
1500701279[]
1500701280[]
1500701281[]
1500701282[]
1500701283[]
1500701284[]
1500701285[]
1500701286[]
1500701287[]
1500701288[]
1500701289[]
1500701290[]
1500701291[]
1500701292[]
1500701293[]
1500701294[]
1500701295[]
1500701296[]
1500701297[]
1500701298[]
1500701299[]
1500701300[]
1500701301[]
1500701302[]
1500701303[]
1500701304[]
1500701305[]
1500701306[]
1500701307[]
1500701308[]
1500701309[]
1500701310[]
1500701311[]
1500701312[]
1500701313[]
1500701314[]
1500701315[]
1500701316[]
1500701317[]
1500701318[]
1500701319[]
1500701320[]
1500701321[]
1500701322[]
1500701323[]
1500701324[]
1500701325[]
1500701326[]
1500701327[]
1500701328[]
1500701329[]
1500701330[]
1500701331[]
1500701332[]
1500701333[]
1500701334[]
1500701335[]
1500701336[]
1500701337[]
1500701338[]
1500701339[]
1500701340[]
1500701341[]
1500701342[]
1500701343[]
1500701344[]
1500701345[]
1500701346[]
1500701347[]
1500701348[]
1500701349[]
1500701350[]
1500701351[]
1500701352[]
1500701353[]
1500701354[]
1500701355[]
1500701356[]
1500701357[]
1500701358[]
1500701359[]
1500701360[]
1500701361[]
1500701362[]
1500701363[]
1500701364[]
1500701365[]
1500701366[]
1500701367[]
1500701368[]
1500701369[]
1500701370[]
1500701371[]
1500701372[]
1500701373[]
1500701374[]
1500701375[]
1500701376[]
1500701377[]
1500701378[]
1500701379[]
1500701380[]
1500701381[]
1500701382[]
1500701383[]
1500701384[]
1500701385[]
1500701386[356 88 12 30 123 0 3; ]
1500701387[]
1500701388[]
1500701389[]
1500701390[]
1500701391[]
1500701392[]
1500701393[]
1500701394[]
1500701395[]
1500701396[]
1500701397[]
1500701398[]
1500701399[]
1500701400[]
1500701401[]
1500701402[]
1500701403[]
1500701404[]
1500701405[353 90 12 30 123 0 3; ]
1500701406[355 90 13 30 123 0 3; ]
1500701407[358 90 13 30 123 0 3; ]
1500701408[360 90 13 30 123 0 3; ]
1500701409[]
1500701410[]
1500701411[]
1500701412[]
1500701413[]
1500701414[]
1500701415[]
1500701416[]
1500701417[]
1500701418[]
1500701419[]
1500701420[]
1500701421[]
1500701422[]
1500701423[]
1500701424[]
1500701425[]
1500701426[]
1500701427[]
1500701428[]
1500701429[]
1500701430[]
1500701431[]
1500701432[]
1500701433[]
1500701434[]
1500701435[]
1500701436[]
1500701437[]
1500701438[]
1500701439[]
1500701440[]
1500701441[]
1500701442[]
1500701443[]
1500701444[]
1500701445[]
1500701446[]
1500701447[]
1500701448[]
1500701449[]
1500701450[]
1500701451[]
1500701452[]
1500701453[]
1500701454[]
1500701455[]
1500701456[]
1500701457[]
1500701458[]
1500701459[]
1500701460[]
1500701461[]
1500701462[]
1500701463[]
1500701464[]
1500701465[]
1500701466[]
1500701467[]
1500701468[]
1500701469[]
1500701470[]
1500701471[]
1500701472[]
1500701473[]
1500701474[]
1500701475[320 88 15 30 119 0 3; ]
1500701476[]
1500701477[480 77 29 52 116 0 0; ]
1500701478[478 77 29 52 116 0 0; ]
1500701479[475 77 29 52 116 0 0; ]
1500701480[472 77 29 52 116 0 0; ]
1500701481[469 77 29 52 116 0 0; ]
1500701482[466 77 29 52 116 0 0; ]
1500701483[464 77 29 52 116 0 0; ]
1500701484[461 77 29 52 116 0 0; ]
1500701485[458 77 29 52 116 0 0; ]
1500701486[455 77 29 52 116 0 0; ]
1500701487[452 77 29 52 116 0 0; ]
1500701488[450 77 29 52 116 0 0; ]
1500701489[447 77 29 52 116 0 0; ]
1500701490[444 77 29 52 116 0 0; ]
1500701491[441 77 29 52 116 0 0; ]
1500701492[438 77 29 52 116 0 0; ]
1500701493[436 77 28 51 116 0 0; ]
1500701494[433 77 27 51 116 0 0; ]
1500701495[431 77 27 51 116 0 0; ]
1500701496[428 77 27 51 116 0 0; ]
1500701497[426 77 26 51 116 0 0; ]
1500701498[424 77 26 50 116 0 0; ]
1500701499[421 77 26 50 116 0 0; ]
1500701500[419 77 26 50 116 0 0; ]
1500701501[418 77 26 50 116 0 0; ]
1500701502[416 77 26 50 116 0 0; ]
1500701503[414 77 26 49 116 0 0; ]
1500701504[412 77 26 49 116 0 0; ]
1500701505[411 77 27 49 116 0 0; ]
1500701506[409 77 27 49 116 0 0; ]
1500701507[408 77 27 48 116 0 0; ]
1500701508[407 77 27 48 116 0 0; ]
1500701509[405 77 26 48 116 0 0; ]
1500701510[404 77 26 48 116 0 0; ]
1500701511[403 77 26 47 116 0 0; ]
1500701512[402 77 25 47 116 0 0; 249 90 14 30 121 0 1; ]
1500701513[400 77 25 47 116 0 0; 248 89 14 30 121 0 1; ]
1500701514[399 77 25 47 116 0 0; 247 89 14 31 121 0 1; ]
1500701515[398 77 24 46 116 0 0; 247 88 14 31 121 0 1; ]
1500701516[397 77 24 46 116 0 0; 246 87 13 32 121 0 1; ]
1500701517[396 77 24 46 116 0 0; 245 86 13 32 121 0 1; ]
1500701518[394 77 24 45 116 1 0; 244 84 13 33 121 0 1; ]
1500701519[393 77 23 45 116 1 0; 243 84 13 32 121 0 1; ]
1500701520[243 84 13 32 121 0 1; ]
1500701521[241 84 13 32 121 0 1; ]
1500701522[240 84 14 32 121 0 1; ]
1500701523[238 84 15 32 121 0 1; ]
1500701524[237 84 15 32 121 0 1; ]
1500701525[237 84 16 32 121 0 1; ]
1500701526[237 84 15 32 121 0 1; ]
1500701527[237 85 15 33 121 0 1; ]
1500701528[236 85 14 30 121 0 1; ]
1500701529[]
1500701530[]
1500701531[]
1500701532[]
1500701533[]
1500701534[]
1500701535[]
1500701536[]
1500701537[]
1500701538[]
1500701539[]
1500701540[]
1500701541[]
1500701542[224 89 14 30 121 0 1; ]
1500701543[]
1500701544[]
1500701545[]
1500701546[]
1500701547[]
1500701548[]
1500701549[]
1500701550[]
1500701551[]
1500701552[]
1500701553[]
1500701554[]
1500701555[]
1500701556[]
1500701557[]
1500701558[]
1500701559[]
1500701560[]
1500701561[217 89 14 30 122 0 1; ]
1500701562[217 89 14 30 122 0 1; ]
1500701563[217 89 14 30 122 0 1; ]
1500701564[216 89 14 30 122 0 1; ]
1500701565[216 89 14 30 122 0 1; ]
1500701566[216 89 14 30 122 0 1; ]
1500701567[]
1500701568[]
1500701569[]
1500701570[]
1500701571[]
1500701572[]
1500701573[]
1500701574[]
1500701575[]
1500701576[]
1500701577[]
1500701578[]
1500701579[]
1500701580[]
1500701581[]
1500701582[]
1500701583[]
1500701584[]
1500701585[]
1500701586[]
1500701587[]
1500701588[]
1500701589[]
1500701590[]
1500701591[]
1500701592[]
1500701593[]
1500701594[]
1500701595[]
1500701596[]
1500701597[]
1500701598[]
1500701599[]
1500701600[]
1500701601[]
1500701602[]
1500701603[]
1500701604[]
1500701605[]
1500701606[]
1500701607[]
1500701608[]
1500701609[]
1500701610[]
1500701611[]
1500701612[]
1500701613[]
1500701614[]
1500701615[]
1500701616[]
1500701617[]
1500701618[]
1500701619[]
1500701620[]
1500701621[]
1500701622[]
1500701623[]
1500701624[]
1500701625[]
1500701626[]
1500701627[]
1500701628[]
1500701629[]
1500701630[]
1500701631[]
1500701632[]
1500701633[]
1500701634[]
1500701635[]
1500701636[]
1500701637[]
1500701638[]
1500701639[]
1500701640[]
1500701641[]
1500701642[]
1500701643[]
1500701644[]
1500701645[]
1500701646[]
1500701647[]
1500701648[]
1500701649[]
1500701650[]
1500701651[]
1500701652[]
1500701653[]
1500701654[]
1500701655[]
1500701656[]
1500701657[]
1500701658[]
1500701659[]
1500701660[]
1500701661[]
1500701662[]
1500701663[]
1500701664[]
1500701665[]
1500701666[]
1500701667[]
1500701668[]
1500701669[]
1500701670[]
1500701671[]
1500701672[]
1500701673[]
1500701674[]
1500701675[]
1500701676[]
1500701677[]
1500701678[]
1500701679[]
1500701680[]
1500701681[]
1500701682[]
1500701683[]
1500701684[]
1500701685[]
1500701686[]
1500701687[]
1500701688[]
1500701689[]
1500701690[]
1500701691[]
1500701692[]
1500701693[]
1500701694[]
1500701695[]
1500701696[]
1500701697[]
1500701698[]
1500701699[]
1500701700[]
1500701701[]
1500701702[]
1500701703[]
1500701704[]
1500701705[]
1500701706[]
1500701707[]
1500701708[]
1500701709[]
1500701710[]
1500701711[]
1500701712[]
1500701713[]
1500701714[]
1500701715[]
1500701716[]
1500701717[]
1500701718[]
1500701719[]
1500701720[]
1500701721[]
1500701722[]
1500701723[]
1500701724[]
1500701725[]
1500701726[]
1500701727[]
1500701728[]
1500701729[]
1500701730[]
1500701731[]
1500701732[]
1500701733[]
1500701734[]
1500701735[]
1500701736[]
1500701737[]
1500701738[]
1500701739[]
1500701740[]
1500701741[]
1500701742[]
1500701743[]
1500701744[]
1500701745[]
1500701746[]
1500701747[]
1500701748[]
1500701749[]
1500701750[]
1500701751[]
1500701752[]
1500701753[]
1500701754[]
1500701755[]
1500701756[]
1500701757[]
1500701758[]
1500701759[]
1500701760[]
1500701761[]
1500701762[]
1500701763[]
1500701764[]
1500701765[]
1500701766[]
1500701767[]
1500701768[]
1500701769[]
1500701770[]
1500701771[]
1500701772[]
1500701773[]
1500701774[]
1500701775[]
1500701776[]
1500701777[]
1500701778[]
1500701779[]
1500701780[]
1500701781[]
1500701782[]
1500701783[]
1500701784[]
1500701785[]
1500701786[]
1500701787[]
1500701788[]
1500701789[]
1500701790[]
1500701791[]
1500701792[]
1500701793[]
1500701794[]
1500701795[]
1500701796[]
1500701797[]
1500701798[]
1500701799[]
1500701800[]
1500701801[]
1500701802[]
1500701803[]
1500701804[]
1500701805[]
1500701806[]
1500701807[]
1500701808[]
1500701809[]
1500701810[]
1500701811[]
1500701812[]
1500701813[]
1500701814[]
1500701815[]
1500701816[]
1500701817[]
1500701818[]
1500701819[]
1500701820[]
1500701821[]
1500701822[]
1500701823[]
1500701824[]
1500701825[]
1500701826[]
1500701827[]
1500701828[]
1500701829[]
1500701830[]
1500701831[]
1500701832[]
1500701833[]
1500701834[]
1500701835[]
1500701836[]
1500701837[]
1500701838[]
1500701839[]
1500701840[]
1500701841[]
1500701842[]
1500701843[]
1500701844[]
1500701845[]
1500701846[]
1500701847[]
1500701848[]
1500701849[]
1500701850[]
1500701851[]
1500701852[]
1500701853[]
1500701854[]
1500701855[]
1500701856[]
1500701857[]
1500701858[]
1500701859[]
1500701860[]
1500701861[]
1500701862[]
1500701863[]
1500701864[]
1500701865[]
1500701866[]
1500701867[]
1500701868[]
1500701869[]
1500701870[]
1500701871[]
1500701872[]
1500701873[]
1500701874[]
1500701875[]
1500701876[]
1500701877[]
1500701878[]
1500701879[]
1500701880[]
1500701881[]
1500701882[]
1500701883[]
1500701884[]
1500701885[]
1500701886[]
1500701887[]
1500701888[]
1500701889[]
1500701890[]
1500701891[]
1500701892[]
1500701893[]
1500701894[]
1500701895[]
1500701896[]
1500701897[]
1500701898[]
1500701899[]
1500701900[]
1500701901[]
1500701902[]
1500701903[]
1500701904[]
1500701905[]
1500701906[]
1500701907[]
1500701908[]
1500701909[]
1500701910[]
1500701911[]
1500701912[]
1500701913[]
1500701914[]
1500701915[]
1500701916[]
1500701917[]
1500701918[]
1500701919[]
1500701920[]
1500701921[]
1500701922[]
1500701923[]
1500701924[]
1500701925[]
1500701926[]
1500701927[]
1500701928[]
1500701929[]
1500701930[]
1500701931[]
1500701932[]
1500701933[]
1500701934[]
1500701935[]
1500701936[]
1500701937[]
1500701938[]
1500701939[]
1500701940[]
1500701941[]
1500701942[]
1500701943[]
1500701944[]
1500701945[]
1500701946[]
1500701947[]
1500701948[]
1500701949[]
1500701950[]
1500701951[]
1500701952[]
1500701953[]
1500701954[]
1500701955[]
1500701956[]
1500701957[]
1500701958[]
1500701959[]
1500701960[]
1500701961[]
1500701962[]
1500701963[]
1500701964[]
1500701965[]
1500701966[]
1500701967[]
1500701968[]
1500701969[]
1500701970[]
1500701971[]
1500701972[]
1500701973[]
1500701974[]
1500701975[]
1500701976[]
1500701977[]
1500701978[]
1500701979[]
1500701980[]
1500701981[]
1500701982[]
1500701983[]
1500701984[]
1500701985[]
1500701986[]
1500701987[]
1500701988[]
1500701989[]
1500701990[]
1500701991[]
1500701992[]
1500701993[]
1500701994[]
1500701995[]
1500701996[]
1500701997[]
1500701998[]
1500701999[]
1500702000[]
1500702001[]
1500702002[]
1500702003[]
1500702004[]
1500702005[]
1500702006[]
1500702007[]
1500702008[]
1500702009[]
1500702010[]
1500702011[]
1500702012[]
1500702013[]
1500702014[]
1500702015[]
1500702016[]
1500702017[]
1500702018[]
1500702019[]
1500702020[]
1500702021[]
1500702022[]
1500702023[]
1500702024[]
1500702025[]
1500702026[]
1500702027[]
1500702028[]
1500702029[]
1500702030[]
1500702031[]
1500702032[]
1500702033[]
1500702034[]
1500702035[56 91 14 32 124 0 1; ]
1500702036[54 91 15 32 124 0 1; ]
1500702037[53 90 15 33 124 0 1; ]
1500702038[52 90 15 33 124 0 1; ]
1500702039[51 89 15 33 124 0 1; ]
1500702040[50 89 15 34 124 0 1; ]
1500702041[50 89 15 34 124 0 1; ]
1500702042[48 88 15 34 124 0 1; ]
1500702043[47 85 16 33 124 0 1; ]
1500702044[46 86 16 33 124 0 1; ]
1500702045[45 86 15 33 124 0 1; ]
1500702046[45 86 14 33 124 0 1; ]
1500702047[44 86 14 34 124 0 1; ]
1500702048[43 86 14 34 124 0 1; ]
1500702049[42 85 15 35 124 0 1; ]
1500702050[41 84 16 34 124 0 1; ]
1500702051[40 85 16 34 124 0 1; ]
1500702052[39 86 16 34 124 0 1; ]
1500702053[38 86 16 34 124 0 1; ]
1500702054[37 83 16 36 124 0 1; ]
1500702055[36 85 16 35 124 0 1; ]
1500702056[35 88 17 35 124 0 1; ]
1500702057[35 90 17 34 124 0 1; ]
1500702058[35 88 16 34 124 0 1; ]
1500702059[35 85 16 34 124 0 1; ]
1500702060[33 83 17 37 124 0 1; ]
1500702061[32 85 16 36 124 0 1; ]
1500702062[32 88 16 35 124 0 1; ]
1500702063[31 88 16 35 124 0 1; ]
1500702064[30 87 16 34 124 0 1; ]
1500702065[29 84 17 34 124 0 1; ]
1500702066[29 86 16 37 124 0 1; ]
1500702067[29 87 15 38 124 0 1; ]
1500702068[29 86 15 37 124 0 1; ]
1500702069[28 85 15 37 124 0 1; ]
1500702070[28 85 15 36 124 0 1; ]
1500702071[28 86 15 34 124 0 1; ]
1500702072[28 87 15 34 124 0 1; ]
1500702073[27 89 15 34 124 0 1; ]
1500702074[27 90 15 34 124 0 1; ]
1500702075[26 92 15 31 124 0 1; ]
1500702076[25 91 15 33 124 0 1; ]
1500702077[24 90 15 36 124 0 1; ]
1500702078[24 91 15 35 124 0 1; ]
1500702079[23 95 15 35 124 0 1; ]
1500702080[23 99 16 35 124 0 1; ]
1500702081[22 98 16 36 124 0 1; ]
1500702082[22 98 16 37 124 0 1; ]
1500702083[21 97 16 37 124 0 1; ]
1500702084[21 97 16 37 124 0 1; ]
1500702085[20 96 16 36 124 0 1; ]
1500702086[20 96 16 36 124 0 1; ]
1500702087[19 96 16 35 124 0 1; ]
1500702088[19 96 16 35 124 0 1; ]
1500702089[18 96 16 35 124 0 1; ]
1500702090[18 96 16 34 124 0 1; ]
1500702091[17 96 16 34 124 0 1; ]
1500702092[17 96 16 34 124 0 1; ]
1500702093[16 97 16 33 124 0 1; ]
1500702094[16 97 16 33 124 0 1; ]
1500702095[16 98 16 33 124 0 1; ]
1500702096[15 98 16 33 124 0 1; ]
1500702097[15 98 15 33 124 0 1; ]
1500702098[15 97 15 33 124 0 1; ]
1500702099[14 97 15 33 124 0 1; ]
1500702100[14 97 15 33 124 0 1; ]
1500702101[13 97 15 34 124 0 1; ]
1500702102[13 97 15 34 124 0 1; ]
1500702103[13 97 15 34 124 0 1; ]
1500702104[12 97 15 34 124 0 1; ]
1500702105[12 97 15 34 124 0 1; ]
1500702106[12 97 15 34 124 0 1; ]
1500702107[11 97 15 34 124 0 1; ]
1500702108[11 97 15 34 124 0 1; ]
1500702109[11 96 15 34 124 0 1; ]
1500702110[10 96 15 34 124 0 1; ]
1500702111[9 96 15 34 124 0 1; ]
1500702112[9 96 15 34 124 0 1; ]
1500702113[8 96 16 34 124 0 1; ]
1500702114[8 96 16 34 124 0 1; ]
1500702115[7 96 16 34 124 0 1; ]
1500702116[7 96 16 34 124 0 1; ]
1500702117[6 96 16 33 124 0 1; ]
1500702118[6 96 16 33 124 0 1; ]
1500702119[5 96 16 33 124 0 1; ]
1500702120[5 96 16 33 124 0 1; ]
1500702121[5 96 16 32 124 0 1; ]
1500702122[5 96 16 32 124 0 1; ]
1500702123[4 96 16 32 124 0 1; ]
1500702124[4 96 16 33 124 0 1; ]
1500702125[5 96 15 34 124 0 1; ]
1500702126[4 96 15 34 124 0 1; ]
1500702127[3 96 16 34 124 0 1; ]
1500702128[3 96 16 34 124 0 1; ]
1500702129[2 96 17 34 124 0 1; ]
1500702130[1 96 17 34 124 0 1; ]
1500702131[1 96 17 34 124 0 1; ]
1500702132[0 96 17 34 124 0 1; ]
1500702133[0 96 17 34 124 0 1; ]
1500702134[]
1500702135[]
1500702136[]
1500702137[]
1500702138[]
1500702139[]
1500702140[]
1500702141[]
1500702142[]
1500702143[]
1500702144[]
1500702145[]
1500702146[]
1500702147[]
1500702148[]
1500702149[]
1500702150[]
1500702151[]
1500702152[]
1500702153[]
1500702154[]
1500702155[]
1500702156[]
1500702157[]
1500702158[]
1500702159[]
1500702160[]
1500702161[]
1500702162[]
1500702163[]
1500702164[]
1500702165[]
1500702166[]
1500702167[]
1500702168[]
1500702169[]
1500702170[]
1500702171[]
1500702172[]
1500702173[]
1500702174[]
1500702175[]
1500702176[]
1500702177[]
1500702178[]
1500702179[]
1500702180[]
1500702181[]
1500702182[]
1500702183[]
1500702184[]
1500702185[]
1500702186[]
1500702187[]
1500702188[]
1500702189[]
1500702190[]
1500702191[]
1500702192[]
1500702193[]
1500702194[]
1500702195[]
1500702196[]
1500702197[]
1500702198[]
1500702199[]
1500702200[]
1500702201[]
1500702202[]
1500702203[]
1500702204[]
1500702205[]
1500702206[]
1500702207[]
1500702208[]
1500702209[]
1500702210[]
1500702211[]
1500702212[]
1500702213[]
1500702214[]
1500702215[]
1500702216[]
1500702217[]
1500702218[]
1500702219[]
1500702220[]
1500702221[]
1500702222[]
1500702223[]
1500702224[]
1500702225[]
1500702226[]
1500702227[]
1500702228[]
1500702229[]
1500702230[]
1500702231[]
1500702232[]
1500702233[]
1500702234[]
1500702235[]
1500702236[]
1500702237[]
1500702238[]
1500702239[]
1500702240[]
1500702241[]
1500702242[]
1500702243[]
1500702244[]
1500702245[]
1500702246[]
1500702247[]
1500702248[]
1500702249[]
1500702250[]
1500702251[]
1500702252[]
1500702253[]
1500702254[]
1500702255[]
1500702256[]
1500702257[]
1500702258[]
1500702259[]
1500702260[]
1500702261[]
1500702262[]
1500702263[]
1500702264[]
1500702265[]
1500702266[]
1500702267[]
1500702268[]
1500702269[]
1500702270[]
1500702271[]
1500702272[]
1500702273[]
1500702274[]
1500702275[]
1500702276[]
1500702277[]
1500702278[]
1500702279[]
1500702280[]
1500702281[]
1500702282[]
1500702283[]
1500702284[]
1500702285[]
1500702286[]
1500702287[]
1500702288[]
1500702289[]
1500702290[]
1500702291[]
1500702292[]
1500702293[]
1500702294[]
1500702295[]
1500702296[]
1500702297[]
1500702298[]
1500702299[]
1500702300[]
1500702301[]
1500702302[]
1500702303[]
1500702304[]
1500702305[]
1500702306[]
1500702307[]
1500702308[]
1500702309[]
1500702310[]
1500702311[]
1500702312[]
1500702313[]
1500702314[]
1500702315[]
1500702316[330 92 14 30 126 0 0; ]
1500702317[331 92 14 30 126 0 0; ]
1500702318[332 92 14 31 126 0 0; ]
1500702319[334 92 15 31 126 0 0; ]
1500702320[335 92 15 31 126 0 0; ]
1500702321[336 92 15 31 126 0 0; ]
1500702322[338 92 15 31 126 0 0; ]
1500702323[339 92 15 31 126 0 0; ]
1500702324[340 92 15 31 126 0 0; ]
1500702325[342 92 15 31 126 0 0; ]
1500702326[343 92 15 31 126 0 0; ]
1500702327[345 92 15 31 126 0 0; ]
1500702328[346 92 15 31 126 0 0; ]
1500702329[348 92 14 31 126 0 0; ]
1500702330[350 92 14 31 126 0 0; ]
1500702331[351 92 14 31 126 0 0; ]
1500702332[353 92 14 31 126 0 0; ]
1500702333[354 92 15 32 126 0 0; ]
1500702334[355 92 15 32 126 0 0; ]
1500702335[357 92 15 32 126 0 0; ]
1500702336[358 92 15 32 126 0 0; ]
1500702337[359 92 16 33 126 0 0; ]
1500702338[361 92 16 33 126 0 0; ]
1500702339[362 92 16 33 126 0 0; ]
1500702340[364 92 16 33 126 0 0; ]
1500702341[365 92 17 34 126 0 0; ]
1500702342[366 92 17 34 126 0 0; ]
1500702343[368 92 17 34 126 0 0; ]
1500702344[369 92 17 35 126 0 0; ]
1500702345[370 92 18 35 126 0 0; ]
1500702346[372 92 18 35 126 0 0; ]
1500702347[374 92 18 34 126 0 0; ]
1500702348[376 92 18 34 126 0 0; ]
1500702349[378 92 17 33 126 0 0; ]
1500702350[379 92 17 33 126 0 0; ]
1500702351[381 92 17 32 126 0 0; ]
1500702352[383 92 17 32 126 0 0; ]
1500702353[385 92 17 32 126 0 0; ]
1500702354[386 92 17 32 126 0 0; ]
1500702355[388 92 17 32 126 0 0; ]
1500702356[390 92 17 32 126 0 0; ]
1500702357[391 92 17 33 126 0 0; ]
1500702358[393 92 17 33 126 0 0; ]
1500702359[394 92 17 34 126 0 0; ]
1500702360[396 92 17 35 126 0 0; ]
1500702361[397 92 17 36 126 0 0; ]
1500702362[399 92 17 36 126 0 0; ]
1500702363[401 92 17 36 126 0 0; ]
1500702364[402 92 17 37 126 0 0; ]
1500702365[404 92 17 37 126 0 0; 465 71 45 64 128 0 0; ]
1500702366[406 92 17 37 126 0 0; 461 71 45 63 128 0 0; ]
1500702367[408 92 17 37 126 0 0; 457 72 44 62 128 0 0; ]
1500702368[409 92 17 37 126 0 0; 454 72 44 62 128 0 0; ]
1500702369[411 92 17 37 126 0 0; 450 73 43 61 128 0 0; ]
1500702370[413 92 17 37 126 0 0; 446 73 43 61 128 0 0; ]
1500702371[414 92 17 37 126 0 0; 443 74 43 60 128 0 0; ]
1500702372[416 92 18 37 126 0 0; 439 75 42 60 128 0 0; ]
1500702373[418 92 18 38 126 0 0; 436 75 42 60 128 0 0; ]
1500702374[419 92 18 38 126 0 0; 432 76 42 59 128 0 0; ]
1500702375[421 92 19 38 126 0 0; 429 76 42 58 128 0 0; ]
1500702376[422 92 17 33 126 1 0; 426 77 42 56 128 0 0; ]
1500702377[424 77 41 57 128 0 0; ]
1500702378[0 3 99 206 127 0 0; 422 77 40 57 128 0 0; ]
1500702379[12 5 98 202 127 0 0; 420 77 40 57 128 0 0; ]
1500702380[24 8 98 198 127 0 0; 418 77 39 57 128 0 0; ]
1500702381[35 10 97 193 127 0 0; 416 77 39 57 128 0 0; ]
1500702382[46 12 97 188 127 0 0; 414 77 38 57 128 0 0; ]
1500702383[57 15 91 183 127 0 0; 412 77 38 57 128 0 0; 440 90 16 36 129 0 0; ]
1500702384[67 16 90 181 127 0 0; 409 77 38 57 128 0 0; 441 90 17 36 129 0 0; ]
1500702385[76 17 89 178 127 0 0; 407 77 37 57 128 0 0; 442 89 18 36 129 0 0; ]
1500702386[86 19 88 176 127 0 0; 404 77 37 56 128 0 0; 444 89 18 36 129 0 0; ]
1500702387[95 20 87 174 127 0 0; 402 77 37 56 128 0 0; 445 89 18 36 129 0 0; ]
1500702388[104 22 86 171 127 0 0; 399 77 36 55 128 0 0; 447 89 18 36 129 0 0; ]
1500702389[112 23 85 169 127 0 0; 398 77 35 54 128 0 0; 450 89 18 35 129 0 0; ]
1500702390[121 24 84 167 127 0 0; 396 77 34 53 128 0 0; 453 89 17 35 129 0 0; ]
1500702391[130 26 83 164 127 0 0; 395 77 32 51 128 0 0; 455 89 17 34 129 0 0; ]
1500702392[138 27 82 162 127 0 0; 393 77 33 53 128 0 0; 457 89 17 34 129 0 0; ]
1500702393[146 29 80 160 127 0 0; 391 78 34 53 128 0 0; 460 89 17 35 129 0 0; ]
1500702394[153 30 79 157 127 0 0; 389 78 34 54 128 0 0; 462 89 17 35 129 0 0; ]
1500702395[161 31 77 155 127 0 0; 387 79 34 54 128 0 0; 464 89 17 36 129 0 0; ]
1500702396[168 33 76 153 127 0 0; 385 79 34 53 128 0 0; 466 88 18 36 129 0 0; ]
1500702397[175 34 74 150 127 0 0; 384 80 33 51 128 0 0; 468 88 18 38 129 0 0; ]
1500702398[182 36 72 148 127 0 0; 382 80 33 49 128 0 0; 470 88 19 39 129 0 0; ]
1500702399[189 37 72 146 127 0 0; 380 81 32 48 128 0 0; 474 88 18 38 129 0 0; ]
1500702400[195 37 71 144 127 0 0; 379 81 32 48 128 0 0; 477 88 18 38 129 0 0; ]
1500702401[201 38 71 141 127 0 0; 377 81 32 47 128 0 0; 480 88 18 38 129 0 0; ]
1500702402[207 39 70 139 127 0 0; 376 82 32 47 128 0 0; 483 87 18 37 129 0 0; ]
1500702403[213 40 70 137 127 0 0; 374 82 33 47 128 0 0; 486 87 18 37 129 0 0; ]
1500702404[219 41 70 135 127 0 0; 373 82 33 46 128 0 0; 489 87 18 37 129 0 0; ]
1500702405[225 42 69 133 127 0 0; 372 83 33 46 128 0 0; 493 87 18 37 129 0 0; ]
1500702406[230 43 69 131 127 0 0; 370 83 33 46 128 0 0; ]
1500702407[236 44 69 128 127 0 0; 369 83 33 47 128 0 0; ]
1500702408[241 44 68 126 127 0 0; 367 82 33 47 128 0 0; ]
1500702409[246 45 67 124 127 0 0; 366 82 33 47 128 0 0; 8 89 16 37 130 0 3; ]
1500702410[251 46 66 122 127 0 0; 365 82 33 47 128 0 0; 5 89 16 37 130 0 3; ]
1500702411[256 47 66 120 127 0 0; 363 82 32 47 128 0 0; 2 89 17 37 130 0 3; ]
1500702412[261 48 65 118 127 0 0; 362 82 32 47 128 0 0; 0 88 17 37 130 0 3; ]
1500702413[266 49 64 115 127 0 0; 361 82 32 48 128 0 0; ]
1500702414[271 49 62 115 127 0 0; 360 82 32 48 128 0 0; ]
1500702415[276 50 60 114 127 0 0; 359 82 31 47 128 0 0; ]
1500702416[281 50 59 114 127 0 0; 359 82 31 47 128 0 0; ]
1500702417[286 50 58 113 127 0 0; 358 82 30 47 128 0 0; ]
1500702418[291 51 56 113 127 0 0; 357 82 29 47 128 0 0; ]
1500702419[296 51 55 112 127 0 0; 357 82 29 46 128 0 0; ]
1500702420[300 51 55 112 127 0 0; 356 83 28 46 128 0 0; ]
1500702421[305 52 54 111 127 0 0; 356 83 27 45 128 0 0; ]
1500702422[309 52 53 110 127 0 0; 355 83 27 45 128 0 0; ]
1500702423[313 53 53 110 127 0 0; 354 83 26 45 128 0 0; ]
1500702424[317 53 52 109 127 0 0; ]
1500702425[321 53 52 109 127 0 0; ]
1500702426[325 54 52 108 127 0 0; ]
1500702427[328 54 52 108 127 0 0; ]
1500702428[331 55 51 107 127 0 0; ]
1500702429[334 55 51 106 127 0 0; ]
1500702430[337 55 50 105 127 0 0; ]
1500702431[340 56 50 104 127 0 0; ]
1500702432[343 56 49 103 127 0 0; ]
1500702433[346 57 49 102 127 0 0; ]
1500702434[349 57 48 101 127 0 0; ]
1500702435[352 58 48 100 127 0 0; 345 84 18 43 132 1 0; ]
1500702436[355 58 47 99 127 0 0; 344 84 18 42 132 0 0; ]
1500702437[358 58 47 98 127 0 0; 344 84 19 42 132 0 0; ]
1500702438[361 59 46 97 127 0 0; 343 84 19 41 132 0 0; ]
1500702439[364 59 46 96 127 0 0; 342 84 20 40 132 0 0; ]
1500702440[367 60 45 95 127 0 0; 341 84 20 40 132 0 0; ]
1500702441[370 60 45 94 127 0 0; 340 85 20 39 132 0 0; ]
1500702442[373 61 44 93 127 0 0; 340 85 21 38 132 0 0; ]
1500702443[376 61 44 93 127 0 0; 339 85 21 38 132 0 0; ]
1500702444[379 61 43 92 127 0 0; 338 85 21 37 132 0 0; ]
1500702445[381 62 42 91 127 0 0; 337 85 21 37 132 0 0; ]
1500702446[384 62 41 91 127 0 0; 337 85 22 36 132 0 0; ]
1500702447[386 62 41 90 127 0 0; 336 85 22 35 132 0 0; ]
1500702448[389 63 41 90 127 0 0; 335 85 22 35 132 0 0; ]
1500702449[391 63 41 89 127 0 0; 334 86 22 34 132 0 0; ]
1500702450[393 63 41 89 127 0 0; 334 86 22 34 132 0 0; ]
1500702451[395 64 41 88 127 0 0; 333 86 22 34 132 0 0; ]
1500702452[398 64 41 88 127 0 0; 333 86 22 35 132 0 0; ]
1500702453[400 64 40 87 127 0 0; 333 86 22 35 132 0 0; ]
1500702454[402 65 40 87 127 0 0; 333 86 22 35 132 0 0; ]
1500702455[404 65 40 86 127 0 0; 333 86 22 36 132 0 0; ]
1500702456[406 65 39 85 127 0 0; 333 86 22 36 132 0 0; ]
1500702457[408 66 38 85 127 0 0; 333 86 22 36 132 0 0; ]
1500702458[410 66 38 84 127 0 0; 332 86 22 36 132 0 0; ]
1500702459[412 66 38 84 127 0 0; 332 86 22 36 132 0 0; ]
1500702460[414 66 38 83 127 0 0; 332 86 22 36 132 0 0; ]
1500702461[416 67 38 83 127 0 0; 332 86 22 35 132 0 0; ]
1500702462[418 67 38 83 127 0 0; 332 86 22 35 132 0 0; ]
1500702463[420 67 37 82 127 0 0; 332 86 22 34 132 0 0; ]
1500702464[421 68 37 82 127 0 0; 331 86 22 33 132 0 0; ]
1500702465[423 68 37 82 127 0 0; 331 86 22 32 132 0 0; ]
1500702466[425 68 37 81 127 0 0; 332 86 21 33 132 0 0; ]
1500702467[426 68 37 81 127 0 0; 332 86 21 33 132 0 0; ]
1500702468[428 69 37 81 127 0 0; 332 86 20 34 132 0 0; ]
1500702469[429 69 37 80 127 0 0; 332 86 20 34 132 0 0; ]
1500702470[431 69 38 80 127 0 0; 333 87 19 35 132 0 0; ]
1500702471[432 69 38 80 127 0 0; 333 87 19 35 132 0 0; ]
1500702472[433 70 39 80 127 0 0; 333 87 19 35 132 0 0; ]
1500702473[434 70 39 79 127 0 0; 333 87 19 35 132 0 0; ]
1500702474[436 70 39 79 127 0 0; 333 87 19 35 132 0 0; ]
1500702475[437 70 38 78 127 0 0; 333 88 19 35 132 0 0; ]
1500702476[438 70 37 77 127 0 0; 333 88 19 34 132 0 0; ]
1500702477[439 71 37 76 127 0 0; 332 88 19 34 132 0 0; ]
1500702478[440 71 36 76 127 0 0; 332 88 19 33 132 0 0; ]
1500702479[442 71 35 75 127 0 0; 332 88 19 32 132 0 0; ]
1500702480[443 71 35 75 127 0 0; 331 89 19 31 132 0 0; ]
1500702481[444 71 34 74 127 0 0; 332 89 19 32 132 0 0; ]
1500702482[445 71 33 74 127 0 0; 333 89 18 33 132 0 0; ]
1500702483[446 72 33 73 127 0 0; 334 89 17 33 132 0 0; ]
1500702484[447 72 32 73 127 0 0; 334 89 17 34 132 0 0; ]
1500702485[449 72 31 73 127 0 0; 335 89 16 34 132 0 0; ]
1500702486[450 72 31 72 127 0 0; 335 89 16 35 132 0 0; ]
1500702487[451 72 30 72 127 0 0; 336 89 16 35 132 0 0; ]
1500702488[452 72 29 72 127 0 0; 336 89 16 35 132 0 0; ]
1500702489[452 73 30 71 127 0 0; 336 89 16 34 132 0 0; ]
1500702490[452 73 30 69 127 0 0; 337 89 16 34 132 0 0; ]
1500702491[453 73 30 68 127 0 0; 337 89 16 34 132 0 0; ]
1500702492[453 73 31 68 127 0 0; 337 89 16 33 132 0 0; ]
1500702493[453 73 31 67 127 0 0; 337 89 16 32 132 0 0; ]
1500702494[453 73 31 66 127 0 0; 337 89 16 32 132 0 0; ]
1500702495[453 74 31 66 127 0 0; 337 89 16 31 132 0 0; ]
1500702496[453 74 32 66 127 0 0; 338 89 16 32 132 0 0; ]
1500702497[453 74 32 66 127 0 0; 338 89 15 33 132 0 0; ]
1500702498[453 74 32 66 127 0 0; 339 89 15 33 132 0 0; ]
1500702499[452 74 32 66 127 0 0; 339 89 15 34 132 0 0; ]
1500702500[452 74 33 66 127 0 0; 339 89 15 34 132 0 0; ]
1500702501[452 75 33 66 127 0 0; 340 89 15 35 132 0 0; ]
1500702502[452 75 33 66 127 0 0; 340 89 15 35 132 0 0; ]
1500702503[454 75 31 66 127 0 0; 341 89 15 35 132 0 0; ]
1500702504[454 75 30 64 127 0 0; 341 89 15 35 132 0 0; ]
1500702505[454 75 29 63 127 0 0; 341 89 15 35 132 0 0; ]
1500702506[454 76 28 61 127 0 0; 342 89 15 35 132 0 0; ]
1500702507[454 76 28 61 127 0 0; 342 89 15 35 132 0 0; ]
1500702508[454 76 28 60 127 0 0; 343 89 15 34 132 0 0; ]
1500702509[454 76 28 60 127 0 0; 343 89 15 34 132 0 0; ]
1500702510[454 76 28 61 127 0 0; 344 89 15 33 132 0 0; ]
1500702511[454 77 28 61 127 0 0; 344 90 15 33 132 0 0; ]
1500702512[454 77 28 61 127 0 0; 344 90 15 33 132 0 0; ]
1500702513[454 77 28 60 127 0 0; 345 90 15 33 132 0 0; ]
1500702514[454 77 28 60 127 0 0; 345 90 15 33 132 0 0; ]
1500702515[454 78 28 60 127 0 0; 345 90 15 33 132 0 0; ]
1500702516[454 78 28 60 127 0 0; 346 91 15 32 132 0 0; ]
1500702517[454 78 28 59 127 0 0; 346 91 15 32 132 0 0; ]
1500702518[454 78 28 59 127 0 0; 347 91 15 32 132 0 0; ]
1500702519[453 78 28 58 127 0 0; 347 91 15 32 132 0 0; ]
1500702520[453 78 28 58 127 0 0; 348 92 15 32 132 0 0; ]
1500702521[452 78 27 57 127 0 0; 348 92 15 32 132 0 0; ]
1500702522[452 78 27 57 127 0 0; 349 92 15 32 132 0 0; ]
1500702523[452 78 27 57 127 0 0; 349 92 14 32 132 0 0; ]
1500702524[451 78 27 56 127 0 0; 350 92 14 32 132 0 0; ]
1500702525[451 78 27 56 127 0 0; 350 93 14 32 132 0 0; ]
1500702526[450 78 27 56 127 0 0; 351 93 14 32 132 0 0; ]
1500702527[450 78 27 56 127 0 0; 352 92 14 31 132 0 0; ]
1500702528[450 78 27 56 127 0 0; 352 92 14 31 132 0 0; ]
1500702529[449 78 27 55 127 0 0; 353 92 14 31 132 0 0; ]
1500702530[449 78 27 55 127 0 0; 353 92 14 31 132 0 0; ]
1500702531[448 78 26 55 127 0 0; 354 92 14 31 132 0 0; ]
1500702532[448 78 26 54 127 0 0; 354 92 14 31 132 0 0; ]
1500702533[447 78 26 54 127 0 0; 355 92 14 31 132 0 0; ]
1500702534[447 78 26 53 127 0 0; 355 92 14 31 132 0 0; ]
1500702535[447 78 26 53 127 0 0; 356 92 15 31 132 0 0; ]
1500702536[447 78 26 52 127 0 0; 357 92 15 31 132 0 0; ]
1500702537[447 79 26 52 127 0 0; 357 92 15 31 132 0 0; ]
1500702538[446 79 26 52 127 0 0; 358 92 15 31 132 0 0; ]
1500702539[446 79 26 53 127 0 0; 358 92 15 31 132 0 0; ]
1500702540[446 79 26 53 127 0 0; 359 92 15 31 132 0 0; ]
1500702541[445 79 26 53 127 0 0; 359 92 15 31 132 0 0; ]
1500702542[445 79 26 53 127 0 0; 360 92 15 31 132 0 0; ]
1500702543[444 79 26 53 127 0 0; 360 92 15 31 132 0 0; ]
1500702544[444 79 26 53 127 0 0; 360 92 15 31 132 0 0; ]
1500702545[443 79 27 53 127 0 0; 361 92 15 31 132 0 0; ]
1500702546[443 80 27 52 127 0 0; 361 92 15 31 132 0 0; ]
1500702547[442 80 27 52 127 0 0; 361 92 15 31 132 0 0; ]
1500702548[441 80 28 51 127 0 0; 362 92 15 31 132 0 0; ]
1500702549[441 80 27 50 127 0 0; 362 92 15 31 132 0 0; ]
1500702550[441 80 27 49 127 0 0; 362 92 15 31 132 0 0; ]
1500702551[441 80 26 49 127 0 0; 363 92 15 31 132 0 0; ]
1500702552[441 80 26 49 127 0 0; 363 92 15 31 132 0 0; ]
1500702553[441 80 26 48 127 0 0; 363 92 15 31 132 0 0; ]
1500702554[440 80 26 48 127 0 0; 364 92 15 31 132 0 0; ]
1500702555[440 80 27 48 127 0 0; 364 92 15 31 132 0 0; ]
1500702556[440 80 27 48 127 0 0; 364 92 15 31 132 0 0; ]
1500702557[440 80 27 48 127 0 0; 365 92 15 31 132 0 0; ]
1500702558[439 80 27 49 127 0 0; 365 92 15 31 132 0 0; ]
1500702559[439 80 27 49 127 0 0; 365 92 15 31 132 0 0; ]
1500702560[439 80 27 49 127 0 0; 365 92 15 31 132 0 0; ]
1500702561[439 80 27 49 127 0 0; 366 92 15 31 132 0 0; ]
1500702562[438 80 26 49 127 0 0; 366 92 15 31 132 0 0; ]
1500702563[438 80 26 49 127 0 0; 366 92 15 30 132 0 0; ]
1500702564[438 80 26 48 127 0 0; 366 92 15 30 132 0 0; ]
1500702565[438 81 25 47 127 0 0; 367 92 15 30 132 0 0; ]
1500702566[438 81 25 47 127 0 0; 367 92 15 30 132 0 0; ]
1500702567[438 82 24 46 127 0 0; 367 92 15 30 132 0 0; ]
1500702568[438 82 24 46 127 0 0; 367 92 15 30 132 0 0; ]
1500702569[437 82 24 45 127 0 0; 368 92 15 30 132 0 0; ]
1500702570[437 82 24 45 127 0 0; 368 92 15 30 132 0 0; ]
1500702571[437 83 24 45 127 0 0; 368 92 15 30 132 0 0; ]
1500702572[437 83 24 45 127 0 0; 368 92 15 30 132 0 0; ]
1500702573[436 82 24 45 127 0 0; ]
1500702574[436 82 24 45 127 0 0; ]
1500702575[435 82 24 45 127 0 0; ]
1500702576[435 82 25 45 127 0 0; ]
1500702577[434 82 25 45 127 0 0; ]
1500702578[434 82 25 46 127 0 0; ]
1500702579[434 83 24 45 127 0 0; ]
1500702580[434 83 24 44 127 0 0; ]
1500702581[433 84 23 44 127 0 0; ]
1500702582[433 84 23 43 127 0 0; ]
1500702583[433 84 23 42 127 0 0; ]
1500702584[432 85 23 41 127 0 0; ]
1500702585[431 85 24 40 127 0 0; ]
1500702586[431 85 24 40 127 0 0; ]
1500702587[431 85 24 41 127 0 0; ]
1500702588[431 85 23 42 127 0 0; ]
1500702589[432 84 23 43 127 0 0; ]
1500702590[432 84 22 44 127 0 0; ]
1500702591[432 83 22 44 127 0 0; ]
1500702592[432 83 22 45 127 0 0; ]
1500702593[432 82 22 45 127 0 0; ]
1500702594[432 83 21 43 127 0 0; ]
1500702595[431 83 20 41 127 0 0; ]
1500702596[430 84 20 40 127 0 0; ]
1500702597[430 84 20 40 127 0 0; ]
1500702598[429 85 19 39 127 0 0; ]
1500702599[429 85 19 39 127 0 0; ]
1500702600[429 85 19 39 127 0 0; ]
1500702601[429 85 19 39 127 0 0; ]
1500702602[428 84 19 39 127 0 0; ]
1500702603[428 84 20 39 127 0 0; ]
1500702604[428 84 20 39 127 0 0; ]
1500702605[428 84 20 40 127 0 0; ]
1500702606[428 83 20 41 127 0 0; ]
1500702607[428 82 20 41 127 0 0; ]
1500702608[428 82 21 42 127 0 0; ]
1500702609[427 82 19 42 127 0 0; ]
1500702610[426 82 18 42 127 0 0; ]
1500702611[426 82 18 42 127 0 0; ]
1500702612[426 82 18 42 127 0 0; ]
1500702613[426 83 18 41 127 0 0; ]
1500702614[426 83 19 41 127 0 0; ]
1500702615[426 83 19 42 127 0 0; ]
1500702616[426 83 19 44 127 0 0; ]
1500702617[426 83 19 44 127 0 0; ]
1500702618[426 83 19 44 127 0 0; ]
1500702619[425 83 19 43 127 0 0; ]
1500702620[425 84 19 43 127 0 0; ]
1500702621[425 84 19 43 127 0 0; ]
1500702622[425 84 19 42 127 0 0; ]
1500702623[425 84 18 41 127 0 0; ]
1500702624[425 84 17 40 127 0 0; ]
1500702625[426 85 16 39 127 0 0; ]
1500702626[426 85 15 39 127 0 0; ]
1500702627[426 85 15 38 127 0 0; ]
1500702628[426 85 15 38 127 0 0; ]
1500702629[425 86 15 37 127 0 0; ]
1500702630[424 86 16 37 127 0 0; ]
1500702631[423 86 17 37 127 0 0; ]
1500702632[423 87 18 37 127 0 0; ]
1500702633[422 87 18 37 127 0 0; ]
1500702634[422 87 19 37 127 0 0; ]
1500702635[422 87 19 37 127 0 0; ]
1500702636[422 88 20 38 127 0 0; ]
1500702637[422 88 20 38 127 0 0; ]
1500702638[421 88 21 38 127 0 0; ]
1500702639[421 88 21 38 127 0 0; ]
1500702640[421 88 21 38 127 0 0; ]
1500702641[421 88 21 38 127 0 0; ]
1500702642[421 88 21 38 127 0 0; ]
1500702643[420 88 21 37 127 0 0; ]
1500702644[420 88 21 37 127 0 0; ]
1500702645[420 88 21 37 127 0 0; ]
1500702646[420 88 20 37 127 0 0; ]
1500702647[420 88 20 36 127 0 0; ]
1500702648[419 88 20 36 127 0 0; ]
1500702649[419 88 20 36 127 0 0; ]
1500702650[419 88 20 36 127 0 0; ]
1500702651[419 88 20 36 127 0 0; ]
1500702652[419 88 20 35 127 0 0; ]
1500702653[418 88 20 35 127 0 0; ]
1500702654[418 88 20 35 127 0 0; ]
1500702655[418 88 19 35 127 0 0; ]
1500702656[418 88 19 35 127 0 0; ]
1500702657[418 88 18 35 127 0 0; ]
1500702658[418 88 18 35 127 0 0; ]
1500702659[418 88 17 35 127 0 0; ]
1500702660[417 88 17 35 127 0 0; ]
1500702661[417 88 17 35 127 0 0; ]
1500702662[417 88 17 35 127 0 0; ]
1500702663[417 87 16 35 127 0 0; ]
1500702664[417 87 16 35 127 0 0; ]
1500702665[417 87 16 35 127 0 0; ]
1500702666[416 87 16 35 127 0 0; ]
1500702667[416 87 16 35 127 0 0; ]
1500702668[416 87 16 35 127 0 0; ]
1500702669[416 87 16 35 127 0 0; ]
1500702670[416 87 16 35 127 0 0; ]
1500702671[416 87 16 35 127 0 0; ]
1500702672[415 87 16 35 127 0 0; ]
1500702673[415 87 17 35 127 0 0; ]
1500702674[415 87 17 35 127 0 0; ]
1500702675[415 87 17 35 127 0 0; ]
1500702676[414 87 17 35 127 0 0; ]
1500702677[414 87 17 35 127 0 0; ]
1500702678[414 87 18 35 127 0 0; ]
1500702679[414 87 18 35 127 0 0; ]
1500702680[414 87 18 35 127 0 0; ]
1500702681[413 87 18 35 127 0 0; ]
1500702682[413 87 18 35 127 0 0; ]
1500702683[413 87 19 35 127 0 0; ]
1500702684[413 87 19 35 127 0 0; ]
1500702685[413 87 19 35 127 0 0; ]
1500702686[412 87 19 35 127 0 0; ]
1500702687[412 87 19 35 127 0 0; ]
1500702688[412 87 19 35 127 0 0; ]
1500702689[412 87 19 35 127 0 0; ]
1500702690[412 87 19 35 127 0 0; ]
1500702691[411 87 19 35 127 0 0; ]
1500702692[411 87 19 34 127 0 0; ]
1500702693[411 87 19 34 127 0 0; ]
1500702694[411 87 19 34 127 0 0; ]
1500702695[411 87 19 34 127 0 0; ]
1500702696[410 87 19 34 127 0 0; ]
1500702697[410 87 19 34 127 0 0; ]
1500702698[410 87 19 34 127 0 0; ]
1500702699[410 88 19 34 127 0 0; ]
1500702700[410 88 18 34 127 0 0; ]
1500702701[410 88 18 33 127 0 0; ]
1500702702[410 89 18 33 127 0 0; ]
1500702703[410 89 18 33 127 0 0; ]
1500702704[409 89 18 33 127 0 0; ]
1500702705[409 89 18 33 127 0 0; ]
1500702706[409 89 18 33 127 0 0; ]
1500702707[409 89 18 33 127 0 0; ]
1500702708[409 89 18 34 127 0 0; ]
1500702709[409 89 17 34 127 0 0; ]
1500702710[409 88 17 35 127 0 0; ]
1500702711[409 88 17 36 127 0 0; ]
1500702712[409 88 17 36 127 0 0; ]
1500702713[408 87 16 37 127 0 0; ]
1500702714[408 87 16 37 127 0 0; ]
1500702715[408 88 16 37 127 0 0; ]
1500702716[408 88 16 36 127 0 0; ]
1500702717[408 88 16 36 127 0 0; ]
1500702718[408 88 16 36 127 0 0; ]
1500702719[408 89 16 36 127 0 0; ]
1500702720[408 89 16 36 127 0 0; ]
1500702721[408 89 16 35 127 0 0; ]
1500702722[408 89 16 35 127 0 0; ]
1500702723[408 90 16 35 127 0 0; ]
1500702724[408 90 16 35 127 0 0; ]
1500702725[408 90 16 35 127 0 0; ]
1500702726[408 90 16 34 127 0 0; ]
1500702727[408 90 16 34 127 0 0; ]
1500702728[408 91 16 34 127 0 0; ]
1500702729[408 91 16 34 127 0 0; ]
1500702730[408 91 16 34 127 0 0; ]
1500702731[408 91 16 34 127 0 0; ]
1500702732[408 91 16 34 127 0 0; ]
1500702733[408 91 16 34 127 0 0; ]
1500702734[408 91 16 34 127 0 0; ]
1500702735[408 91 16 34 127 0 0; ]
1500702736[408 91 16 34 127 0 0; ]
1500702737[408 91 16 34 127 0 0; ]
1500702738[408 91 16 34 127 0 0; ]
1500702739[408 91 16 34 127 0 0; ]
1500702740[408 91 16 34 127 0 0; ]
1500702741[408 91 16 34 127 0 0; ]
1500702742[408 91 16 34 127 0 0; ]
1500702743[408 91 16 34 127 0 0; ]
1500702744[]
1500702745[]
1500702746[]
1500702747[]
1500702748[]
1500702749[]
1500702750[]
1500702751[]
1500702752[]
1500702753[]
1500702754[]
1500702755[]
1500702756[]
1500702757[]
1500702758[]
1500702759[]
1500702760[]
1500702761[]
1500702762[]
1500702763[]
1500702764[]
1500702765[]
1500702766[]
1500702767[]
1500702768[]
1500702769[]
1500702770[]
1500702771[]
1500702772[]
1500702773[]
1500702774[]
1500702775[]
1500702776[]
1500702777[]
1500702778[]
1500702779[]
1500702780[]
1500702781[]
1500702782[]
1500702783[]
1500702784[]
1500702785[]
1500702786[]
1500702787[]
1500702788[]
1500702789[]
1500702790[]
1500702791[]
1500702792[]
1500702793[]
1500702794[]
1500702795[]
1500702796[]
1500702797[]
1500702798[]
1500702799[]
1500702800[]
1500702801[]
1500702802[]
1500702803[]
1500702804[]
1500702805[]
1500702806[]
1500702807[]
1500702808[]
1500702809[]
1500702810[]
1500702811[]
1500702812[]
1500702813[]
1500702814[]
1500702815[]
1500702816[]
1500702817[]
1500702818[]
1500702819[]
1500702820[]
1500702821[]
1500702822[]
1500702823[]
1500702824[]
1500702825[]
1500702826[]
1500702827[]
1500702828[]
1500702829[]
1500702830[]
1500702831[]
1500702832[]
1500702833[]
1500702834[]
1500702835[]
1500702836[]
1500702837[]
1500702838[]
1500702839[]
1500702840[]
1500702841[]
1500702842[]
1500702843[]
1500702844[]
1500702845[]
1500702846[]
1500702847[]
1500702848[]
1500702849[]
1500702850[]
1500702851[]
1500702852[]
1500702853[]
1500702854[]
1500702855[]
1500702856[]
1500702857[]
1500702858[]
1500702859[]
1500702860[]
1500702861[]
1500702862[]
1500702863[]
1500702864[]
1500702865[]
1500702866[]
1500702867[]
1500702868[]
1500702869[]
1500702870[]
1500702871[]
1500702872[]
1500702873[]
1500702874[]
1500702875[]
1500702876[]
1500702877[]
1500702878[]
1500702879[]
1500702880[]
1500702881[]
1500702882[]
1500702883[]
1500702884[]
1500702885[]
1500702886[]
1500702887[]
1500702888[]
1500702889[]
1500702890[]
1500702891[]
1500702892[]
1500702893[]
1500702894[]
1500702895[]
1500702896[]
1500702897[]
1500702898[]
1500702899[]
1500702900[]
1500702901[]
1500702902[]
1500702903[]
1500702904[]
1500702905[]
1500702906[]
1500702907[]
1500702908[]
1500702909[]
1500702910[]
1500702911[]
1500702912[]
1500702913[]
1500702914[]
1500702915[]
1500702916[]
1500702917[]
1500702918[]
1500702919[]
1500702920[]
1500702921[]
1500702922[]
1500702923[]
1500702924[]
1500702925[]
1500702926[]
1500702927[]
1500702928[]
1500702929[]
1500702930[]
1500702931[]
1500702932[]
1500702933[]
1500702934[]
1500702935[]
1500702936[]
1500702937[]
1500702938[]
1500702939[]
1500702940[]
1500702941[]
1500702942[]
1500702943[]
1500702944[]
1500702945[]
1500702946[]
1500702947[]
1500702948[]
1500702949[]
1500702950[]
1500702951[]
1500702952[]
1500702953[]
1500702954[]
1500702955[]
1500702956[]
1500702957[]
1500702958[]
1500702959[]
1500702960[]
1500702961[]
1500702962[]
1500702963[]
1500702964[]
1500702965[]
1500702966[]
1500702967[]
1500702968[]
1500702969[]
1500702970[]
1500702971[]
1500702972[]
1500702973[]
1500702974[]
1500702975[]
1500702976[]
1500702977[]
1500702978[]
1500702979[]
1500702980[]
1500702981[]
1500702982[]
1500702983[]
1500702984[]
1500702985[]
1500702986[]
1500702987[]
1500702988[]
1500702989[]
1500702990[]
1500702991[]
1500702992[]
1500702993[]
1500702994[]
1500702995[]
1500702996[]
1500702997[]
1500702998[]
1500702999[]
1500703000[]
1500703001[]
1500703002[]
1500703003[]
1500703004[]
1500703005[]
1500703006[]
1500703007[]
1500703008[]
1500703009[]
1500703010[]
1500703011[]
1500703012[]
1500703013[]
