1500800001[]
1500800002[]
1500800003[494 92 16 32 0 0 1; 366 91 19 30 1 0 0; ]
1500800004[493 92 16 32 0 0 1; 365 91 18 31 1 0 0; ]
1500800005[492 92 16 32 0 0 1; 365 91 18 31 1 0 0; ]
1500800006[491 92 16 32 0 0 1; 365 91 18 31 1 0 0; ]
1500800007[490 92 15 32 0 0 1; 364 91 18 32 1 0 0; ]
1500800008[489 92 15 32 0 0 1; 364 91 18 32 1 0 0; ]
1500800009[488 92 15 32 0 0 1; 363 90 18 32 1 0 0; 495 90 16 34 3 0 1; ]
1500800010[487 92 15 32 0 0 1; 363 90 18 32 1 0 0; 493 90 16 34 3 0 1; ]
1500800011[486 92 15 33 0 0 1; 362 90 19 32 1 0 0; 492 90 16 34 3 0 1; ]
1500800012[484 91 15 33 0 0 1; 362 90 19 33 1 0 0; 491 90 17 34 3 0 1; ]
1500800013[483 91 15 33 0 0 1; 361 90 19 33 1 0 0; 489 91 17 34 3 0 1; ]
1500800014[482 91 15 33 0 0 1; 360 90 19 33 1 0 0; 488 91 17 34 3 0 1; ]
1500800015[480 90 15 33 0 0 1; 360 90 19 33 1 0 0; 486 91 17 34 3 0 1; ]
1500800016[479 90 15 34 0 0 1; 360 89 19 33 1 0 0; 485 91 17 34 3 0 1; ]
1500800017[478 90 15 34 0 0 1; 360 89 19 33 1 0 0; 484 90 18 34 3 0 1; 491 89 19 36 4 1 1; ]
1500800018[476 89 15 34 0 0 1; 360 89 19 33 1 0 0; 482 88 18 34 3 0 1; 490 88 19 36 4 1 1; ]
1500800019[475 87 15 35 0 0 1; 359 86 20 33 1 0 0; 481 86 18 35 3 0 1; 488 87 19 36 4 1 1; ]
1500800020[473 85 15 36 0 0 1; 358 85 20 34 1 0 0; 480 85 18 35 3 0 1; 487 86 19 36 4 1 1; ]
1500800021[472 84 15 36 0 0 1; 358 84 21 35 1 0 0; 478 84 18 35 3 0 1; 486 85 19 36 4 1 1; ]
1500800022[471 85 15 36 0 0 1; 358 83 21 35 1 0 0; 477 85 18 35 3 0 1; 485 85 19 36 4 1 1; ]
1500800023[469 86 15 34 0 0 1; 358 84 21 36 1 0 0; 476 85 18 35 3 0 1; 484 86 19 36 4 1 1; ]
1500800024[468 86 16 34 0 0 1; 358 84 21 36 1 0 0; 475 86 17 35 3 0 1; 482 87 19 35 4 1 1; ]
1500800025[466 86 15 34 0 0 1; 358 85 20 36 1 0 0; 473 87 17 35 3 0 1; 481 88 19 35 4 1 1; ]
1500800026[465 86 15 34 0 0 1; 358 85 20 36 1 0 0; 472 86 17 36 3 0 1; 480 87 19 35 4 1 1; ]
1500800027[463 86 15 34 0 0 1; 358 85 20 36 1 0 0; 471 86 17 36 3 0 1; 479 87 19 36 4 1 1; ]
1500800028[462 86 15 34 0 0 1; 358 86 20 35 1 0 0; 470 85 17 37 3 0 1; 478 86 19 36 4 1 1; ]
1500800029[461 85 15 34 0 1 1; 358 86 20 35 1 0 0; 468 84 17 37 3 0 1; 476 85 19 36 4 1 1; ]
1500800030[459 85 15 35 0 1 1; 358 84 20 36 1 0 0; 467 84 17 38 3 0 1; 475 84 19 37 4 1 1; ]
1500800031[458 84 16 35 0 1 1; 359 83 20 36 1 0 0; 466 84 17 38 3 0 1; 474 84 19 37 4 1 1; ]
1500800032[457 84 16 36 0 1 1; 358 83 20 36 1 0 0; 465 85 17 37 3 0 1; 473 85 19 36 4 1 1; ]
1500800033[456 84 16 36 0 1 1; 358 83 20 35 1 0 0; 463 85 17 36 3 0 1; 472 86 19 34 4 1 1; ]
1500800034[455 84 16 36 0 1 1; 358 83 20 35 1 0 0; 461 85 17 36 3 0 1; 471 85 19 35 4 1 1; ]
1500800035[453 84 16 37 0 1 1; 359 83 20 35 1 0 0; 460 85 17 37 3 0 1; 469 85 19 35 4 1 1; ]
1500800036[451 84 18 37 0 1 1; 359 83 20 35 1 0 0; 459 84 17 37 3 0 1; 468 84 20 35 4 1 1; ]
1500800037[450 84 18 37 0 1 1; 359 83 20 35 1 0 0; 458 83 17 37 3 0 1; 467 84 20 35 4 1 1; ]
1500800038[449 84 18 37 0 1 1; 359 83 20 36 1 0 0; 457 83 17 38 3 0 1; 466 83 20 36 4 1 1; ]
1500800039[449 83 17 37 0 1 1; 360 81 20 36 1 0 0; 457 82 17 37 3 0 1; 465 83 20 36 4 1 1; ]
1500800040[447 82 18 36 0 1 1; 360 80 20 37 1 0 0; 456 82 17 36 3 0 1; 464 82 20 37 4 1 1; ]
1500800041[446 81 19 36 0 1 1; 360 79 20 37 1 0 0; 455 81 17 37 3 0 1; 463 81 20 37 4 1 1; ]
1500800042[445 80 19 36 0 0 1; 360 79 20 37 1 0 0; 454 80 17 38 3 0 1; 462 81 20 38 4 1 1; ]
1500800043[444 80 18 37 0 0 1; 361 79 20 37 1 0 0; 452 80 18 39 3 0 1; 461 81 20 38 4 1 1; ]
1500800044[444 80 17 37 0 0 1; 361 80 20 37 1 0 0; 451 79 18 39 3 0 1; 460 81 20 38 4 1 1; ]
1500800045[444 81 15 37 0 1 1; 361 80 19 37 1 0 0; 450 80 18 39 3 0 1; 459 83 20 38 4 1 1; ]
1500800046[443 82 16 37 0 1 1; 361 81 19 37 1 0 0; 449 81 18 38 3 0 1; 458 84 20 38 4 1 1; ]
1500800047[441 83 17 37 0 1 1; 362 82 19 36 1 0 0; 449 83 17 37 3 0 1; 457 85 20 38 4 1 1; ]
1500800048[439 83 17 38 0 1 1; 362 83 19 36 1 0 0; 448 85 17 36 3 0 1; 456 84 20 38 4 1 1; ]
1500800049[438 84 17 38 0 1 1; 362 83 19 36 1 0 0; 447 85 17 37 3 0 1; 455 84 21 38 4 1 1; ]
1500800050[437 84 17 38 0 1 1; 363 83 19 36 1 0 0; 445 84 17 38 3 0 1; 453 83 21 38 4 1 1; ]
1500800051[436 84 17 38 0 0 1; 363 83 19 36 1 0 0; 444 83 18 39 3 0 1; 452 83 21 38 4 1 1; ]
1500800052[434 83 17 37 0 0 1; 364 83 19 36 1 0 0; 443 83 18 40 3 0 1; 451 82 21 38 4 1 1; ]
1500800053[433 82 17 37 0 0 1; 364 82 19 37 1 0 0; 441 82 18 41 3 0 1; 450 81 21 38 4 1 1; ]
1500800054[432 81 17 37 0 0 1; 365 81 19 37 1 0 0; 440 81 18 41 3 0 1; 449 81 21 38 4 1 1; ]
1500800055[431 81 17 37 0 0 1; 365 80 19 37 1 0 0; 439 81 18 41 3 0 1; 448 81 21 38 4 1 1; ]
1500800056[430 81 17 37 0 0 1; 366 80 19 37 1 0 0; 438 80 19 43 3 0 1; 447 81 21 38 4 1 1; ]
1500800057[428 80 17 37 0 0 1; 366 80 19 37 1 0 0; 436 78 20 44 3 0 1; 446 81 21 38 4 1 1; ]
1500800058[427 80 17 37 0 0 1; 367 80 19 36 1 0 0; 435 80 19 43 3 0 1; 445 81 21 38 4 1 1; ]
1500800059[426 80 17 37 0 0 1; 367 80 19 36 1 0 0; 434 81 18 42 3 0 1; 444 81 21 39 4 1 1; ]
1500800060[425 81 17 38 0 0 1; 368 81 19 36 1 0 0; 433 81 18 42 3 0 1; 443 82 21 39 4 1 1; ]
1500800061[424 81 18 39 0 0 1; 369 81 19 35 1 0 0; 431 82 18 42 3 0 1; 442 82 21 40 4 1 1; ]
1500800062[423 82 18 40 0 0 1; 369 82 19 34 1 0 0; 430 82 18 42 3 0 1; 441 83 22 40 4 1 1; ]
1500800063[422 83 18 40 0 0 1; 370 83 19 34 1 0 0; 429 82 19 42 3 0 1; 440 83 22 41 4 1 1; ]
1500800064[421 83 18 39 0 0 1; 370 83 20 35 1 0 0; 428 81 19 42 3 0 1; 438 82 21 41 4 1 1; ]
1500800065[420 83 18 39 0 0 1; 370 82 20 35 1 0 0; 427 81 19 42 3 0 1; 437 82 21 41 4 1 1; ]
1500800066[418 83 17 38 0 0 1; 371 82 20 36 1 0 0; 427 80 19 42 3 0 1; 436 81 21 41 4 1 1; ]
1500800067[417 81 17 39 0 0 1; 371 81 20 36 1 0 0; 426 80 19 42 3 0 1; 435 81 21 42 4 1 1; ]
1500800068[416 79 17 40 0 0 1; 372 81 20 37 1 0 0; 425 80 19 42 3 0 1; 434 80 21 42 4 1 1; ]
1500800069[415 78 17 40 0 0 1; 373 81 21 37 1 0 0; 424 79 19 42 3 0 1; 433 80 21 42 4 1 1; ]
1500800070[414 79 18 40 0 0 1; 373 81 21 37 1 0 0; 423 79 19 43 3 0 1; 432 80 21 42 4 1 1; ]
1500800071[413 79 18 41 0 0 1; 374 81 21 37 1 0 0; 422 79 19 43 3 0 1; 431 81 21 42 4 1 1; ]
1500800072[412 79 18 41 0 0 1; 375 81 21 37 1 0 0; 422 79 19 43 3 0 1; 431 81 21 42 4 1 1; ]
1500800073[411 79 18 41 0 0 1; 376 81 21 37 1 0 0; 421 79 20 43 3 0 1; 430 82 21 42 4 1 1; ]
1500800074[410 80 18 41 0 0 1; 377 81 21 37 1 0 0; 420 79 20 43 3 0 1; 430 82 22 42 4 1 1; ]
1500800075[409 80 19 41 0 0 1; 378 82 21 37 1 0 0; 419 79 20 43 3 0 1; 429 83 22 42 4 1 1; ]
1500800076[409 81 20 41 0 0 1; 379 82 21 37 1 0 0; 418 80 20 43 3 0 1; 429 83 22 42 4 1 1; ]
1500800077[408 81 20 41 0 1 1; 380 83 22 36 1 0 0; 418 80 20 43 3 0 1; 428 83 22 42 4 1 1; ]
1500800078[408 81 20 41 0 1 1; 382 83 22 36 1 0 0; 417 80 20 43 3 0 1; 428 83 22 42 4 1 1; ]
1500800079[407 81 20 42 0 1 1; 382 83 22 37 1 0 0; 416 81 20 44 3 0 1; 427 83 22 42 4 1 1; ]
1500800080[406 82 20 43 0 0 1; 383 83 22 37 1 0 0; 415 82 20 45 3 0 1; 426 83 22 42 4 1 1; ]
1500800081[405 82 20 43 0 0 1; 384 82 22 38 1 0 0; 414 82 20 45 3 0 1; 425 83 22 42 4 1 1; ]
1500800082[404 82 20 43 0 0 1; 385 82 22 38 1 0 0; 413 81 20 45 3 0 1; 425 83 22 42 4 1 1; ]
1500800083[403 82 20 43 0 0 1; 386 82 22 38 1 0 0; 412 80 20 45 3 0 1; 424 83 22 43 4 1 1; ]
1500800084[402 82 20 43 0 0 1; 387 82 22 38 1 0 0; 411 79 20 46 3 0 1; 423 83 22 43 4 1 1; ]
1500800085[401 81 20 43 0 0 1; 388 82 22 39 1 0 0; 410 79 21 46 3 0 1; 422 83 22 43 4 1 1; ]
1500800086[400 81 20 43 0 0 1; 389 82 22 39 1 1 0; 409 79 21 46 3 0 1; 422 83 22 43 4 1 1; ]
1500800087[399 81 21 43 0 0 1; 390 82 21 38 1 1 0; 408 79 21 47 3 0 1; 421 83 22 43 4 1 1; ]
1500800088[398 81 21 43 0 0 1; 391 82 20 38 1 1 0; 407 79 21 48 3 0 1; 420 83 22 43 4 1 1; ]
1500800089[396 80 21 43 0 0 1; 406 79 21 48 3 0 1; 419 83 22 43 4 1 1; ]
1500800090[395 81 21 43 0 0 1; 405 80 21 48 3 0 1; 418 83 22 43 4 1 1; ]
1500800091[394 82 22 43 0 0 1; 404 81 21 48 3 0 1; 417 83 22 43 4 1 1; ]
1500800092[393 80 22 45 0 1 1; 403 80 21 48 3 0 1; 416 83 22 43 4 1 1; ]
1500800093[391 78 22 47 0 1 1; 402 78 22 48 3 0 1; 415 83 22 43 4 1 1; ]
1500800094[390 77 22 46 0 1 1; 401 77 21 48 3 0 1; 414 79 22 45 4 1 1; ]
1500800095[389 77 22 45 0 1 1; 400 77 21 48 3 0 1; 413 78 22 46 4 1 1; ]
1500800096[388 77 22 45 0 1 1; 399 77 21 48 3 0 1; 412 77 22 47 4 1 1; ]
1500800097[386 77 22 46 0 1 1; 398 77 20 48 3 0 1; 411 77 23 47 4 1 1; ]
1500800098[385 78 22 46 0 1 1; 398 77 20 48 3 0 1; 410 79 23 45 4 1 1; ]
1500800099[384 80 23 45 0 1 1; 397 79 20 49 3 0 1; 409 82 23 44 4 1 1; ]
1500800100[383 82 23 44 0 1 1; 395 80 20 50 3 0 1; 408 83 23 44 4 1 1; ]
1500800101[382 82 23 44 0 0 1; 394 81 20 50 3 0 1; 407 85 23 45 4 1 1; ]
1500800102[380 83 23 45 0 0 1; 392 82 21 50 3 0 1; 406 86 23 46 4 1 1; ]
1500800103[379 83 23 46 0 0 1; 391 83 21 49 3 0 1; 405 87 23 47 4 1 1; ]
1500800104[378 83 22 48 0 1 1; 389 83 22 49 3 0 1; 403 86 23 48 4 1 1; ]
1500800105[377 82 22 49 0 1 1; 388 83 22 49 3 0 1; 402 85 23 49 4 1 1; ]
1500800106[376 80 22 49 0 1 1; 411 89 19 39 2 1 0; 387 82 23 50 3 0 1; 401 83 23 49 4 1 1; ]
1500800107[375 80 22 50 0 1 1; 410 87 20 40 2 1 0; 385 80 23 51 3 0 1; 400 83 23 50 4 1 1; ]
1500800108[374 79 22 50 0 1 1; 410 85 22 40 2 1 0; 384 78 23 52 3 0 1; 399 82 23 50 4 1 1; ]
1500800109[372 79 22 50 0 1 1; 410 84 23 41 2 1 0; 382 79 23 52 3 0 1; 398 82 24 50 4 1 1; ]
1500800110[371 80 22 49 0 1 1; 410 84 23 41 2 0 0; 381 79 23 52 3 0 1; 396 81 24 50 4 1 1; ]
1500800111[370 80 22 49 0 1 1; 411 84 23 41 2 0 0; 379 79 24 53 3 0 1; 395 81 24 50 4 1 1; ]
1500800112[366 81 25 48 0 1 1; 412 85 22 40 2 0 0; 377 79 24 53 3 0 1; 394 81 24 51 4 1 1; ]
1500800113[364 81 25 48 0 1 1; 414 86 22 40 2 0 0; 376 79 24 53 3 0 1; 393 81 24 51 4 1 1; ]
1500800114[363 81 25 48 0 1 1; 415 86 22 40 2 0 0; 374 80 24 54 3 0 1; 391 81 24 51 4 1 1; ]
1500800115[361 82 24 48 0 1 1; 416 87 22 40 2 0 0; 373 80 24 54 3 0 1; 390 81 25 52 4 1 1; ]
1500800116[360 82 24 48 0 1 1; 417 88 22 40 2 0 0; 371 81 24 54 3 0 1; 389 81 25 52 4 1 1; ]
1500800117[358 82 24 50 0 1 1; 417 88 22 40 2 0 0; 369 81 24 55 3 0 1; 387 82 25 52 4 1 1; ]
1500800118[357 82 24 51 0 1 1; 418 89 22 40 2 0 0; 368 82 25 55 3 0 1; 386 82 25 52 4 1 1; ]
1500800119[355 82 24 52 0 1 1; 419 89 23 41 2 0 0; 366 83 25 56 3 0 1; 385 83 25 51 4 1 1; ]
1500800120[354 84 24 52 0 1 1; 419 90 23 41 2 0 0; 364 83 25 56 3 0 1; 384 84 25 51 4 1 1; ]
1500800121[352 86 24 52 0 1 1; 420 91 23 41 2 0 0; 363 84 25 55 3 0 1; 382 86 26 51 4 1 1; ]
1500800122[350 86 24 51 0 1 1; 421 92 23 41 2 0 0; 361 85 25 55 3 0 1; 381 87 26 51 4 1 1; ]
1500800123[349 86 24 51 0 1 1; 421 93 23 42 2 0 0; 360 87 25 55 3 0 1; 379 89 26 51 4 1 1; ]
1500800124[347 86 24 51 0 1 1; 422 93 23 42 2 0 0; 358 86 26 57 3 0 1; 378 88 27 52 4 1 1; ]
1500800125[346 85 24 51 0 1 1; 423 92 24 42 2 0 0; 357 85 26 58 3 0 1; 376 87 27 53 4 1 1; ]
1500800126[344 85 24 51 0 1 1; 424 92 24 41 2 0 0; 355 83 26 59 3 0 1; 375 86 27 54 4 1 1; ]
1500800127[343 84 24 52 0 1 1; 425 91 24 41 2 0 0; 354 82 26 59 3 0 1; 373 84 28 55 4 1 1; ]
1500800128[341 83 24 52 0 1 1; 425 90 24 41 2 0 0; 352 81 26 59 3 0 1; 371 83 28 56 4 1 1; ]
1500800129[339 82 23 52 0 1 1; 426 89 24 41 2 0 0; 350 79 26 59 3 0 1; 370 81 29 56 4 1 1; ]
1500800130[338 80 23 52 0 1 1; 427 87 24 42 2 0 0; 349 78 26 59 3 0 1; 368 79 29 57 4 1 1; 270 91 14 31 8 1 1; ]
1500800131[336 78 23 52 0 1 1; 428 85 24 43 2 0 0; 347 76 27 59 3 0 1; 367 78 29 58 4 1 1; 269 88 14 31 8 1 1; ]
1500800132[334 76 23 52 0 1 1; 429 83 24 43 2 0 0; 346 74 27 60 3 0 1; 365 76 30 59 4 1 1; 267 85 14 31 8 1 1; ]
1500800133[332 74 23 53 0 1 1; 430 83 24 44 2 0 0; 344 72 27 61 3 0 1; 363 75 30 61 4 1 1; 266 83 14 31 8 1 1; ]
1500800134[331 73 23 54 0 1 1; 430 82 24 44 2 0 0; 343 71 27 61 3 0 1; 362 73 30 62 4 1 1; 265 83 15 31 8 1 1; ]
1500800135[329 73 23 55 0 1 1; 431 82 25 44 2 0 0; 341 71 27 62 3 0 1; 360 73 30 62 4 1 1; 264 83 15 31 8 1 1; ]
1500800136[327 73 24 55 0 1 1; 432 82 25 44 2 0 0; 340 71 27 63 3 0 1; 358 74 31 62 4 1 1; 263 83 15 31 8 1 1; ]
1500800137[326 74 24 56 0 0 1; 433 83 25 43 2 0 0; 338 72 28 64 3 0 1; 357 76 31 61 4 1 1; 262 84 16 31 8 1 1; ]
1500800138[324 75 25 56 0 0 1; 433 84 25 42 2 0 0; 337 74 28 65 3 0 1; 355 78 31 60 4 1 1; 261 85 16 31 8 1 1; ]
1500800139[322 76 25 57 0 0 1; 434 86 25 42 2 0 0; 335 76 28 65 3 0 1; 354 80 32 60 4 1 1; ]
1500800140[320 78 25 58 0 0 1; 435 88 25 42 2 0 0; 333 78 28 65 3 0 1; 352 81 32 60 4 1 1; ]
1500800141[318 80 25 58 0 0 1; 435 90 25 42 2 0 0; 331 79 28 65 3 0 1; 350 82 32 60 4 1 1; ]
1500800142[315 83 25 59 0 0 1; 436 92 25 42 2 0 0; 329 81 28 65 3 0 1; 349 82 32 60 4 1 1; 251 94 21 33 10 1 2; ]
1500800143[313 83 26 57 0 0 1; 437 93 25 43 2 0 0; 327 82 28 65 3 0 1; 347 83 32 61 4 1 1; 250 94 21 33 10 1 2; ]
1500800144[311 83 26 57 0 0 1; 437 93 25 43 2 0 0; 325 82 28 65 3 0 1; 345 83 32 62 4 1 1; 248 93 22 34 10 1 2; ]
1500800145[309 82 26 56 0 0 1; 438 92 25 43 2 0 0; 323 83 28 65 3 0 1; 344 83 33 62 4 1 1; 246 93 23 34 10 1 2; ]
1500800146[306 82 27 56 0 0 1; 439 91 25 43 2 0 0; 321 82 28 66 3 0 1; 342 82 33 63 4 1 1; 244 92 23 34 10 1 2; ]
1500800147[304 80 27 58 0 0 1; 439 90 25 43 2 0 0; 319 79 28 67 3 0 1; 340 80 33 65 4 1 1; 243 91 23 33 10 1 2; ]
1500800148[302 76 27 60 0 0 1; 440 89 25 43 2 0 0; 318 76 28 68 3 0 1; 339 77 33 66 4 1 1; 242 90 24 33 10 1 2; ]
1500800149[299 74 28 62 0 0 1; 441 87 25 44 2 0 0; 316 74 28 69 3 0 1; 337 76 33 67 4 1 1; 240 89 24 33 10 1 2; ]
1500800150[297 74 28 63 0 0 1; 441 85 25 45 2 0 0; 314 71 28 71 3 0 1; 336 76 33 67 4 1 1; 239 88 25 33 10 1 2; ]
1500800151[295 74 28 64 0 0 1; 442 83 25 46 2 0 0; 313 70 29 73 3 0 1; 334 76 34 67 4 1 1; 238 87 25 33 10 1 2; ]
1500800152[293 74 28 65 0 0 1; 443 86 25 44 2 0 0; 311 71 29 72 3 0 1; 332 76 34 67 4 1 1; 237 87 25 34 10 1 2; ]
1500800153[290 74 29 65 0 0 1; 443 88 25 43 2 0 0; 309 74 29 69 3 0 1; 331 79 34 67 4 1 1; 236 88 25 34 10 1 2; ]
1500800154[288 78 29 68 0 0 1; 444 91 25 43 2 0 0; 307 78 29 70 3 0 1; 329 81 34 68 4 1 1; 235 91 26 34 10 1 2; ]
1500800155[285 81 30 69 0 0 1; 444 93 25 43 2 0 0; 305 81 29 70 3 0 1; 327 83 34 68 4 1 1; 233 95 26 35 10 1 2; ]
1500800156[283 83 30 71 0 0 1; 445 96 25 43 2 0 0; 303 83 29 71 3 0 1; 325 84 34 69 4 1 1; 232 96 26 35 10 1 2; ]
1500800157[281 83 30 71 0 0 1; 446 98 25 43 2 0 0; 301 83 29 73 3 0 1; 323 85 34 69 4 1 1; 231 96 26 36 10 1 2; ]
1500800158[279 82 30 71 0 0 1; 446 99 25 43 2 0 0; 299 83 29 75 3 0 1; 321 85 34 69 4 1 1; 230 95 26 36 10 1 2; ]
1500800159[277 80 30 70 0 0 1; 447 97 25 43 2 0 0; 297 81 29 75 3 0 1; 319 84 34 70 4 1 1; 229 94 27 36 10 1 2; ]
1500800160[276 78 30 70 0 0 1; 447 94 25 43 2 0 0; 295 77 29 75 3 0 1; 317 82 35 71 4 1 1; 228 93 27 36 10 1 2; ]
1500800161[274 74 30 71 0 0 1; 448 89 25 43 2 0 0; 293 72 29 76 3 0 1; 315 78 35 72 4 1 1; 227 90 27 36 10 1 2; ]
1500800162[271 68 30 72 0 0 1; 449 85 25 43 2 0 0; 290 66 30 77 3 0 1; 313 74 35 73 4 1 1; 226 86 27 36 10 1 2; ]
1500800163[269 63 30 74 0 0 1; 449 80 25 43 2 0 0; 288 60 30 79 3 0 1; 311 70 35 73 4 1 1; 225 81 27 36 10 1 2; ]
1500800164[267 61 30 74 0 0 1; 450 77 25 43 2 0 0; 286 58 31 80 3 0 1; 309 66 35 74 4 1 1; 224 78 27 36 10 1 2; ]
1500800165[264 59 30 76 0 0 1; 450 76 25 43 2 0 0; 284 58 31 81 3 0 1; 307 64 35 75 4 1 1; 223 76 27 37 10 1 2; ]
1500800166[261 59 30 76 0 0 1; 451 76 25 42 2 0 0; 281 58 32 81 3 0 1; 305 63 35 75 4 1 1; 221 75 27 37 10 1 2; ]
1500800167[259 60 31 75 0 0 1; 451 78 25 43 2 0 0; 279 59 33 82 3 0 1; 302 63 35 75 4 1 1; 220 76 27 37 10 1 2; ]
1500800168[256 62 31 74 0 0 1; 452 80 25 44 2 0 0; 277 60 35 82 3 0 1; 300 64 36 76 4 1 1; 219 77 27 37 10 1 2; ]
1500800169[253 64 31 78 0 0 1; 452 82 25 44 2 0 0; 274 64 35 82 3 0 1; 298 66 36 76 4 1 1; 218 79 28 37 10 1 2; ]
1500800170[250 67 32 80 0 0 1; 452 84 25 43 2 0 0; 271 68 35 82 3 0 1; 295 67 36 76 4 1 1; 217 81 28 37 10 1 2; ]
1500800171[246 70 32 79 0 0 1; 453 87 25 42 2 0 0; 268 70 35 82 3 0 1; 293 69 36 76 4 1 1; 216 85 28 37 10 1 2; ]
1500800172[243 73 33 79 0 0 1; 453 90 25 40 2 0 0; 265 69 35 83 3 0 1; 290 71 36 76 4 1 1; 215 90 28 37 10 1 2; ]
1500800173[240 70 33 80 0 0 1; 454 91 25 39 2 0 0; 262 69 35 83 3 0 1; 288 72 36 76 4 1 1; 213 88 28 38 10 1 2; ]
1500800174[237 68 33 81 0 0 1; 454 90 25 39 2 0 0; 258 69 36 84 3 0 1; 285 72 36 77 4 1 1; 212 87 28 39 10 1 2; ]
1500800175[234 66 32 82 0 0 1; 454 88 24 40 2 0 0; 255 68 36 84 3 0 1; 283 70 37 78 4 1 1; 211 85 28 40 10 1 2; ]
1500800176[231 64 32 83 0 0 1; 455 85 24 40 2 0 0; 252 66 36 85 3 0 1; 280 66 37 81 4 1 1; 210 83 28 40 10 1 2; ]
1500800177[228 62 32 84 0 0 1; 455 83 24 41 2 0 0; 249 61 36 85 3 0 1; 278 62 37 83 4 1 1; 208 80 27 41 10 1 2; ]
1500800178[225 60 32 84 0 0 1; 455 80 24 43 2 0 0; 246 57 37 86 3 0 1; 275 61 37 84 4 1 1; 207 78 27 41 10 1 2; ]
1500800179[221 58 32 85 0 0 1; 456 78 24 45 2 0 0; 242 56 37 87 3 0 1; 272 61 37 84 4 1 1; 206 78 25 41 10 1 2; ]
1500800180[218 57 32 86 0 0 1; 456 78 24 44 2 0 0; 239 56 37 88 3 0 1; 269 61 37 84 4 1 1; 205 79 23 41 10 1 2; ]
1500800181[214 58 32 87 0 0 1; 456 81 24 41 2 0 0; 235 56 38 89 3 0 1; 266 62 37 84 4 1 1; 204 81 21 41 10 1 2; ]
1500800182[211 60 33 89 0 0 1; 457 83 24 42 2 0 0; 232 57 39 90 3 0 1; 264 64 38 83 4 1 1; 203 83 20 40 10 1 2; ]
1500800183[207 62 34 91 0 0 1; 457 85 24 43 2 0 0; 229 60 40 92 3 0 1; 261 64 38 85 4 1 1; 201 84 20 39 10 1 2; ]
1500800184[204 63 35 91 0 0 1; 458 86 24 43 2 0 0; 226 62 40 93 3 0 1; 258 63 39 86 4 1 1; 199 87 20 38 10 1 2; ]
1500800185[200 63 36 91 0 0 1; 459 86 24 43 2 0 0; 222 63 40 93 3 0 1; 255 63 40 87 4 1 1; ]
1500800186[196 63 37 91 0 0 1; 459 85 24 43 2 0 0; 219 63 41 94 3 0 1; 253 62 40 89 4 1 1; ]
1500800187[192 62 38 91 0 0 1; 460 85 24 43 2 0 0; 216 62 41 95 3 0 1; 250 62 41 91 4 1 1; ]
1500800188[189 59 39 93 0 0 1; 460 85 25 43 2 0 0; 213 60 41 96 3 0 1; 247 61 41 92 4 1 1; ]
1500800189[186 56 39 94 0 0 1; 461 84 25 44 2 0 0; 210 58 42 98 3 0 1; 244 61 42 94 4 1 1; ]
1500800190[183 55 40 96 0 1 1; 461 84 25 45 2 0 0; 207 56 42 100 3 0 1; 241 59 43 97 4 1 1; ]
1500800191[180 55 40 97 0 1 1; 462 83 25 46 2 0 0; 204 57 42 101 3 0 1; 238 59 43 99 4 1 1; ]
1500800192[177 56 41 98 0 1 1; 463 83 25 46 2 0 0; 201 57 43 102 3 0 1; 235 58 44 100 4 1 1; ]
1500800193[173 57 41 100 0 1 1; 463 84 25 46 2 0 0; 198 57 43 103 3 0 1; 232 59 44 101 4 1 1; ]
1500800194[170 58 41 101 0 1 1; 464 85 25 46 2 0 0; 195 57 43 104 3 0 1; 230 61 45 102 4 1 1; ]
1500800195[166 59 42 102 0 1 1; 464 87 25 46 2 0 0; 192 57 44 105 3 0 1; 226 62 45 102 4 1 1; ]
1500800196[163 60 42 104 0 1 1; 465 89 25 46 2 0 0; 189 58 44 105 3 0 1; 223 64 46 103 4 1 1; ]
1500800197[159 61 42 105 0 1 1; 466 91 25 47 2 0 0; 186 59 44 106 3 0 1; 220 65 47 103 4 1 1; ]
1500800198[155 61 42 106 0 1 1; 467 92 25 47 2 0 0; 183 60 44 107 3 0 1; 216 65 47 103 4 1 1; ]
1500800199[151 62 43 107 0 1 1; 468 94 25 47 2 0 0; 179 61 45 109 3 0 1; 213 66 48 103 4 1 1; ]
1500800200[147 63 44 108 0 1 1; 468 95 24 47 2 0 0; 174 63 45 111 3 0 1; 209 66 48 104 4 1 1; ]
1500800201[143 64 44 109 0 1 1; 469 96 24 46 2 0 0; 170 64 45 112 3 0 1; 205 68 49 104 4 1 1; ]
1500800202[139 65 43 110 0 1 1; 470 97 23 45 2 0 0; 166 64 46 114 3 0 1; 201 70 50 106 4 1 1; 197 96 21 43 11 1 2; ]
1500800203[134 66 44 112 0 1 1; 471 99 23 44 2 0 0; 162 64 46 116 3 0 1; 198 72 50 108 4 1 1; 193 98 22 42 11 1 2; ]
1500800204[130 67 44 114 0 0 1; 472 102 23 43 2 0 0; 158 65 46 118 3 0 1; 194 73 51 109 4 1 1; 190 99 22 41 11 1 2; ]
1500800205[125 67 45 116 0 0 1; 473 104 23 43 2 0 0; 153 65 47 119 3 0 1; 191 72 51 110 4 1 1; 188 98 22 41 11 1 2; ]
1500800206[121 64 46 118 0 1 1; 474 102 23 43 2 0 0; 149 62 47 120 3 0 1; 188 70 51 111 4 1 1; 187 97 22 40 11 1 2; ]
1500800207[116 58 46 120 0 1 1; 475 97 23 44 2 0 0; 145 57 47 122 3 0 1; 184 66 52 112 4 1 1; ]
1500800208[111 50 47 121 0 1 1; 476 91 24 47 2 0 0; 141 50 48 123 3 0 1; 181 62 52 114 4 1 1; ]
1500800209[106 43 48 123 0 1 1; 477 83 24 49 2 0 0; 136 43 48 125 3 0 1; 178 54 52 116 4 1 1; ]
1500800210[101 38 48 125 0 1 1; 478 77 25 48 2 0 0; 132 35 48 128 3 0 1; 175 44 52 118 4 1 1; ]
1500800211[95 32 49 126 0 1 1; 478 71 26 47 2 0 0; 128 28 48 130 3 0 1; 172 38 53 118 4 1 1; ]
1500800212[90 27 49 128 0 1 1; 479 68 25 49 2 0 0; 124 25 49 130 3 0 1; 169 32 53 117 4 1 1; ]
1500800213[84 26 50 130 0 1 1; 480 67 25 50 2 0 0; 120 23 49 130 3 0 1; 165 32 53 125 4 1 1; ]
1500800214[79 27 50 133 0 1 1; 481 67 24 51 2 0 0; 115 28 50 133 3 0 1; 160 33 53 129 4 1 1; ]
1500800215[73 31 51 135 0 0 1; 482 74 24 50 2 0 0; 109 33 51 136 3 0 1; 156 38 54 129 4 1 1; ]
1500800216[67 36 52 135 0 0 1; 483 83 24 49 2 0 0; 104 36 52 138 3 0 1; 151 44 54 129 4 1 1; 187 78 23 44 12 1 2; ]
1500800217[61 42 52 135 0 0 1; 484 87 23 47 2 0 0; 99 38 53 139 3 0 1; 146 47 54 131 4 1 1; 186 81 25 45 12 1 2; ]
1500800218[55 43 53 140 0 0 1; 485 90 23 45 2 0 0; 95 40 53 140 3 0 1; 141 49 55 135 4 1 1; 185 83 26 46 12 1 2; ]
1500800219[49 43 53 144 0 0 1; 486 90 23 46 2 0 0; 90 41 54 141 3 0 1; 136 48 55 137 4 1 1; 183 83 28 47 12 1 2; ]
1500800220[43 38 54 147 0 0 1; 487 91 23 48 2 0 0; 85 42 54 142 3 0 1; 131 47 56 139 4 1 1; 182 83 29 48 12 1 2; ]
1500800221[36 31 55 150 0 0 1; 79 36 55 144 3 0 1; 125 43 57 142 4 1 1; 181 81 30 48 12 1 2; ]
1500800222[28 26 57 153 0 0 1; 73 28 56 147 3 0 1; 120 38 58 145 4 1 1; 180 76 31 49 12 1 2; ]
1500800223[20 20 59 156 0 0 1; 67 24 58 150 3 0 1; 114 32 59 148 4 1 1; 180 70 32 50 12 1 2; ]
1500800224[12 16 61 159 0 0 1; 61 21 59 153 3 0 1; 108 29 60 151 4 1 1; 179 68 33 51 12 1 2; ]
1500800225[4 14 62 162 0 0 1; 55 16 60 159 3 0 1; 102 27 60 153 4 1 1; 179 68 34 52 12 1 2; ]
1500800226[48 13 62 163 3 0 1; 96 26 61 154 4 1 1; 178 68 34 52 12 1 2; ]
1500800227[41 13 64 165 3 0 1; 90 25 61 156 4 1 1; 178 68 35 53 12 1 2; ]
1500800228[34 17 66 165 3 0 1; 83 24 62 158 4 1 1; 178 69 35 54 12 1 2; ]
1500800229[25 15 68 171 3 0 1; 76 24 63 160 4 1 1; 178 70 36 55 12 1 2; ]
1500800230[17 14 70 176 3 0 1; 70 23 64 162 4 1 1; 178 71 36 55 12 1 2; ]
1500800231[8 12 72 181 3 0 1; 63 23 66 164 4 1 1; 178 72 36 56 12 1 2; ]
1500800232[56 23 68 166 4 1 1; 178 73 37 55 12 1 2; ]
1500800233[49 23 69 169 4 1 1; 178 74 37 54 12 1 2; ]
1500800234[41 22 71 171 4 1 1; 178 74 37 53 12 1 2; ]
1500800235[33 22 73 174 4 1 1; 177 74 37 53 12 1 2; ]
1500800236[26 20 75 178 4 1 1; 177 74 37 53 12 1 2; ]
1500800237[17 19 77 181 4 1 1; 177 74 38 53 12 1 2; ]
1500800238[9 17 79 185 4 1 1; 176 74 38 53 12 1 2; ]
1500800239[0 15 81 190 4 1 1; 176 74 39 53 12 1 2; ]
1500800240[175 74 40 54 12 1 2; ]
1500800241[174 74 41 54 12 1 2; ]
1500800242[173 74 42 54 12 1 2; ]
1500800243[171 74 43 55 12 1 2; ]
1500800244[171 73 44 55 12 1 2; ]
1500800245[170 73 44 56 12 1 2; ]
1500800246[170 73 44 56 12 1 2; ]
1500800247[170 73 46 58 12 1 2; ]
1500800248[169 73 47 60 12 1 2; ]
1500800249[169 73 47 62 12 1 2; ]
1500800250[169 73 48 63 12 1 2; ]
1500800251[169 73 48 64 12 1 2; ]
1500800252[169 73 48 64 12 1 2; ]
1500800253[168 73 48 65 12 1 2; ]
1500800254[168 73 48 65 12 1 2; ]
1500800255[168 73 46 66 12 1 2; ]
1500800256[191 74 25 65 9 0 1; 168 73 42 66 12 1 2; ]
1500800257[192 73 28 65 9 0 1; 167 73 38 66 12 1 2; ]
1500800258[192 73 29 65 9 0 1; 167 73 37 66 12 1 2; ]
1500800259[193 72 30 65 9 0 1; 167 73 37 66 12 0 2; ]
1500800260[193 71 30 67 9 0 1; 167 73 37 66 12 0 2; ]
1500800261[194 71 30 68 9 0 1; 167 73 37 66 12 0 2; ]
1500800262[195 70 29 67 9 0 1; 169 70 37 67 12 0 2; ]
1500800263[197 70 29 65 9 0 1; 170 68 37 67 12 0 2; ]
1500800264[198 70 29 65 9 0 1; 171 67 38 67 12 0 2; ]
1500800265[200 71 29 65 9 0 1; 173 68 38 67 12 0 2; ]
1500800266[201 71 29 66 9 0 1; 174 69 39 67 12 0 2; ]
1500800267[203 71 29 66 9 0 1; 176 70 39 67 12 0 2; ]
1500800268[205 70 29 67 9 0 1; 177 70 40 67 12 0 2; ]
1500800269[208 70 29 68 9 0 1; 178 71 39 68 12 0 2; ]
1500800270[210 70 29 68 9 0 1; 179 71 39 69 12 0 2; ]
1500800271[213 73 29 67 9 0 1; 180 71 39 70 12 0 2; ]
1500800272[215 73 30 67 9 0 1; 181 71 39 71 12 0 2; ]
1500800273[217 72 30 68 9 0 1; 182 71 39 71 12 0 2; ]
1500800274[219 72 30 68 9 0 1; 184 70 40 70 12 0 2; ]
1500800275[222 70 31 70 9 0 1; 186 69 42 69 12 0 2; ]
1500800276[224 68 31 71 9 0 1; 188 68 43 68 12 0 2; ]
1500800277[227 70 31 71 9 0 1; 190 67 43 69 12 0 2; ]
1500800278[230 71 32 70 9 0 1; 192 66 42 72 12 0 2; ]
1500800279[233 70 32 71 9 0 1; 194 66 42 73 12 0 2; ]
1500800280[237 68 32 72 9 0 1; 198 65 42 74 12 0 2; ]
1500800281[240 66 32 73 9 0 1; 202 65 42 74 12 0 2; ]
1500800282[244 65 32 74 9 0 1; 206 65 41 74 12 0 2; ]
1500800283[248 65 33 74 9 0 1; 209 65 41 75 12 0 2; ]
1500800284[252 66 33 74 9 0 1; 213 65 42 76 12 0 2; ]
1500800285[256 67 33 74 9 0 1; 216 65 42 77 12 0 2; ]
1500800286[261 70 33 74 9 0 1; 220 66 42 78 12 0 2; ]
1500800287[264 66 34 77 9 0 1; 224 66 43 77 12 0 2; ]
1500800288[268 65 34 78 9 0 1; 228 67 44 77 12 0 2; ]
1500800289[272 67 35 76 9 0 1; 232 68 44 80 12 0 2; ]
1500800290[276 70 35 74 9 0 1; 235 67 44 80 12 0 2; ]
1500800291[280 68 36 76 9 0 1; 238 66 44 80 12 0 2; ]
1500800292[285 66 36 78 9 0 1; 242 66 44 81 12 0 2; ]
1500800293[290 64 36 78 9 0 1; 247 65 44 81 12 0 2; ]
1500800294[296 63 36 77 9 0 1; 253 65 44 83 12 0 2; ]
1500800295[302 63 36 77 9 0 1; 260 65 44 84 12 0 2; ]
1500800296[308 63 36 78 9 0 1; 266 65 44 84 12 0 2; ]
1500800297[315 63 36 79 9 0 1; 272 64 45 84 12 0 2; ]
1500800298[321 63 36 80 9 0 1; 278 63 45 84 12 0 2; ]
1500800299[329 64 36 80 9 0 1; 285 63 45 84 12 0 2; ]
1500800300[336 64 36 81 9 0 1; 291 62 46 84 12 0 2; ]
1500800301[344 65 35 82 9 0 1; 298 64 46 85 12 0 2; ]
1500800302[351 68 35 82 9 0 1; 305 67 47 86 12 0 2; ]
1500800303[358 70 36 82 9 0 1; 312 69 47 84 12 0 2; ]
1500800304[364 71 36 83 9 0 1; 318 70 48 81 12 0 2; ]
1500800305[371 71 36 83 9 0 1; 325 71 49 82 12 0 2; ]
1500800306[378 71 36 83 9 0 1; 332 72 50 83 12 0 2; ]
1500800307[385 73 37 84 9 0 1; 339 73 51 84 12 0 2; ]
1500800308[392 74 37 84 9 0 1; 345 74 52 83 12 0 2; ]
1500800309[400 74 37 85 9 0 1; 352 74 52 82 12 0 2; ]
1500800310[407 74 37 85 9 0 1; 360 74 53 81 12 0 2; ]
1500800311[415 74 38 85 9 0 1; 367 74 53 82 12 0 2; ]
1500800312[422 74 38 86 9 0 1; 375 74 54 83 12 0 2; ]
1500800313[430 73 39 86 9 0 1; 383 73 54 84 12 0 2; ]
1500800314[438 72 39 87 9 0 1; 391 72 54 84 12 0 2; ]
1500800315[445 70 39 87 9 0 1; 400 70 54 84 12 0 2; ]
1500800316[453 69 40 87 9 0 1; 409 69 54 85 12 0 2; ]
1500800317[461 69 40 87 9 0 1; 415 68 54 85 12 0 2; ]
1500800318[470 69 40 87 9 0 1; 418 67 54 85 12 0 2; ]
1500800319[433 70 32 87 14 0 1; 451 80 34 74 15 0 1; ]
1500800320[441 69 34 87 14 0 1; 458 78 37 78 15 0 1; ]
1500800321[451 69 35 87 14 1 1; 467 76 38 81 15 0 1; ]
1500800322[460 68 35 88 14 1 1; ]
1500800323[470 68 36 88 14 1 1; ]
1500800324[]
1500800325[]
1500800326[]
1500800327[]
1500800328[]
1500800329[]
1500800330[]
1500800331[]
1500800332[]
1500800333[]
1500800334[]
1500800335[]
1500800336[]
1500800337[]
1500800338[]
1500800339[]
1500800340[]
1500800341[]
1500800342[]
1500800343[]
1500800344[]
1500800345[]
1500800346[]
1500800347[]
1500800348[]
1500800349[]
1500800350[7 88 29 68 16 1 1; ]
1500800351[17 87 29 68 16 1 1; ]
1500800352[28 88 30 67 16 1 1; 5 90 27 67 17 0 1; ]
1500800353[38 89 30 67 16 1 1; 16 90 28 67 17 0 1; 1 100 27 63 18 0 1; ]
1500800354[48 91 31 65 16 1 1; 27 90 28 68 17 0 1; 13 98 26 63 18 1 1; ]
1500800355[59 88 30 67 16 0 1; 38 89 28 68 17 0 1; 24 95 26 64 18 1 1; ]
1500800356[70 87 30 69 16 0 1; 49 88 27 69 17 0 1; 35 96 27 59 18 1 1; ]
1500800357[81 89 29 70 16 0 1; 60 87 27 70 17 0 1; 46 96 27 62 18 1 1; ]
1500800358[92 91 28 70 16 0 1; 72 87 27 73 17 0 1; 56 96 26 66 18 1 1; ]
1500800359[104 93 28 71 16 0 1; 71 96 38 68 19 1 2; ]
1500800360[115 94 28 71 16 1 1; 83 94 40 73 19 1 2; ]
1500800361[126 95 27 71 16 1 1; 95 93 42 76 19 1 2; ]
1500800362[138 96 27 72 16 1 1; 107 94 42 78 19 1 2; ]
1500800363[150 96 26 72 16 1 1; 119 95 41 80 19 1 2; ]
1500800364[162 96 26 72 16 1 1; 131 97 40 80 19 1 2; ]
1500800365[143 100 38 81 19 1 2; ]
1500800366[]
1500800367[]
1500800368[]
1500800369[]
1500800370[7 83 34 95 20 0 1; ]
1500800371[19 83 35 95 20 1 1; ]
1500800372[32 84 36 97 20 1 1; 243 99 22 71 22 1 1; 264 102 25 70 23 1 1; ]
1500800373[44 84 37 99 20 1 1; 255 97 25 71 22 1 1; 276 97 26 74 23 1 1; ]
1500800374[57 84 38 101 20 1 1; 5 91 33 76 21 1 3; 267 95 27 71 22 1 1; 290 98 27 72 23 1 1; ]
1500800375[69 84 39 104 20 1 1; 18 92 34 76 21 1 3; 280 95 29 71 22 1 1; 303 98 27 70 23 0 1; ]
1500800376[83 84 39 104 20 1 1; 30 94 35 78 21 1 3; 293 95 30 71 22 0 1; 317 98 28 70 23 0 1; ]
1500800377[97 84 38 104 20 1 1; 43 97 35 80 21 1 3; 307 95 31 71 22 0 1; 331 97 29 70 23 0 1; ]
1500800378[110 84 38 104 20 1 1; 321 95 32 71 22 0 1; 346 96 30 70 23 0 1; ]
1500800379[335 95 33 71 22 0 1; 360 96 31 69 23 0 1; ]
1500800380[350 95 33 71 22 0 1; 376 96 31 69 23 0 1; ]
1500800381[365 95 34 71 22 0 1; 391 98 32 69 23 0 1; ]
1500800382[380 95 34 71 22 0 1; 407 100 33 68 23 0 1; 169 88 38 99 24 1 1; ]
1500800383[396 95 34 71 22 0 1; 423 101 34 68 23 0 1; 185 88 38 95 24 1 1; ]
1500800384[412 95 35 71 22 0 1; 439 101 34 68 23 0 1; 200 88 37 93 24 1 1; ]
1500800385[429 95 35 71 22 0 1; 456 99 35 70 23 0 1; 216 87 37 92 24 0 1; 171 91 26 82 26 1 1; ]
1500800386[446 95 35 71 22 0 1; 473 97 35 72 23 0 1; 232 87 37 93 24 0 1; 186 91 26 82 26 1 1; ]
1500800387[463 95 36 71 22 0 1; 247 87 37 95 24 0 1; 201 91 27 82 26 1 1; ]
1500800388[263 86 37 97 24 0 1; 216 91 27 82 26 1 1; ]
1500800389[278 86 37 98 24 0 1; 230 91 28 82 26 1 1; ]
1500800390[294 86 37 98 24 0 1; 244 91 28 82 26 1 1; ]
1500800391[309 85 37 98 24 0 1; 258 91 30 82 26 1 1; 18 91 41 107 27 1 1; ]
1500800392[325 85 37 98 24 0 1; 272 91 31 83 26 1 1; 30 90 44 104 27 1 1; ]
1500800393[341 85 37 98 24 0 1; 286 91 32 83 26 1 1; 43 90 45 102 27 1 1; ]
1500800394[356 84 37 98 24 0 1; 300 91 34 84 26 1 1; 56 90 46 100 27 1 1; ]
1500800395[372 84 37 98 24 0 1; 314 91 34 84 26 1 1; 69 90 46 99 27 1 1; ]
1500800396[387 84 37 97 24 0 1; 329 91 35 85 26 1 1; 81 90 45 98 27 1 1; ]
1500800397[403 83 37 97 24 0 1; 344 91 36 86 26 1 1; 94 90 45 97 27 1 1; ]
1500800398[419 86 37 100 24 0 1; 358 91 37 87 26 1 1; 107 90 45 96 27 1 1; ]
1500800399[435 87 37 101 24 0 1; 373 91 37 89 26 1 1; 120 90 45 96 27 1 1; ]
1500800400[450 86 36 100 24 0 1; 389 91 38 91 26 1 1; 132 90 45 97 27 1 1; ]
1500800401[466 84 36 98 24 0 1; 405 91 37 91 26 0 1; 145 91 46 97 27 1 1; ]
1500800402[421 91 36 91 26 0 1; 158 91 46 97 27 1 1; ]
1500800403[438 91 35 92 26 0 1; 171 92 47 98 27 1 1; ]
1500800404[454 90 34 92 26 0 1; 183 92 47 99 27 1 1; ]
1500800405[470 90 33 92 26 0 1; 196 93 48 100 27 1 1; ]
1500800406[209 94 49 102 27 1 1; ]
1500800407[222 92 49 101 27 1 1; ]
1500800408[236 90 48 101 27 1 1; ]
1500800409[249 88 48 100 27 1 1; ]
1500800410[262 87 48 100 27 1 1; ]
1500800411[275 86 48 100 27 1 1; ]
1500800412[287 85 48 100 27 1 1; ]
1500800413[299 85 48 100 27 1 1; ]
1500800414[313 85 47 100 27 1 1; ]
1500800415[326 85 46 100 27 1 1; ]
1500800416[339 85 45 100 27 1 1; ]
1500800417[351 85 45 101 27 1 1; ]
1500800418[362 85 46 101 27 1 1; ]
1500800419[372 85 48 102 27 1 1; ]
1500800420[382 85 51 103 27 1 1; ]
1500800421[391 85 55 104 27 1 1; ]
1500800422[406 85 48 104 27 1 1; ]
1500800423[420 85 43 105 27 1 1; ]
1500800424[434 85 41 105 27 1 1; ]
1500800425[446 85 42 106 27 1 1; ]
1500800426[458 85 43 106 27 1 1; ]
1500800427[]
1500800428[]
1500800429[]
1500800430[]
1500800431[]
1500800432[]
1500800433[]
1500800434[]
1500800435[]
1500800436[]
1500800437[]
1500800438[]
1500800439[]
1500800440[]
1500800441[]
1500800442[]
1500800443[]
1500800444[]
1500800445[]
1500800446[]
1500800447[]
1500800448[]
1500800449[]
1500800450[]
1500800451[]
1500800452[]
1500800453[]
1500800454[]
1500800455[]
1500800456[]
1500800457[]
1500800458[]
1500800459[]
1500800460[]
1500800461[]
1500800462[]
1500800463[]
1500800464[]
1500800465[]
1500800466[]
1500800467[]
1500800468[]
1500800469[]
1500800470[]
1500800471[]
1500800472[]
1500800473[]
1500800474[]
1500800475[]
1500800476[]
1500800477[]
1500800478[]
1500800479[]
1500800480[]
1500800481[]
1500800482[]
1500800483[]
1500800484[]
1500800485[]
1500800486[]
1500800487[]
1500800488[]
1500800489[]
1500800490[]
1500800491[]
1500800492[]
1500800493[]
1500800494[]
1500800495[]
1500800496[20 25 43 115 28 1 1; ]
1500800497[42 25 43 116 28 1 1; 4 29 58 116 29 0 1; ]
1500800498[66 25 43 116 28 1 1; 28 29 57 115 29 0 1; ]
1500800499[89 25 43 115 28 1 1; 52 29 56 115 29 0 1; ]
1500800500[113 26 43 113 28 1 1; 77 29 54 115 29 0 1; ]
1500800501[137 26 43 112 28 1 1; 101 29 53 116 29 0 1; ]
1500800502[161 26 42 112 28 1 1; 126 29 52 116 29 0 1; ]
1500800503[186 26 42 113 28 1 1; 150 29 52 117 29 0 1; ]
1500800504[210 26 42 114 28 1 1; 175 29 52 118 29 0 1; ]
1500800505[235 26 41 117 28 1 1; 199 29 53 119 29 0 1; ]
1500800506[260 24 41 118 28 1 1; 224 29 54 121 29 0 1; ]
1500800507[285 22 41 119 28 1 1; 249 26 54 124 29 0 1; ]
1500800508[311 20 41 120 28 1 1; 275 23 54 127 29 0 1; ]
1500800509[337 19 41 121 28 1 1; 302 21 54 129 29 0 1; ]
1500800510[364 18 41 122 28 1 1; 328 20 54 130 29 0 1; ]
1500800511[392 17 41 122 28 1 1; 356 20 54 130 29 0 1; ]
1500800512[420 17 41 122 28 1 1; 384 20 55 130 29 0 1; ]
1500800513[449 17 41 122 28 1 1; 412 20 55 130 29 0 1; ]
1500800514[441 20 56 130 29 0 1; ]
1500800515[]
1500800516[]
1500800517[]
1500800518[]
1500800519[]
1500800520[]
1500800521[]
1500800522[20 32 48 129 30 1 1; ]
1500800523[49 32 50 129 30 1 1; ]
1500800524[78 32 51 129 30 1 1; ]
1500800525[107 32 53 129 30 1 1; ]
1500800526[136 32 54 129 30 1 1; ]
1500800527[166 32 53 129 30 1 1; ]
1500800528[195 32 52 129 30 1 1; 19 43 56 112 31 0 1; ]
1500800529[225 32 52 129 30 1 1; 48 43 55 113 31 0 1; ]
1500800530[254 32 51 129 30 1 1; 77 42 54 113 31 0 1; ]
1500800531[284 31 52 130 30 1 1; 106 42 54 114 31 0 1; ]
1500800532[314 28 53 133 30 1 1; 135 41 54 114 31 0 1; ]
1500800533[344 25 54 136 30 1 1; 164 40 54 115 31 0 1; 23 52 42 97 32 0 1; ]
1500800534[376 24 54 137 30 1 1; 193 40 54 115 31 0 1; 52 52 42 97 32 0 1; 7 52 40 96 33 0 1; ]
1500800535[407 22 54 139 30 1 1; 222 39 55 116 31 0 1; 81 52 42 98 32 0 1; 35 51 40 96 33 0 1; ]
1500800536[439 21 54 140 30 1 1; 251 39 55 116 31 0 1; 110 52 42 98 32 0 1; 64 51 40 96 33 0 1; 18 50 44 96 34 0 1; ]
1500800537[279 38 55 117 31 0 1; 137 52 43 98 32 0 1; 92 51 40 96 33 0 1; 47 50 44 96 34 0 1; ]
1500800538[308 38 55 117 31 0 1; 165 51 44 98 32 0 1; 120 51 40 96 33 0 1; 74 50 45 96 34 0 1; ]
1500800539[336 37 57 118 31 0 1; 192 51 45 98 32 0 1; 148 50 40 96 33 0 1; 102 50 45 96 34 0 1; 27 58 58 87 35 0 2; ]
1500800540[365 36 59 119 31 0 1; 219 51 46 99 32 0 1; 176 50 40 96 33 0 1; 129 50 46 96 34 0 1; 53 58 58 87 35 0 2; ]
1500800541[395 35 59 120 31 0 1; 246 51 46 99 32 0 1; 203 50 40 96 33 0 1; 157 50 46 96 34 0 1; 80 57 57 87 35 0 2; ]
1500800542[425 35 59 121 31 0 1; 273 50 45 99 32 0 1; 230 50 40 96 33 0 1; 183 50 47 96 34 0 1; 107 57 58 87 35 0 2; ]
1500800543[301 50 45 99 32 0 1; 257 50 40 96 33 0 1; 210 50 47 96 34 0 1; 134 57 60 87 35 0 2; ]
1500800544[328 50 45 100 32 0 1; 284 49 40 96 33 0 1; 237 50 48 96 34 0 1; 160 56 61 87 35 0 2; ]
1500800545[355 46 47 103 32 0 1; 310 49 40 96 33 0 1; 263 50 48 96 34 0 1; 186 56 62 88 35 0 2; ]
1500800546[382 43 49 106 32 0 1; 336 48 42 97 33 0 1; 289 50 49 96 34 0 1; 212 56 62 88 35 0 2; ]
1500800547[410 42 50 108 32 0 1; 363 48 44 98 33 0 1; 315 50 49 96 34 0 1; 238 56 62 88 35 0 2; ]
1500800548[437 41 50 109 32 0 1; 389 47 45 98 33 0 1; 343 49 48 97 34 0 1; 264 55 61 88 35 0 2; ]
1500800549[417 47 45 98 33 0 1; 372 48 47 97 34 0 1; 290 55 61 88 35 0 2; ]
1500800550[444 47 45 99 33 0 1; 399 48 46 98 34 0 1; 316 55 61 89 35 0 2; ]
1500800551[427 47 45 98 34 0 1; 341 55 62 91 35 0 2; ]
1500800552[453 47 44 99 34 0 1; 366 55 62 92 35 0 2; ]
1500800553[391 55 63 92 35 0 2; ]
1500800554[416 55 64 93 35 0 2; 19 86 28 46 36 0 -1; ]
1500800555[440 55 65 93 35 0 2; 42 86 27 46 36 0 -1; ]
1500800556[65 87 27 46 36 0 -1; ]
1500800557[87 87 26 45 36 0 -1; ]
1500800558[107 87 26 45 36 0 -1; ]
1500800559[126 87 27 45 36 0 -1; ]
1500800560[144 87 27 45 36 0 -1; ]
1500800561[161 87 28 45 36 0 -1; ]
1500800562[178 87 28 45 36 0 -1; ]
1500800563[194 87 28 45 36 0 -1; ]
1500800564[210 87 26 45 36 0 -1; ]
1500800565[225 87 26 45 36 0 -1; ]
1500800566[240 87 25 45 36 0 -1; ]
1500800567[253 87 25 45 36 0 -1; ]
1500800568[266 87 24 45 36 0 -1; ]
1500800569[278 87 24 45 36 0 -1; ]
1500800570[289 87 24 45 36 0 -1; ]
1500800571[300 87 24 45 36 0 -1; ]
1500800572[310 87 24 45 36 0 -1; ]
1500800573[320 87 24 45 36 0 -1; ]
1500800574[329 87 24 45 36 0 -1; ]
1500800575[337 87 24 45 36 0 -1; ]
1500800576[345 87 24 45 36 0 -1; ]
1500800577[352 87 24 45 36 0 -1; ]
1500800578[359 87 24 45 36 0 -1; ]
1500800579[366 87 25 45 36 0 -1; ]
1500800580[373 89 25 45 36 0 -1; ]
1500800581[379 90 26 45 36 0 -1; ]
1500800582[385 90 26 45 36 0 -1; ]
1500800583[389 89 26 45 36 0 -1; ]
1500800584[393 88 27 46 36 0 -1; ]
1500800585[397 86 27 46 36 0 -1; 452 88 19 41 41 1 3; ]
1500800586[401 85 27 47 36 0 -1; 456 86 19 42 41 1 3; ]
1500800587[405 85 27 47 36 0 -1; 460 84 20 42 41 1 3; ]
1500800588[409 84 26 48 36 0 -1; 464 83 20 42 41 1 3; ]
1500800589[413 84 26 48 36 0 -1; 468 83 21 42 41 1 3; ]
1500800590[417 83 25 48 36 0 -1; 472 83 22 42 41 1 3; ]
1500800591[420 83 26 49 36 0 -1; 475 83 21 41 42 1 1; ]
1500800592[422 83 26 49 36 0 -1; 479 83 21 41 42 1 1; ]
1500800593[424 83 27 49 36 0 -1; 482 83 21 40 42 1 1; ]
1500800594[426 84 28 44 37 0 2; 484 83 21 40 42 1 1; ]
1500800595[428 84 27 44 37 0 2; 486 83 21 40 42 1 1; ]
1500800596[430 84 27 45 37 0 2; 489 83 22 40 42 1 1; ]
1500800597[432 83 27 45 37 0 2; ]
1500800598[433 83 27 45 37 0 2; ]
1500800599[435 83 26 45 37 0 2; ]
1500800600[436 83 26 45 37 0 2; ]
1500800601[437 83 26 45 37 0 2; ]
1500800602[437 83 26 45 37 0 2; ]
1500800603[437 84 26 45 37 0 2; ]
1500800604[438 84 26 45 37 0 2; ]
1500800605[438 85 26 45 37 0 2; ]
1500800606[438 85 26 45 37 0 2; ]
1500800607[439 86 26 45 37 0 2; ]
1500800608[439 87 26 44 37 0 2; ]
1500800609[439 87 26 44 37 0 2; ]
1500800610[438 88 26 44 37 0 2; ]
1500800611[438 88 26 44 37 0 2; ]
1500800612[438 88 26 44 37 0 2; ]
1500800613[437 88 26 44 37 0 2; ]
1500800614[437 89 26 44 37 0 2; ]
1500800615[436 89 26 44 37 0 2; ]
1500800616[436 89 26 44 37 0 2; ]
1500800617[436 90 26 44 37 0 2; ]
1500800618[435 90 27 44 37 0 2; ]
1500800619[435 90 27 44 37 0 2; ]
1500800620[434 90 28 44 37 0 2; ]
1500800621[434 91 28 44 37 0 2; ]
1500800622[433 91 27 44 37 0 2; ]
1500800623[433 91 27 44 37 0 2; ]
1500800624[433 91 26 44 37 0 2; ]
1500800625[433 91 26 44 37 0 2; ]
1500800626[433 91 26 44 37 0 2; ]
1500800627[433 91 26 44 37 0 2; ]
1500800628[433 91 26 44 37 0 2; ]
1500800629[433 91 26 44 37 0 2; ]
1500800630[433 91 26 44 37 0 2; ]
1500800631[433 91 26 44 37 0 2; ]
1500800632[433 91 26 44 37 0 2; ]
1500800633[432 91 26 44 37 0 2; ]
1500800634[432 91 26 45 37 0 2; ]
1500800635[432 91 26 45 37 0 2; ]
1500800636[431 91 26 45 37 0 2; ]
1500800637[431 90 25 45 37 0 2; ]
1500800638[431 90 25 46 37 0 2; ]
1500800639[432 90 25 46 37 0 2; ]
1500800640[432 89 25 47 37 0 2; ]
1500800641[433 89 24 47 37 0 2; ]
1500800642[434 88 24 48 37 0 2; ]
1500800643[435 87 24 48 37 0 2; ]
1500800644[435 87 25 48 37 0 2; ]
1500800645[436 87 26 48 37 0 2; ]
1500800646[437 87 27 48 37 0 2; ]
1500800647[437 87 27 48 37 0 2; ]
1500800648[438 87 27 48 37 0 2; ]
1500800649[439 87 27 48 37 0 2; ]
1500800650[440 87 28 48 37 0 2; ]
1500800651[441 87 28 48 37 0 2; ]
1500800652[442 87 28 48 37 0 2; ]
1500800653[443 87 28 48 37 0 2; ]
1500800654[444 87 28 48 37 0 2; ]
1500800655[445 87 28 48 37 0 2; ]
1500800656[446 87 28 48 37 0 2; ]
1500800657[448 87 28 49 37 0 2; ]
1500800658[449 87 27 49 37 0 2; ]
1500800659[450 87 27 49 37 0 2; ]
1500800660[451 87 27 49 37 0 2; ]
1500800661[452 87 27 49 37 0 2; ]
1500800662[454 87 27 49 37 0 2; ]
1500800663[455 87 27 49 37 0 2; ]
1500800664[456 87 27 49 37 0 2; ]
1500800665[457 87 27 50 37 0 2; ]
1500800666[458 87 27 50 37 0 2; ]
1500800667[459 87 27 50 37 0 2; ]
1500800668[461 87 27 50 37 0 2; ]
1500800669[462 87 27 50 37 0 2; ]
1500800670[463 87 27 50 37 0 2; ]
1500800671[463 87 27 50 37 0 2; ]
1500800672[464 87 27 50 37 0 2; ]
1500800673[465 87 27 50 37 0 2; ]
1500800674[465 86 28 49 37 0 2; ]
1500800675[466 86 28 49 37 0 2; ]
1500800676[467 86 28 49 37 0 2; ]
1500800677[470 87 27 48 37 0 2; ]
1500800678[472 89 27 48 37 0 2; ]
1500800679[472 89 27 48 37 0 2; ]
1500800680[473 88 27 48 37 0 2; ]
1500800681[473 87 28 48 37 0 2; ]
1500800682[473 85 28 48 37 0 2; ]
1500800683[473 85 28 48 37 0 2; ]
1500800684[474 84 28 48 37 0 2; ]
1500800685[475 84 28 49 37 0 2; ]
1500800686[475 84 28 50 37 0 2; ]
1500800687[477 84 28 51 37 0 2; ]
1500800688[478 84 27 53 37 0 2; ]
1500800689[476 89 28 49 37 0 2; ]
1500800690[476 89 28 49 37 0 2; ]
1500800691[477 89 28 49 37 0 2; ]
1500800692[477 89 28 49 37 0 2; ]
1500800693[478 88 28 49 37 0 2; ]
1500800694[478 88 28 49 37 0 2; ]
1500800695[478 87 28 49 37 0 2; ]
1500800696[479 86 28 49 37 0 2; ]
1500800697[479 85 28 49 37 0 2; ]
1500800698[480 83 28 49 37 0 2; ]
1500800699[480 82 28 48 37 0 2; ]
1500800700[480 82 28 48 37 0 2; ]
1500800701[480 82 28 48 37 0 2; ]
1500800702[480 82 29 48 37 0 2; ]
1500800703[480 82 29 48 37 0 2; ]
1500800704[480 83 29 48 37 0 2; ]
1500800705[480 83 29 48 37 0 2; ]
1500800706[480 83 29 48 37 0 2; ]
1500800707[480 84 29 48 37 0 2; ]
1500800708[480 85 29 48 37 0 2; ]
1500800709[480 86 29 48 37 0 2; ]
1500800710[480 87 29 48 37 0 2; ]
1500800711[480 88 29 47 37 0 2; ]
1500800712[480 89 29 47 37 0 2; ]
1500800713[480 91 29 46 37 0 2; ]
1500800714[480 92 28 46 37 0 2; ]
1500800715[480 92 28 46 37 0 2; ]
1500800716[480 92 28 47 37 0 2; ]
1500800717[480 91 28 47 37 0 2; ]
1500800718[480 91 28 47 37 0 2; ]
1500800719[480 90 28 48 37 0 2; ]
1500800720[480 90 28 48 37 0 2; ]
1500800721[480 90 28 49 37 0 2; ]
1500800722[480 89 28 49 37 0 2; ]
1500800723[]
1500800724[483 88 25 47 38 0 2; ]
1500800725[483 88 25 47 38 0 2; ]
1500800726[483 88 25 47 38 0 2; ]
1500800727[483 88 25 47 38 0 2; ]
1500800728[483 88 25 47 38 0 2; ]
1500800729[483 88 25 47 38 0 2; ]
1500800730[483 88 25 47 38 0 2; ]
1500800731[483 88 25 47 38 0 2; ]
1500800732[483 88 25 48 38 0 2; ]
1500800733[483 88 25 48 38 0 2; ]
1500800734[483 88 25 48 38 0 2; ]
1500800735[483 88 25 48 38 0 2; ]
1500800736[483 88 25 48 38 0 2; ]
1500800737[483 88 25 48 38 0 2; ]
1500800738[483 88 25 48 38 0 2; ]
1500800739[483 88 25 48 38 0 2; ]
1500800740[483 88 25 49 38 0 2; ]
1500800741[483 88 25 49 38 0 2; ]
1500800742[483 87 25 49 38 0 2; ]
1500800743[483 87 25 49 38 0 2; ]
1500800744[483 87 26 50 38 0 2; ]
1500800745[483 86 26 50 38 0 2; ]
1500800746[483 86 26 50 38 0 2; ]
1500800747[483 86 26 50 38 0 2; ]
1500800748[483 85 26 51 38 0 2; ]
1500800749[483 85 27 51 38 0 2; ]
1500800750[483 85 27 51 38 0 2; ]
1500800751[483 84 27 52 38 0 2; ]
1500800752[483 84 27 52 38 0 2; ]
1500800753[483 84 27 52 38 0 2; ]
1500800754[483 83 28 52 38 0 2; ]
1500800755[]
1500800756[]
1500800757[]
1500800758[]
1500800759[]
1500800760[]
1500800761[]
1500800762[]
1500800763[]
1500800764[]
1500800765[]
1500800766[]
1500800767[]
1500800768[]
1500800769[]
1500800770[]
1500800771[]
1500800772[]
1500800773[]
1500800774[]
1500800775[]
1500800776[]
1500800777[]
1500800778[]
1500800779[]
1500800780[]
1500800781[]
1500800782[]
1500800783[]
1500800784[]
1500800785[]
1500800786[]
1500800787[]
1500800788[]
1500800789[]
1500800790[]
1500800791[]
1500800792[]
1500800793[]
1500800794[]
1500800795[]
1500800796[]
1500800797[]
1500800798[]
1500800799[]
1500800800[]
1500800801[]
1500800802[]
1500800803[]
1500800804[]
1500800805[]
1500800806[]
1500800807[]
1500800808[]
1500800809[]
1500800810[]
1500800811[]
1500800812[]
1500800813[]
1500800814[]
1500800815[]
1500800816[]
1500800817[]
1500800818[]
1500800819[]
1500800820[]
1500800821[]
1500800822[]
1500800823[]
1500800824[]
1500800825[]
1500800826[]
1500800827[]
1500800828[]
1500800829[]
1500800830[]
1500800831[]
1500800832[]
1500800833[]
1500800834[]
1500800835[]
1500800836[]
1500800837[]
1500800838[]
1500800839[]
1500800840[]
1500800841[]
1500800842[]
1500800843[]
1500800844[]
1500800845[]
1500800846[]
1500800847[]
1500800848[]
1500800849[]
1500800850[]
1500800851[]
1500800852[]
1500800853[]
1500800854[]
1500800855[]
1500800856[]
1500800857[]
1500800858[]
1500800859[]
1500800860[]
1500800861[]
1500800862[]
1500800863[]
1500800864[]
1500800865[]
1500800866[]
1500800867[]
1500800868[]
1500800869[]
1500800870[]
1500800871[]
1500800872[]
1500800873[]
1500800874[]
1500800875[]
1500800876[]
1500800877[]
1500800878[]
1500800879[]
1500800880[]
1500800881[]
1500800882[]
1500800883[]
1500800884[]
1500800885[]
1500800886[]
1500800887[]
1500800888[]
1500800889[]
1500800890[]
1500800891[]
1500800892[]
1500800893[]
1500800894[]
1500800895[]
1500800896[]
1500800897[]
1500800898[]
1500800899[]
1500800900[]
1500800901[]
1500800902[]
1500800903[]
1500800904[]
1500800905[]
1500800906[]
1500800907[]
1500800908[]
1500800909[]
1500800910[]
1500800911[]
1500800912[]
1500800913[]
1500800914[]
1500800915[]
1500800916[]
1500800917[]
1500800918[]
1500800919[]
1500800920[]
1500800921[]
1500800922[]
1500800923[]
1500800924[]
1500800925[]
1500800926[]
1500800927[]
1500800928[]
1500800929[]
1500800930[]
1500800931[]
1500800932[]
1500800933[]
1500800934[]
1500800935[213 104 17 30 45 0 2; ]
1500800936[213 104 17 30 45 0 2; ]
1500800937[]
1500800938[]
1500800939[]
1500800940[]
1500800941[]
1500800942[]
1500800943[]
1500800944[]
1500800945[]
1500800946[]
1500800947[]
1500800948[]
1500800949[]
1500800950[208 105 21 30 45 0 2; ]
1500800951[207 105 21 30 45 0 2; ]
1500800952[206 105 21 30 45 0 2; ]
1500800953[205 105 21 30 45 0 2; ]
1500800954[204 105 21 30 45 0 2; ]
1500800955[203 105 21 30 45 0 2; ]
1500800956[203 104 21 30 45 0 2; ]
1500800957[202 104 22 30 45 0 2; ]
1500800958[200 104 22 30 45 0 2; ]
1500800959[199 105 21 30 45 0 2; ]
1500800960[]
1500800961[]
1500800962[]
1500800963[]
1500800964[]
1500800965[]
1500800966[]
1500800967[]
1500800968[]
1500800969[185 105 21 30 45 0 2; ]
1500800970[184 105 21 30 45 0 2; ]
1500800971[183 105 21 30 45 0 2; ]
1500800972[182 105 21 30 45 0 2; ]
1500800973[181 104 20 30 45 0 2; ]
1500800974[180 104 20 30 45 0 2; ]
1500800975[179 104 20 30 45 0 2; ]
1500800976[178 104 20 30 45 0 2; ]
1500800977[177 104 20 30 45 0 2; ]
1500800978[176 104 21 31 45 0 2; ]
1500800979[175 104 22 31 45 0 2; ]
1500800980[174 104 22 31 45 0 2; ]
1500800981[174 104 23 31 45 0 2; ]
1500800982[173 104 23 32 45 0 2; ]
1500800983[172 105 23 32 45 0 2; ]
1500800984[171 105 24 33 45 0 2; ]
1500800985[170 105 24 33 45 0 2; ]
1500800986[169 105 24 33 45 0 2; ]
1500800987[168 104 24 33 45 0 2; ]
1500800988[168 104 24 33 45 0 2; ]
1500800989[167 103 24 33 45 0 2; ]
1500800990[166 103 24 33 45 0 2; ]
1500800991[166 102 24 33 45 0 2; ]
1500800992[165 102 24 33 45 0 2; ]
1500800993[164 101 24 33 45 0 2; ]
1500800994[164 101 24 33 45 0 2; ]
1500800995[163 100 24 33 45 0 2; ]
1500800996[162 100 24 33 45 0 2; ]
1500800997[161 99 24 33 45 0 2; ]
1500800998[161 99 25 33 45 0 2; ]
1500800999[160 98 25 33 45 0 2; 159 99 15 30 47 0 1; ]
1500801000[159 98 15 31 47 0 1; ]
1500801001[158 98 16 31 47 0 1; ]
1500801002[157 98 16 31 47 0 1; ]
1500801003[156 99 16 31 47 0 1; 166 102 16 30 48 0 0; ]
1500801004[156 100 16 30 47 0 1; 166 102 16 30 48 0 0; ]
1500801005[155 101 16 30 47 0 1; 165 103 16 30 48 0 0; ]
1500801006[154 101 16 30 47 0 1; 165 104 16 30 48 0 0; ]
1500801007[153 101 16 30 47 0 1; 164 104 16 30 48 0 0; ]
1500801008[152 101 17 30 47 0 1; 164 105 16 30 48 0 0; ]
1500801009[151 101 17 31 47 0 1; 163 105 16 30 48 0 0; ]
1500801010[150 102 17 31 47 0 1; 163 106 16 30 48 0 0; ]
1500801011[149 102 17 31 47 0 1; 162 107 16 30 48 0 0; ]
1500801012[149 102 17 32 47 0 1; 162 107 16 30 48 0 0; ]
1500801013[148 102 17 32 47 0 1; 161 108 16 30 48 0 0; ]
1500801014[147 103 17 32 47 0 1; 161 108 16 30 48 0 0; ]
1500801015[146 104 18 33 47 0 1; 160 109 16 30 48 0 0; ]
1500801016[145 105 18 33 47 0 1; 160 110 17 30 48 0 0; ]
1500801017[145 106 18 34 47 0 1; 160 110 17 30 48 0 0; ]
1500801018[144 107 18 34 47 0 1; 159 111 17 30 48 0 0; ]
1500801019[143 107 18 34 47 0 1; 159 111 17 30 48 0 0; ]
1500801020[142 108 18 34 47 0 1; 158 112 17 30 48 0 0; ]
1500801021[142 108 18 34 47 0 1; 158 113 17 30 48 0 0; ]
1500801022[142 108 18 34 47 0 1; ]
1500801023[142 108 18 34 47 0 1; ]
1500801024[142 108 19 34 47 0 1; ]
1500801025[142 108 19 34 47 0 1; ]
1500801026[142 109 19 34 47 0 1; ]
1500801027[142 109 19 34 47 0 1; ]
1500801028[142 109 19 34 47 0 1; ]
1500801029[142 109 19 34 47 0 1; ]
1500801030[143 109 19 34 47 0 1; 163 113 17 30 48 0 0; ]
1500801031[144 109 19 34 47 0 1; 165 113 17 30 48 0 0; ]
1500801032[146 110 19 34 47 0 1; 166 114 17 30 48 0 0; ]
1500801033[146 110 19 34 47 0 1; 167 114 17 30 48 0 0; ]
1500801034[147 110 19 34 47 0 1; 169 115 17 30 48 0 0; ]
1500801035[148 110 19 34 47 0 1; 170 115 18 30 48 0 0; ]
1500801036[149 110 19 34 47 0 1; 171 116 18 30 48 0 0; ]
1500801037[149 109 19 34 47 0 1; 172 115 18 30 48 0 0; ]
1500801038[150 108 19 34 47 0 1; 173 114 18 30 48 0 0; ]
1500801039[150 108 19 33 47 0 1; 174 113 18 30 48 0 0; ]
1500801040[150 107 19 33 47 0 1; 175 113 18 30 48 0 0; ]
1500801041[150 107 19 33 47 0 1; 176 112 18 30 48 0 0; ]
1500801042[150 106 19 33 47 0 1; 177 112 18 30 48 0 0; ]
1500801043[151 106 19 33 47 0 1; 178 112 19 30 48 0 0; ]
1500801044[151 106 19 33 47 0 1; 180 112 19 30 48 0 0; ]
1500801045[152 106 19 33 47 0 1; 181 112 19 30 48 0 0; ]
1500801046[153 106 19 33 47 0 1; 183 112 19 30 48 0 0; ]
1500801047[154 106 19 33 47 0 1; 185 112 19 30 48 0 0; ]
1500801048[156 107 19 34 47 0 1; 187 112 19 30 48 0 0; ]
1500801049[157 107 19 34 47 0 1; 189 113 19 30 48 0 0; ]
1500801050[159 107 19 34 47 0 1; 192 113 19 30 48 0 0; ]
1500801051[161 108 19 34 47 0 1; 194 113 19 30 48 0 0; ]
1500801052[162 108 19 34 47 0 1; 197 113 19 30 48 0 0; ]
1500801053[163 108 19 34 47 0 1; 199 113 19 30 48 0 0; ]
1500801054[164 108 19 34 47 0 1; 201 113 19 30 48 0 0; ]
1500801055[166 108 19 34 47 0 1; 203 113 18 30 48 0 0; ]
1500801056[167 108 19 34 47 0 1; 205 113 18 30 48 0 0; ]
1500801057[168 108 19 34 47 0 1; 208 113 18 30 48 0 0; ]
1500801058[169 108 19 34 47 0 1; 210 113 18 30 48 0 0; ]
1500801059[171 107 19 35 47 0 1; 212 113 18 30 48 0 0; ]
1500801060[172 107 19 35 47 0 1; 214 113 18 30 48 0 0; ]
1500801061[173 106 20 35 47 0 1; 217 112 18 31 48 0 0; ]
1500801062[174 105 20 35 47 0 1; 219 112 18 31 48 0 0; ]
1500801063[175 105 20 35 47 0 1; 221 112 18 31 48 0 0; ]
1500801064[177 106 20 35 47 0 1; 223 112 18 31 48 0 0; ]
1500801065[178 107 20 35 47 0 1; 226 113 17 30 48 0 0; ]
1500801066[179 108 20 34 47 0 1; 228 113 16 30 48 0 0; ]
1500801067[180 108 20 35 47 0 1; 230 113 17 30 48 0 0; ]
1500801068[182 108 20 36 47 0 1; 232 113 17 30 48 0 0; ]
1500801069[183 108 20 36 47 0 1; 234 112 18 31 48 0 0; ]
1500801070[184 107 20 36 47 0 1; 236 112 18 31 48 0 0; ]
1500801071[185 107 20 36 47 0 1; 238 112 18 31 48 0 0; ]
1500801072[186 107 20 36 47 0 1; 240 111 19 31 48 0 0; ]
1500801073[187 107 20 36 47 0 1; 242 111 19 31 48 0 0; ]
1500801074[188 105 21 36 47 0 1; 244 109 19 32 48 0 0; ]
1500801075[189 102 21 37 47 0 1; 246 107 19 33 48 0 0; ]
1500801076[190 99 22 37 47 0 1; 248 105 19 33 48 0 0; ]
1500801077[191 98 22 38 47 0 1; 250 104 19 34 48 0 0; ]
1500801078[192 98 23 38 47 0 1; 252 105 19 33 48 0 0; ]
1500801079[193 98 23 38 47 0 1; 254 105 19 33 48 0 0; ]
1500801080[194 99 23 38 47 0 1; 256 106 19 32 48 0 0; ]
1500801081[194 101 23 39 47 0 1; 258 108 19 30 48 0 0; ]
1500801082[195 100 23 39 47 0 1; 260 108 18 31 48 0 0; ]
1500801083[195 99 23 40 47 0 1; 262 107 18 31 48 0 0; ]
1500801084[195 99 23 40 47 0 1; 263 107 18 31 48 0 0; ]
1500801085[196 99 23 40 47 0 1; 265 107 18 31 48 0 0; ]
1500801086[196 99 23 40 47 0 1; 266 107 18 31 48 0 0; ]
1500801087[196 99 23 39 47 0 1; 268 106 18 31 48 0 0; ]
1500801088[197 100 22 39 47 0 1; 270 106 18 31 48 0 0; ]
1500801089[197 99 22 39 47 0 1; 271 106 18 31 48 0 0; ]
1500801090[197 99 22 39 47 0 1; 273 105 18 31 48 0 0; ]
1500801091[198 99 22 39 47 0 1; 275 105 18 31 48 0 0; 441 99 25 37 50 1 2; ]
1500801092[198 98 22 39 47 0 1; 276 105 18 31 48 0 0; 443 98 25 37 50 1 2; ]
1500801093[199 97 22 39 47 0 1; 278 104 18 31 48 0 0; 445 96 25 37 50 1 2; ]
1500801094[199 96 22 39 47 0 1; 279 104 18 30 48 0 0; 446 96 25 37 50 1 2; ]
1500801095[199 95 22 39 47 0 1; 281 103 18 30 48 0 0; 448 95 25 38 50 1 2; ]
1500801096[200 94 22 39 47 0 1; 283 103 18 30 48 0 0; 450 94 25 38 50 1 2; ]
1500801097[200 93 20 39 47 0 1; 284 103 18 30 48 0 0; 453 94 25 38 50 1 2; ]
1500801098[200 93 19 39 47 0 1; 285 103 19 31 48 0 0; 455 94 25 38 50 1 2; ]
1500801099[201 93 19 39 47 0 1; 286 103 19 31 48 0 0; 457 94 26 38 50 1 2; ]
1500801100[201 94 19 39 47 0 1; 287 104 19 31 48 0 0; 460 94 26 38 50 1 2; ]
1500801101[201 95 20 40 47 0 1; 289 104 19 32 48 0 0; 463 95 26 39 50 1 2; ]
1500801102[202 96 21 40 47 0 1; 290 104 19 32 48 0 0; 465 95 26 39 50 1 2; ]
1500801103[202 97 22 41 47 0 1; 292 104 19 32 48 0 0; 468 96 26 39 50 1 2; ]
1500801104[202 98 22 41 47 0 1; 293 105 19 32 48 0 0; 471 97 26 38 50 1 2; ]
1500801105[203 98 22 41 47 0 1; 295 105 19 32 48 0 0; 474 98 26 38 50 1 2; ]
1500801106[203 99 22 41 47 0 1; 297 106 19 32 48 0 0; 478 99 26 37 50 1 2; ]
1500801107[204 99 22 41 47 0 1; 299 106 19 32 48 0 0; 480 99 27 38 50 1 2; ]
1500801108[204 100 22 41 47 0 1; 301 107 19 32 48 0 0; 483 99 27 38 50 1 2; ]
1500801109[204 100 22 42 47 0 1; 303 108 18 32 48 0 0; ]
1500801110[205 100 22 42 47 0 1; 305 109 18 32 48 0 0; ]
1500801111[205 100 22 42 47 0 1; 308 109 18 32 48 0 0; ]
1500801112[205 100 22 42 47 0 1; 309 110 19 32 48 0 0; ]
1500801113[205 100 23 42 47 0 1; 310 110 20 33 48 0 0; ]
1500801114[205 100 23 43 47 0 1; 311 111 20 33 48 0 0; ]
1500801115[205 101 23 43 47 0 1; 312 111 21 33 48 0 0; ]
1500801116[205 102 24 43 47 0 1; 313 112 22 33 48 0 0; ]
1500801117[205 103 24 43 47 0 1; 314 112 22 33 48 0 0; ]
1500801118[205 104 24 43 47 0 1; 315 113 22 34 48 0 0; ]
1500801119[205 106 24 43 47 0 1; 316 114 22 33 48 0 0; ]
1500801120[205 107 24 43 47 0 1; 317 116 22 33 48 0 0; ]
1500801121[204 108 24 43 47 0 1; 318 118 22 33 48 0 0; ]
1500801122[204 109 23 43 47 0 1; 319 118 22 33 48 0 0; ]
1500801123[203 108 23 44 47 0 1; 320 118 22 33 48 0 0; ]
1500801124[202 107 23 44 47 0 1; 321 118 21 33 48 0 0; ]
1500801125[201 105 22 45 47 0 1; 322 118 21 33 48 0 0; ]
1500801126[200 103 22 46 47 0 1; 323 117 20 34 48 0 0; ]
1500801127[199 101 22 48 47 0 1; 323 115 20 34 48 0 0; ]
1500801128[197 100 23 49 47 0 1; 323 115 19 35 48 0 0; ]
1500801129[195 100 23 50 47 0 1; 323 114 19 35 48 0 0; ]
1500801130[194 100 24 50 47 0 1; 323 115 19 34 48 0 0; ]
1500801131[192 102 24 51 47 0 1; 323 115 19 34 48 0 0; ]
1500801132[191 103 24 51 47 0 1; 323 116 19 33 48 0 0; ]
1500801133[190 104 24 51 47 0 1; 323 116 19 32 48 0 0; ]
1500801134[188 103 24 51 47 0 1; 323 116 19 32 48 0 0; ]
1500801135[187 102 24 50 47 0 1; 323 116 19 32 48 0 0; ]
1500801136[184 100 25 50 47 0 1; 323 116 19 32 48 0 0; 334 113 16 30 52 0 0; ]
1500801137[185 100 23 50 47 0 1; 324 115 19 32 48 0 0; ]
1500801138[184 100 23 50 47 1 1; 324 115 20 32 48 0 0; ]
1500801139[183 99 24 50 47 1 1; 324 114 20 33 48 0 0; ]
1500801140[182 99 24 50 47 1 1; 325 112 21 34 48 0 0; ]
1500801141[181 98 25 51 47 1 1; 325 110 22 35 48 0 0; ]
1500801142[179 95 25 52 47 1 1; 326 109 21 34 48 0 0; ]
1500801143[178 92 25 52 47 1 1; 327 108 21 33 48 0 0; 343 108 17 30 52 0 0; ]
1500801144[176 90 26 52 47 1 1; 327 107 21 32 48 0 0; 344 106 17 31 52 0 0; ]
1500801145[175 88 26 52 47 1 1; 328 105 21 32 48 0 0; 345 104 17 31 52 0 0; ]
1500801146[173 86 26 52 47 1 1; 328 102 21 32 48 0 0; 346 102 17 31 52 0 0; ]
1500801147[172 85 26 52 47 1 1; 329 100 21 32 48 0 0; 348 101 17 31 52 0 0; ]
1500801148[170 84 27 52 47 1 1; 329 99 21 32 48 0 0; 349 100 17 31 52 0 0; ]
1500801149[169 84 27 52 47 1 1; 329 99 21 32 48 0 0; 350 100 17 31 52 0 0; ]
1500801150[167 84 27 52 47 1 1; 329 99 21 32 48 0 0; 351 100 17 31 52 0 0; ]
1500801151[165 85 27 53 47 1 1; 330 99 21 33 48 0 0; 352 101 17 30 52 0 0; ]
1500801152[164 85 28 53 47 1 1; 330 100 21 33 48 0 0; 353 101 17 30 52 0 0; ]
1500801153[162 85 28 54 47 1 1; 330 100 21 33 48 0 0; ]
1500801154[160 87 28 55 47 1 1; 330 102 21 34 48 0 0; ]
1500801155[159 88 28 56 47 1 1; 330 103 21 35 48 0 0; ]
1500801156[157 90 28 57 47 1 1; 330 105 21 35 48 0 0; ]
1500801157[155 90 28 56 47 1 1; 329 105 21 35 48 0 0; ]
1500801158[153 89 28 55 47 1 1; 328 105 22 35 48 0 0; 358 106 16 31 52 0 0; ]
1500801159[150 88 28 55 47 1 1; 327 104 22 34 48 0 0; 358 104 17 32 52 0 0; ]
1500801160[148 86 28 56 47 1 1; 326 101 23 36 48 0 0; 358 102 17 32 52 0 0; ]
1500801161[145 83 28 57 47 1 1; 326 98 23 37 48 0 0; 358 100 17 32 52 0 0; ]
1500801162[142 80 28 59 47 1 1; 325 96 23 36 48 0 0; 358 97 18 31 52 0 0; ]
1500801163[139 77 28 61 47 1 1; 324 94 23 34 48 0 0; 358 96 18 31 52 0 0; ]
1500801164[135 75 28 61 47 1 1; 323 92 23 35 48 0 0; 358 94 18 31 52 0 0; ]
1500801165[132 73 28 61 47 1 1; 322 91 23 36 48 0 0; 358 93 18 31 52 0 0; ]
1500801166[128 72 29 61 47 1 1; 321 89 23 37 48 0 0; 358 92 18 31 52 0 0; ]
1500801167[124 71 29 61 47 1 1; 320 89 23 37 48 0 0; 357 91 18 30 52 0 0; ]
1500801168[120 72 30 62 47 1 1; 320 90 23 37 48 0 0; 357 92 18 31 52 0 0; ]
1500801169[116 75 30 63 47 1 1; 319 92 22 36 48 0 0; 356 95 18 31 52 0 0; ]
1500801170[111 78 31 65 47 1 1; 318 95 22 36 48 0 0; 356 98 18 32 52 0 0; 452 100 16 33 54 0 0; 465 101 17 33 55 0 1; ]
1500801171[107 83 32 66 47 1 1; 317 100 22 34 48 0 0; 355 102 18 34 52 0 0; 452 103 16 33 54 0 0; 465 103 18 33 55 0 1; ]
1500801172[103 83 31 67 47 1 1; 315 101 22 36 48 0 0; 354 104 18 33 52 0 0; 452 106 16 32 54 0 0; 465 105 19 33 55 0 1; ]
1500801173[99 82 30 67 47 1 1; 314 102 22 38 48 0 0; 353 106 18 32 52 0 0; 452 107 17 32 54 0 0; 466 105 19 34 55 0 1; ]
1500801174[95 82 30 68 47 1 1; 313 102 22 39 48 0 0; 353 106 18 31 52 0 0; 452 107 17 32 54 0 0; 466 105 19 34 55 0 1; ]
1500801175[91 81 30 68 47 1 1; 311 102 22 39 48 0 0; 352 106 18 31 52 0 0; 452 107 17 31 54 0 0; 466 105 19 34 55 0 1; ]
1500801176[87 81 29 69 47 1 1; 310 101 22 39 48 0 0; 351 105 18 31 52 0 0; 452 106 17 31 54 0 0; 466 104 19 34 55 0 1; ]
1500801177[82 80 29 69 47 1 1; 308 100 23 39 48 0 0; 350 104 18 31 52 0 0; 452 106 17 30 54 0 0; 467 104 18 34 55 0 1; ]
1500801178[78 80 29 70 47 1 1; 307 99 23 39 48 0 0; 349 104 18 31 52 0 0; 452 106 17 30 54 0 0; 467 103 18 34 55 0 1; ]
1500801179[73 79 30 70 47 1 1; 305 98 23 39 48 0 0; 349 103 18 31 52 0 0; 452 105 17 31 54 0 0; 467 103 18 34 55 0 1; ]
1500801180[67 79 30 71 47 1 1; 304 98 23 40 48 0 0; 348 102 18 31 52 0 0; 452 105 17 31 54 0 0; 467 103 18 34 55 0 1; ]
1500801181[62 78 31 71 47 1 1; 302 97 23 40 48 0 0; 347 102 18 31 52 0 0; 452 104 17 31 54 0 0; 468 102 18 34 55 0 1; ]
1500801182[57 78 32 72 47 1 1; 301 97 23 41 48 0 0; 346 101 18 31 52 0 0; 452 103 17 31 54 0 0; 468 102 18 34 55 0 1; ]
1500801183[51 78 33 72 47 1 1; 299 96 23 40 48 0 0; 345 100 18 31 52 0 0; 452 102 18 32 54 0 0; 468 102 19 34 55 0 1; ]
1500801184[45 77 35 72 47 1 1; 298 96 24 40 48 0 0; 344 100 18 31 52 0 0; 453 101 18 32 54 0 0; 468 101 19 33 55 0 1; ]
1500801185[39 77 37 73 47 1 1; 296 96 24 39 48 0 0; 344 99 18 31 52 0 0; 453 100 18 33 54 0 0; 469 101 18 33 55 0 1; ]
1500801186[295 96 24 39 48 0 0; 343 98 19 31 52 0 0; 453 100 17 32 54 0 0; 469 102 18 33 55 0 1; ]
1500801187[293 97 24 39 48 0 0; 342 100 19 32 52 0 0; 453 101 17 32 54 0 0; 469 102 18 33 55 0 1; ]
1500801188[292 98 24 39 48 0 0; 340 101 19 33 52 0 0; 453 102 17 32 54 0 0; 469 102 18 34 55 0 1; 27 75 25 59 77 1 3; ]
1500801189[290 99 24 39 48 0 0; 339 101 19 33 52 0 0; 453 102 17 31 54 0 0; 470 103 18 34 55 0 1; 20 72 25 61 77 1 3; ]
1500801190[289 99 25 39 48 0 0; 338 101 19 33 52 0 0; 453 103 16 31 54 0 0; 470 103 19 34 55 0 1; 14 70 26 62 77 1 3; ]
1500801191[287 97 25 41 48 0 0; 336 100 19 32 52 0 0; 453 103 16 31 54 0 0; 470 103 19 34 55 0 1; 7 68 26 64 77 1 3; ]
1500801192[285 93 25 42 48 0 0; 335 99 19 32 52 0 0; 453 103 16 31 54 0 0; 470 103 19 34 55 0 1; 0 66 26 66 77 1 3; ]
1500801193[284 91 25 43 48 0 0; 334 98 20 32 52 0 0; 453 102 16 32 54 0 0; 471 102 19 34 55 0 1; ]
1500801194[282 91 26 43 48 0 0; 332 98 20 32 52 0 0; 453 100 17 34 54 0 0; 471 101 19 34 55 0 1; ]
1500801195[281 92 26 43 48 0 0; 331 97 20 32 52 0 0; 454 97 17 35 54 0 0; 471 100 19 34 55 0 1; ]
1500801196[279 92 26 43 48 0 0; 330 97 20 32 52 0 0; 454 96 17 36 54 0 0; 471 100 19 34 55 0 1; ]
1500801197[278 92 26 43 48 0 0; 328 97 20 32 52 0 0; 454 96 18 36 54 0 0; 472 99 20 35 55 0 1; ]
1500801198[276 92 26 42 48 0 0; 327 97 20 32 52 0 0; 454 97 18 36 54 0 0; 472 99 20 35 55 0 1; ]
1500801199[274 92 27 42 48 0 0; 326 97 21 32 52 0 0; 454 98 19 36 54 0 0; 472 99 20 35 55 0 1; ]
1500801200[273 93 27 41 48 0 0; 324 96 21 32 52 0 0; 454 100 20 36 54 0 0; 472 99 20 35 55 0 1; ]
1500801201[271 93 27 40 48 1 0; 323 96 21 32 52 0 0; 454 99 20 36 54 0 0; 473 98 20 36 55 0 1; ]
1500801202[270 92 27 40 48 1 0; 321 94 21 35 52 0 0; 455 99 20 36 54 0 0; 473 98 20 36 55 0 1; ]
1500801203[269 90 27 39 48 1 0; 320 93 21 36 52 0 0; 455 99 20 36 54 0 0; 473 98 21 36 55 0 1; ]
1500801204[267 90 27 39 48 1 0; 318 95 21 35 52 0 0; 456 99 19 35 54 0 0; 473 97 21 36 55 0 1; ]
1500801205[266 90 27 40 48 1 0; 316 96 21 34 52 0 0; 456 99 19 35 54 0 0; 474 97 21 37 55 0 1; ]
1500801206[265 91 27 40 48 1 0; 314 96 21 34 52 0 0; 456 98 19 35 54 0 0; 474 97 21 37 55 0 1; ]
1500801207[263 91 28 40 48 1 0; 312 96 21 34 52 0 0; 457 98 19 35 54 0 0; 474 97 21 37 55 0 1; ]
1500801208[261 91 28 41 48 1 0; 310 96 21 35 52 0 0; 457 98 19 35 54 0 0; 474 96 21 37 55 0 1; ]
1500801209[260 91 28 41 48 1 0; 308 96 22 35 52 0 0; 457 98 19 35 54 0 0; 475 96 21 38 55 0 1; ]
1500801210[258 91 28 41 48 1 0; 306 96 22 36 52 0 0; 458 97 19 34 54 0 0; 475 96 22 38 55 0 1; ]
1500801211[256 91 28 41 48 1 0; 304 96 22 36 52 0 0; 458 97 18 34 54 0 0; 475 95 22 38 55 0 1; ]
1500801212[254 91 28 41 48 1 0; 302 95 23 36 52 0 0; 458 97 18 34 54 0 0; 475 95 22 39 55 0 1; ]
1500801213[252 91 28 41 48 1 0; 300 94 23 37 52 0 0; 459 97 18 34 54 0 0; 476 95 22 39 55 0 1; ]
1500801214[250 90 28 41 48 1 0; 298 93 23 37 52 0 0; 459 97 18 34 54 0 0; 476 94 22 39 55 0 1; ]
1500801215[248 90 28 41 48 1 0; 296 92 24 37 52 0 0; 459 96 18 34 54 0 0; 476 94 22 39 55 0 1; ]
1500801216[245 89 28 41 48 1 0; 293 91 25 38 52 0 0; 460 96 18 34 54 0 0; 476 94 22 39 55 0 1; ]
1500801217[244 89 29 41 48 1 0; 291 90 26 39 52 0 0; 460 96 18 34 54 0 0; 477 93 22 39 55 0 1; ]
1500801218[242 89 29 41 48 1 0; 289 90 27 39 52 0 0; 460 95 19 34 54 0 0; 477 93 23 40 55 0 1; ]
1500801219[240 89 29 41 48 1 0; 286 90 27 39 52 0 0; 460 95 19 35 54 0 0; 477 93 23 40 55 0 1; ]
1500801220[238 88 29 41 48 1 0; 284 90 27 39 52 0 0; 460 95 19 35 54 0 0; 478 93 23 40 55 0 1; ]
1500801221[236 88 29 42 48 1 0; 282 89 27 39 52 0 0; 460 94 19 35 54 0 0; 478 92 23 40 55 0 1; ]
1500801222[234 88 29 42 48 1 0; 280 89 26 38 52 0 0; 460 94 20 35 54 0 0; 478 92 23 40 55 0 1; ]
1500801223[232 88 29 42 48 1 0; 277 89 26 38 52 0 0; 460 94 20 35 54 0 0; 479 92 23 40 55 0 1; ]
1500801224[230 87 29 42 48 1 0; 275 88 26 38 52 0 0; 460 93 20 36 54 0 0; 479 91 23 40 55 0 1; ]
1500801225[228 86 29 41 48 1 0; 273 88 26 38 52 0 0; 460 93 20 36 54 0 0; 479 91 23 40 55 0 1; ]
1500801226[226 85 30 41 48 1 0; 270 88 26 38 52 0 0; 461 93 21 36 54 0 0; 480 91 23 40 55 0 1; ]
1500801227[224 84 30 41 48 1 0; 268 88 26 38 52 0 0; 461 92 21 36 54 0 0; 480 91 23 40 55 0 1; ]
1500801228[221 84 30 41 48 1 0; 266 87 27 38 52 0 0; 461 92 21 36 54 0 0; 480 90 23 40 55 0 1; ]
1500801229[219 85 30 41 48 1 0; 264 87 27 38 52 0 0; 461 92 21 37 54 0 0; 480 90 23 40 55 0 1; ]
1500801230[217 85 30 42 48 1 0; 261 87 27 38 52 0 0; 461 91 22 37 54 0 0; 481 90 23 40 55 0 1; ]
1500801231[214 87 30 43 48 1 0; 259 87 28 39 52 0 0; 461 94 22 37 54 0 0; 481 91 23 41 55 0 1; ]
1500801232[212 88 30 43 48 1 0; 256 88 28 39 52 0 0; 461 95 22 37 54 0 0; 481 92 23 42 55 0 1; ]
1500801233[209 88 30 43 48 1 0; 254 89 28 40 52 0 0; 461 97 22 37 54 0 0; 481 93 23 43 55 0 1; ]
1500801234[206 88 31 43 48 1 0; 251 90 28 40 52 0 0; 461 98 22 38 54 0 0; 481 93 24 43 55 0 1; ]
1500801235[204 88 31 44 48 1 0; 249 90 27 40 52 0 0; 461 99 22 38 54 0 0; 482 94 24 44 55 0 1; ]
1500801236[201 86 31 45 48 1 0; 246 89 27 40 52 0 0; 461 99 22 38 54 0 0; 482 94 24 44 55 0 1; ]
1500801237[199 84 31 45 48 1 0; 243 88 27 40 52 1 0; 461 100 22 38 54 0 0; 482 94 24 44 55 0 1; ]
1500801238[196 83 31 46 48 1 0; 241 87 27 40 52 1 0; 461 98 22 38 54 0 0; 482 93 24 44 55 0 1; ]
1500801239[193 82 32 46 48 1 0; 239 85 27 40 52 1 0; 461 96 22 38 54 0 0; 482 90 24 44 55 0 1; 19 95 16 38 59 0 1; 7 96 18 39 63 1 1; ]
1500801240[191 81 32 46 48 1 0; 236 83 28 40 52 1 0; 461 93 22 38 54 0 0; 482 87 24 44 55 0 1; 17 93 16 38 59 0 1; 3 95 19 39 63 1 1; ]
1500801241[188 80 32 46 48 1 0; 234 82 28 40 52 1 0; 461 91 22 39 54 0 0; 482 86 24 44 55 0 1; 15 92 17 38 59 0 1; ]
1500801242[186 80 32 45 48 1 0; 232 81 28 40 52 1 0; 461 91 22 38 54 0 0; 483 86 24 44 55 0 1; 13 92 17 38 59 1 1; ]
1500801243[183 79 33 45 48 1 0; 229 81 28 40 52 1 0; 461 91 22 38 54 0 0; 483 86 24 44 55 0 1; 11 91 18 38 59 1 1; ]
1500801244[181 79 33 45 48 1 0; 226 81 27 40 52 1 0; 461 91 22 38 54 0 0; 483 86 25 44 55 0 1; 8 90 18 38 59 1 1; ]
1500801245[178 79 33 44 48 1 0; 223 81 27 40 52 1 0; 461 91 22 37 54 0 0; 483 86 25 44 55 0 1; 6 90 19 38 59 1 1; ]
1500801246[175 78 33 44 48 1 0; 220 81 27 39 52 1 0; 461 91 22 37 54 0 0; 483 86 25 45 55 0 1; 4 90 19 39 59 1 1; ]
1500801247[172 79 33 44 48 1 0; 217 81 28 40 52 1 0; 461 91 22 38 54 0 0; 483 86 25 45 55 0 1; 2 90 20 39 59 1 1; ]
1500801248[170 79 33 45 48 1 0; 214 81 29 40 52 1 0; 461 91 22 38 54 0 0; 484 86 25 45 55 0 1; 0 90 21 39 59 1 1; ]
1500801249[167 79 33 45 48 1 0; 210 82 30 40 52 1 0; 462 91 22 38 54 0 0; 484 86 25 46 55 0 1; ]
1500801250[164 80 33 45 48 1 0; 207 83 30 40 52 1 0; 462 91 22 39 54 0 0; 484 87 25 46 55 0 1; ]
1500801251[160 80 33 46 48 1 0; 204 84 29 40 52 1 0; 462 91 22 39 54 0 0; 484 87 25 47 55 0 1; ]
1500801252[157 81 33 47 48 1 0; 201 85 28 39 52 1 0; 462 91 22 39 54 0 0; 484 87 25 47 55 0 1; ]
1500801253[154 83 32 48 48 1 0; 197 86 28 39 52 1 0; 462 92 22 40 54 0 0; 484 89 25 47 55 0 1; ]
1500801254[151 81 32 48 48 1 0; 195 86 28 39 52 1 0; 462 92 22 40 54 0 0; 484 91 25 47 55 0 1; ]
1500801255[147 80 32 48 48 1 0; 192 85 28 39 52 1 0; 462 93 22 40 54 0 0; 485 90 25 47 55 0 1; ]
1500801256[144 78 32 48 48 1 0; 189 85 28 40 52 1 0; 463 93 22 40 54 0 0; 485 88 25 48 55 0 1; ]
1500801257[141 78 32 48 48 1 0; 186 84 28 40 52 1 0; 463 93 22 40 54 0 0; 485 87 25 48 55 0 1; ]
1500801258[137 77 32 48 48 1 0; 183 83 29 40 52 1 0; 463 91 22 41 54 0 0; 485 85 25 48 55 0 1; ]
1500801259[134 77 32 48 48 1 0; 179 81 29 40 52 1 0; 463 89 22 41 54 0 0; 485 83 25 49 55 0 1; ]
1500801260[131 76 32 48 48 1 0; 175 79 29 41 52 1 0; 463 87 22 42 54 0 0; 485 81 25 49 55 0 1; ]
1500801261[127 75 32 48 48 1 0; 171 77 29 41 52 1 0; 464 85 22 42 54 0 0; 486 79 25 49 55 0 1; ]
1500801262[124 74 32 48 48 1 0; 167 75 29 43 52 1 0; 464 84 22 42 54 0 0; 486 78 25 48 55 0 1; ]
1500801263[121 73 32 48 48 1 0; 163 74 30 44 52 1 0; 464 83 22 43 54 0 0; 486 78 25 48 55 0 1; ]
1500801264[118 73 32 48 48 1 0; 159 74 30 45 52 1 0; 464 84 22 43 54 0 0; ]
1500801265[114 75 32 48 48 1 0; 155 74 30 46 52 1 0; 465 85 22 43 54 0 0; ]
1500801266[111 77 32 48 48 1 0; 151 75 30 47 52 1 0; 465 86 22 43 54 0 0; ]
1500801267[108 78 32 48 48 1 0; 147 76 31 48 52 1 0; 465 87 22 43 54 0 0; ]
1500801268[104 78 32 48 48 1 0; 143 77 31 48 52 1 0; 466 88 22 43 54 0 0; ]
1500801269[101 78 32 48 48 1 0; 139 78 31 48 52 1 0; 466 90 22 43 54 0 0; ]
1500801270[97 78 32 48 48 1 0; 135 78 32 48 52 1 0; 466 91 22 43 54 0 0; ]
1500801271[93 78 32 48 48 1 0; 131 79 32 48 52 1 0; 467 91 22 43 54 0 0; ]
1500801272[89 78 32 48 48 1 0; 127 79 32 48 52 1 0; 467 91 22 43 54 0 0; ]
1500801273[85 78 32 48 48 1 0; 123 79 32 48 52 1 0; 467 90 22 43 54 0 0; ]
1500801274[81 78 32 48 48 1 0; 119 79 33 48 52 1 0; 468 89 22 44 54 0 0; ]
1500801275[76 78 32 48 48 1 0; 115 78 33 48 52 1 0; 468 87 22 45 54 0 0; ]
1500801276[72 77 31 49 48 1 0; 110 77 33 48 52 1 0; 468 87 23 45 54 0 0; ]
1500801277[68 77 31 50 48 1 0; 106 77 33 48 52 1 0; 469 87 23 45 54 0 0; ]
1500801278[64 76 31 51 48 1 0; 102 76 33 48 52 1 0; 470 87 23 45 54 0 0; ]
1500801279[61 75 31 52 48 1 0; 98 76 33 49 52 1 0; 470 87 24 45 54 0 0; ]
1500801280[57 75 31 52 48 1 0; 94 76 33 49 52 1 0; 471 87 24 46 54 0 0; ]
1500801281[53 74 31 53 48 1 0; 89 75 33 50 52 1 0; 472 87 24 46 54 0 0; ]
1500801282[49 74 31 53 48 1 0; 85 75 33 50 52 1 0; 472 87 25 46 54 0 0; ]
1500801283[45 73 31 54 48 1 0; 81 75 33 51 52 1 0; 473 87 25 46 54 0 0; ]
1500801284[41 73 31 54 48 1 0; 77 74 33 51 52 1 0; 474 86 26 46 54 0 0; ]
1500801285[37 73 31 54 48 1 0; 72 74 33 52 52 1 0; 474 86 26 46 54 0 0; ]
1500801286[33 72 31 54 48 1 0; 68 74 33 52 52 1 0; 475 86 26 46 54 0 0; ]
1500801287[29 72 31 54 48 1 0; 63 73 33 53 52 1 0; 476 86 27 46 54 0 0; ]
1500801288[25 72 31 55 48 1 0; 60 73 33 53 52 1 0; 476 86 27 46 54 0 0; ]
1500801289[21 72 31 55 48 1 0; 56 73 32 54 52 1 0; 477 86 27 47 54 0 0; ]
1500801290[18 72 31 55 48 1 0; 52 72 32 54 52 1 0; 478 86 28 47 54 0 0; ]
1500801291[13 70 31 57 48 1 0; 47 72 32 55 52 1 0; 479 84 28 48 54 0 0; ]
1500801292[9 69 31 58 48 1 0; 43 71 32 56 52 1 0; 480 83 28 50 54 0 0; ]
1500801293[5 69 31 59 48 1 0; 37 71 33 57 52 1 0; 481 83 28 51 54 0 0; ]
1500801294[0 69 31 58 48 1 0; 32 71 33 57 52 1 0; 482 83 29 51 54 0 0; ]
1500801295[26 70 34 58 52 1 0; ]
1500801296[20 71 35 58 52 1 0; ]
1500801297[14 71 36 59 52 1 0; ]
1500801298[8 72 38 59 52 1 0; ]
1500801299[2 73 38 60 52 1 0; ]
1500801300[]
1500801301[]
1500801302[]
1500801303[]
1500801304[]
1500801305[]
1500801306[]
1500801307[]
1500801308[]
1500801309[]
1500801310[]
1500801311[]
1500801312[]
1500801313[]
1500801314[]
1500801315[]
1500801316[]
1500801317[]
1500801318[]
1500801319[]
1500801320[]
1500801321[]
1500801322[]
1500801323[]
1500801324[]
1500801325[]
1500801326[]
1500801327[]
1500801328[]
1500801329[]
1500801330[]
1500801331[]
1500801332[]
1500801333[]
1500801334[]
1500801335[]
1500801336[]
1500801337[]
1500801338[]
1500801339[]
1500801340[]
1500801341[]
1500801342[]
1500801343[]
1500801344[]
1500801345[]
1500801346[]
1500801347[]
1500801348[]
1500801349[]
1500801350[]
1500801351[]
1500801352[]
1500801353[]
1500801354[]
1500801355[]
1500801356[]
1500801357[]
1500801358[]
1500801359[]
1500801360[]
1500801361[]
1500801362[]
1500801363[]
1500801364[]
1500801365[]
1500801366[]
1500801367[]
1500801368[]
1500801369[]
1500801370[]
1500801371[]
1500801372[]
1500801373[]
1500801374[]
1500801375[]
1500801376[]
1500801377[]
1500801378[]
1500801379[]
1500801380[]
1500801381[]
1500801382[]
1500801383[]
1500801384[]
1500801385[]
1500801386[]
1500801387[]
1500801388[]
1500801389[]
1500801390[]
1500801391[]
1500801392[]
1500801393[]
1500801394[]
1500801395[]
1500801396[]
1500801397[]
1500801398[]
1500801399[]
1500801400[]
1500801401[]
1500801402[]
1500801403[]
1500801404[]
1500801405[]
1500801406[]
1500801407[]
1500801408[]
1500801409[]
1500801410[]
1500801411[]
1500801412[]
1500801413[]
1500801414[]
1500801415[]
1500801416[]
1500801417[]
1500801418[]
1500801419[]
1500801420[]
1500801421[]
1500801422[]
1500801423[]
1500801424[]
1500801425[]
1500801426[]
1500801427[]
1500801428[]
1500801429[]
1500801430[]
1500801431[]
1500801432[]
1500801433[]
1500801434[]
1500801435[]
1500801436[]
1500801437[]
1500801438[]
1500801439[]
1500801440[]
1500801441[]
1500801442[]
1500801443[]
1500801444[]
1500801445[]
1500801446[]
1500801447[]
1500801448[]
1500801449[]
1500801450[]
1500801451[]
1500801452[]
1500801453[]
1500801454[]
1500801455[]
1500801456[]
1500801457[]
1500801458[]
1500801459[]
1500801460[]
1500801461[]
1500801462[]
1500801463[]
1500801464[]
1500801465[]
1500801466[]
1500801467[]
1500801468[]
1500801469[]
1500801470[]
1500801471[]
1500801472[]
1500801473[]
1500801474[]
1500801475[]
1500801476[]
1500801477[]
1500801478[]
1500801479[]
1500801480[]
1500801481[]
1500801482[]
1500801483[]
1500801484[]
1500801485[]
1500801486[]
1500801487[]
1500801488[]
1500801489[]
1500801490[]
1500801491[]
1500801492[]
1500801493[]
1500801494[]
1500801495[]
1500801496[]
1500801497[]
1500801498[]
1500801499[]
1500801500[]
1500801501[]
1500801502[]
1500801503[]
1500801504[]
1500801505[]
1500801506[]
1500801507[]
1500801508[]
1500801509[]
1500801510[]
1500801511[]
1500801512[]
1500801513[]
1500801514[]
1500801515[]
1500801516[]
1500801517[]
1500801518[]
1500801519[]
1500801520[]
1500801521[]
1500801522[]
1500801523[]
1500801524[]
1500801525[]
1500801526[]
1500801527[]
1500801528[]
1500801529[]
1500801530[]
1500801531[]
1500801532[]
1500801533[]
1500801534[]
1500801535[]
1500801536[]
1500801537[]
1500801538[]
1500801539[]
1500801540[]
1500801541[]
1500801542[]
1500801543[]
1500801544[]
1500801545[]
1500801546[]
1500801547[]
1500801548[]
1500801549[]
1500801550[]
1500801551[]
1500801552[]
1500801553[]
1500801554[]
1500801555[]
1500801556[]
1500801557[]
1500801558[]
1500801559[]
1500801560[]
1500801561[]
1500801562[]
1500801563[]
1500801564[]
1500801565[]
1500801566[]
1500801567[]
1500801568[]
1500801569[]
1500801570[]
1500801571[]
1500801572[]
1500801573[]
1500801574[]
1500801575[]
1500801576[]
1500801577[]
1500801578[]
1500801579[]
1500801580[]
1500801581[]
1500801582[]
1500801583[]
1500801584[]
1500801585[]
1500801586[]
1500801587[]
1500801588[]
1500801589[]
1500801590[]
1500801591[]
1500801592[]
1500801593[]
1500801594[]
1500801595[]
1500801596[]
1500801597[]
1500801598[]
1500801599[]
1500801600[]
1500801601[]
1500801602[]
1500801603[]
1500801604[]
1500801605[]
1500801606[]
1500801607[]
1500801608[]
1500801609[]
1500801610[]
1500801611[]
1500801612[]
1500801613[]
1500801614[]
1500801615[]
1500801616[]
1500801617[]
1500801618[]
1500801619[]
1500801620[]
1500801621[]
1500801622[]
1500801623[]
1500801624[]
1500801625[]
1500801626[]
1500801627[]
1500801628[]
1500801629[]
1500801630[]
1500801631[]
1500801632[]
1500801633[]
1500801634[]
1500801635[]
1500801636[]
1500801637[]
1500801638[]
1500801639[]
1500801640[]
1500801641[]
1500801642[]
1500801643[]
1500801644[]
1500801645[]
1500801646[]
1500801647[]
1500801648[]
1500801649[]
1500801650[]
1500801651[]
1500801652[]
1500801653[]
1500801654[]
1500801655[]
1500801656[]
1500801657[]
1500801658[]
1500801659[]
1500801660[]
1500801661[]
1500801662[]
1500801663[]
1500801664[]
1500801665[]
1500801666[]
1500801667[]
1500801668[]
1500801669[]
1500801670[]
1500801671[]
1500801672[]
1500801673[]
1500801674[]
1500801675[]
1500801676[]
1500801677[]
1500801678[]
1500801679[]
1500801680[]
1500801681[]
1500801682[]
1500801683[]
1500801684[]
1500801685[]
1500801686[]
1500801687[]
1500801688[]
1500801689[]
1500801690[]
1500801691[]
1500801692[]
1500801693[]
1500801694[]
1500801695[]
1500801696[]
1500801697[]
1500801698[]
1500801699[]
1500801700[]
1500801701[]
1500801702[]
1500801703[]
1500801704[]
1500801705[]
1500801706[]
1500801707[]
1500801708[]
1500801709[]
1500801710[]
1500801711[]
1500801712[]
1500801713[]
1500801714[]
1500801715[]
1500801716[]
1500801717[]
1500801718[]
1500801719[]
1500801720[]
1500801721[]
1500801722[]
1500801723[]
1500801724[]
1500801725[]
1500801726[]
1500801727[]
1500801728[]
1500801729[]
1500801730[]
1500801731[]
1500801732[]
1500801733[]
1500801734[]
1500801735[]
1500801736[]
1500801737[]
1500801738[]
1500801739[]
1500801740[]
1500801741[]
1500801742[]
1500801743[]
1500801744[]
1500801745[]
1500801746[]
1500801747[]
1500801748[]
1500801749[]
1500801750[]
1500801751[]
1500801752[]
1500801753[]
1500801754[]
1500801755[]
1500801756[]
1500801757[]
1500801758[]
1500801759[]
1500801760[]
1500801761[]
1500801762[]
1500801763[]
1500801764[]
1500801765[]
1500801766[]
1500801767[]
1500801768[]
1500801769[]
1500801770[]
1500801771[]
1500801772[]
1500801773[]
1500801774[]
1500801775[]
1500801776[]
1500801777[]
1500801778[]
1500801779[]
1500801780[]
1500801781[]
1500801782[]
1500801783[]
1500801784[]
1500801785[]
1500801786[]
1500801787[]
1500801788[]
1500801789[]
1500801790[]
1500801791[]
1500801792[]
1500801793[]
1500801794[]
1500801795[]
1500801796[]
1500801797[]
1500801798[]
1500801799[]
1500801800[]
1500801801[]
1500801802[]
1500801803[]
1500801804[]
1500801805[]
1500801806[]
1500801807[]
1500801808[]
1500801809[]
1500801810[]
1500801811[]
1500801812[]
1500801813[]
1500801814[]
1500801815[]
1500801816[]
1500801817[]
1500801818[]
1500801819[]
1500801820[]
1500801821[]
1500801822[]
1500801823[]
1500801824[]
1500801825[]
1500801826[]
1500801827[]
1500801828[]
1500801829[]
1500801830[]
1500801831[]
1500801832[]
1500801833[]
1500801834[]
1500801835[]
1500801836[]
1500801837[]
1500801838[]
1500801839[]
1500801840[]
1500801841[]
1500801842[]
1500801843[]
1500801844[]
1500801845[]
1500801846[]
1500801847[]
1500801848[]
1500801849[]
1500801850[]
1500801851[]
1500801852[]
1500801853[]
1500801854[]
1500801855[]
1500801856[]
1500801857[]
1500801858[]
1500801859[]
1500801860[]
1500801861[]
1500801862[]
1500801863[]
1500801864[]
1500801865[]
1500801866[]
1500801867[]
1500801868[]
1500801869[]
1500801870[]
1500801871[]
1500801872[]
1500801873[]
1500801874[]
1500801875[]
1500801876[]
1500801877[]
1500801878[]
1500801879[]
1500801880[]
1500801881[]
1500801882[]
1500801883[]
1500801884[]
1500801885[]
1500801886[]
1500801887[]
1500801888[]
1500801889[]
1500801890[]
1500801891[]
1500801892[]
1500801893[]
1500801894[]
1500801895[]
1500801896[]
1500801897[]
1500801898[]
1500801899[]
1500801900[]
1500801901[]
1500801902[]
1500801903[]
1500801904[]
1500801905[]
1500801906[]
1500801907[]
1500801908[]
1500801909[]
1500801910[]
1500801911[]
1500801912[]
1500801913[]
1500801914[]
1500801915[]
1500801916[]
1500801917[]
1500801918[]
1500801919[]
1500801920[]
1500801921[]
1500801922[]
1500801923[]
1500801924[]
1500801925[]
1500801926[]
1500801927[]
1500801928[]
1500801929[]
1500801930[]
1500801931[]
1500801932[]
1500801933[]
1500801934[]
1500801935[]
1500801936[]
1500801937[]
1500801938[]
1500801939[]
1500801940[]
1500801941[]
1500801942[]
1500801943[]
1500801944[]
1500801945[]
1500801946[]
1500801947[]
1500801948[]
1500801949[]
1500801950[]
1500801951[]
1500801952[]
1500801953[]
1500801954[]
1500801955[]
1500801956[]
1500801957[]
1500801958[]
1500801959[]
1500801960[]
1500801961[]
1500801962[]
1500801963[]
1500801964[]
1500801965[]
1500801966[]
1500801967[]
1500801968[]
1500801969[]
1500801970[]
1500801971[]
1500801972[]
1500801973[]
1500801974[]
1500801975[]
1500801976[]
1500801977[]
1500801978[]
1500801979[]
1500801980[]
1500801981[]
1500801982[]
1500801983[]
1500801984[]
1500801985[]
1500801986[]
1500801987[]
1500801988[]
1500801989[]
1500801990[]
1500801991[]
1500801992[]
1500801993[]
1500801994[]
1500801995[]
1500801996[]
1500801997[]
1500801998[]
1500801999[]
1500802000[]
1500802001[]
1500802002[]
1500802003[]
1500802004[]
1500802005[]
1500802006[]
1500802007[]
1500802008[]
1500802009[]
1500802010[]
1500802011[]
1500802012[]
1500802013[]
1500802014[]
1500802015[]
1500802016[]
1500802017[]
1500802018[]
1500802019[]
1500802020[]
1500802021[]
1500802022[]
1500802023[]
1500802024[]
1500802025[]
1500802026[]
1500802027[]
1500802028[]
1500802029[]
1500802030[]
1500802031[]
1500802032[]
1500802033[]
1500802034[]
1500802035[50 122 19 30 64 0 0; ]
1500802036[47 122 21 30 64 0 0; ]
1500802037[37 122 20 30 64 0 0; ]
1500802038[40 122 20 30 64 0 0; ]
1500802039[38 122 20 31 64 0 0; ]
1500802040[35 122 20 31 64 0 0; ]
1500802041[30 122 21 31 64 0 0; ]
1500802042[24 122 21 31 64 0 0; ]
1500802043[14 122 20 31 64 0 0; ]
1500802044[13 122 22 32 64 0 0; ]
1500802045[11 122 22 32 64 0 0; ]
1500802046[8 122 22 32 64 0 0; ]
1500802047[5 122 22 32 64 0 0; ]
1500802048[1 122 22 32 64 0 0; ]
1500802049[]
1500802050[]
1500802051[]
1500802052[]
1500802053[]
1500802054[]
1500802055[]
1500802056[]
1500802057[]
1500802058[]
1500802059[]
1500802060[]
1500802061[]
1500802062[]
1500802063[]
1500802064[]
1500802065[]
1500802066[]
1500802067[]
1500802068[]
1500802069[]
1500802070[]
1500802071[]
1500802072[]
1500802073[]
1500802074[]
1500802075[]
1500802076[]
1500802077[]
1500802078[]
1500802079[]
1500802080[]
1500802081[]
1500802082[]
1500802083[]
1500802084[]
1500802085[]
1500802086[]
1500802087[]
1500802088[]
1500802089[]
1500802090[]
1500802091[]
1500802092[]
1500802093[]
1500802094[]
1500802095[]
1500802096[]
1500802097[]
1500802098[]
1500802099[]
1500802100[]
1500802101[]
1500802102[]
1500802103[]
1500802104[]
1500802105[]
1500802106[]
1500802107[]
1500802108[]
1500802109[]
1500802110[]
1500802111[]
1500802112[]
1500802113[]
1500802114[]
1500802115[]
1500802116[]
1500802117[]
1500802118[]
1500802119[]
1500802120[]
1500802121[]
1500802122[]
1500802123[]
1500802124[]
1500802125[]
1500802126[]
1500802127[]
1500802128[]
1500802129[]
1500802130[]
1500802131[]
1500802132[]
1500802133[]
1500802134[]
1500802135[]
1500802136[]
1500802137[]
1500802138[]
1500802139[]
1500802140[]
1500802141[]
1500802142[]
1500802143[]
1500802144[]
1500802145[]
1500802146[]
1500802147[]
1500802148[]
1500802149[]
1500802150[]
1500802151[]
1500802152[]
1500802153[]
1500802154[]
1500802155[]
1500802156[]
1500802157[]
1500802158[]
1500802159[]
1500802160[]
1500802161[]
1500802162[]
1500802163[]
1500802164[]
1500802165[]
1500802166[]
1500802167[]
1500802168[]
1500802169[]
1500802170[]
1500802171[]
1500802172[]
1500802173[]
1500802174[]
1500802175[]
1500802176[]
1500802177[]
1500802178[]
1500802179[]
1500802180[]
1500802181[]
1500802182[]
1500802183[]
1500802184[]
1500802185[]
1500802186[]
1500802187[]
1500802188[]
1500802189[]
1500802190[]
1500802191[]
1500802192[]
1500802193[]
1500802194[]
1500802195[]
1500802196[]
1500802197[]
1500802198[]
1500802199[]
1500802200[]
1500802201[]
1500802202[]
1500802203[]
1500802204[]
1500802205[]
1500802206[]
1500802207[]
1500802208[]
1500802209[]
1500802210[]
1500802211[]
1500802212[]
1500802213[]
1500802214[]
1500802215[]
1500802216[]
1500802217[]
1500802218[]
1500802219[]
1500802220[]
1500802221[]
1500802222[]
1500802223[]
1500802224[]
1500802225[]
1500802226[]
1500802227[]
1500802228[]
1500802229[]
1500802230[]
1500802231[]
1500802232[]
1500802233[]
1500802234[]
1500802235[]
1500802236[]
1500802237[]
1500802238[]
1500802239[]
1500802240[]
1500802241[]
1500802242[]
1500802243[]
1500802244[]
1500802245[]
1500802246[]
1500802247[]
1500802248[]
1500802249[]
1500802250[]
1500802251[]
1500802252[]
1500802253[]
1500802254[]
1500802255[]
1500802256[]
1500802257[]
1500802258[]
1500802259[]
1500802260[]
1500802261[]
1500802262[]
1500802263[]
1500802264[]
1500802265[]
1500802266[]
1500802267[]
1500802268[]
1500802269[]
1500802270[]
1500802271[]
1500802272[]
1500802273[]
1500802274[]
1500802275[]
1500802276[]
1500802277[]
1500802278[]
1500802279[]
1500802280[]
1500802281[]
1500802282[]
1500802283[]
1500802284[]
1500802285[]
1500802286[]
1500802287[]
1500802288[]
1500802289[]
1500802290[]
1500802291[]
1500802292[]
1500802293[]
1500802294[]
1500802295[]
1500802296[]
1500802297[]
1500802298[]
1500802299[]
1500802300[]
1500802301[]
1500802302[]
1500802303[]
1500802304[]
1500802305[]
1500802306[]
1500802307[]
1500802308[]
1500802309[]
1500802310[]
1500802311[]
1500802312[]
1500802313[]
1500802314[]
1500802315[]
1500802316[]
1500802317[]
1500802318[]
1500802319[]
1500802320[]
1500802321[]
1500802322[]
1500802323[]
1500802324[]
1500802325[]
1500802326[]
1500802327[]
1500802328[]
1500802329[]
1500802330[]
1500802331[]
1500802332[]
1500802333[]
1500802334[]
1500802335[]
1500802336[]
1500802337[]
1500802338[]
1500802339[]
1500802340[]
1500802341[]
1500802342[]
1500802343[]
1500802344[]
1500802345[]
1500802346[]
1500802347[]
1500802348[]
1500802349[]
1500802350[]
1500802351[]
1500802352[]
1500802353[]
1500802354[]
1500802355[]
1500802356[]
1500802357[]
1500802358[]
1500802359[]
1500802360[]
1500802361[]
1500802362[]
1500802363[]
1500802364[]
1500802365[]
1500802366[]
1500802367[]
1500802368[]
1500802369[]
1500802370[]
1500802371[]
1500802372[]
1500802373[]
1500802374[]
1500802375[]
1500802376[]
1500802377[]
1500802378[]
1500802379[]
1500802380[]
1500802381[]
1500802382[]
1500802383[]
1500802384[]
1500802385[]
1500802386[]
1500802387[]
1500802388[]
1500802389[]
1500802390[]
1500802391[]
1500802392[]
1500802393[]
1500802394[]
1500802395[]
1500802396[]
1500802397[]
1500802398[]
1500802399[]
1500802400[]
1500802401[]
1500802402[]
1500802403[]
1500802404[]
1500802405[]
1500802406[]
1500802407[]
1500802408[]
1500802409[]
1500802410[]
1500802411[]
1500802412[463 105 15 30 75 0 3; ]
1500802413[462 104 15 31 75 0 3; ]
1500802414[460 102 16 31 75 0 3; ]
1500802415[458 99 16 31 75 0 3; ]
1500802416[457 96 16 31 75 0 3; ]
1500802417[455 94 16 31 75 0 3; ]
1500802418[454 92 16 32 75 0 3; ]
1500802419[453 91 16 33 75 0 3; ]
1500802420[445 93 18 33 75 1 3; ]
1500802421[446 94 16 32 75 1 3; ]
1500802422[446 94 16 32 75 1 3; ]
1500802423[445 94 17 32 75 1 3; ]
1500802424[444 94 17 31 75 1 3; ]
1500802425[444 94 17 30 75 1 3; ]
1500802426[]
1500802427[]
1500802428[]
1500802429[]
1500802430[]
1500802431[]
1500802432[]
1500802433[]
1500802434[]
1500802435[]
1500802436[]
1500802437[]
1500802438[]
1500802439[]
1500802440[]
1500802441[]
1500802442[]
1500802443[]
1500802444[]
1500802445[]
1500802446[]
1500802447[]
1500802448[]
1500802449[]
1500802450[]
1500802451[]
1500802452[]
1500802453[]
1500802454[]
1500802455[]
1500802456[]
1500802457[]
1500802458[]
1500802459[]
1500802460[]
1500802461[]
1500802462[]
1500802463[]
1500802464[]
1500802465[]
1500802466[]
1500802467[]
1500802468[]
1500802469[]
1500802470[]
1500802471[]
1500802472[]
1500802473[]
1500802474[]
1500802475[]
1500802476[]
1500802477[]
1500802478[]
1500802479[]
1500802480[]
1500802481[]
1500802482[]
1500802483[366 87 19 33 68 0 0; ]
1500802484[365 88 19 34 68 0 0; ]
1500802485[364 89 19 35 68 0 0; ]
1500802486[363 90 19 36 68 0 0; ]
1500802487[362 90 19 37 68 0 0; ]
1500802488[361 90 19 37 68 0 0; ]
1500802489[360 91 19 38 68 0 0; ]
1500802490[359 91 19 38 68 0 0; ]
1500802491[358 90 19 38 68 0 0; ]
1500802492[357 89 19 38 68 0 0; ]
1500802493[356 88 19 37 68 0 0; ]
1500802494[355 87 19 37 68 0 0; ]
1500802495[354 87 19 36 68 0 0; ]
1500802496[353 87 19 35 68 0 0; ]
1500802497[351 87 19 34 68 0 0; ]
1500802498[350 87 19 33 68 0 0; ]
1500802499[350 88 19 35 68 0 0; ]
1500802500[349 89 20 37 68 0 0; ]
1500802501[348 89 20 38 68 0 0; ]
1500802502[347 89 20 37 68 0 0; ]
1500802503[346 89 20 36 68 0 0; ]
1500802504[345 88 20 35 68 0 0; ]
1500802505[344 87 20 34 68 0 0; ]
1500802506[343 86 20 34 68 0 0; ]
1500802507[342 85 20 35 68 0 0; ]
1500802508[341 84 20 36 68 0 0; ]
1500802509[340 83 20 36 68 0 0; ]
1500802510[340 84 21 36 68 0 0; ]
1500802511[339 84 21 36 68 0 0; ]
1500802512[338 86 21 36 68 0 0; ]
1500802513[337 87 21 35 68 0 0; ]
1500802514[336 87 21 36 68 0 0; ]
1500802515[336 87 21 36 68 0 0; ]
1500802516[335 86 21 36 68 0 0; ]
1500802517[334 86 21 36 68 0 0; ]
1500802518[333 84 21 36 68 0 0; ]
1500802519[332 82 21 36 68 0 0; ]
1500802520[331 81 21 36 68 0 0; ]
1500802521[330 81 21 36 68 0 0; ]
1500802522[329 81 21 36 68 0 0; ]
1500802523[328 81 21 36 68 0 0; ]
1500802524[326 81 21 36 68 0 0; ]
1500802525[325 81 21 36 68 0 0; ]
1500802526[323 81 21 37 68 0 0; ]
1500802527[321 81 21 37 68 0 0; ]
1500802528[319 82 21 37 68 0 0; ]
1500802529[319 82 21 38 68 0 0; ]
1500802530[319 82 21 38 68 0 0; ]
1500802531[319 82 21 38 68 0 0; ]
1500802532[317 85 21 35 68 0 0; ]
1500802533[315 82 21 39 68 0 0; ]
1500802534[314 80 22 39 68 0 0; ]
1500802535[314 80 22 39 68 0 0; ]
1500802536[314 83 22 39 68 0 0; ]
1500802537[309 77 21 39 68 0 0; ]
1500802538[309 80 22 36 68 0 0; ]
1500802539[]
1500802540[]
1500802541[]
1500802542[]
1500802543[]
1500802544[]
1500802545[]
1500802546[]
1500802547[299 92 20 35 69 0 0; ]
1500802548[298 91 20 35 69 0 0; ]
1500802549[297 90 20 35 69 0 0; ]
1500802550[296 89 20 35 69 0 0; ]
1500802551[295 88 20 35 69 0 0; ]
1500802552[294 87 21 35 69 0 0; ]
1500802553[293 87 21 35 69 0 0; ]
1500802554[292 87 21 34 69 0 0; ]
1500802555[291 87 21 35 69 0 0; ]
1500802556[290 87 21 35 69 0 0; ]
1500802557[290 88 21 36 69 0 0; ]
1500802558[289 88 21 36 69 0 0; ]
1500802559[286 88 22 36 69 0 0; ]
1500802560[285 88 22 36 69 0 0; ]
1500802561[285 88 22 35 69 0 0; ]
1500802562[285 87 22 35 69 0 0; ]
1500802563[282 83 22 36 69 0 0; ]
1500802564[282 83 22 36 69 0 0; ]
1500802565[281 83 22 36 69 0 0; ]
1500802566[280 82 22 38 69 0 0; ]
1500802567[279 80 22 38 69 0 0; ]
1500802568[277 75 23 37 69 0 0; ]
1500802569[275 75 23 36 69 0 0; ]
1500802570[274 76 23 36 69 0 0; ]
1500802571[273 76 23 36 69 0 0; ]
1500802572[273 77 23 36 69 0 0; ]
1500802573[272 77 23 36 69 0 0; ]
1500802574[270 77 23 36 69 0 0; ]
1500802575[269 77 23 36 69 0 0; ]
1500802576[268 77 23 37 69 0 0; ]
1500802577[267 78 23 37 69 0 0; ]
1500802578[265 79 23 37 69 0 0; ]
1500802579[264 81 23 37 69 0 0; ]
1500802580[262 81 23 37 69 0 0; ]
1500802581[261 81 23 37 69 0 0; ]
1500802582[259 81 24 37 69 0 0; ]
1500802583[257 82 23 37 69 0 0; ]
1500802584[256 83 22 37 69 0 0; ]
1500802585[255 82 23 37 69 0 0; ]
1500802586[254 81 23 38 69 0 0; ]
1500802587[248 77 23 39 69 0 0; ]
1500802588[249 78 23 39 69 0 0; ]
1500802589[249 78 23 39 69 0 0; ]
1500802590[248 78 24 38 69 0 0; ]
1500802591[246 75 25 40 69 0 0; ]
1500802592[241 75 25 39 69 0 0; ]
1500802593[241 74 24 41 69 0 0; ]
1500802594[241 74 23 42 69 0 0; ]
1500802595[238 78 23 39 69 0 0; ]
1500802596[233 70 23 41 69 0 0; ]
1500802597[232 70 24 40 69 0 0; ]
1500802598[232 70 23 40 69 0 0; ]
1500802599[227 70 24 39 69 0 0; ]
1500802600[227 71 24 39 69 0 0; ]
1500802601[227 72 23 39 69 0 0; ]
1500802602[225 73 24 39 69 0 0; ]
1500802603[222 74 25 39 69 0 0; ]
1500802604[217 75 24 41 69 0 0; ]
1500802605[217 76 24 41 69 0 0; ]
1500802606[217 77 24 41 69 0 0; ]
1500802607[212 78 23 40 69 0 0; ]
1500802608[210 76 25 42 69 0 0; ]
1500802609[209 74 23 44 69 0 0; ]
1500802610[209 74 23 44 69 0 0; ]
1500802611[208 74 23 44 69 0 0; ]
1500802612[207 74 23 44 69 0 0; ]
1500802613[206 74 23 43 69 0 0; ]
1500802614[204 76 23 42 69 0 0; ]
1500802615[203 77 23 42 69 0 0; ]
1500802616[201 77 23 41 69 0 0; ]
1500802617[199 78 23 41 69 0 0; ]
1500802618[198 78 24 41 69 0 0; ]
1500802619[196 77 24 41 69 0 0; ]
1500802620[194 76 24 42 69 0 0; ]
1500802621[189 75 27 43 69 0 0; ]
1500802622[190 73 25 44 69 0 0; ]
1500802623[188 72 26 44 69 0 0; ]
1500802624[184 72 27 44 69 0 0; ]
1500802625[185 72 25 44 69 0 0; ]
1500802626[184 71 26 45 69 0 0; ]
1500802627[182 70 27 46 69 0 0; ]
1500802628[180 70 26 45 69 0 0; ]
1500802629[178 70 25 44 69 0 0; ]
1500802630[176 70 26 44 69 0 0; ]
1500802631[174 70 27 45 69 0 0; ]
1500802632[173 70 27 45 69 0 0; ]
1500802633[173 69 26 46 69 0 0; ]
1500802634[168 69 28 49 69 0 0; ]
1500802635[168 68 25 50 69 0 0; ]
1500802636[166 68 27 51 69 0 0; ]
1500802637[165 68 26 52 69 0 0; ]
1500802638[164 69 28 48 69 0 0; ]
1500802639[162 66 27 50 69 0 0; ]
1500802640[161 64 26 51 69 0 0; ]
1500802641[159 66 27 50 69 0 0; ]
1500802642[158 68 27 50 69 0 0; ]
1500802643[156 68 27 49 69 0 0; ]
1500802644[155 68 27 48 69 0 0; ]
1500802645[153 69 27 48 69 0 0; ]
1500802646[152 70 27 48 69 0 0; ]
1500802647[151 72 27 48 69 0 0; ]
1500802648[149 73 27 48 69 0 0; ]
1500802649[144 73 28 48 69 0 0; ]
1500802650[141 74 28 49 69 0 0; ]
1500802651[141 74 28 49 69 0 0; ]
1500802652[142 74 28 49 69 0 0; ]
1500802653[141 78 28 49 69 0 0; ]
1500802654[139 79 28 50 69 0 0; ]
1500802655[137 77 28 51 69 0 0; ]
1500802656[135 75 28 52 69 0 0; ]
1500802657[134 75 28 52 69 0 0; ]
1500802658[128 75 28 53 69 0 0; ]
1500802659[129 75 28 53 69 0 0; ]
1500802660[127 74 28 55 69 0 0; ]
1500802661[124 72 28 57 69 0 0; ]
1500802662[124 73 28 56 69 0 0; ]
1500802663[124 73 28 55 69 0 0; ]
1500802664[123 73 28 55 69 0 0; ]
1500802665[121 72 28 55 69 0 0; ]
1500802666[118 70 28 55 69 0 0; ]
1500802667[114 67 28 56 69 0 0; ]
1500802668[114 68 28 55 69 0 0; ]
1500802669[113 68 27 54 69 0 0; ]
1500802670[113 69 27 54 69 0 0; ]
1500802671[112 69 27 54 69 1 0; ]
1500802672[112 66 27 54 69 1 0; ]
1500802673[111 64 27 54 69 1 0; ]
1500802674[111 63 27 54 69 1 0; ]
1500802675[110 63 26 55 69 1 0; ]
1500802676[110 63 26 56 69 1 0; ]
1500802677[]
1500802678[]
1500802679[]
1500802680[]
1500802681[]
1500802682[]
1500802683[]
1500802684[]
1500802685[]
1500802686[]
1500802687[]
1500802688[]
1500802689[]
1500802690[]
1500802691[]
1500802692[105 61 32 68 70 1 0; ]
1500802693[103 61 34 72 70 1 0; ]
1500802694[101 61 35 74 70 1 0; ]
1500802695[99 61 36 73 70 0 0; ]
1500802696[97 61 37 72 70 0 0; ]
1500802697[95 61 38 73 70 0 0; ]
1500802698[93 61 38 76 70 0 0; ]
1500802699[91 61 38 78 70 0 0; ]
1500802700[88 61 38 77 70 0 0; ]
1500802701[86 61 37 76 70 0 0; ]
1500802702[84 61 38 76 70 0 0; ]
1500802703[81 61 38 76 70 0 0; ]
1500802704[79 61 38 78 70 0 0; ]
1500802705[76 61 38 80 70 0 0; ]
1500802706[74 61 38 80 70 0 0; ]
1500802707[72 61 38 78 70 0 0; ]
1500802708[68 62 39 80 70 0 0; ]
1500802709[65 63 39 81 70 0 0; ]
1500802710[61 64 39 82 70 0 0; ]
1500802711[58 65 40 83 70 0 0; ]
1500802712[55 65 40 84 70 0 0; ]
1500802713[52 65 40 84 70 0 0; ]
1500802714[49 65 41 85 70 0 0; ]
1500802715[46 65 41 85 70 0 0; ]
1500802716[43 65 41 86 70 0 0; 112 95 16 30 71 1 1; ]
1500802717[41 65 41 86 70 0 0; 111 93 16 30 71 1 1; ]
1500802718[38 64 42 87 70 0 0; 111 92 16 30 71 1 1; ]
1500802719[36 64 42 87 70 0 0; 110 91 16 31 71 1 1; ]
1500802720[33 63 42 87 70 0 0; 110 90 16 31 71 1 1; ]
1500802721[31 62 42 87 70 0 0; 110 89 16 31 71 1 1; ]
1500802722[29 61 42 87 70 0 0; 110 89 16 31 71 1 1; ]
1500802723[27 63 42 87 70 0 0; 110 88 16 31 71 1 1; ]
1500802724[26 64 41 87 70 0 0; 110 88 16 31 71 1 1; ]
1500802725[25 65 41 87 70 0 0; 110 88 16 31 71 1 1; ]
1500802726[24 64 41 87 70 0 0; 111 88 16 31 71 1 1; ]
1500802727[23 63 41 88 70 0 0; 111 88 16 31 71 1 1; ]
1500802728[22 62 41 88 70 0 0; 112 88 17 31 71 1 1; ]
1500802729[22 62 41 89 70 0 0; 113 89 17 31 71 1 1; ]
1500802730[22 62 41 89 70 0 0; 114 89 17 31 71 1 1; ]
1500802731[22 62 41 90 70 0 0; 116 89 17 31 71 1 1; ]
1500802732[22 62 41 90 70 0 0; 119 89 17 31 71 1 1; ]
1500802733[23 62 41 90 70 0 0; 121 88 17 31 71 1 1; ]
1500802734[23 62 42 90 70 0 0; 123 88 17 31 71 1 1; ]
1500802735[23 62 42 90 70 0 0; 125 89 17 32 71 1 1; ]
1500802736[24 62 42 91 70 0 0; 126 89 17 32 71 1 1; ]
1500802737[25 62 43 91 70 0 0; 129 88 17 32 71 1 1; ]
1500802738[26 61 43 91 70 0 0; 133 88 17 31 71 1 1; ]
1500802739[26 61 44 92 70 0 0; 135 88 17 31 71 1 1; ]
1500802740[26 60 44 93 70 0 0; 137 88 17 31 71 1 1; ]
1500802741[26 59 44 93 70 0 0; 140 88 17 31 71 1 1; ]
1500802742[27 59 45 94 70 0 0; 142 88 17 31 71 1 1; ]
1500802743[27 58 45 94 70 0 0; 143 87 17 31 71 1 1; ]
1500802744[27 57 45 95 70 0 0; 145 86 17 31 71 1 1; ]
1500802745[26 57 46 95 70 0 0; 147 86 17 32 71 1 1; ]
1500802746[26 56 46 96 70 0 0; 148 86 17 33 71 1 1; ]
1500802747[25 55 46 97 70 0 0; 149 85 17 33 71 1 1; ]
1500802748[23 54 47 97 70 0 0; 149 84 17 32 71 1 1; ]
1500802749[22 54 47 97 70 0 0; 150 85 17 32 71 1 1; ]
1500802750[20 53 47 96 70 0 0; 150 86 17 31 71 1 1; ]
1500802751[18 52 48 96 70 0 0; 150 86 17 31 71 1 1; ]
1500802752[15 52 48 96 70 0 0; 149 85 17 32 71 1 1; ]
1500802753[13 50 49 98 70 0 0; 148 85 17 32 71 1 1; ]
1500802754[10 49 49 99 70 0 0; 146 85 17 32 71 1 1; ]
1500802755[7 48 50 101 70 0 0; ]
1500802756[3 47 50 102 70 0 0; ]
1500802757[0 47 50 104 70 0 0; ]
1500802758[]
1500802759[]
1500802760[]
1500802761[]
1500802762[]
1500802763[]
1500802764[]
1500802765[]
1500802766[]
1500802767[]
1500802768[]
1500802769[]
1500802770[]
1500802771[]
1500802772[]
1500802773[]
1500802774[]
1500802775[]
1500802776[]
1500802777[]
1500802778[]
1500802779[]
1500802780[]
1500802781[]
1500802782[]
1500802783[]
1500802784[]
1500802785[]
1500802786[]
1500802787[]
1500802788[]
1500802789[]
1500802790[]
1500802791[]
1500802792[]
1500802793[]
1500802794[]
1500802795[]
1500802796[]
1500802797[66 86 27 45 72 1 0; ]
1500802798[59 84 28 49 72 1 0; ]
1500802799[52 82 29 52 72 0 0; ]
1500802800[44 82 30 53 72 0 0; ]
1500802801[36 82 30 53 72 0 0; 53 90 19 44 73 1 1; ]
1500802802[28 82 30 53 72 0 0; 53 90 19 45 73 1 1; ]
1500802803[20 82 32 52 72 0 0; 53 90 19 46 73 1 1; ]
1500802804[12 82 33 52 72 0 0; 52 90 19 47 73 1 1; ]
1500802805[4 82 33 52 72 0 0; 52 90 19 47 73 1 1; ]
1500802806[51 90 19 48 73 1 1; ]
1500802807[51 90 19 48 73 1 1; ]
1500802808[50 90 19 48 73 1 1; ]
1500802809[50 90 20 48 73 1 1; ]
1500802810[50 90 20 48 73 1 1; ]
1500802811[49 90 20 48 73 1 1; ]
1500802812[49 90 21 47 73 1 1; ]
1500802813[48 90 21 47 73 1 1; ]
1500802814[48 89 21 47 73 1 1; ]
1500802815[48 88 21 47 73 1 1; ]
1500802816[47 87 21 47 73 1 1; ]
1500802817[44 87 22 52 73 1 1; ]
1500802818[]
1500802819[]
1500802820[]
1500802821[]
1500802822[]
1500802823[]
1500802824[]
1500802825[]
1500802826[]
1500802827[]
1500802828[]
1500802829[]
1500802830[]
1500802831[]
1500802832[]
1500802833[]
1500802834[]
1500802835[]
1500802836[]
1500802837[]
1500802838[]
1500802839[]
1500802840[]
1500802841[]
1500802842[]
1500802843[]
1500802844[]
1500802845[]
1500802846[]
1500802847[]
1500802848[]
1500802849[]
1500802850[]
1500802851[]
1500802852[]
1500802853[]
1500802854[]
1500802855[]
1500802856[]
1500802857[]
1500802858[]
1500802859[]
1500802860[]
1500802861[]
1500802862[]
1500802863[]
1500802864[]
1500802865[]
1500802866[]
1500802867[]
1500802868[]
1500802869[]
1500802870[]
1500802871[]
1500802872[]
1500802873[]
1500802874[]
1500802875[]
1500802876[]
1500802877[]
1500802878[]
1500802879[]
1500802880[]
1500802881[]
1500802882[]
1500802883[]
1500802884[]
1500802885[]
1500802886[]
1500802887[]
1500802888[]
1500802889[]
1500802890[]
1500802891[]
1500802892[]
1500802893[]
1500802894[]
1500802895[]
1500802896[]
1500802897[]
1500802898[]
1500802899[]
1500802900[]
1500802901[]
1500802902[]
1500802903[]
1500802904[]
1500802905[]
1500802906[]
1500802907[]
1500802908[]
1500802909[]
1500802910[]
1500802911[]
1500802912[]
1500802913[]
1500802914[]
1500802915[]
1500802916[]
1500802917[]
1500802918[]
1500802919[]
1500802920[]
1500802921[]
1500802922[]
1500802923[]
1500802924[]
1500802925[]
1500802926[]
1500802927[]
1500802928[]
1500802929[]
1500802930[]
1500802931[]
1500802932[]
1500802933[]
1500802934[]
1500802935[]
1500802936[]
1500802937[]
1500802938[]
1500802939[]
1500802940[]
1500802941[]
1500802942[]
1500802943[]
1500802944[]
1500802945[]
1500802946[]
1500802947[]
1500802948[]
1500802949[]
1500802950[]
1500802951[]
1500802952[]
1500802953[]
1500802954[]
1500802955[]
1500802956[]
1500802957[]
1500802958[]
1500802959[]
1500802960[]
1500802961[]
1500802962[]
1500802963[]
1500802964[]
1500802965[]
1500802966[]
1500802967[]
1500802968[]
1500802969[]
1500802970[]
1500802971[]
1500802972[]
1500802973[]
1500802974[]
1500802975[]
1500802976[]
1500802977[]
1500802978[]
1500802979[]
1500802980[]
1500802981[]
1500802982[]
1500802983[]
1500802984[]
1500802985[]
1500802986[]
1500802987[]
1500802988[]
1500802989[]
1500802990[]
1500802991[]
1500802992[]
1500802993[]
1500802994[]
1500802995[472 78 38 64 74 0 0; ]
1500802996[472 78 38 63 74 0 0; ]
1500802997[472 78 38 62 74 0 0; ]
1500802998[471 78 37 61 74 0 0; ]
1500802999[471 78 37 60 74 0 0; ]
1500803000[470 78 37 59 74 0 0; ]
1500803001[469 78 37 58 74 0 0; ]
1500803002[469 78 37 58 74 0 0; ]
1500803003[468 78 37 58 74 0 0; ]
1500803004[466 78 37 59 74 0 0; ]
1500803005[465 79 37 59 74 0 0; ]
1500803006[464 80 37 60 74 0 0; ]
1500803007[462 81 37 59 74 0 0; ]
1500803008[461 83 37 58 74 0 0; ]
1500803009[459 85 37 57 74 0 0; ]
1500803010[457 87 37 55 74 0 0; ]
1500803011[455 87 36 54 74 0 0; ]
1500803012[453 87 35 54 74 0 0; ]
1500803013[452 87 35 54 74 0 0; ]
1500803014[450 87 35 54 74 0 0; ]
1500803015[448 87 35 53 74 0 0; ]
1500803016[447 87 35 53 74 0 0; ]
1500803017[446 87 35 53 74 0 0; ]
1500803018[446 87 34 53 74 0 0; ]
1500803019[446 87 33 53 74 0 0; ]
1500803020[446 87 35 53 74 0 0; ]
1500803021[457 87 34 54 74 0 0; ]
1500803022[454 87 34 54 74 0 0; ]
1500803023[450 87 35 54 74 0 0; ]
1500803024[448 87 34 55 74 0 0; ]
1500803025[447 87 34 55 74 0 0; ]
1500803026[447 87 34 55 74 0 0; ]
