1500900001[]
1500900002[]
1500900003[]
1500900004[]
1500900005[]
1500900006[]
1500900007[]
1500900008[]
1500900009[]
1500900010[]
1500900011[]
1500900012[]
1500900013[]
1500900014[]
1500900015[]
1500900016[]
1500900017[]
1500900018[]
1500900019[]
1500900020[]
1500900021[]
1500900022[]
1500900023[]
1500900024[]
1500900025[]
1500900026[]
1500900027[]
1500900028[]
1500900029[]
1500900030[]
1500900031[]
1500900032[]
1500900033[]
1500900034[]
1500900035[]
1500900036[]
1500900037[]
1500900038[]
1500900039[]
1500900040[]
1500900041[]
1500900042[]
1500900043[]
1500900044[]
1500900045[]
1500900046[]
1500900047[]
1500900048[]
1500900049[]
1500900050[]
1500900051[]
1500900052[]
1500900053[]
1500900054[]
1500900055[]
1500900056[]
1500900057[]
1500900058[]
1500900059[]
1500900060[]
1500900061[]
1500900062[]
1500900063[]
1500900064[]
1500900065[]
1500900066[]
1500900067[]
1500900068[]
1500900069[]
1500900070[]
1500900071[]
1500900072[]
1500900073[]
1500900074[]
1500900075[]
1500900076[]
1500900077[]
1500900078[]
1500900079[]
1500900080[]
1500900081[]
1500900082[]
1500900083[]
1500900084[]
1500900085[]
1500900086[]
1500900087[]
1500900088[]
1500900089[]
1500900090[]
1500900091[]
1500900092[]
1500900093[]
1500900094[]
1500900095[]
1500900096[]
1500900097[]
1500900098[]
1500900099[]
1500900100[]
1500900101[]
1500900102[]
1500900103[]
1500900104[]
1500900105[]
1500900106[]
1500900107[]
1500900108[]
1500900109[]
1500900110[]
1500900111[]
1500900112[]
1500900113[]
1500900114[]
1500900115[]
1500900116[]
1500900117[]
1500900118[]
1500900119[]
1500900120[]
1500900121[]
1500900122[]
1500900123[]
1500900124[]
1500900125[]
1500900126[]
1500900127[]
1500900128[]
1500900129[]
1500900130[]
1500900131[]
1500900132[]
1500900133[]
1500900134[]
1500900135[]
1500900136[]
1500900137[]
1500900138[]
1500900139[]
1500900140[]
1500900141[]
1500900142[]
1500900143[]
1500900144[]
1500900145[]
1500900146[]
1500900147[]
1500900148[]
1500900149[]
1500900150[]
1500900151[]
1500900152[334 103 20 30 0 0 3; ]
1500900153[334 103 20 30 0 0 3; ]
1500900154[334 103 20 31 0 0 3; ]
1500900155[333 103 20 31 0 0 3; ]
1500900156[333 103 20 32 0 0 3; ]
1500900157[333 102 20 32 0 0 3; ]
1500900158[333 102 20 32 0 0 3; ]
1500900159[333 102 20 32 0 0 3; ]
1500900160[333 102 20 32 0 0 3; ]
1500900161[333 102 20 32 0 0 3; ]
1500900162[333 102 20 32 0 0 3; ]
1500900163[332 102 20 32 0 0 3; ]
1500900164[331 102 20 33 0 0 3; ]
1500900165[330 102 20 33 0 0 3; ]
1500900166[329 102 20 33 0 0 3; ]
1500900167[329 102 20 33 0 0 3; ]
1500900168[329 102 20 33 0 0 3; ]
1500900169[329 102 20 33 0 0 3; ]
1500900170[329 102 20 33 0 0 3; ]
1500900171[329 102 20 33 0 0 3; ]
1500900172[328 101 20 33 0 0 3; ]
1500900173[327 101 20 33 0 0 3; ]
1500900174[327 101 20 33 0 0 3; ]
1500900175[327 101 20 33 0 0 3; ]
1500900176[327 101 20 33 0 0 3; ]
1500900177[327 101 20 33 0 0 3; ]
1500900178[327 101 20 33 0 0 3; ]
1500900179[327 100 20 33 0 0 3; ]
1500900180[327 100 20 33 0 0 3; ]
1500900181[327 100 20 33 0 0 3; ]
1500900182[327 100 20 33 0 0 3; ]
1500900183[327 100 20 33 0 0 3; ]
1500900184[328 100 20 33 0 0 3; ]
1500900185[328 100 20 33 0 0 3; ]
1500900186[329 100 20 33 0 0 3; ]
1500900187[330 101 20 33 0 0 3; ]
1500900188[332 101 20 33 0 0 3; ]
1500900189[332 101 20 33 0 0 3; ]
1500900190[332 99 20 33 0 0 3; ]
1500900191[333 98 20 33 0 0 3; ]
1500900192[334 96 20 33 0 0 3; ]
1500900193[337 92 20 33 0 0 3; ]
1500900194[338 93 20 33 0 0 3; ]
1500900195[338 93 20 33 0 0 3; ]
1500900196[339 95 20 33 0 0 3; ]
1500900197[339 96 20 33 0 0 3; ]
1500900198[340 98 20 33 0 0 3; ]
1500900199[340 101 20 33 0 0 3; ]
1500900200[340 103 20 34 0 0 3; ]
1500900201[341 103 20 34 0 0 3; ]
1500900202[342 102 20 35 0 0 3; ]
1500900203[344 102 20 35 0 0 3; ]
1500900204[345 102 20 35 0 0 3; ]
1500900205[346 101 20 35 0 0 3; ]
1500900206[347 100 20 35 0 0 3; ]
1500900207[348 99 20 35 0 0 3; ]
1500900208[348 98 20 35 0 0 3; ]
1500900209[349 98 20 35 0 0 3; ]
1500900210[349 98 20 35 0 0 3; ]
1500900211[350 98 20 35 0 0 3; ]
1500900212[351 98 20 35 0 0 3; ]
1500900213[352 98 20 35 0 0 3; ]
1500900214[353 98 20 35 0 0 3; ]
1500900215[354 98 20 35 0 0 3; ]
1500900216[355 98 20 35 0 0 3; ]
1500900217[356 98 20 35 0 0 3; ]
1500900218[356 98 20 35 0 0 3; ]
1500900219[357 98 20 35 0 0 3; ]
1500900220[358 98 20 35 0 0 3; ]
1500900221[358 98 20 35 0 0 3; ]
1500900222[359 98 20 35 0 0 3; ]
1500900223[360 98 20 35 0 0 3; ]
1500900224[361 98 20 35 0 0 3; ]
1500900225[362 98 20 35 0 0 3; ]
1500900226[363 98 20 35 0 0 3; ]
1500900227[364 97 20 35 0 0 3; ]
1500900228[365 97 20 35 0 0 3; ]
1500900229[366 96 20 35 0 0 3; ]
1500900230[367 95 20 35 0 0 3; ]
1500900231[368 94 20 35 0 0 3; ]
1500900232[369 93 20 36 0 0 3; ]
1500900233[370 92 20 36 0 0 3; ]
1500900234[370 91 20 37 0 0 3; ]
1500900235[371 91 20 38 0 0 3; ]
1500900236[372 91 20 39 0 0 3; ]
1500900237[372 91 20 41 0 0 3; ]
1500900238[373 91 20 38 0 0 3; ]
1500900239[373 91 20 37 0 0 3; ]
1500900240[374 91 20 36 0 0 3; ]
1500900241[374 91 20 35 0 0 3; ]
1500900242[375 91 20 36 0 0 3; ]
1500900243[375 91 20 39 0 0 3; ]
1500900244[376 91 20 41 0 0 3; ]
1500900245[376 91 20 42 0 0 3; ]
1500900246[377 91 20 42 0 0 3; ]
1500900247[378 90 20 42 0 0 3; ]
1500900248[379 90 20 42 0 0 3; ]
1500900249[380 89 20 42 0 0 3; ]
1500900250[380 89 20 38 0 0 3; ]
1500900251[382 89 20 38 0 0 3; ]
1500900252[383 89 20 38 0 0 3; ]
1500900253[383 89 20 38 0 0 3; ]
1500900254[384 89 20 38 0 0 3; ]
1500900255[384 89 20 38 0 0 3; ]
1500900256[385 89 20 38 0 0 3; ]
1500900257[385 89 20 38 0 0 3; ]
1500900258[386 90 20 38 0 0 3; ]
1500900259[388 92 20 38 0 0 3; ]
1500900260[389 94 20 38 0 0 3; ]
1500900261[390 96 20 38 0 0 3; ]
1500900262[390 95 20 38 0 0 3; ]
1500900263[391 95 20 38 0 0 3; ]
1500900264[391 93 21 39 0 0 3; ]
1500900265[392 91 22 40 0 0 3; ]
1500900266[393 90 22 40 0 0 3; ]
1500900267[394 90 22 40 0 0 3; ]
1500900268[396 89 22 40 0 0 3; ]
1500900269[396 91 22 40 0 0 3; ]
1500900270[396 93 22 40 0 0 3; ]
1500900271[396 95 22 40 0 0 3; ]
1500900272[398 96 21 40 0 0 3; ]
1500900273[399 97 21 40 0 0 3; ]
1500900274[400 98 20 40 0 0 3; ]
1500900275[400 99 20 40 0 0 3; ]
1500900276[400 100 20 40 0 1 3; ]
1500900277[]
1500900278[]
1500900279[]
1500900280[]
1500900281[]
1500900282[]
1500900283[]
1500900284[]
1500900285[]
1500900286[]
1500900287[]
1500900288[]
1500900289[]
1500900290[]
1500900291[]
1500900292[]
1500900293[]
1500900294[]
1500900295[]
1500900296[]
1500900297[]
1500900298[]
1500900299[]
1500900300[]
1500900301[]
1500900302[]
1500900303[]
1500900304[]
1500900305[]
1500900306[]
1500900307[]
1500900308[]
1500900309[]
1500900310[]
1500900311[]
1500900312[]
1500900313[]
1500900314[]
1500900315[]
1500900316[]
1500900317[]
1500900318[]
1500900319[]
1500900320[]
1500900321[]
1500900322[]
1500900323[]
1500900324[]
1500900325[385 97 24 46 1 0 0; ]
1500900326[376 97 27 47 1 0 0; ]
1500900327[367 98 29 48 1 0 0; ]
1500900328[358 98 30 48 1 0 0; ]
1500900329[349 97 31 50 1 0 0; ]
1500900330[340 97 32 51 1 0 0; ]
1500900331[331 97 32 52 1 0 0; ]
1500900332[322 97 32 52 1 0 0; ]
1500900333[314 97 32 52 1 0 0; ]
1500900334[305 97 32 52 1 0 0; ]
1500900335[297 97 32 52 1 0 0; ]
1500900336[288 97 32 52 1 0 0; ]
1500900337[280 97 32 52 1 0 0; ]
1500900338[271 97 32 52 1 0 0; ]
1500900339[263 99 32 52 1 0 0; ]
1500900340[254 101 32 52 1 0 0; ]
1500900341[246 101 32 52 1 0 0; ]
1500900342[238 100 32 52 1 0 0; ]
1500900343[230 100 32 52 1 0 0; ]
1500900344[222 99 32 52 1 0 0; ]
1500900345[215 97 32 52 1 0 0; ]
1500900346[208 96 32 52 1 0 0; ]
1500900347[200 94 32 52 1 0 0; ]
1500900348[193 93 32 52 1 0 0; ]
1500900349[186 92 32 52 1 0 0; ]
1500900350[179 90 32 52 1 0 0; ]
1500900351[171 87 32 52 1 0 0; ]
1500900352[163 86 32 53 1 0 0; ]
1500900353[154 85 33 53 1 0 0; ]
1500900354[144 85 34 53 1 0 0; ]
1500900355[134 85 36 54 1 0 0; ]
1500900356[125 86 36 54 1 0 0; ]
1500900357[117 87 36 54 1 0 0; ]
1500900358[108 87 36 54 1 0 0; ]
1500900359[99 87 36 54 1 0 0; ]
1500900360[89 86 36 54 1 0 0; ]
1500900361[80 86 36 54 1 0 0; ]
1500900362[70 85 37 54 1 0 0; ]
1500900363[60 84 39 55 1 0 0; ]
1500900364[51 84 40 56 1 0 0; ]
1500900365[41 83 39 56 1 0 0; ]
1500900366[31 83 37 55 1 0 0; ]
1500900367[21 82 36 55 1 0 0; ]
1500900368[10 82 36 55 1 0 0; ]
1500900369[]
1500900370[]
1500900371[]
1500900372[]
1500900373[]
1500900374[]
1500900375[]
1500900376[]
1500900377[]
1500900378[]
1500900379[]
1500900380[]
1500900381[]
1500900382[]
1500900383[]
1500900384[]
1500900385[]
1500900386[]
1500900387[]
1500900388[]
1500900389[]
1500900390[]
1500900391[]
1500900392[]
1500900393[]
1500900394[]
1500900395[]
1500900396[]
1500900397[]
1500900398[]
1500900399[]
1500900400[]
1500900401[]
1500900402[]
1500900403[]
1500900404[]
1500900405[]
1500900406[]
1500900407[]
1500900408[]
1500900409[]
1500900410[]
1500900411[]
1500900412[]
1500900413[]
1500900414[]
1500900415[]
1500900416[]
1500900417[]
1500900418[]
1500900419[]
1500900420[]
1500900421[]
1500900422[]
1500900423[]
1500900424[]
1500900425[]
1500900426[]
1500900427[]
1500900428[]
1500900429[]
1500900430[]
1500900431[]
1500900432[]
1500900433[]
1500900434[]
1500900435[]
1500900436[]
1500900437[]
1500900438[]
1500900439[]
1500900440[]
1500900441[]
1500900442[]
1500900443[]
1500900444[]
1500900445[]
1500900446[]
1500900447[]
1500900448[]
1500900449[]
1500900450[]
1500900451[]
1500900452[]
1500900453[]
1500900454[]
1500900455[]
1500900456[]
1500900457[]
1500900458[]
1500900459[]
1500900460[]
1500900461[]
1500900462[]
1500900463[]
1500900464[]
1500900465[]
1500900466[]
1500900467[]
1500900468[]
1500900469[]
1500900470[20 96 21 49 92 1 3; ]
1500900471[19 97 20 48 92 1 3; ]
1500900472[19 97 20 48 92 1 3; ]
1500900473[19 97 20 47 92 1 3; ]
1500900474[18 97 19 46 92 1 3; ]
1500900475[18 98 19 46 92 1 3; ]
1500900476[17 98 18 45 92 1 3; ]
1500900477[17 98 18 44 92 1 3; ]
1500900478[17 99 17 43 92 1 3; ]
1500900479[16 99 17 43 92 1 3; ]
1500900480[15 99 17 43 92 1 3; ]
1500900481[14 98 17 43 92 1 3; ]
1500900482[13 98 18 43 92 1 3; ]
1500900483[12 97 18 43 92 1 3; ]
1500900484[11 96 19 43 92 1 3; ]
1500900485[10 97 18 43 92 1 3; ]
1500900486[9 97 18 43 92 1 3; ]
1500900487[8 98 18 43 92 1 3; ]
1500900488[8 98 18 43 92 1 3; ]
1500900489[7 99 18 44 92 1 3; ]
1500900490[6 99 18 44 92 1 3; ]
1500900491[5 99 18 44 92 1 3; ]
1500900492[5 97 18 45 92 1 3; ]
1500900493[4 96 18 45 92 1 3; ]
1500900494[3 94 18 46 92 1 3; ]
1500900495[2 93 18 46 92 1 3; ]
1500900496[1 92 18 47 92 1 3; ]
1500900497[1 91 18 47 92 1 3; ]
1500900498[0 91 18 47 92 1 3; ]
1500900499[]
1500900500[]
1500900501[]
1500900502[]
1500900503[]
1500900504[]
1500900505[]
1500900506[]
1500900507[]
1500900508[]
1500900509[]
1500900510[]
1500900511[]
1500900512[]
1500900513[]
1500900514[]
1500900515[]
1500900516[]
1500900517[]
1500900518[]
1500900519[]
1500900520[]
1500900521[]
1500900522[]
1500900523[]
1500900524[]
1500900525[]
1500900526[]
1500900527[]
1500900528[]
1500900529[]
1500900530[]
1500900531[]
1500900532[]
1500900533[]
1500900534[]
1500900535[]
1500900536[]
1500900537[]
1500900538[]
1500900539[]
1500900540[]
1500900541[]
1500900542[]
1500900543[]
1500900544[]
1500900545[]
1500900546[]
1500900547[]
1500900548[]
1500900549[]
1500900550[]
1500900551[]
1500900552[]
1500900553[]
1500900554[]
1500900555[]
1500900556[]
1500900557[]
1500900558[]
1500900559[]
1500900560[]
1500900561[]
1500900562[]
1500900563[]
1500900564[]
1500900565[]
1500900566[]
1500900567[]
1500900568[]
1500900569[]
1500900570[]
1500900571[]
1500900572[]
1500900573[]
1500900574[]
1500900575[]
1500900576[]
1500900577[]
1500900578[]
1500900579[]
1500900580[]
1500900581[]
1500900582[]
1500900583[]
1500900584[]
1500900585[]
1500900586[]
1500900587[]
1500900588[]
1500900589[]
1500900590[]
1500900591[]
1500900592[]
1500900593[]
1500900594[]
1500900595[]
1500900596[]
1500900597[]
1500900598[]
1500900599[]
1500900600[]
1500900601[]
1500900602[]
1500900603[]
1500900604[]
1500900605[]
1500900606[]
1500900607[]
1500900608[]
1500900609[]
1500900610[]
1500900611[]
1500900612[]
1500900613[]
1500900614[]
1500900615[]
1500900616[]
1500900617[]
1500900618[]
1500900619[]
1500900620[]
1500900621[]
1500900622[]
1500900623[]
1500900624[]
1500900625[]
1500900626[]
1500900627[]
1500900628[]
1500900629[]
1500900630[]
1500900631[]
1500900632[]
1500900633[]
1500900634[]
1500900635[]
1500900636[]
1500900637[]
1500900638[]
1500900639[]
1500900640[]
1500900641[]
1500900642[]
1500900643[]
1500900644[]
1500900645[]
1500900646[]
1500900647[]
1500900648[]
1500900649[]
1500900650[]
1500900651[]
1500900652[]
1500900653[]
1500900654[]
1500900655[]
1500900656[]
1500900657[]
1500900658[]
1500900659[]
1500900660[]
1500900661[]
1500900662[]
1500900663[]
1500900664[]
1500900665[]
1500900666[]
1500900667[]
1500900668[]
1500900669[]
1500900670[]
1500900671[]
1500900672[]
1500900673[]
1500900674[]
1500900675[]
1500900676[]
1500900677[]
1500900678[]
1500900679[]
1500900680[]
1500900681[]
1500900682[]
1500900683[]
1500900684[]
1500900685[]
1500900686[]
1500900687[]
1500900688[]
1500900689[]
1500900690[]
1500900691[]
1500900692[]
1500900693[]
1500900694[]
1500900695[]
1500900696[]
1500900697[]
1500900698[]
1500900699[]
1500900700[]
1500900701[]
1500900702[]
1500900703[]
1500900704[]
1500900705[]
1500900706[]
1500900707[]
1500900708[]
1500900709[]
1500900710[]
1500900711[]
1500900712[]
1500900713[]
1500900714[]
1500900715[]
1500900716[]
1500900717[]
1500900718[]
1500900719[]
1500900720[]
1500900721[]
1500900722[]
1500900723[]
1500900724[]
1500900725[]
1500900726[]
1500900727[]
1500900728[]
1500900729[]
1500900730[]
1500900731[]
1500900732[]
1500900733[]
1500900734[]
1500900735[]
1500900736[]
1500900737[]
1500900738[]
1500900739[]
1500900740[]
1500900741[]
1500900742[]
1500900743[]
1500900744[]
1500900745[]
1500900746[]
1500900747[]
1500900748[]
1500900749[]
1500900750[]
1500900751[]
1500900752[]
1500900753[]
1500900754[]
1500900755[]
1500900756[]
1500900757[]
1500900758[]
1500900759[]
1500900760[]
1500900761[]
1500900762[]
1500900763[]
1500900764[]
1500900765[]
1500900766[]
1500900767[]
1500900768[]
1500900769[]
1500900770[]
1500900771[]
1500900772[]
1500900773[]
1500900774[]
1500900775[]
1500900776[]
1500900777[]
1500900778[]
1500900779[]
1500900780[]
1500900781[]
1500900782[]
1500900783[]
1500900784[]
1500900785[]
1500900786[]
1500900787[]
1500900788[291 101 20 30 3 0 0; ]
1500900789[293 101 20 31 3 0 0; ]
1500900790[295 99 20 31 3 0 0; ]
1500900791[296 95 20 31 3 0 0; ]
1500900792[298 92 20 31 3 0 0; ]
1500900793[301 91 20 32 3 0 0; ]
1500900794[305 90 20 33 3 0 0; ]
1500900795[309 89 20 34 3 0 0; ]
1500900796[312 91 20 32 3 0 0; ]
1500900797[315 92 20 31 3 0 0; ]
1500900798[319 92 20 30 3 0 0; ]
1500900799[322 92 20 30 3 0 0; ]
1500900800[325 91 20 30 3 0 0; ]
1500900801[328 90 20 30 3 0 0; ]
1500900802[331 90 20 30 3 0 0; ]
1500900803[334 90 20 30 3 0 0; ]
1500900804[337 90 20 30 3 0 0; ]
1500900805[340 90 20 30 3 0 0; ]
1500900806[343 91 20 30 3 0 0; ]
1500900807[346 92 20 30 3 0 0; ]
1500900808[349 93 20 30 3 0 0; ]
1500900809[351 95 20 30 3 0 0; ]
1500900810[353 96 20 30 3 0 0; ]
1500900811[355 97 20 30 3 0 0; ]
1500900812[358 96 20 30 3 0 0; ]
1500900813[360 96 20 30 3 0 0; ]
1500900814[363 96 20 30 3 0 0; ]
1500900815[364 96 20 30 3 0 0; ]
1500900816[366 95 20 30 3 0 0; ]
1500900817[366 95 20 30 3 0 0; ]
1500900818[367 95 20 30 3 0 0; ]
1500900819[368 94 20 30 3 0 0; ]
1500900820[370 94 20 30 3 0 0; ]
1500900821[372 92 20 31 3 0 0; ]
1500900822[374 91 20 31 3 0 0; ]
1500900823[377 89 20 32 3 0 0; ]
1500900824[378 88 20 31 3 0 0; ]
1500900825[379 88 20 30 3 0 0; ]
1500900826[381 88 20 30 3 0 0; ]
1500900827[382 88 20 30 3 0 0; ]
1500900828[384 88 20 30 3 0 0; ]
1500900829[385 88 20 30 3 0 0; ]
1500900830[387 88 20 30 3 0 0; ]
1500900831[388 88 20 30 3 0 0; ]
1500900832[389 88 20 30 3 0 0; ]
1500900833[390 88 20 30 3 0 0; ]
1500900834[391 88 20 30 3 0 0; ]
1500900835[392 88 20 30 3 0 0; ]
1500900836[392 90 20 31 3 0 0; ]
1500900837[393 92 20 31 3 0 0; ]
1500900838[393 94 20 32 3 0 0; 491 94 20 30 7 0 0; ]
1500900839[392 96 20 32 3 0 0; 488 95 20 31 7 0 0; ]
1500900840[391 97 20 32 3 0 0; 485 97 20 32 7 0 0; ]
1500900841[390 98 20 32 3 0 0; 482 98 20 32 7 0 0; ]
1500900842[389 99 20 32 3 0 0; 218 100 20 31 6 0 0; 479 98 20 32 7 0 0; ]
1500900843[389 99 20 32 3 0 0; 218 100 20 33 6 0 0; 475 98 20 32 7 0 0; ]
1500900844[389 99 20 32 3 0 0; 218 100 20 33 6 0 0; 472 99 20 32 7 0 0; ]
1500900845[388 99 20 32 3 0 0; 308 99 20 30 5 0 0; 218 100 20 33 6 0 0; 469 99 20 32 7 0 0; ]
1500900846[388 99 20 32 3 0 0; 309 98 20 31 5 0 0; 218 100 20 33 6 0 0; 466 99 20 32 7 0 0; ]
1500900847[388 98 20 32 3 0 0; 310 97 20 32 5 0 0; 218 100 20 32 6 0 0; 463 99 20 31 7 0 0; ]
1500900848[388 97 20 32 3 0 0; 310 97 20 32 5 0 0; 218 100 20 32 6 0 0; 461 99 20 30 7 0 0; ]
1500900849[388 96 20 32 3 0 0; 311 97 20 32 5 0 0; 219 99 20 32 6 0 0; 459 98 20 30 7 0 0; ]
1500900850[388 96 20 32 3 0 0; 312 97 20 32 5 0 0; 220 98 20 32 6 0 0; 457 97 20 30 7 0 0; ]
1500900851[389 96 20 32 3 0 0; 313 97 20 32 5 0 0; 222 97 20 32 6 0 0; 456 97 20 30 7 0 0; ]
1500900852[390 96 20 32 3 0 0; 315 97 20 32 5 0 0; 224 97 20 32 6 0 0; 454 96 20 30 7 0 0; ]
1500900853[391 96 20 32 3 0 0; 317 96 20 32 5 0 0; 225 97 20 32 6 0 0; 453 96 20 30 7 0 0; ]
1500900854[394 95 20 33 3 0 0; 320 96 20 32 5 0 0; 227 97 20 32 6 0 0; 451 96 20 30 7 0 0; ]
1500900855[396 93 20 34 3 0 0; 323 96 20 32 5 0 0; 229 98 20 32 6 0 0; 451 96 20 30 7 0 0; ]
1500900856[399 92 20 34 3 0 0; 326 95 20 32 5 0 0; 232 93 20 32 6 0 0; 450 94 20 31 7 0 0; ]
1500900857[400 91 20 34 3 0 0; 329 93 20 32 5 0 0; 235 90 20 32 6 0 0; 450 91 20 33 7 0 0; ]
1500900858[402 90 20 34 3 0 0; 333 91 20 32 5 0 0; 237 88 20 32 6 0 0; 450 87 20 35 7 0 0; ]
1500900859[404 88 20 34 3 0 0; 336 89 20 32 5 0 0; 238 87 20 32 6 0 0; 450 86 20 35 7 0 0; ]
1500900860[406 87 20 34 3 0 0; 339 87 20 32 5 0 0; 449 85 20 35 7 0 0; ]
1500900861[407 85 20 34 3 0 0; 342 86 20 32 5 0 0; 449 85 20 34 7 0 0; ]
1500900862[409 82 20 34 3 0 0; 345 85 20 32 5 0 0; 448 85 20 32 7 0 0; ]
1500900863[411 79 20 34 3 0 0; 348 83 20 32 5 0 0; 217 85 20 31 8 0 3; ]
1500900864[413 78 20 34 3 0 0; 351 83 20 32 5 0 0; 218 85 20 31 8 0 3; ]
1500900865[414 79 20 34 3 0 0; 354 82 20 32 5 0 0; 445 84 20 30 7 0 0; 219 85 20 31 8 0 3; ]
1500900866[416 80 20 34 3 0 0; 356 83 20 32 5 0 0; 443 84 20 30 7 0 0; 220 85 20 31 8 0 3; ]
1500900867[417 82 20 34 3 0 0; 359 85 20 32 5 0 0; 442 84 20 30 7 0 0; 221 85 20 31 8 0 3; ]
1500900868[419 86 20 34 3 0 0; 361 86 20 32 5 0 0; 441 86 20 30 7 0 0; 223 87 20 31 8 0 3; ]
1500900869[420 88 20 34 3 0 0; 364 87 20 32 5 0 0; 441 88 20 30 7 0 0; 224 88 20 31 8 0 3; ]
1500900870[421 89 20 34 3 0 0; 366 87 20 32 5 0 0; 441 88 20 30 7 0 0; 225 89 20 31 8 0 3; ]
1500900871[423 89 20 34 3 0 0; 368 87 20 32 5 0 0; 439 88 20 30 7 0 0; 226 89 20 31 8 0 3; ]
1500900872[425 87 20 34 3 0 0; 371 87 20 32 5 0 0; 437 87 20 30 7 0 0; 227 90 20 31 8 0 3; ]
1500900873[374 87 20 32 5 0 0; 227 90 20 31 8 0 3; 428 85 23 35 10 0 3; ]
1500900874[376 87 20 32 5 0 0; 228 90 20 31 8 0 3; 428 86 23 35 10 0 3; ]
1500900875[379 87 20 32 5 0 0; 229 90 20 31 8 0 3; 428 87 23 35 10 0 3; ]
1500900876[382 87 20 32 5 0 0; 230 90 20 31 8 0 3; 429 88 23 35 10 0 3; ]
1500900877[385 87 20 32 5 0 0; 232 90 20 31 8 0 3; 429 88 23 35 10 0 3; ]
1500900878[389 88 20 32 5 0 0; 233 90 20 31 8 0 3; 430 88 23 35 10 0 3; ]
1500900879[392 89 20 32 5 0 0; 235 90 20 31 8 0 3; 281 92 20 30 9 0 0; 431 88 23 35 10 0 3; ]
1500900880[393 89 20 32 5 0 0; 236 90 20 31 8 0 3; 283 92 20 30 9 0 0; 431 88 23 35 10 0 3; ]
1500900881[395 89 20 32 5 0 0; 237 90 20 31 8 0 3; 285 92 20 30 9 0 0; 431 88 25 35 10 0 3; ]
1500900882[398 90 20 32 5 0 0; 239 91 20 31 8 0 3; 287 92 20 30 9 0 0; 427 88 31 36 10 0 3; ]
1500900883[402 90 20 32 5 0 0; 240 93 20 31 8 0 3; 289 92 20 30 9 0 0; 441 91 21 33 11 0 0; 426 92 20 30 12 0 3; ]
1500900884[405 89 20 32 5 0 0; 292 92 20 30 9 0 0; 443 90 21 33 11 0 0; 426 91 20 31 12 0 3; ]
1500900885[408 88 20 32 5 0 0; 294 92 20 30 9 0 0; 444 89 21 33 11 0 0; 426 89 20 32 12 0 3; ]
1500900886[297 92 20 30 9 0 0; 446 88 21 33 11 0 0; 413 87 26 34 13 0 2; ]
1500900887[300 92 20 30 9 0 0; 448 88 21 33 11 0 0; 415 89 26 34 13 0 2; ]
1500900888[303 91 20 30 9 0 0; 450 88 21 33 11 0 0; 416 90 26 34 13 0 2; ]
1500900889[306 90 20 32 9 0 0; 453 87 21 34 11 0 0; 418 90 26 34 13 0 2; ]
1500900890[308 90 20 33 9 0 0; 455 87 21 34 11 0 0; 419 88 26 35 13 0 2; ]
1500900891[311 89 20 34 9 0 0; 457 87 21 34 11 0 0; 420 87 25 35 13 0 2; ]
1500900892[313 89 20 34 9 0 0; 459 88 21 34 11 0 0; 419 87 27 35 13 0 2; ]
1500900893[316 89 20 34 9 0 0; 461 89 21 34 11 0 0; 418 88 31 33 13 0 2; ]
1500900894[319 90 20 34 9 0 0; 463 90 21 34 11 0 0; 434 89 21 36 14 0 3; 416 90 20 32 16 0 0; ]
1500900895[321 91 20 34 9 0 0; 465 90 21 34 11 0 0; 437 88 21 36 14 0 3; 416 90 20 33 16 0 0; ]
1500900896[324 91 20 34 9 0 0; 467 90 21 34 11 0 0; 441 88 21 36 14 0 3; 415 90 20 34 16 0 0; ]
1500900897[325 91 20 35 9 0 0; 470 90 21 34 11 0 0; 444 88 21 36 14 0 3; 415 89 20 34 16 0 0; ]
1500900898[327 90 20 37 9 0 0; 473 89 21 34 11 0 0; 447 88 21 36 14 0 3; 415 89 20 34 16 0 0; ]
1500900899[329 89 20 39 9 0 0; 474 89 21 34 11 0 0; 450 90 21 35 14 0 3; 414 89 20 34 16 0 0; ]
1500900900[331 89 20 39 9 0 0; 476 89 21 34 11 0 0; 453 90 21 34 14 0 3; 412 88 20 34 16 0 0; ]
1500900901[333 89 20 39 9 0 0; 477 90 21 34 11 0 0; 456 90 21 34 14 0 3; 410 88 20 34 16 0 0; ]
1500900902[335 90 20 39 9 0 0; 479 90 21 34 11 0 0; 459 90 21 34 14 0 3; 408 88 20 34 16 0 0; 267 92 20 33 20 0 0; ]
1500900903[338 91 20 39 9 0 0; 480 91 21 34 11 0 0; 461 90 21 34 14 0 3; 407 90 20 34 16 0 0; 269 94 20 33 20 0 0; ]
1500900904[340 92 20 38 9 0 0; 482 92 21 34 11 0 0; 465 91 21 34 14 0 3; 407 94 20 34 16 0 0; 270 96 20 33 20 0 0; ]
1500900905[342 93 20 37 9 0 0; 483 94 21 34 11 0 0; 467 93 21 34 14 0 3; 405 97 20 34 16 0 0; 271 97 20 33 20 0 0; ]
1500900906[344 94 20 37 9 0 0; 484 96 21 34 11 0 0; 467 96 21 34 14 0 3; 404 97 20 34 16 0 0; 273 97 20 33 20 0 0; ]
1500900907[346 94 20 36 9 0 0; 474 97 33 33 15 0 2; 401 96 20 34 16 0 0; 274 97 20 33 20 0 0; 183 97 21 30 43 1 2; ]
1500900908[348 95 20 36 9 0 0; 475 97 32 34 15 0 2; 398 96 20 34 16 0 0; 275 97 20 33 20 0 0; 183 97 21 31 43 1 2; ]
1500900909[349 96 20 36 9 0 0; 476 97 32 34 15 0 2; 395 96 20 34 16 0 0; 276 97 20 33 20 0 0; 182 97 21 33 43 1 2; ]
1500900910[351 97 20 36 9 0 0; 477 98 31 34 15 0 2; 394 96 20 34 16 0 0; 276 97 20 33 20 0 0; 182 97 21 33 43 1 2; ]
1500900911[352 98 20 36 9 0 0; 479 98 31 34 15 0 2; 392 96 20 34 16 0 0; 276 97 20 33 20 0 0; 182 97 21 33 43 1 2; ]
1500900912[353 98 20 36 9 0 0; 391 96 20 34 16 0 0; 276 97 20 32 20 0 0; 182 97 21 33 43 1 2; ]
1500900913[354 97 20 36 9 0 0; 389 96 20 34 16 0 0; 277 97 20 32 20 0 0; 182 97 21 33 43 1 2; ]
1500900914[355 97 20 36 9 0 0; 387 95 20 34 16 0 0; 277 97 20 32 20 0 0; 182 97 21 33 43 1 2; ]
1500900915[356 97 20 36 9 0 0; 385 95 20 35 16 0 0; 278 97 20 32 20 0 0; 182 97 21 33 43 1 2; ]
1500900916[359 96 20 36 9 0 0; 383 95 20 36 16 0 0; 280 97 20 33 20 0 0; 182 97 21 33 43 1 2; ]
1500900917[362 94 20 36 9 0 0; 380 94 20 36 16 0 0; 282 98 20 33 20 0 0; 183 97 22 33 43 1 2; ]
1500900918[366 92 20 36 9 0 0; 380 94 20 36 16 0 0; 284 97 20 33 20 0 0; 183 97 22 33 43 1 2; ]
1500900919[368 91 29 41 17 0 2; 287 97 20 33 20 0 0; 184 97 22 33 43 1 2; ]
1500900920[368 91 29 41 17 0 2; 289 97 20 33 20 0 0; 185 97 22 34 43 1 2; ]
1500900921[372 91 25 41 17 0 2; 291 96 20 33 20 0 0; 185 97 23 35 43 1 2; ]
1500900922[375 91 23 41 17 0 2; 294 96 20 33 20 0 0; 186 97 23 35 43 1 2; ]
1500900923[374 92 24 40 17 0 2; 295 96 20 33 20 0 0; 187 96 23 36 43 1 2; ]
1500900924[376 91 25 38 17 0 2; 297 96 20 33 20 0 0; 188 96 24 38 43 1 2; 53 95 21 34 94 1 0; ]
1500900925[376 91 28 40 17 0 2; 299 96 20 33 20 0 0; 188 96 25 40 43 1 2; 55 95 20 34 94 1 0; ]
1500900926[389 97 20 35 18 0 0; 373 93 20 38 19 0 0; 301 96 20 33 20 0 0; 196 96 20 35 26 0 1; 58 95 20 34 94 1 0; ]
1500900927[391 95 20 35 18 0 0; 373 92 20 37 19 0 0; 303 96 20 33 20 0 0; 197 97 20 35 26 0 1; 61 95 19 34 94 1 0; ]
1500900928[394 93 20 35 18 0 0; 372 91 20 37 19 0 0; 305 96 20 33 20 0 0; 193 98 21 34 27 0 2; 63 95 19 34 94 1 0; ]
1500900929[396 93 20 35 18 0 0; 372 90 20 37 19 0 0; 307 96 20 33 20 0 0; 194 98 22 34 27 0 2; 44 94 20 35 38 0 0; 63 95 19 34 94 1 0; ]
1500900930[399 92 20 35 18 0 0; 371 90 20 36 19 0 0; 309 96 20 33 20 0 0; 194 97 23 35 27 0 2; 66 97 24 35 37 0 0; 46 96 20 35 38 0 0; ]
1500900931[402 93 20 35 18 0 0; 370 91 20 36 19 0 0; 312 97 20 33 20 0 0; 195 97 23 35 27 0 2; 68 97 24 35 37 0 0; 47 97 20 35 38 0 0; ]
1500900932[406 93 20 35 18 0 0; 368 92 20 36 19 0 0; 314 96 20 33 20 0 0; 195 97 24 35 27 0 2; 70 98 24 35 37 0 0; 49 98 20 35 38 0 0; ]
1500900933[409 94 20 35 18 0 0; 367 92 20 36 19 0 0; 317 96 20 33 20 0 0; 196 96 25 36 27 0 2; 72 98 24 35 37 0 0; ]
1500900934[413 94 20 35 18 0 0; 365 92 20 37 19 0 0; 320 95 20 33 20 0 0; 197 95 25 37 27 0 2; 74 97 24 36 37 0 0; ]
1500900935[415 94 20 35 18 0 0; 363 91 22 38 19 0 0; 322 94 20 33 20 0 0; 198 93 26 37 27 0 2; 75 97 24 38 37 0 0; ]
1500900936[417 93 20 35 18 0 0; 361 91 23 39 19 0 0; 323 94 20 33 20 0 0; 199 92 26 38 27 0 2; 77 96 24 39 37 0 0; 60 91 20 42 39 1 0; ]
1500900937[419 92 20 35 18 0 0; 360 90 24 40 19 0 0; 325 93 20 33 20 0 0; 201 91 26 37 27 0 2; 79 94 24 40 37 0 0; 61 91 20 42 39 0 0; ]
1500900938[422 91 20 35 18 0 0; 358 90 24 40 19 0 0; 326 92 20 33 20 0 0; 202 90 27 37 27 0 2; 82 93 24 40 37 0 0; 63 90 20 42 39 0 0; ]
1500900939[425 90 20 35 18 0 0; 357 89 24 40 19 0 0; 330 90 20 34 20 0 0; 203 90 27 37 27 0 2; 85 91 24 40 37 0 0; 65 89 20 42 39 0 0; ]
1500900940[429 89 20 35 18 0 0; 356 88 24 40 19 0 0; 333 89 20 34 20 0 0; 204 89 27 37 27 0 2; 88 90 24 40 37 0 0; 67 89 20 42 39 0 0; ]
1500900941[433 88 20 35 18 0 0; 355 88 24 40 19 0 0; 336 89 20 34 20 0 0; 205 90 27 37 27 0 2; 90 89 24 40 37 0 0; 68 89 20 42 39 0 0; ]
1500900942[435 88 20 35 18 0 0; 354 88 22 37 19 0 0; 337 89 20 34 20 0 0; 206 90 27 37 27 0 2; 92 89 24 40 37 0 0; 70 88 20 42 39 0 0; ]
1500900943[437 88 20 35 18 0 0; 354 89 21 34 19 0 0; 338 90 20 34 20 0 0; 207 92 27 37 27 0 2; 94 89 24 40 37 0 0; 72 88 20 42 39 1 0; ]
1500900944[440 88 20 35 18 0 0; 340 88 33 40 21 0 2; 208 92 26 37 27 0 2; 96 90 24 40 37 0 0; 74 88 20 42 39 1 0; ]
1500900945[443 89 20 35 18 0 0; 343 91 28 39 21 0 2; 209 92 25 37 27 0 2; 97 91 24 40 37 0 0; 77 91 20 42 39 1 0; ]
1500900946[447 90 20 35 18 0 0; 345 91 25 39 21 0 2; 210 93 24 37 27 0 2; 99 92 23 40 37 0 0; 80 91 20 42 39 1 0; ]
1500900947[451 91 20 35 18 0 0; 346 90 24 39 21 0 2; 212 93 24 37 27 0 2; 101 92 22 40 37 0 0; 82 91 20 42 39 0 0; ]
1500900948[454 92 20 35 18 0 0; 346 89 23 40 21 0 2; 213 93 24 37 27 0 2; 104 92 21 40 37 0 0; 84 91 20 42 39 0 0; ]
1500900949[457 93 20 36 18 0 0; 346 88 25 42 21 0 2; 215 93 24 38 27 0 2; 106 92 21 40 37 0 0; 87 91 20 42 39 0 0; ]
1500900950[460 93 20 37 18 0 0; 346 87 29 44 21 0 2; 216 93 24 38 27 0 2; 108 92 21 40 37 0 0; 89 91 20 42 39 0 0; ]
1500900951[463 93 20 38 18 0 0; 346 92 31 36 21 0 2; 218 93 24 38 27 0 2; 110 92 21 40 37 0 0; 91 91 20 42 39 0 0; ]
1500900952[466 93 20 39 18 0 0; 361 98 20 35 22 0 0; 343 96 20 35 23 0 0; 219 93 24 38 27 0 2; 112 93 21 40 37 0 0; 95 92 20 42 39 0 0; ]
1500900953[469 94 20 39 18 0 0; 366 96 20 35 22 0 0; 342 96 20 35 23 0 0; 221 94 24 38 27 0 2; 114 93 21 40 37 0 0; 98 92 20 42 39 0 0; ]
1500900954[472 95 20 39 18 0 0; 369 96 20 35 22 0 0; 341 96 20 35 23 0 0; 223 95 24 38 27 0 2; 195 99 20 30 28 0 0; 116 94 21 40 37 0 0; 100 93 20 42 39 0 0; ]
1500900955[475 96 20 39 18 0 0; 372 96 20 35 22 0 0; 340 96 20 35 23 0 0; 224 96 24 38 27 0 2; 197 100 20 31 28 0 0; 117 96 21 40 37 0 0; 103 94 20 42 39 0 0; ]
1500900956[479 98 20 39 18 0 0; 375 97 20 35 22 0 0; 338 95 21 36 23 0 0; 225 97 24 38 27 0 2; 199 101 20 31 28 0 0; 119 97 21 40 37 0 0; 105 96 20 42 39 0 0; ]
1500900957[482 98 20 39 18 0 0; 377 99 20 35 22 0 0; 337 95 22 37 23 0 0; 226 97 24 38 27 0 2; 201 102 20 32 28 0 0; 120 99 21 40 37 0 0; 108 98 20 42 39 0 0; ]
1500900958[486 98 20 39 18 0 0; 379 100 20 35 22 0 0; 335 95 24 39 23 0 0; 227 98 24 38 27 0 2; 203 102 20 32 28 0 0; 108 97 38 46 40 0 2; ]
1500900959[489 98 20 39 18 0 0; 381 99 20 35 22 0 0; 334 94 24 40 23 0 0; 229 97 24 38 27 0 2; 206 102 20 32 28 0 0; 109 96 38 46 40 0 2; ]
1500900960[383 98 20 35 22 0 0; 332 94 24 40 23 0 0; 230 95 24 38 27 0 2; 208 100 20 33 28 0 0; 111 96 38 46 40 0 2; ]
1500900961[386 96 20 35 22 0 0; 330 93 24 41 23 0 0; 232 94 24 38 27 0 2; 211 98 20 33 28 0 0; 113 95 38 46 40 0 2; ]
1500900962[389 93 20 35 22 0 0; 329 92 24 42 23 0 0; 234 92 24 38 27 0 2; 214 97 20 33 28 0 0; 115 93 38 46 40 0 2; ]
1500900963[393 91 20 35 22 0 0; 328 90 24 43 23 0 0; 236 89 24 38 27 0 2; 216 95 20 33 28 0 0; 117 91 38 46 40 0 2; ]
1500900964[397 87 20 35 22 0 0; 328 86 23 44 23 0 0; 238 87 24 38 27 0 2; 219 92 20 33 28 0 0; 120 87 37 46 40 0 2; ]
1500900965[400 85 20 35 22 0 0; 327 82 22 44 23 0 0; 239 85 24 38 27 0 2; 221 89 20 33 28 0 0; 123 83 36 46 40 0 2; ]
1500900966[402 83 20 35 22 0 0; 326 81 22 44 23 0 0; 240 84 24 38 27 0 2; 224 86 20 33 28 0 0; 126 80 35 46 40 0 2; ]
1500900967[403 81 20 35 22 0 0; 323 79 22 43 23 0 0; 225 80 42 40 29 0 2; 129 79 34 46 40 0 2; ]
1500900968[407 81 20 35 22 0 0; 322 79 22 43 23 0 0; 228 81 41 40 29 0 2; 131 78 32 45 40 0 2; ]
1500900969[410 81 20 35 22 0 0; 320 79 22 43 23 0 0; 231 81 40 40 29 0 2; 134 77 30 44 40 0 2; ]
1500900970[413 81 20 35 22 0 0; 319 79 22 43 23 0 0; 234 82 39 40 29 0 2; 137 78 29 44 40 0 2; ]
1500900971[416 82 20 35 22 0 0; 317 79 22 43 23 0 0; 237 82 38 40 29 0 2; 140 79 28 44 40 0 2; ]
1500900972[419 83 20 35 22 0 0; 316 80 22 43 23 0 0; 240 83 37 40 29 0 2; 143 81 28 44 40 0 2; ]
1500900973[421 84 20 35 22 0 0; 315 80 22 43 23 0 0; 242 84 36 41 29 0 2; 146 83 28 44 40 0 2; ]
1500900974[423 85 20 35 22 0 0; 313 81 22 43 23 0 0; 244 85 34 42 29 0 2; 148 85 28 44 40 0 2; ]
1500900975[426 86 20 36 22 0 0; 312 82 22 43 23 0 0; 247 87 32 42 29 0 2; 150 86 28 44 40 0 2; ]
1500900976[428 87 20 36 22 0 0; 311 84 22 43 23 0 0; 250 89 30 42 29 0 2; 152 86 28 44 40 0 2; ]
1500900977[430 88 21 37 22 0 0; 309 85 22 43 23 0 0; 252 90 29 42 29 0 2; 154 87 28 44 40 0 2; ]
1500900978[433 88 21 38 22 0 0; 308 86 22 43 23 0 0; 255 90 29 42 29 0 2; 155 87 28 44 40 0 2; ]
1500900979[435 88 21 38 22 0 0; 307 86 22 43 23 0 0; 257 89 29 42 29 0 2; 157 87 28 44 40 0 2; 109 88 20 38 64 0 0; ]
1500900980[438 88 21 38 22 0 0; 305 87 22 43 23 0 0; 260 88 29 43 29 0 2; 158 87 28 44 40 0 2; 109 88 20 38 64 0 0; ]
1500900981[442 88 21 38 22 0 0; 304 87 22 43 23 0 0; 261 87 30 44 29 0 2; 160 86 28 44 40 0 2; 109 88 20 38 64 0 0; ]
1500900982[445 88 21 38 22 0 0; 302 87 22 43 23 0 0; 262 86 30 44 29 0 2; 162 86 28 44 40 0 2; 109 88 20 38 64 0 0; ]
1500900983[449 88 21 38 22 0 0; 301 86 22 43 23 0 0; 264 86 31 45 29 0 2; 165 86 28 44 40 0 2; 109 88 20 38 64 0 0; ]
1500900984[453 88 21 38 22 0 0; 301 86 22 43 23 0 0; 268 86 31 45 29 0 2; 168 86 28 44 40 0 2; 109 88 20 38 64 0 0; ]
1500900985[457 88 21 38 22 0 0; 269 87 53 43 24 0 2; 172 87 28 44 40 0 2; 109 88 20 38 64 0 0; ]
1500900986[461 89 21 38 22 0 0; 269 88 53 43 24 0 2; 176 89 28 44 40 0 2; 110 89 20 38 64 0 0; ]
1500900987[465 91 21 38 22 0 0; 270 88 53 43 24 0 2; 180 89 28 44 40 0 2; 111 89 20 38 64 0 0; ]
1500900988[468 92 21 38 22 0 0; 272 89 53 43 24 0 2; 183 89 28 44 40 0 2; 111 90 20 38 64 0 0; ]
1500900989[472 92 21 38 22 0 0; 274 89 53 43 24 0 2; 186 89 28 44 40 0 2; 112 90 20 38 64 0 0; ]
1500900990[477 92 21 38 22 0 0; 276 90 53 42 24 0 2; 188 89 28 44 40 0 2; 113 90 20 38 64 0 0; ]
1500900991[481 91 21 38 22 0 0; 279 90 53 42 24 0 2; 190 89 28 44 40 0 2; 113 90 20 38 64 0 0; ]
1500900992[484 90 21 38 22 0 0; 283 90 32 45 24 0 2; 312 90 27 46 25 0 0; 192 89 28 44 40 0 2; 114 89 20 38 64 0 0; ]
1500900993[488 87 21 38 22 0 0; 287 89 31 46 24 0 2; 317 91 27 46 25 0 0; 195 89 28 44 40 0 2; 115 89 20 38 64 0 0; ]
1500900994[291 87 30 46 24 0 2; 322 91 27 46 25 0 0; 199 88 28 44 40 0 2; 115 88 20 39 64 0 0; ]
1500900995[292 86 30 46 24 0 2; 327 91 27 46 25 0 0; 203 88 28 44 40 0 2; 115 87 20 39 64 0 0; ]
1500900996[290 86 34 46 24 0 2; 331 91 27 46 25 0 0; 207 87 28 44 40 0 2; 116 86 20 39 64 0 0; ]
1500900997[287 86 40 46 24 0 2; 334 89 27 46 25 0 0; 209 86 28 44 40 0 2; 116 85 20 39 64 0 0; ]
1500900998[282 85 47 46 24 0 2; 337 88 27 46 25 0 0; 211 85 28 44 40 0 2; 116 84 20 40 64 0 0; ]
1500900999[279 84 50 45 24 0 2; 341 87 27 46 25 0 0; 213 84 28 44 40 0 2; 116 84 20 40 64 0 0; ]
1500901000[283 84 48 45 24 0 2; 345 85 27 46 25 0 0; 215 84 28 44 40 0 2; 116 84 20 40 64 0 0; ]
1500901001[291 84 41 45 24 0 2; 349 85 27 46 25 0 0; 278 81 26 42 30 0 0; 218 84 28 44 40 0 2; 116 84 20 40 64 0 0; ]
1500901002[299 84 35 45 24 0 2; 353 84 27 46 25 0 0; 277 81 25 41 30 0 0; 220 84 28 44 40 0 2; 116 84 20 40 64 0 0; ]
1500901003[303 84 32 45 24 0 2; 356 84 27 46 25 0 0; 276 81 23 40 30 0 0; 222 85 28 44 40 0 2; 116 84 20 40 64 0 0; ]
1500901004[304 83 32 45 24 0 2; 360 84 27 46 25 0 0; 275 81 22 40 30 0 0; 223 85 28 44 40 0 2; 115 84 20 40 64 0 0; ]
1500901005[304 83 33 45 24 0 2; 363 83 27 46 25 0 0; 274 80 22 40 30 0 0; 224 85 29 44 40 0 2; 115 84 20 40 64 0 0; ]
1500901006[304 82 35 44 24 0 2; 367 83 27 46 25 0 0; 272 80 22 41 30 0 0; 225 85 30 44 40 0 2; 114 83 20 40 64 0 0; ]
1500901007[306 82 35 44 24 0 2; 371 82 27 46 25 0 0; 269 80 22 42 30 0 0; 226 85 30 44 40 0 2; 114 82 20 40 64 0 0; ]
1500901008[307 82 35 44 24 0 2; 375 82 27 45 25 0 0; 266 80 22 44 30 0 0; 228 84 30 44 40 0 2; 113 81 20 40 64 0 0; ]
1500901009[309 82 35 44 24 0 2; 378 82 27 44 25 0 0; 264 79 22 45 30 0 0; 230 83 30 44 40 0 2; 113 80 20 40 64 0 0; ]
1500901010[311 82 34 44 24 0 2; 382 82 27 43 25 0 0; 262 78 22 45 30 0 0; 232 82 30 44 40 0 2; 112 80 20 41 64 0 0; ]
1500901011[314 82 32 44 24 0 2; 386 82 27 43 25 0 0; 261 77 22 45 30 0 0; 234 81 30 44 40 0 2; 112 79 20 41 64 0 0; ]
1500901012[316 82 30 43 24 0 2; 390 82 27 43 25 0 0; 234 80 45 48 31 0 2; 111 79 20 41 64 0 0; ]
1500901013[318 81 29 43 24 0 2; 394 81 27 43 25 0 0; 235 79 40 50 31 0 2; 111 79 20 41 64 0 0; ]
1500901014[318 81 30 44 24 0 2; 397 80 27 43 25 0 0; 237 77 37 52 31 0 2; 110 79 20 42 64 0 0; ]
1500901015[319 81 31 46 24 0 2; 401 79 27 43 25 0 0; 238 77 35 53 31 0 2; 110 78 20 42 64 0 0; ]
1500901016[319 81 32 48 24 0 2; 405 80 27 43 25 0 0; 240 77 35 53 31 0 2; 109 78 20 42 64 0 0; ]
1500901017[320 80 32 48 24 0 2; 410 80 27 43 25 0 0; 242 78 35 53 31 0 2; 109 78 20 43 64 0 0; ]
1500901018[321 80 32 48 24 0 2; 414 81 27 43 25 0 0; 243 78 35 53 31 0 2; 108 78 20 43 64 0 0; ]
1500901019[323 80 32 48 24 0 2; 418 81 27 43 25 0 0; 242 78 38 52 31 0 2; 107 78 20 44 64 0 0; ]
1500901020[325 79 32 48 24 0 2; 421 81 27 43 25 0 0; 239 79 45 50 31 0 2; 107 78 20 44 64 0 0; ]
1500901021[328 79 32 48 24 0 2; 425 81 27 43 25 0 0; 235 79 54 48 31 0 2; 106 79 20 44 64 0 0; ]
1500901022[328 79 32 48 24 0 2; 429 81 27 43 25 0 0; 253 81 33 48 31 0 2; 233 80 23 43 32 0 0; 105 79 20 45 64 0 0; ]
1500901023[329 79 32 48 24 0 2; 432 82 27 43 25 0 0; 255 81 34 48 31 0 2; 231 80 24 43 32 0 0; 105 79 20 45 64 0 0; ]
1500901024[330 79 33 48 24 0 2; 435 82 27 43 25 0 0; 256 81 35 48 31 0 2; 228 80 24 43 32 0 0; 104 79 20 45 64 0 0; ]
1500901025[331 79 34 48 24 0 2; 439 82 27 43 25 0 0; 258 80 36 48 31 0 2; 226 80 25 44 32 0 0; 103 79 20 45 64 0 0; ]
1500901026[333 78 35 48 24 0 2; 443 82 27 44 25 0 0; 260 80 37 49 31 0 2; 224 79 25 44 32 0 0; 102 79 20 45 64 0 0; ]
1500901027[334 78 35 48 24 0 2; 447 80 28 45 25 0 0; 262 80 39 51 31 0 2; 222 78 25 45 32 0 0; 102 79 20 45 64 0 0; ]
1500901028[335 78 35 48 24 0 2; 451 79 28 46 25 0 0; 264 80 39 52 31 0 2; 220 77 25 46 32 0 0; 101 79 20 45 64 0 0; ]
1500901029[337 78 35 48 24 0 2; 455 79 29 47 25 0 0; 265 80 39 52 31 0 2; 218 76 25 47 32 0 0; 100 79 20 45 64 0 0; ]
1500901030[338 78 35 48 24 0 2; 459 79 30 48 25 0 0; 266 80 39 52 31 0 2; 216 76 25 47 32 0 0; 100 78 20 45 64 0 0; ]
1500901031[339 78 35 48 24 0 2; 464 78 30 48 25 0 0; 267 79 39 52 31 0 2; 213 76 25 47 32 0 0; 99 78 20 45 64 0 0; ]
1500901032[340 78 35 48 24 0 2; 468 78 30 48 25 0 0; 269 78 39 52 31 0 2; 211 76 25 46 32 0 0; 98 77 20 45 64 0 0; ]
1500901033[341 77 35 48 24 0 2; 473 77 30 48 25 0 0; 271 77 39 52 31 0 2; 209 76 25 45 32 1 0; 98 77 20 45 64 0 0; ]
1500901034[342 77 35 48 24 0 2; 478 76 30 48 25 0 0; 275 76 39 53 31 0 2; 206 75 25 45 32 1 0; 97 76 20 45 64 0 0; ]
1500901035[343 76 35 48 24 0 2; 481 75 30 48 25 0 0; 276 76 39 53 31 0 2; 204 73 25 45 32 1 0; 97 75 20 45 64 0 0; ]
1500901036[344 75 35 48 24 0 2; 278 76 39 53 31 0 2; 202 71 25 45 32 1 0; 96 75 20 46 64 0 0; ]
1500901037[347 74 35 48 24 0 2; 280 76 39 53 31 0 2; 201 70 25 45 32 1 0; 96 75 20 46 64 0 0; ]
1500901038[350 73 34 48 24 0 2; 283 75 39 53 31 0 2; 200 70 25 45 32 1 0; 95 75 20 46 64 0 0; ]
1500901039[352 73 34 48 24 0 2; 286 74 39 54 31 0 2; 198 69 25 45 32 1 0; 95 75 20 47 64 0 0; ]
1500901040[354 73 34 48 24 0 2; 289 73 39 54 31 0 2; 197 69 25 45 32 1 0; 95 75 20 47 64 0 0; ]
1500901041[356 73 34 48 24 0 2; 292 73 40 54 31 0 2; 195 69 25 45 32 1 0; 95 75 20 47 64 0 0; ]
1500901042[358 73 35 49 24 0 2; 294 73 41 54 31 0 2; 193 69 25 45 32 1 0; 95 75 20 47 64 0 0; ]
1500901043[360 73 35 49 24 0 2; 297 74 41 54 31 0 2; 192 68 25 45 32 1 0; 95 75 20 48 64 0 0; ]
1500901044[361 73 36 49 24 0 2; 301 75 41 54 31 0 2; 190 68 25 45 32 1 0; 95 75 20 48 64 0 0; ]
1500901045[363 73 36 49 24 0 2; 304 75 40 53 31 0 2; 189 68 25 45 32 1 0; 95 75 20 48 64 0 0; ]
1500901046[365 73 37 50 24 0 2; 308 76 39 53 31 0 2; 187 68 25 45 32 1 0; 95 75 20 48 64 0 0; ]
1500901047[366 73 37 50 24 0 2; 310 76 39 53 31 0 2; 186 68 25 45 32 1 0; 96 75 21 48 64 0 0; ]
1500901048[369 73 37 51 24 0 2; 313 75 39 54 31 0 2; 185 68 25 45 32 1 0; 96 75 21 48 64 0 0; ]
1500901049[371 73 37 51 24 0 2; 316 73 39 55 31 0 2; 185 69 25 45 32 1 0; 97 75 21 48 64 0 0; ]
1500901050[375 74 37 53 24 0 2; 321 75 36 54 31 0 2; 185 71 25 45 32 1 0; 98 75 22 48 64 0 0; ]
1500901051[378 75 37 54 24 0 2; 327 76 34 53 31 0 2; 184 72 25 45 32 1 0; 98 75 22 49 64 0 0; ]
1500901052[381 75 37 54 24 0 2; 331 77 33 53 31 0 2; 99 75 22 50 64 0 0; ]
1500901053[383 75 37 54 24 0 2; 334 77 33 53 31 0 2; 99 75 22 51 64 0 0; ]
1500901054[385 75 38 54 24 0 2; 337 77 33 53 31 0 2; 100 75 22 51 64 0 0; ]
1500901055[387 75 39 53 24 0 2; 340 77 33 53 31 0 2; 101 75 22 52 64 0 0; ]
1500901056[389 75 41 53 24 0 2; 343 76 33 53 31 0 2; 101 75 22 52 64 0 0; ]
1500901057[390 75 42 53 24 0 2; 346 76 33 53 31 0 2; 177 74 23 46 33 1 0; 102 75 22 53 64 0 0; ]
1500901058[393 75 42 53 24 0 2; 349 75 33 53 31 0 2; 176 74 23 46 33 1 0; 102 75 22 53 64 0 0; ]
1500901059[396 74 42 55 24 0 2; 352 75 33 53 31 0 2; 176 74 23 46 33 1 0; 103 75 22 53 64 0 0; ]
1500901060[398 73 41 56 24 0 2; 355 75 33 53 31 0 2; 175 74 23 46 33 1 0; 103 75 22 54 64 0 0; ]
1500901061[401 73 41 57 24 0 2; 358 75 33 54 31 0 2; 174 74 23 46 33 1 0; 104 75 22 54 64 0 0; ]
1500901062[402 73 41 58 24 0 2; 361 75 33 56 31 0 2; 173 74 23 46 33 1 0; 104 75 22 54 64 0 0; ]
1500901063[404 73 42 58 24 0 2; 364 75 33 57 31 0 2; 172 73 23 46 33 1 0; 105 75 22 55 64 0 0; ]
1500901064[406 73 43 59 24 0 2; 366 75 33 57 31 0 2; 170 73 23 46 33 1 0; 105 75 22 55 64 0 0; ]
1500901065[407 73 44 59 24 0 2; 368 75 33 57 31 0 2; 169 73 23 46 33 1 0; 106 75 22 55 64 0 0; ]
1500901066[408 73 45 59 24 0 2; 370 75 33 57 31 0 2; 167 72 23 47 33 1 0; 107 75 22 55 64 0 0; ]
1500901067[410 73 45 59 24 0 2; 372 75 34 57 31 0 2; 165 72 23 47 33 1 0; 107 77 22 55 64 0 0; ]
1500901068[412 73 45 59 24 0 2; 374 76 36 57 31 0 2; 164 72 23 48 33 1 0; 108 77 23 55 64 0 0; ]
1500901069[414 74 45 59 24 0 2; 376 76 37 57 31 0 2; 162 72 23 49 33 1 0; 108 77 23 55 64 0 0; ]
1500901070[416 74 45 59 24 0 2; 378 77 38 57 31 0 2; 160 72 23 50 33 1 0; 107 77 23 55 64 0 0; ]
1500901071[417 74 45 59 24 0 2; 380 77 38 57 31 0 2; 158 72 23 51 33 1 0; 107 77 23 55 64 0 0; ]
1500901072[418 75 45 59 24 0 2; 381 77 38 57 31 0 2; 155 73 23 52 33 1 0; 107 80 24 55 64 0 0; ]
1500901073[419 75 45 59 24 0 2; 383 77 38 57 31 0 2; 154 74 23 53 33 1 0; 106 78 24 55 64 0 0; ]
1500901074[376 75 85 63 24 0 2; 152 74 23 53 33 1 0; 106 76 24 55 64 1 0; ]
1500901075[377 75 85 62 24 0 2; 150 74 23 53 33 1 0; 106 76 24 55 64 1 0; ]
1500901076[378 75 85 62 24 0 2; 148 75 23 53 33 1 0; 105 76 24 55 64 1 0; ]
1500901077[380 75 85 62 24 0 2; 146 75 23 53 33 1 0; 105 77 24 56 64 1 0; ]
1500901078[381 75 85 61 24 0 2; 144 75 23 52 33 1 0; 105 77 24 56 64 1 0; ]
1500901079[383 75 85 61 24 0 2; 141 76 24 51 33 1 0; 105 78 24 57 64 1 0; ]
1500901080[385 76 85 61 24 0 2; 138 77 25 49 33 1 0; 105 78 24 57 64 1 0; ]
1500901081[387 77 85 61 24 0 2; 135 78 26 48 33 1 0; 104 78 24 57 64 1 0; ]
1500901082[388 77 85 61 24 0 2; 132 78 26 47 33 1 0; 103 78 24 57 64 1 0; ]
1500901083[389 77 84 61 24 0 2; 130 78 26 48 33 1 0; 102 78 24 57 64 1 0; ]
1500901084[390 77 83 61 24 0 2; 127 77 26 48 33 1 0; 101 78 24 57 64 1 0; ]
1500901085[393 77 81 61 24 0 2; 125 76 26 50 33 1 0; 101 78 24 57 64 1 0; ]
1500901086[396 78 78 61 24 0 2; 123 75 26 52 33 1 0; 101 78 24 57 64 1 0; ]
1500901087[400 78 75 61 24 0 2; 121 75 26 52 33 1 0; 100 78 24 57 64 1 0; ]
1500901088[402 78 73 60 24 0 2; 119 76 26 52 33 1 0; 0 78 37 59 42 0 2; 101 78 24 57 64 1 0; ]
1500901089[402 78 72 61 24 0 2; 117 76 26 52 33 1 0; 1 77 37 59 42 0 2; 101 78 24 57 64 1 0; ]
1500901090[403 77 71 62 24 0 2; 117 76 26 52 33 1 0; 3 77 37 59 42 0 2; 101 78 24 57 64 1 0; ]
1500901091[403 76 70 63 24 0 2; 95 77 42 54 34 1 2; 4 76 37 59 42 0 2; ]
1500901092[404 76 70 64 24 0 2; 95 76 41 52 34 1 2; 6 76 37 59 42 0 2; ]
1500901093[405 76 68 64 24 0 2; 94 75 40 51 34 1 2; 8 75 37 59 42 0 2; ]
1500901094[408 76 67 64 24 0 2; 94 75 38 51 34 1 2; 10 75 37 59 42 0 2; ]
1500901095[411 76 65 64 24 0 2; 95 75 36 50 34 1 2; 11 75 37 59 42 0 2; ]
1500901096[415 76 63 64 24 0 2; 95 75 32 50 34 1 2; 12 75 37 60 42 0 2; ]
1500901097[418 76 61 62 24 0 2; 96 75 29 50 34 1 2; 14 75 37 60 42 0 2; ]
1500901098[420 77 60 61 24 0 2; 96 75 28 49 34 1 2; 15 75 37 60 42 0 2; ]
1500901099[422 77 59 60 24 0 2; 96 75 28 50 34 1 2; 15 75 38 61 42 0 2; ]
1500901100[423 77 58 60 24 0 2; 94 75 29 52 34 1 2; 16 75 39 61 42 0 2; ]
1500901101[423 77 57 60 24 0 2; 92 76 30 54 34 1 2; 17 75 39 61 42 0 2; ]
1500901102[424 77 56 60 24 0 2; 90 76 31 55 34 1 2; 18 75 39 61 42 0 2; ]
1500901103[425 77 56 60 24 0 2; 88 76 33 56 34 1 2; 19 75 39 61 42 0 2; ]
1500901104[426 77 55 60 24 0 2; 86 76 36 57 34 1 2; 21 75 39 61 42 0 2; ]
1500901105[428 77 54 60 24 0 2; 84 77 40 58 34 1 2; 23 75 39 61 42 0 2; ]
1500901106[430 77 53 60 24 0 2; 82 77 44 58 34 1 2; 25 75 39 61 42 0 2; ]
1500901107[432 77 53 60 24 0 2; 79 77 44 58 34 1 2; 27 75 39 61 42 0 2; ]
1500901108[433 77 53 61 24 0 2; 78 76 29 53 35 0 0; 29 75 38 61 42 0 2; ]
1500901109[434 78 53 61 24 0 2; 76 77 29 55 35 0 0; 31 76 36 61 42 0 2; ]
1500901110[435 78 54 62 24 0 2; 74 78 29 56 35 0 0; 32 76 35 61 42 0 2; ]
1500901111[435 79 55 63 24 0 2; 72 78 29 57 35 0 0; 34 76 35 61 42 0 2; ]
1500901112[438 79 53 61 24 0 2; 70 78 29 57 35 0 0; 35 76 35 61 42 0 2; ]
1500901113[441 78 50 60 24 0 2; 68 78 29 57 35 0 0; 36 76 35 61 42 0 2; ]
1500901114[444 78 48 59 24 0 2; 66 78 29 57 35 0 0; 37 77 35 61 42 0 2; ]
1500901115[447 78 46 59 24 0 2; 38 80 56 59 36 0 2; ]
1500901116[451 79 43 59 24 0 2; 40 80 51 59 36 0 2; ]
1500901117[454 79 41 59 24 0 2; 41 80 46 59 36 0 2; ]
1500901118[456 80 40 59 24 0 2; 43 80 42 59 36 0 2; ]
1500901119[46 81 39 58 36 0 2; ]
1500901120[49 82 36 55 36 0 2; ]
1500901121[51 82 34 54 36 0 2; ]
1500901122[49 82 38 56 36 0 2; ]
1500901123[46 82 44 59 36 0 2; ]
1500901124[467 84 43 62 24 0 2; 44 82 47 61 36 0 2; ]
1500901125[468 84 41 61 24 0 2; 48 82 46 61 36 0 2; ]
1500901126[471 82 37 59 24 0 2; 60 82 38 59 36 0 2; 41 85 23 58 56 0 0; ]
1500901127[474 82 35 58 24 0 2; 58 82 42 58 36 0 2; 39 85 23 58 56 0 0; ]
1500901128[474 81 34 58 24 0 2; 58 83 42 58 36 0 2; 37 85 23 58 56 0 0; ]
1500901129[473 82 36 60 24 0 2; 59 84 42 58 36 0 2; 35 85 23 58 56 0 0; ]
1500901130[470 82 40 64 24 0 2; 59 86 42 58 36 0 2; 32 85 23 58 56 0 0; ]
1500901131[63 85 42 58 36 0 2; 30 85 23 58 56 0 0; 112 84 22 59 97 1 1; ]
1500901132[67 85 41 58 36 0 2; 27 86 23 58 56 0 0; 113 84 22 57 97 1 1; ]
1500901133[69 85 41 58 36 0 2; 25 87 23 58 56 0 0; 113 84 22 56 97 1 1; ]
1500901134[70 85 41 58 36 0 2; 22 88 23 58 56 0 0; 1 87 28 57 62 0 0; 114 84 23 55 97 1 1; ]
1500901135[71 85 41 58 36 1 2; 5 85 38 55 57 0 2; 115 84 23 54 97 1 1; ]
1500901136[71 86 41 58 36 1 2; 9 85 38 56 57 0 2; 116 84 23 53 97 1 1; ]
1500901137[72 86 41 58 36 1 2; 459 89 29 54 48 0 0; 11 85 38 57 57 0 2; 116 84 23 53 97 1 1; ]
1500901138[73 86 41 58 36 1 2; 459 89 28 51 48 0 0; 11 85 38 57 57 0 2; 117 84 23 53 97 1 1; ]
1500901139[74 86 41 58 36 1 2; 458 90 26 49 48 0 0; 7 85 43 56 57 0 2; 118 84 23 54 97 1 1; ]
1500901140[76 86 41 58 36 1 2; 457 90 25 48 48 0 0; 4 89 26 52 58 0 0; 23 87 34 58 61 0 0; 118 84 23 55 97 1 1; ]
1500901141[77 86 41 58 36 1 2; 456 90 25 47 48 0 0; 2 89 26 52 58 0 0; 26 87 34 58 61 0 0; 119 84 23 56 97 1 1; ]
1500901142[78 86 41 58 36 1 2; 455 90 25 47 48 0 0; 0 88 26 52 58 0 0; 30 87 34 58 61 0 0; 120 84 23 57 97 1 1; ]
1500901143[80 85 41 58 36 1 2; 453 91 25 47 48 0 0; 33 87 34 58 61 0 0; 120 84 23 58 97 1 1; ]
1500901144[82 85 41 58 36 1 2; 452 91 25 47 48 0 0; 37 87 34 58 61 0 0; 121 84 23 58 97 1 1; ]
1500901145[83 85 41 58 36 1 2; 450 91 25 47 48 0 0; 41 87 34 58 61 0 0; 122 84 23 58 97 1 1; ]
1500901146[85 85 41 58 36 1 2; 448 91 25 47 48 0 0; 45 86 33 58 61 0 0; 123 84 23 59 97 1 1; ]
1500901147[87 85 41 58 36 1 2; 447 91 25 47 48 0 0; 50 86 32 58 61 0 0; 124 84 23 59 97 1 1; ]
1500901148[88 85 41 58 36 1 2; 446 92 25 47 48 0 0; 54 86 31 58 61 0 0; 125 84 21 59 97 1 1; ]
1500901149[89 84 46 57 36 1 2; 444 92 25 47 48 0 0; 57 86 31 58 61 0 0; 125 84 21 59 97 1 1; ]
1500901150[90 84 55 56 36 1 2; 443 92 25 46 48 0 0; 61 86 31 57 61 0 0; ]
1500901151[91 84 60 55 36 1 2; 442 92 25 46 48 0 0; 65 87 31 55 61 0 0; ]
1500901152[92 84 60 55 36 1 2; 441 92 25 45 48 0 0; 69 87 31 55 61 0 0; ]
1500901153[92 84 60 55 36 1 2; 440 93 25 45 48 0 0; 73 87 30 55 61 0 0; ]
1500901154[92 84 60 55 36 1 2; 438 94 25 45 48 0 0; 77 87 29 55 61 0 0; ]
1500901155[80 84 71 55 36 1 2; 437 94 25 45 48 0 0; ]
1500901156[84 84 69 55 36 1 2; 436 94 25 45 48 0 0; ]
1500901157[88 84 68 55 36 1 2; 435 94 25 45 48 0 0; ]
1500901158[91 84 67 55 36 1 2; 434 94 25 45 48 0 0; ]
1500901159[95 83 66 55 36 1 2; 433 94 25 44 48 0 0; ]
1500901160[98 82 66 56 36 1 2; 433 93 25 44 48 0 0; ]
1500901161[101 82 65 56 36 1 2; 432 93 25 44 48 0 0; ]
1500901162[102 82 64 56 36 1 2; 431 93 25 44 48 0 0; ]
1500901163[104 82 64 56 36 1 2; 430 93 25 44 48 0 0; ]
1500901164[106 82 63 56 36 1 2; 429 93 25 44 48 0 0; ]
1500901165[108 82 61 57 36 1 2; 429 93 25 44 48 0 0; ]
1500901166[111 82 59 59 36 1 2; 428 93 25 44 48 0 0; ]
1500901167[113 82 59 60 36 1 2; 427 93 25 44 48 0 0; ]
1500901168[114 82 59 61 36 1 2; 425 93 25 44 48 0 0; ]
1500901169[114 82 60 61 36 1 2; 424 93 25 44 48 0 0; ]
1500901170[115 82 63 61 36 1 2; 423 93 25 44 48 0 0; ]
1500901171[117 83 62 61 36 1 2; 422 93 25 44 48 0 0; ]
1500901172[119 83 62 61 36 1 2; 422 93 25 44 48 0 0; ]
1500901173[120 84 62 61 36 1 2; 421 93 24 44 48 0 0; ]
1500901174[121 83 63 62 36 1 2; 421 93 23 44 48 0 0; ]
1500901175[121 83 65 62 36 1 2; 421 93 22 43 48 0 0; ]
1500901176[122 83 69 62 36 1 2; 421 93 20 42 48 0 0; ]
1500901177[123 82 71 63 36 1 2; 421 93 20 42 48 0 0; 1 90 28 51 68 0 0; ]
1500901178[124 83 72 62 36 1 2; 420 94 20 41 48 0 0; 4 91 28 51 68 0 0; ]
1500901179[126 83 73 62 36 1 2; 420 94 20 41 48 0 0; 8 91 28 51 68 0 0; ]
1500901180[128 84 74 61 36 1 2; 419 95 20 40 48 0 0; 11 92 28 51 68 0 0; ]
1500901181[131 85 75 60 36 1 2; 418 96 20 39 48 0 0; 15 93 28 51 68 0 0; ]
1500901182[131 85 46 60 36 1 2; 418 98 20 39 48 0 0; 181 91 29 53 50 0 0; 18 93 28 51 68 0 0; ]
1500901183[132 85 46 60 36 1 2; 417 98 20 39 48 0 0; 184 91 31 53 50 0 0; 22 94 28 51 68 0 0; ]
1500901184[134 85 46 60 36 1 2; 416 98 20 39 48 0 0; 187 92 33 53 50 0 0; 25 94 28 51 68 0 0; ]
1500901185[136 85 46 60 36 1 2; 415 98 20 39 48 0 0; 190 92 34 53 50 0 0; 28 94 28 51 68 0 0; ]
1500901186[139 86 49 52 36 1 2; 414 98 20 39 48 0 0; 193 93 34 53 50 0 0; 31 94 28 51 68 0 0; ]
1500901187[141 87 51 49 36 1 2; 414 99 20 39 48 0 0; 197 93 34 53 50 0 0; 34 94 28 51 68 0 0; ]
1500901188[142 87 53 49 36 1 2; 413 99 20 39 48 0 0; 200 94 34 53 50 0 0; 37 94 29 51 68 0 0; ]
1500901189[143 88 54 49 36 1 2; 413 100 20 39 48 0 0; 203 94 34 53 50 0 0; 39 94 30 51 68 0 0; ]
1500901190[143 88 55 51 36 1 2; 412 100 20 39 48 0 0; 208 95 33 53 50 0 0; 41 94 31 52 68 0 0; ]
1500901191[144 88 55 52 36 1 2; 412 101 20 39 48 0 0; 213 96 32 53 50 0 0; 44 94 32 52 68 0 0; ]
1500901192[144 88 56 53 36 1 2; 412 101 20 39 48 0 0; 218 96 30 53 50 0 0; 46 94 32 52 68 0 0; ]
1500901193[146 88 56 54 36 1 2; 411 101 20 38 48 0 0; 222 97 29 53 50 0 0; 49 94 32 52 68 0 0; ]
1500901194[148 88 56 54 36 1 2; 411 101 20 38 48 0 0; 225 97 29 53 50 0 0; 52 94 32 52 68 0 0; ]
1500901195[150 87 56 54 36 1 2; 410 102 20 37 48 0 0; 229 97 30 53 50 0 0; 54 94 32 52 68 0 0; ]
1500901196[151 87 56 54 36 1 2; 410 102 20 36 48 0 0; 232 98 31 53 50 0 0; 57 93 32 52 68 0 0; ]
1500901197[152 88 57 54 36 1 2; 409 102 20 34 48 0 0; 234 98 32 53 50 0 0; 60 95 32 52 68 0 0; ]
1500901198[153 89 58 54 36 1 2; 409 102 20 34 48 0 0; 238 98 32 53 50 0 0; 63 96 32 52 68 0 0; ]
1500901199[154 89 58 54 36 1 2; 409 103 20 34 48 0 0; 242 98 32 53 50 0 0; 65 96 32 52 68 0 0; ]
1500901200[155 89 59 54 36 1 2; 408 103 20 34 48 0 0; 246 98 32 53 50 0 0; 68 97 32 52 68 0 0; ]
1500901201[155 89 59 55 36 1 2; 408 103 20 34 48 0 0; 249 98 32 53 50 0 0; 71 96 31 52 68 0 0; ]
1500901202[156 89 59 55 36 1 2; 408 103 20 34 48 0 0; 253 98 32 53 50 0 0; 74 95 31 52 68 0 0; ]
1500901203[157 89 59 55 36 1 2; 407 104 20 34 48 0 0; 256 98 32 53 50 0 0; 76 94 30 52 68 1 0; ]
1500901204[158 88 59 56 36 1 2; 407 104 20 34 48 0 0; 259 99 32 53 50 0 0; 79 96 29 48 68 1 0; ]
1500901205[159 89 59 56 36 1 2; 407 104 20 34 48 0 0; 263 99 32 53 50 0 0; 82 98 29 44 68 1 0; ]
1500901206[161 89 59 56 36 1 2; 406 104 20 34 48 0 0; 266 99 32 53 50 0 0; 85 97 29 44 68 1 0; ]
1500901207[162 90 59 56 36 1 2; 406 104 20 34 48 0 0; 270 98 32 53 50 0 0; 87 96 29 44 68 1 0; ]
1500901208[164 91 59 56 36 1 2; 405 105 20 34 48 0 0; 274 97 32 54 50 0 0; 90 96 29 44 68 1 0; ]
1500901209[165 90 59 56 36 1 2; 405 105 20 34 48 0 0; 278 97 32 55 50 0 0; 92 96 29 44 68 1 0; ]
1500901210[166 90 59 56 36 1 2; 404 105 20 34 48 0 0; 282 97 32 53 50 0 0; 94 96 29 44 68 1 0; ]
1500901211[167 89 59 56 36 1 2; 404 105 20 34 48 0 0; 286 97 31 52 50 0 0; 97 97 29 44 68 1 0; ]
1500901212[172 91 55 53 36 1 2; 403 105 20 34 48 0 0; 289 97 31 51 50 0 0; 0 97 24 54 66 0 1; ]
1500901213[177 93 53 51 36 1 2; 402 106 20 34 49 0 3; 293 98 31 51 50 0 0; 1 97 24 54 66 0 1; ]
1500901214[180 93 50 51 36 1 2; 402 106 20 34 49 0 3; 297 98 32 51 50 0 0; 1 97 24 54 66 0 1; ]
1500901215[182 93 49 51 36 1 2; 402 106 20 34 49 0 3; 300 99 33 51 50 0 0; 1 97 24 54 66 0 1; ]
1500901216[184 93 47 51 36 1 2; 402 106 20 34 49 0 3; 304 100 35 51 50 0 0; 2 97 24 54 66 0 1; ]
1500901217[185 93 46 51 36 1 2; 402 106 20 34 49 0 3; 308 100 35 52 50 0 0; 2 97 25 54 66 0 1; ]
1500901218[181 93 51 53 36 1 2; 401 106 20 34 49 0 3; 311 100 35 52 50 0 0; 3 97 25 54 66 0 1; ]
1500901219[174 92 61 58 36 1 2; 401 106 20 34 49 0 3; 314 100 35 52 50 0 0; 3 97 26 54 66 0 1; ]
1500901220[170 92 66 60 36 1 2; 401 106 20 34 49 0 3; 318 99 34 52 50 0 0; 3 97 27 54 66 0 1; ]
1500901221[170 92 66 60 36 1 2; 400 106 20 34 49 0 3; 321 99 33 52 50 0 0; 3 97 28 54 66 0 1; ]
1500901222[171 92 66 60 36 1 2; 399 106 20 34 49 0 3; 324 99 33 52 50 0 0; 4 96 26 54 66 0 1; ]
1500901223[172 92 66 60 36 1 2; 399 106 20 34 49 0 3; 327 100 33 52 50 0 0; 6 96 24 54 66 0 1; ]
1500901224[173 92 66 60 36 1 2; 398 105 20 34 49 0 3; 330 100 33 52 50 0 0; 7 96 23 54 66 0 1; ]
1500901225[173 92 66 60 36 1 2; 398 105 20 34 49 0 3; 333 100 33 52 50 0 0; 8 96 22 54 66 0 1; ]
1500901226[174 92 68 60 36 1 2; 397 105 20 34 49 0 3; 337 100 33 52 50 0 0; 9 96 22 54 66 0 1; ]
1500901227[174 91 68 61 36 1 2; 397 105 20 34 49 0 3; 340 99 33 52 50 0 0; 9 96 22 54 66 0 1; ]
1500901228[174 90 68 62 36 1 2; 396 105 20 34 49 0 3; 344 99 33 52 50 0 0; 9 96 22 54 66 0 1; ]
1500901229[174 89 69 62 36 1 2; 396 105 20 34 49 0 3; 348 99 33 52 50 0 0; 9 96 22 54 66 0 1; ]
1500901230[174 89 70 63 36 1 2; 395 105 20 34 49 0 3; 352 99 33 52 50 0 0; 9 96 22 54 66 0 1; ]
1500901231[174 89 71 63 36 1 2; 395 106 20 34 49 0 3; 356 99 33 52 50 0 0; 10 97 22 54 66 0 1; ]
1500901232[174 91 74 63 36 1 2; 394 106 20 34 49 0 3; 359 99 32 52 50 0 0; 10 97 23 54 66 0 1; ]
1500901233[174 92 76 64 36 1 2; 393 107 20 34 49 0 3; 363 100 31 52 50 0 0; 10 98 24 54 66 0 1; ]
1500901234[174 92 77 64 36 1 2; 392 107 20 34 49 0 3; 365 100 31 52 50 0 0; 10 98 24 54 66 0 1; ]
1500901235[174 92 77 64 36 1 2; 391 107 20 34 49 1 3; 368 101 31 52 50 0 0; 10 98 24 54 66 0 1; ]
1500901236[174 92 77 64 36 1 2; 389 107 20 34 49 1 3; 371 101 31 52 50 0 0; 10 98 24 54 66 0 1; ]
1500901237[174 92 76 64 36 1 2; 374 101 31 52 50 0 0; 11 98 24 54 66 0 1; ]
1500901238[174 92 75 64 36 1 2; 377 101 31 52 50 0 0; 11 98 24 54 66 0 1; ]
1500901239[174 92 75 64 36 0 2; 380 101 31 52 50 0 0; 11 98 24 54 66 0 1; ]
1500901240[174 92 75 64 36 0 2; 383 101 31 52 50 0 0; 11 98 24 54 66 0 1; ]
1500901241[174 92 75 64 36 0 2; 386 101 31 52 50 0 0; 11 98 24 54 66 0 1; ]
1500901242[170 92 75 64 36 0 2; 388 100 32 52 50 0 0; 10 98 24 54 66 0 1; ]
1500901243[391 99 33 53 50 0 0; 216 98 32 59 52 0 2; 171 93 34 60 55 1 2; 10 98 24 54 66 0 1; ]
1500901244[393 99 33 54 50 0 0; 215 98 32 59 52 0 2; 171 93 34 60 55 1 2; 10 98 24 54 66 0 1; ]
1500901245[396 99 33 54 50 0 0; 382 107 20 33 51 0 3; 214 98 32 59 52 0 2; 171 93 34 60 55 1 2; 10 98 24 54 66 0 1; ]
1500901246[399 99 33 55 50 0 0; 380 109 20 33 51 0 3; 213 98 32 59 52 0 2; 171 92 34 60 55 1 2; 9 97 24 54 66 0 1; ]
1500901247[402 100 33 55 50 0 0; 379 110 20 33 51 0 3; 212 98 32 59 52 0 2; 171 92 34 60 55 1 2; 9 96 24 54 66 0 1; ]
1500901248[405 101 33 56 50 0 0; 378 111 20 33 51 0 3; 211 98 32 59 52 0 2; 170 92 34 60 55 1 2; 9 95 24 54 66 0 1; ]
1500901249[409 100 33 56 50 0 0; 377 112 20 33 51 0 3; 210 98 32 59 52 0 2; 169 92 34 60 55 1 2; 8 95 24 54 66 0 1; ]
1500901250[412 99 33 56 50 0 0; 376 112 20 33 51 0 3; 209 98 32 59 52 0 2; 168 92 34 60 55 1 2; 8 95 24 54 66 0 1; ]
1500901251[415 99 33 56 50 0 0; 374 111 20 33 51 0 3; 208 97 32 59 52 0 2; 166 92 34 60 55 1 2; 7 94 24 54 66 0 1; ]
1500901252[419 99 33 56 50 0 0; 374 111 20 33 51 0 3; 207 97 32 59 52 0 2; 165 92 34 60 55 1 2; 6 94 24 54 66 0 1; ]
1500901253[422 99 33 56 50 0 0; 373 110 20 33 51 0 3; 206 97 32 59 52 0 2; 163 92 34 60 55 1 2; 6 94 24 54 66 0 1; ]
1500901254[425 99 32 56 50 0 0; 372 109 20 33 51 0 3; 206 97 32 59 52 0 2; 162 93 34 60 55 1 2; 5 95 24 54 66 0 1; ]
1500901255[428 100 31 56 50 0 0; 370 109 20 33 51 0 3; 205 97 32 60 52 0 2; 161 94 34 60 55 1 2; 4 95 24 54 66 0 1; ]
1500901256[431 101 31 56 50 0 0; 369 109 20 33 51 0 3; 204 98 32 61 52 0 2; 159 95 34 60 55 1 2; 3 96 24 54 66 0 1; ]
1500901257[432 102 31 56 50 0 0; 367 110 20 33 51 0 3; 203 98 32 62 52 0 2; 158 96 34 60 55 1 2; 1 97 24 55 66 0 1; ]
1500901258[434 103 31 56 50 0 0; 366 111 20 33 51 0 3; 202 98 32 63 52 0 2; 156 96 34 60 55 1 2; 0 99 24 55 66 0 1; ]
1500901259[437 104 30 56 50 0 0; 364 112 20 33 51 0 3; 201 99 32 63 52 0 2; 155 96 34 60 55 1 2; ]
1500901260[440 105 27 56 50 1 0; 362 114 20 33 51 0 3; 199 99 32 64 52 0 2; 154 97 34 60 55 1 2; ]
1500901261[360 113 20 33 51 0 3; 198 99 32 64 52 0 2; 152 97 34 60 55 1 2; ]
1500901262[358 113 20 33 51 0 3; 197 99 32 64 52 0 2; 150 97 34 60 55 1 2; ]
1500901263[357 112 20 33 51 0 3; 195 99 32 64 52 0 2; 149 96 34 60 55 1 2; ]
1500901264[355 111 20 33 51 0 3; 193 99 33 64 52 0 2; 146 96 35 60 55 1 2; ]
1500901265[353 111 20 33 51 0 3; 191 99 33 64 52 0 2; 144 95 36 60 55 1 2; ]
1500901266[352 110 20 33 51 0 3; 189 99 33 64 52 0 2; 142 94 37 60 55 1 2; ]
1500901267[350 110 20 33 51 0 3; 188 97 33 65 52 0 2; 140 93 37 60 55 1 2; ]
1500901268[349 109 20 33 51 0 3; 187 95 33 66 52 0 2; 139 92 37 60 55 1 2; ]
1500901269[347 108 20 33 51 0 3; 185 94 33 67 52 0 2; 137 91 37 61 55 1 2; ]
1500901270[345 107 20 33 51 0 3; 184 92 33 67 52 0 2; 136 90 37 61 55 1 2; ]
1500901271[343 106 20 33 51 0 3; 182 91 33 68 52 0 2; 135 89 37 62 55 1 2; ]
1500901272[341 105 20 33 51 0 3; 180 90 33 68 52 0 2; 134 88 37 63 55 1 2; 478 89 32 58 101 1 2; ]
1500901273[339 104 20 33 51 0 3; 178 89 33 68 52 0 2; 131 86 39 63 55 1 2; 476 88 32 59 101 1 2; ]
1500901274[337 102 20 33 51 0 3; 175 88 33 68 52 0 2; 129 84 40 63 55 1 2; 475 88 32 59 101 1 2; ]
1500901275[334 100 20 33 51 0 3; 172 88 33 68 52 0 2; 126 83 41 64 55 1 2; 473 88 33 59 101 1 2; ]
1500901276[333 100 20 33 51 0 3; 169 87 33 68 52 0 2; 124 82 41 65 55 1 2; 471 88 33 59 101 1 2; ]
1500901277[331 101 20 33 51 0 3; 167 87 33 68 52 0 2; 122 82 41 66 55 1 2; 469 88 34 59 101 1 2; ]
1500901278[330 102 20 33 51 0 3; 165 87 33 68 52 0 2; 120 82 41 69 55 1 2; 467 88 35 59 101 1 2; ]
1500901279[328 102 20 33 51 0 3; 162 87 33 68 52 0 2; 119 82 41 71 55 1 2; 465 88 37 59 101 1 2; ]
1500901280[326 103 20 33 51 0 3; 160 87 33 68 52 0 2; 117 82 41 74 55 1 2; 463 88 38 59 101 1 2; ]
1500901281[324 104 20 33 51 0 3; 159 87 33 68 52 0 2; 115 82 41 74 55 1 2; 461 88 40 59 101 1 2; ]
1500901282[321 105 20 31 51 0 3; 156 87 33 69 52 0 2; 112 83 41 74 55 1 2; ]
1500901283[319 106 20 30 51 0 3; 154 87 33 70 52 0 2; 110 83 41 74 55 1 2; ]
1500901284[152 87 33 71 52 0 2; 107 83 41 74 55 1 2; ]
1500901285[149 87 33 72 52 0 2; 103 84 41 74 55 1 2; ]
1500901286[146 87 33 72 52 0 2; 100 85 41 74 55 1 2; ]
1500901287[143 87 33 72 52 0 2; 96 86 41 73 55 1 2; ]
1500901288[140 87 34 72 52 0 2; 94 86 41 73 55 1 2; ]
1500901289[137 88 34 72 52 0 2; 92 86 41 73 55 1 2; ]
1500901290[133 88 35 72 52 0 2; 89 86 41 73 55 1 2; ]
1500901291[130 89 36 72 52 0 2; 87 86 41 73 55 1 2; ]
1500901292[126 90 37 72 52 0 2; 84 86 41 73 55 1 2; ]
1500901293[124 89 37 73 52 0 2; 81 85 41 73 55 1 2; ]
1500901294[121 88 38 73 52 0 2; 79 84 41 73 55 1 2; ]
1500901295[119 87 38 74 52 0 2; 76 83 41 73 55 1 2; ]
1500901296[116 86 38 74 52 0 2; 73 81 41 73 55 1 2; ]
1500901297[113 86 38 75 52 0 2; 70 80 41 73 55 1 2; ]
1500901298[111 85 38 76 52 0 2; 67 80 41 74 55 1 2; ]
1500901299[108 84 38 76 52 0 2; 65 79 41 74 55 1 2; ]
1500901300[105 83 38 77 52 0 2; 62 78 41 75 55 1 2; ]
1500901301[102 82 38 77 52 0 2; 60 78 41 76 55 1 2; ]
1500901302[99 81 38 78 52 0 2; 58 77 41 78 55 1 2; ]
1500901303[96 80 38 79 52 0 2; 55 77 41 79 55 1 2; ]
1500901304[93 82 40 77 52 0 2; 52 77 41 80 55 1 2; ]
1500901305[90 83 41 76 52 0 2; 49 76 41 81 55 1 2; ]
1500901306[86 84 42 75 52 0 2; 46 76 41 82 55 1 2; ]
1500901307[83 84 44 75 52 0 2; 43 76 41 82 55 1 2; ]
1500901308[79 85 44 74 52 0 2; 40 76 41 82 55 1 2; ]
1500901309[76 85 45 75 52 0 2; 37 76 41 81 55 1 2; ]
1500901310[72 84 46 75 52 0 2; 34 75 41 80 55 1 2; ]
1500901311[68 83 46 75 52 0 2; 31 75 41 79 55 1 2; ]
1500901312[65 82 47 76 52 0 2; 28 75 41 79 55 1 2; ]
1500901313[61 81 47 77 52 0 2; 24 74 42 79 55 0 2; ]
1500901314[58 79 47 79 52 0 2; 20 74 43 81 55 0 2; ]
1500901315[54 78 47 79 52 0 2; 16 73 44 83 55 0 2; ]
1500901316[51 77 47 79 52 0 2; 12 72 45 85 55 0 2; ]
1500901317[47 76 47 79 52 0 2; 8 71 45 86 55 0 2; ]
1500901318[44 75 47 79 52 0 2; 4 70 46 88 55 0 2; ]
1500901319[41 75 47 79 52 0 2; 0 68 46 90 55 0 2; ]
1500901320[38 75 47 79 52 0 2; ]
1500901321[35 75 47 79 52 0 2; ]
1500901322[29 72 49 86 52 0 2; ]
1500901323[]
1500901324[]
1500901325[]
1500901326[]
1500901327[]
1500901328[]
1500901329[]
1500901330[]
1500901331[]
1500901332[]
1500901333[]
1500901334[]
1500901335[]
1500901336[]
1500901337[]
1500901338[]
1500901339[]
1500901340[]
1500901341[]
1500901342[]
1500901343[]
1500901344[]
1500901345[]
1500901346[]
1500901347[]
1500901348[]
1500901349[]
1500901350[]
1500901351[]
1500901352[]
1500901353[]
1500901354[]
1500901355[]
1500901356[]
1500901357[]
1500901358[]
1500901359[]
1500901360[]
1500901361[]
1500901362[]
1500901363[]
1500901364[]
1500901365[]
1500901366[]
1500901367[]
1500901368[]
1500901369[]
1500901370[]
1500901371[]
1500901372[]
1500901373[]
1500901374[]
1500901375[]
1500901376[]
1500901377[]
1500901378[]
1500901379[]
1500901380[]
1500901381[]
1500901382[]
1500901383[]
1500901384[]
1500901385[]
1500901386[]
1500901387[]
1500901388[]
1500901389[]
1500901390[]
1500901391[]
1500901392[]
1500901393[]
1500901394[]
1500901395[]
1500901396[]
1500901397[]
1500901398[]
1500901399[]
1500901400[]
1500901401[]
1500901402[]
1500901403[]
1500901404[]
1500901405[]
1500901406[]
1500901407[]
1500901408[]
1500901409[]
1500901410[]
1500901411[]
1500901412[]
1500901413[]
1500901414[]
1500901415[]
1500901416[]
1500901417[]
1500901418[]
1500901419[]
1500901420[]
1500901421[]
1500901422[]
1500901423[]
1500901424[]
1500901425[]
1500901426[]
1500901427[]
1500901428[]
1500901429[]
1500901430[]
1500901431[]
1500901432[]
1500901433[]
1500901434[]
1500901435[]
1500901436[]
1500901437[]
1500901438[]
1500901439[]
1500901440[]
1500901441[]
1500901442[]
1500901443[]
1500901444[]
1500901445[]
1500901446[]
1500901447[]
1500901448[]
1500901449[]
1500901450[]
1500901451[]
1500901452[]
1500901453[]
1500901454[]
1500901455[]
1500901456[]
1500901457[]
1500901458[]
1500901459[]
1500901460[]
1500901461[]
1500901462[]
1500901463[]
1500901464[]
1500901465[]
1500901466[]
1500901467[]
1500901468[]
1500901469[]
1500901470[]
1500901471[]
1500901472[]
1500901473[]
1500901474[]
1500901475[]
1500901476[]
1500901477[]
1500901478[]
1500901479[]
1500901480[]
1500901481[]
1500901482[]
1500901483[]
1500901484[]
1500901485[]
1500901486[]
1500901487[]
1500901488[]
1500901489[]
1500901490[]
1500901491[]
1500901492[]
1500901493[]
1500901494[]
1500901495[]
1500901496[]
1500901497[]
1500901498[]
1500901499[]
1500901500[]
1500901501[]
1500901502[]
1500901503[]
1500901504[]
1500901505[]
1500901506[]
1500901507[]
1500901508[]
1500901509[]
1500901510[]
1500901511[]
1500901512[]
1500901513[]
1500901514[]
1500901515[]
1500901516[]
1500901517[]
1500901518[]
1500901519[]
1500901520[]
1500901521[]
1500901522[]
1500901523[]
1500901524[]
1500901525[]
1500901526[]
1500901527[]
1500901528[]
1500901529[]
1500901530[]
1500901531[]
1500901532[]
1500901533[]
1500901534[]
1500901535[]
1500901536[]
1500901537[]
1500901538[]
1500901539[]
1500901540[]
1500901541[]
1500901542[]
1500901543[]
1500901544[]
1500901545[]
1500901546[]
1500901547[]
1500901548[]
1500901549[]
1500901550[]
1500901551[]
1500901552[]
1500901553[]
1500901554[]
1500901555[]
1500901556[]
1500901557[]
1500901558[]
1500901559[]
1500901560[]
1500901561[]
1500901562[]
1500901563[]
1500901564[]
1500901565[]
1500901566[]
1500901567[]
1500901568[]
1500901569[]
1500901570[]
1500901571[]
1500901572[]
1500901573[]
1500901574[]
1500901575[]
1500901576[]
1500901577[]
1500901578[]
1500901579[]
1500901580[]
1500901581[]
1500901582[]
1500901583[]
1500901584[]
1500901585[]
1500901586[]
1500901587[]
1500901588[]
1500901589[]
1500901590[]
1500901591[]
1500901592[]
1500901593[]
1500901594[]
1500901595[]
1500901596[]
1500901597[]
1500901598[]
1500901599[]
1500901600[]
1500901601[]
1500901602[]
1500901603[]
1500901604[]
1500901605[]
1500901606[]
1500901607[]
1500901608[]
1500901609[]
1500901610[]
1500901611[]
1500901612[]
1500901613[]
1500901614[]
1500901615[]
1500901616[]
1500901617[]
1500901618[]
1500901619[]
1500901620[]
1500901621[]
1500901622[]
1500901623[]
1500901624[]
1500901625[]
1500901626[]
1500901627[]
1500901628[]
1500901629[]
1500901630[]
1500901631[]
1500901632[]
1500901633[]
1500901634[]
1500901635[]
1500901636[]
1500901637[]
1500901638[]
1500901639[]
1500901640[]
1500901641[]
1500901642[]
1500901643[]
1500901644[]
1500901645[]
1500901646[]
1500901647[]
1500901648[]
1500901649[]
1500901650[]
1500901651[]
1500901652[]
1500901653[]
1500901654[]
1500901655[]
1500901656[]
1500901657[]
1500901658[]
1500901659[]
1500901660[]
1500901661[]
1500901662[]
1500901663[]
1500901664[]
1500901665[]
1500901666[]
1500901667[]
1500901668[]
1500901669[]
1500901670[]
1500901671[]
1500901672[]
1500901673[]
1500901674[]
1500901675[]
1500901676[]
1500901677[]
1500901678[]
1500901679[]
1500901680[]
1500901681[]
1500901682[]
1500901683[]
1500901684[]
1500901685[]
1500901686[]
1500901687[]
1500901688[]
1500901689[]
1500901690[]
1500901691[]
1500901692[]
1500901693[]
1500901694[]
1500901695[]
1500901696[]
1500901697[]
1500901698[]
1500901699[]
1500901700[]
1500901701[]
1500901702[]
1500901703[]
1500901704[]
1500901705[]
1500901706[]
1500901707[]
1500901708[]
1500901709[]
1500901710[]
1500901711[]
1500901712[]
1500901713[]
1500901714[]
1500901715[]
1500901716[]
1500901717[]
1500901718[]
1500901719[]
1500901720[]
1500901721[]
1500901722[]
1500901723[]
1500901724[]
1500901725[]
1500901726[]
1500901727[]
1500901728[]
1500901729[]
1500901730[]
1500901731[]
1500901732[]
1500901733[]
1500901734[]
1500901735[]
1500901736[]
1500901737[]
1500901738[]
1500901739[]
1500901740[]
1500901741[]
1500901742[]
1500901743[]
1500901744[]
1500901745[]
1500901746[]
1500901747[]
1500901748[]
1500901749[]
1500901750[]
1500901751[]
1500901752[]
1500901753[]
1500901754[]
1500901755[]
1500901756[]
1500901757[]
1500901758[]
1500901759[]
1500901760[]
1500901761[]
1500901762[]
1500901763[]
1500901764[]
1500901765[]
1500901766[]
1500901767[]
1500901768[]
1500901769[]
1500901770[]
1500901771[]
1500901772[]
1500901773[]
1500901774[]
1500901775[]
1500901776[]
1500901777[]
1500901778[]
1500901779[]
1500901780[]
1500901781[]
1500901782[]
1500901783[]
1500901784[]
1500901785[]
1500901786[]
1500901787[]
1500901788[]
1500901789[]
1500901790[]
1500901791[]
1500901792[]
1500901793[]
1500901794[]
1500901795[]
1500901796[]
1500901797[]
1500901798[]
1500901799[]
1500901800[]
1500901801[]
1500901802[]
1500901803[]
1500901804[]
1500901805[]
1500901806[]
1500901807[]
1500901808[]
1500901809[]
1500901810[]
1500901811[]
1500901812[]
1500901813[]
1500901814[]
1500901815[]
1500901816[]
1500901817[]
1500901818[]
1500901819[]
1500901820[]
1500901821[]
1500901822[]
1500901823[]
1500901824[]
1500901825[]
1500901826[]
1500901827[]
1500901828[]
1500901829[]
1500901830[]
1500901831[]
1500901832[]
1500901833[]
1500901834[]
1500901835[]
1500901836[]
1500901837[]
1500901838[]
1500901839[]
1500901840[]
1500901841[395 103 20 30 69 0 3; ]
1500901842[396 102 20 30 69 0 3; ]
1500901843[397 100 20 30 69 0 3; ]
1500901844[397 99 20 31 69 0 3; ]
1500901845[398 98 20 31 69 0 3; ]
1500901846[398 97 20 31 69 0 3; ]
1500901847[399 97 20 32 69 0 3; ]
1500901848[399 97 20 32 69 0 3; ]
1500901849[400 97 20 33 69 0 3; ]
1500901850[400 97 20 33 69 0 3; ]
1500901851[401 97 20 33 69 0 3; ]
1500901852[401 97 20 34 69 0 3; ]
1500901853[402 97 20 35 69 0 3; ]
1500901854[402 97 20 35 69 0 3; ]
1500901855[402 97 20 36 69 0 3; ]
1500901856[403 98 20 36 69 0 3; ]
1500901857[403 98 20 36 69 0 3; ]
1500901858[403 98 20 36 69 0 3; ]
1500901859[403 98 20 35 69 0 3; ]
1500901860[402 98 21 34 70 0 0; ]
1500901861[403 97 21 34 70 0 0; ]
1500901862[404 96 21 34 70 0 0; ]
1500901863[404 95 21 34 70 0 0; ]
1500901864[405 94 21 34 70 0 0; ]
1500901865[405 94 21 34 70 0 0; ]
1500901866[406 93 21 34 70 0 0; ]
1500901867[406 93 21 34 70 0 0; ]
1500901868[407 93 21 34 70 0 0; ]
1500901869[407 93 21 35 70 0 0; ]
1500901870[408 93 21 35 70 0 0; ]
1500901871[408 93 21 36 70 0 0; ]
1500901872[409 93 21 37 70 0 0; ]
1500901873[409 93 21 38 70 0 0; ]
1500901874[409 93 21 40 70 0 0; ]
1500901875[409 93 21 41 70 0 0; ]
1500901876[410 94 21 41 70 0 0; ]
1500901877[411 95 21 41 70 0 0; ]
1500901878[411 95 21 41 70 0 0; ]
1500901879[412 96 21 41 70 0 0; ]
1500901880[413 96 21 41 70 0 0; ]
1500901881[414 97 21 41 70 0 0; ]
1500901882[415 97 21 41 70 0 0; ]
1500901883[415 97 21 41 70 0 0; ]
1500901884[416 96 21 41 70 0 0; ]
1500901885[417 96 21 41 70 0 0; ]
1500901886[418 96 21 41 70 0 0; ]
1500901887[419 95 21 41 70 0 0; ]
1500901888[420 95 21 41 70 0 0; ]
1500901889[422 94 21 41 70 0 0; ]
1500901890[423 93 21 41 70 0 0; ]
1500901891[424 92 21 42 70 0 0; ]
1500901892[425 91 21 42 70 0 0; ]
1500901893[426 90 21 43 70 0 0; ]
1500901894[427 89 21 44 70 0 0; ]
1500901895[429 88 21 44 70 0 0; ]
1500901896[430 88 21 45 70 0 0; ]
1500901897[431 88 21 45 70 0 0; ]
1500901898[432 88 21 45 70 0 0; ]
1500901899[433 88 21 46 70 0 0; ]
1500901900[434 88 21 46 70 0 0; ]
1500901901[436 88 22 46 70 0 0; ]
1500901902[437 88 22 46 70 0 0; ]
1500901903[438 89 22 46 70 0 0; ]
1500901904[439 89 23 46 70 0 0; ]
1500901905[440 90 23 46 70 0 0; ]
1500901906[441 90 24 47 70 0 0; ]
1500901907[442 90 25 47 70 0 0; ]
1500901908[443 90 25 48 70 0 0; ]
1500901909[444 90 26 48 70 0 0; ]
1500901910[445 90 27 49 70 0 0; ]
1500901911[446 90 27 49 70 0 0; ]
1500901912[447 90 27 49 70 0 0; ]
1500901913[448 90 27 50 70 0 0; ]
1500901914[450 91 27 50 70 0 0; ]
1500901915[451 91 27 50 70 0 0; ]
1500901916[452 92 27 50 70 0 0; ]
1500901917[453 93 27 50 70 0 0; ]
1500901918[455 94 27 50 70 0 0; ]
1500901919[456 95 27 51 70 0 0; ]
1500901920[457 97 27 51 70 0 0; ]
1500901921[459 97 27 51 70 0 0; ]
1500901922[460 96 27 52 70 0 0; ]
1500901923[462 96 27 53 70 0 0; ]
1500901924[463 96 27 54 70 0 0; ]
1500901925[464 95 27 54 70 0 0; ]
1500901926[466 95 27 55 70 0 0; ]
1500901927[468 94 27 55 70 0 0; ]
1500901928[469 94 27 55 70 0 0; ]
1500901929[471 93 27 55 70 0 0; ]
1500901930[473 92 27 55 70 0 0; ]
1500901931[474 90 28 55 70 0 0; ]
1500901932[476 89 28 55 70 0 0; ]
1500901933[478 87 28 55 70 0 0; ]
1500901934[480 85 29 55 70 0 0; ]
1500901935[482 84 29 55 70 0 0; ]
1500901936[]
1500901937[]
1500901938[]
1500901939[]
1500901940[]
1500901941[]
1500901942[]
1500901943[]
1500901944[]
1500901945[]
1500901946[]
1500901947[]
1500901948[]
1500901949[]
1500901950[]
1500901951[]
1500901952[]
1500901953[]
1500901954[]
1500901955[]
1500901956[]
1500901957[]
1500901958[]
1500901959[]
1500901960[]
1500901961[]
1500901962[]
1500901963[]
1500901964[]
1500901965[]
1500901966[]
1500901967[]
1500901968[]
1500901969[]
1500901970[]
1500901971[]
1500901972[]
1500901973[]
1500901974[]
1500901975[]
1500901976[]
1500901977[]
1500901978[]
1500901979[]
1500901980[]
1500901981[]
1500901982[]
1500901983[]
1500901984[]
1500901985[]
1500901986[]
1500901987[]
1500901988[]
1500901989[]
1500901990[]
1500901991[]
1500901992[]
1500901993[]
1500901994[]
1500901995[]
1500901996[]
1500901997[]
1500901998[]
1500901999[]
1500902000[]
1500902001[]
1500902002[]
1500902003[]
1500902004[]
1500902005[]
1500902006[]
1500902007[]
1500902008[]
1500902009[]
1500902010[]
1500902011[]
1500902012[]
1500902013[]
1500902014[]
1500902015[]
1500902016[]
1500902017[]
1500902018[]
1500902019[]
1500902020[]
1500902021[]
1500902022[]
1500902023[]
1500902024[]
1500902025[]
1500902026[]
1500902027[]
1500902028[]
1500902029[]
1500902030[]
1500902031[]
1500902032[]
1500902033[]
1500902034[]
1500902035[]
1500902036[]
1500902037[]
1500902038[]
1500902039[]
1500902040[]
1500902041[]
1500902042[]
1500902043[]
1500902044[]
1500902045[]
1500902046[]
1500902047[]
1500902048[]
1500902049[]
1500902050[]
1500902051[]
1500902052[]
1500902053[]
1500902054[]
1500902055[]
1500902056[]
1500902057[]
1500902058[]
1500902059[]
1500902060[]
1500902061[]
1500902062[]
1500902063[]
1500902064[]
1500902065[]
1500902066[]
1500902067[]
1500902068[]
1500902069[]
1500902070[]
1500902071[]
1500902072[]
1500902073[]
1500902074[]
1500902075[]
1500902076[]
1500902077[]
1500902078[]
1500902079[]
1500902080[]
1500902081[]
1500902082[]
1500902083[]
1500902084[]
1500902085[]
1500902086[]
1500902087[]
1500902088[]
1500902089[]
1500902090[]
1500902091[]
1500902092[]
1500902093[]
1500902094[]
1500902095[]
1500902096[]
1500902097[]
1500902098[]
1500902099[]
1500902100[]
1500902101[]
1500902102[]
1500902103[]
1500902104[]
1500902105[]
1500902106[]
1500902107[]
1500902108[]
1500902109[]
1500902110[]
1500902111[]
1500902112[]
1500902113[]
1500902114[]
1500902115[]
1500902116[]
1500902117[]
1500902118[]
1500902119[]
1500902120[]
1500902121[]
1500902122[]
1500902123[]
1500902124[]
1500902125[]
1500902126[]
1500902127[]
1500902128[]
1500902129[]
1500902130[]
1500902131[]
1500902132[]
1500902133[]
1500902134[]
1500902135[]
1500902136[]
1500902137[]
1500902138[]
1500902139[]
1500902140[]
1500902141[]
1500902142[]
1500902143[]
1500902144[]
1500902145[]
1500902146[]
1500902147[]
1500902148[]
1500902149[]
1500902150[]
1500902151[]
1500902152[]
1500902153[]
1500902154[]
1500902155[]
1500902156[]
1500902157[]
1500902158[]
1500902159[]
1500902160[]
1500902161[]
1500902162[]
1500902163[]
1500902164[]
1500902165[]
1500902166[]
1500902167[]
1500902168[]
1500902169[]
1500902170[]
1500902171[]
1500902172[]
1500902173[]
1500902174[]
1500902175[]
1500902176[]
1500902177[]
1500902178[]
1500902179[]
1500902180[]
1500902181[]
1500902182[]
1500902183[]
1500902184[]
1500902185[]
1500902186[]
1500902187[]
1500902188[]
1500902189[]
1500902190[]
1500902191[]
1500902192[]
1500902193[]
1500902194[]
1500902195[]
1500902196[]
1500902197[]
1500902198[]
1500902199[]
1500902200[]
1500902201[]
1500902202[]
1500902203[]
1500902204[]
1500902205[]
1500902206[]
1500902207[]
1500902208[]
1500902209[]
1500902210[]
1500902211[]
1500902212[]
1500902213[]
1500902214[]
1500902215[]
1500902216[]
1500902217[]
1500902218[]
1500902219[]
1500902220[]
1500902221[]
1500902222[]
1500902223[]
1500902224[]
1500902225[]
1500902226[]
1500902227[]
1500902228[]
1500902229[]
1500902230[]
1500902231[]
1500902232[]
1500902233[]
1500902234[]
1500902235[]
1500902236[]
1500902237[]
1500902238[]
1500902239[]
1500902240[]
1500902241[]
1500902242[]
1500902243[]
1500902244[]
1500902245[]
1500902246[]
1500902247[]
1500902248[]
1500902249[]
1500902250[]
1500902251[]
1500902252[]
1500902253[]
1500902254[]
1500902255[]
1500902256[]
1500902257[]
1500902258[]
1500902259[]
1500902260[]
1500902261[]
1500902262[]
1500902263[]
1500902264[]
1500902265[]
1500902266[]
1500902267[]
1500902268[]
1500902269[]
1500902270[]
1500902271[]
1500902272[]
1500902273[]
1500902274[]
1500902275[]
1500902276[]
1500902277[]
1500902278[]
1500902279[]
1500902280[]
1500902281[]
1500902282[]
1500902283[]
1500902284[]
1500902285[]
1500902286[]
1500902287[]
1500902288[]
1500902289[]
1500902290[]
1500902291[]
1500902292[]
1500902293[]
1500902294[]
1500902295[]
1500902296[]
1500902297[]
1500902298[]
1500902299[]
1500902300[]
1500902301[]
1500902302[]
1500902303[]
1500902304[]
1500902305[]
1500902306[]
1500902307[]
1500902308[]
1500902309[]
1500902310[]
1500902311[]
1500902312[]
1500902313[]
1500902314[]
1500902315[]
1500902316[]
1500902317[]
1500902318[]
1500902319[]
1500902320[]
1500902321[]
1500902322[]
1500902323[]
1500902324[]
1500902325[]
1500902326[]
1500902327[]
1500902328[]
1500902329[]
1500902330[]
1500902331[]
1500902332[]
1500902333[]
1500902334[]
1500902335[]
1500902336[]
1500902337[]
1500902338[]
1500902339[]
1500902340[]
1500902341[]
1500902342[]
1500902343[]
1500902344[]
1500902345[]
1500902346[]
1500902347[]
1500902348[]
1500902349[]
1500902350[]
1500902351[]
1500902352[]
1500902353[]
1500902354[]
1500902355[]
1500902356[]
1500902357[]
1500902358[]
1500902359[]
1500902360[]
1500902361[]
1500902362[]
1500902363[]
1500902364[]
1500902365[]
1500902366[]
1500902367[]
1500902368[]
1500902369[]
1500902370[]
1500902371[]
1500902372[]
1500902373[]
1500902374[]
1500902375[]
1500902376[]
1500902377[]
1500902378[]
1500902379[]
1500902380[]
1500902381[]
1500902382[]
1500902383[]
1500902384[]
1500902385[]
1500902386[]
1500902387[]
1500902388[]
1500902389[]
1500902390[]
1500902391[]
1500902392[]
1500902393[]
1500902394[]
1500902395[]
1500902396[]
1500902397[]
1500902398[]
1500902399[]
1500902400[]
1500902401[]
1500902402[]
1500902403[]
1500902404[]
1500902405[]
1500902406[]
1500902407[]
1500902408[]
1500902409[]
1500902410[]
1500902411[]
1500902412[]
1500902413[]
1500902414[]
1500902415[]
1500902416[]
1500902417[]
1500902418[]
1500902419[]
1500902420[]
1500902421[]
1500902422[]
1500902423[]
1500902424[]
1500902425[]
1500902426[]
1500902427[]
1500902428[]
1500902429[]
1500902430[]
1500902431[]
1500902432[]
1500902433[]
1500902434[]
1500902435[]
1500902436[]
1500902437[]
1500902438[]
1500902439[]
1500902440[]
1500902441[]
1500902442[]
1500902443[]
1500902444[]
1500902445[]
1500902446[]
1500902447[]
1500902448[]
1500902449[]
1500902450[]
1500902451[]
1500902452[]
1500902453[]
1500902454[]
1500902455[]
1500902456[]
1500902457[]
1500902458[]
1500902459[]
1500902460[]
1500902461[]
1500902462[]
1500902463[]
1500902464[]
1500902465[]
1500902466[]
1500902467[]
1500902468[]
1500902469[]
1500902470[]
1500902471[]
1500902472[]
1500902473[]
1500902474[]
1500902475[]
1500902476[]
1500902477[]
1500902478[]
1500902479[]
1500902480[]
1500902481[]
1500902482[]
1500902483[]
1500902484[]
1500902485[]
1500902486[]
1500902487[]
1500902488[]
1500902489[]
1500902490[]
1500902491[]
1500902492[]
1500902493[]
1500902494[]
1500902495[]
1500902496[]
1500902497[]
1500902498[]
1500902499[]
1500902500[]
1500902501[]
1500902502[]
1500902503[]
1500902504[]
1500902505[]
1500902506[]
1500902507[]
1500902508[]
1500902509[]
1500902510[]
1500902511[]
1500902512[]
1500902513[]
1500902514[]
1500902515[]
1500902516[]
1500902517[]
1500902518[]
1500902519[]
1500902520[]
1500902521[]
1500902522[]
1500902523[]
1500902524[]
1500902525[]
1500902526[]
1500902527[]
1500902528[]
1500902529[]
1500902530[]
1500902531[]
1500902532[]
1500902533[]
1500902534[]
1500902535[]
1500902536[]
1500902537[]
1500902538[]
1500902539[]
1500902540[]
1500902541[]
1500902542[]
1500902543[]
1500902544[]
1500902545[]
1500902546[]
1500902547[]
1500902548[]
1500902549[]
1500902550[]
1500902551[]
1500902552[]
1500902553[]
1500902554[]
1500902555[]
1500902556[]
1500902557[]
1500902558[]
1500902559[]
1500902560[]
1500902561[]
1500902562[]
1500902563[]
1500902564[]
1500902565[]
1500902566[]
1500902567[]
1500902568[]
1500902569[]
1500902570[]
1500902571[]
1500902572[]
1500902573[]
1500902574[]
1500902575[]
1500902576[]
1500902577[]
1500902578[]
1500902579[]
1500902580[]
1500902581[]
1500902582[]
1500902583[]
1500902584[]
1500902585[]
1500902586[]
1500902587[]
1500902588[]
1500902589[]
1500902590[]
1500902591[]
1500902592[]
1500902593[]
1500902594[]
1500902595[]
1500902596[]
1500902597[]
1500902598[]
1500902599[]
1500902600[]
1500902601[]
1500902602[]
1500902603[]
1500902604[]
1500902605[]
1500902606[]
1500902607[]
1500902608[]
1500902609[]
1500902610[]
1500902611[]
1500902612[]
1500902613[]
1500902614[]
1500902615[]
1500902616[]
1500902617[]
1500902618[]
1500902619[]
1500902620[]
1500902621[]
1500902622[]
1500902623[]
1500902624[]
1500902625[]
1500902626[]
1500902627[]
1500902628[]
1500902629[]
1500902630[]
1500902631[]
1500902632[]
1500902633[]
1500902634[]
1500902635[]
1500902636[]
1500902637[]
1500902638[]
1500902639[]
1500902640[]
1500902641[]
1500902642[]
1500902643[]
1500902644[]
1500902645[]
1500902646[]
1500902647[]
1500902648[]
1500902649[]
1500902650[]
1500902651[]
1500902652[]
1500902653[]
1500902654[]
1500902655[]
1500902656[]
1500902657[]
1500902658[]
1500902659[]
1500902660[]
1500902661[]
1500902662[]
1500902663[]
1500902664[]
1500902665[]
1500902666[]
1500902667[]
1500902668[]
1500902669[]
1500902670[]
1500902671[380 71 23 51 76 0 3; ]
1500902672[381 71 23 51 76 0 3; ]
1500902673[382 71 23 51 76 0 3; ]
1500902674[383 71 23 51 76 0 3; ]
1500902675[382 72 27 55 77 0 2; ]
1500902676[383 71 27 55 77 0 2; ]
1500902677[383 71 27 55 77 0 2; ]
1500902678[384 71 27 55 77 0 2; ]
1500902679[385 71 27 55 77 0 2; ]
1500902680[385 71 27 55 77 0 2; ]
1500902681[385 71 27 55 77 0 2; ]
1500902682[386 71 27 55 77 0 2; ]
1500902683[387 71 27 55 77 0 2; ]
1500902684[387 71 27 55 77 0 2; ]
1500902685[388 71 28 55 77 0 2; ]
1500902686[389 71 28 55 77 0 2; ]
1500902687[390 71 28 55 77 0 2; ]
1500902688[391 71 29 56 77 0 2; ]
1500902689[392 71 29 57 77 0 2; ]
1500902690[393 71 29 58 77 0 2; ]
1500902691[395 71 29 59 77 0 2; ]
1500902692[396 71 29 60 77 0 2; ]
1500902693[397 71 29 60 77 0 2; ]
1500902694[398 72 29 60 77 0 2; ]
1500902695[399 73 29 60 77 0 2; ]
1500902696[400 75 29 60 77 0 2; ]
1500902697[401 77 29 60 77 0 2; ]
1500902698[401 78 29 60 77 0 2; ]
1500902699[402 79 29 60 77 0 2; ]
1500902700[403 80 30 60 77 0 2; ]
1500902701[404 81 31 60 77 0 2; ]
1500902702[405 81 32 60 77 0 2; ]
1500902703[406 81 32 60 77 0 2; ]
1500902704[406 81 32 60 77 0 2; ]
1500902705[407 81 32 60 77 0 2; ]
1500902706[407 80 32 60 77 0 2; ]
1500902707[408 80 32 60 77 0 2; ]
1500902708[409 80 32 60 77 0 2; ]
1500902709[410 79 32 60 77 0 2; ]
1500902710[411 79 32 60 77 0 2; ]
1500902711[411 79 32 60 77 0 2; ]
1500902712[412 79 32 60 77 0 2; ]
1500902713[413 79 32 60 77 0 2; ]
1500902714[415 79 32 60 77 0 2; ]
1500902715[416 79 32 60 77 0 2; ]
1500902716[417 78 32 60 77 0 2; ]
1500902717[418 78 32 60 77 0 2; ]
1500902718[419 77 32 60 77 0 2; ]
1500902719[419 77 32 60 77 0 2; ]
1500902720[420 76 32 60 77 0 2; ]
1500902721[421 75 32 60 77 0 2; ]
1500902722[422 75 32 60 77 0 2; ]
1500902723[423 74 32 61 77 0 2; ]
1500902724[424 73 32 61 77 0 2; ]
1500902725[425 73 32 62 77 0 2; ]
1500902726[426 72 32 63 77 0 2; ]
1500902727[426 71 32 64 77 0 2; ]
1500902728[427 71 32 66 77 0 2; ]
1500902729[428 71 32 67 77 0 2; ]
1500902730[429 71 32 67 77 0 2; ]
1500902731[430 70 32 67 77 0 2; ]
1500902732[431 69 32 67 77 0 2; ]
1500902733[433 69 32 67 77 0 2; ]
1500902734[434 68 32 67 77 0 2; ]
1500902735[435 69 32 66 77 0 2; ]
1500902736[436 69 32 63 77 0 2; ]
1500902737[438 70 32 60 77 0 2; ]
1500902738[439 71 32 59 77 0 2; ]
1500902739[441 70 32 61 77 0 2; ]
1500902740[443 69 32 64 77 0 2; ]
1500902741[445 67 32 69 77 0 2; ]
1500902742[446 67 32 65 77 0 2; ]
1500902743[447 68 32 61 77 0 2; ]
1500902744[448 69 32 59 77 0 2; ]
1500902745[449 69 32 58 77 0 2; ]
1500902746[451 71 32 59 77 0 2; ]
1500902747[452 72 32 61 77 0 2; ]
1500902748[453 74 32 63 77 0 2; ]
1500902749[454 76 32 64 77 0 2; ]
1500902750[455 78 32 63 77 0 2; ]
1500902751[455 80 32 61 77 0 2; ]
1500902752[455 80 32 60 77 0 2; ]
1500902753[457 80 32 60 77 0 2; ]
1500902754[459 79 32 60 77 0 2; ]
1500902755[462 78 32 60 77 0 2; ]
1500902756[466 76 32 60 77 0 2; ]
1500902757[467 76 31 59 77 0 2; ]
1500902758[469 76 30 58 77 0 2; ]
1500902759[470 77 29 57 77 0 2; ]
1500902760[472 77 29 57 77 0 2; ]
1500902761[473 77 30 57 77 0 2; ]
1500902762[474 78 32 57 77 0 2; ]
1500902763[475 78 33 57 77 0 2; ]
1500902764[476 78 34 57 77 0 2; ]
1500902765[]
1500902766[]
1500902767[]
1500902768[]
1500902769[]
1500902770[]
1500902771[]
1500902772[]
1500902773[]
1500902774[]
1500902775[]
1500902776[]
1500902777[]
1500902778[]
1500902779[]
1500902780[]
1500902781[]
1500902782[]
1500902783[]
1500902784[]
1500902785[]
1500902786[]
1500902787[]
1500902788[]
1500902789[]
1500902790[]
1500902791[]
1500902792[]
1500902793[5 20 137 225 78 0 0; ]
1500902794[20 21 132 222 78 0 0; ]
1500902795[36 22 126 219 78 0 0; ]
1500902796[42 22 129 218 78 0 0; ]
1500902797[50 23 130 217 78 0 0; ]
1500902798[59 24 131 216 78 0 0; ]
1500902799[71 25 130 214 78 0 0; ]
1500902800[86 27 127 212 78 0 0; ]
1500902801[99 28 126 210 78 0 0; ]
1500902802[111 29 126 209 78 0 0; ]
1500902803[121 29 126 208 78 0 0; 14 0 131 242 79 0 0; ]
1500902804[133 29 126 207 78 0 0; 30 0 131 239 79 0 0; ]
1500902805[149 29 123 206 78 0 0; 44 1 132 236 79 0 0; ]
1500902806[168 28 118 204 78 0 0; 58 1 133 235 79 0 0; ]
1500902807[184 28 115 204 78 0 0; 72 2 134 235 79 0 0; ]
1500902808[197 28 115 204 78 0 0; 85 3 135 235 79 0 0; ]
1500902809[208 29 115 204 78 0 0; 98 4 136 235 79 0 0; ]
1500902810[218 29 115 204 78 1 0; 113 5 134 232 79 0 0; ]
1500902811[230 30 115 202 78 1 0; 127 6 133 229 79 0 0; ]
1500902812[241 30 115 200 78 1 0; 141 6 132 228 79 0 0; ]
1500902813[252 31 115 198 78 1 0; 155 7 132 228 79 0 0; ]
1500902814[264 33 114 196 78 1 0; 167 7 132 229 79 0 0; ]
1500902815[274 35 112 194 78 1 0; 181 7 132 230 79 0 0; ]
1500902816[285 37 111 192 78 1 0; 196 9 130 228 79 0 0; ]
1500902817[295 39 110 190 78 1 0; 212 10 125 223 79 0 0; ]
1500902818[305 41 109 188 78 1 0; 227 12 123 221 79 0 0; ]
1500902819[316 43 107 185 78 1 0; 241 14 123 222 79 0 0; ]
1500902820[326 44 104 181 78 1 0; 255 15 123 225 79 0 0; ]
1500902821[336 46 101 177 78 1 0; 269 16 123 229 79 0 0; ]
1500902822[347 43 97 171 78 1 0; 282 15 122 233 79 0 0; ]
1500902823[360 42 101 177 78 1 0; 295 14 122 238 79 0 0; ]
1500902824[311 12 147 243 79 0 0; ]
1500902825[323 12 147 243 79 0 0; ]
1500902826[335 12 147 243 79 0 0; ]
1500902827[346 12 147 243 79 0 0; ]
1500902828[357 12 147 240 79 0 0; ]
1500902829[]
1500902830[]
1500902831[]
1500902832[]
1500902833[]
1500902834[]
1500902835[]
1500902836[]
1500902837[]
1500902838[113 1 144 238 80 0 0; ]
1500902839[124 4 144 234 80 0 0; ]
1500902840[135 5 144 232 80 0 0; ]
1500902841[147 5 144 231 80 0 0; ]
1500902842[158 5 144 230 80 0 0; ]
1500902843[170 5 144 229 80 0 0; ]
1500902844[182 5 144 229 80 0 0; ]
1500902845[194 6 144 229 80 0 0; ]
1500902846[205 6 144 229 80 0 0; ]
1500902847[220 6 139 229 81 0 2; ]
1500902848[229 6 140 229 81 0 2; ]
1500902849[238 7 142 229 81 0 2; ]
1500902850[248 7 143 229 81 0 2; ]
1500902851[259 7 144 229 81 0 2; ]
1500902852[270 8 146 229 81 0 2; ]
1500902853[282 10 147 228 81 0 2; 1 10 145 230 83 1 0; ]
1500902854[294 11 149 227 81 0 2; 16 11 141 227 83 1 0; ]
1500902855[305 12 150 227 81 0 2; 27 11 144 227 83 1 0; ]
1500902856[316 12 152 225 81 0 2; 37 11 148 227 83 1 0; ]
1500902857[327 12 154 224 81 0 2; 47 12 150 227 83 1 0; ]
1500902858[337 12 157 221 81 0 2; 60 13 150 224 83 1 0; ]
1500902859[347 12 159 219 81 0 2; 73 14 149 219 83 1 0; ]
1500902860[87 14 147 214 83 1 0; ]
1500902861[100 15 145 211 83 1 0; ]
1500902862[115 15 143 212 83 1 0; ]
1500902863[129 16 140 213 83 1 0; ]
1500902864[144 16 136 215 83 1 0; ]
1500902865[159 16 132 219 83 1 0; ]
1500902866[169 17 132 211 83 1 0; ]
1500902867[180 18 131 205 83 1 0; ]
1500902868[193 20 129 201 83 1 0; ]
1500902869[207 22 128 199 83 1 0; ]
1500902870[222 25 126 200 83 1 0; ]
1500902871[239 27 123 202 83 1 0; ]
1500902872[255 26 118 205 83 1 0; ]
1500902873[271 24 111 209 83 1 0; 0 3 126 242 86 0 0; ]
1500902874[12 4 128 238 86 0 0; ]
1500902875[23 4 129 233 86 0 0; ]
1500902876[34 5 131 229 86 0 0; ]
1500902877[46 7 133 226 86 0 0; ]
1500902878[57 9 136 224 86 0 0; ]
1500902879[69 12 139 223 86 0 0; ]
1500902880[85 10 137 227 86 0 0; 8 4 110 222 87 1 0; ]
1500902881[100 8 135 229 86 0 0; 20 5 109 221 87 1 0; ]
1500902882[114 7 134 230 86 0 0; 32 7 105 218 87 1 0; ]
1500902883[126 8 135 230 86 0 0; 44 10 99 213 87 1 0; ]
1500902884[138 8 136 230 86 0 0; 55 10 101 213 87 1 0; ]
1500902885[149 9 137 230 86 0 0; 66 10 103 213 87 1 0; ]
1500902886[161 10 138 230 86 0 0; 78 10 104 214 87 0 0; ]
1500902887[173 12 139 229 86 0 0; 90 11 104 214 87 0 0; ]
1500902888[184 14 139 228 86 0 0; 102 13 104 214 87 0 0; ]
1500902889[195 14 139 226 86 0 0; 114 14 104 214 87 0 0; ]
1500902890[205 15 139 223 86 0 0; 125 14 104 212 87 0 0; ]
1500902891[217 15 139 221 86 0 0; 136 15 104 208 87 0 0; ]
1500902892[231 15 137 220 86 0 0; 146 15 104 204 87 0 0; ]
1500902893[247 16 132 219 86 0 0; 156 15 104 200 87 0 0; ]
1500902894[265 16 126 219 86 0 0; 166 16 104 197 87 0 0; ]
1500902895[279 18 122 214 86 0 0; 176 16 104 195 87 0 0; ]
1500902896[291 19 119 211 86 0 0; 185 17 104 195 87 0 0; ]
1500902897[302 19 118 210 86 0 0; 195 17 105 195 87 0 0; ]
1500902898[314 19 118 212 86 0 0; 204 17 106 195 87 0 0; ]
1500902899[324 18 118 216 86 0 0; 212 18 106 195 87 0 0; ]
1500902900[328 17 118 219 86 0 0; 216 18 106 196 87 0 0; ]
1500902901[328 16 118 220 86 0 0; 216 18 106 196 87 0 0; ]
1500902902[328 15 118 221 86 0 0; 216 18 106 196 87 0 0; ]
1500902903[328 14 118 222 86 0 0; 216 18 106 197 87 0 0; ]
1500902904[328 13 118 222 86 0 0; 216 18 106 197 87 0 0; ]
1500902905[328 12 118 223 86 0 0; 216 18 106 197 87 0 0; ]
1500902906[328 11 118 223 86 0 0; 216 18 106 197 87 0 0; ]
1500902907[328 10 118 224 86 0 0; 216 18 106 198 87 0 0; ]
1500902908[328 9 118 224 86 0 0; 216 18 106 198 87 0 0; ]
1500902909[328 7 118 224 86 0 0; 216 18 106 198 87 0 0; ]
1500902910[328 7 118 224 86 0 0; 216 18 106 199 87 0 0; ]
1500902911[328 7 118 224 86 0 0; 216 18 106 199 87 0 0; ]
1500902912[328 7 118 224 86 0 0; 215 17 106 199 87 0 0; ]
1500902913[328 7 118 224 86 0 0; 215 17 106 199 87 0 0; ]
1500902914[345 29 89 165 90 0 0; ]
1500902915[353 30 89 169 90 0 0; ]
1500902916[361 30 89 173 90 0 0; ]
1500902917[369 30 89 174 90 0 0; ]
1500902918[376 30 89 174 90 0 0; ]
1500902919[383 30 89 174 90 0 0; ]
1500902920[390 30 89 174 90 0 0; ]
1500902921[399 30 88 173 90 0 0; ]
1500902922[408 30 85 171 90 0 0; ]
1500902923[417 30 83 168 90 0 0; ]
1500902924[425 31 83 165 90 0 0; ]
1500902925[]
1500902926[]
1500902927[]
1500902928[]
1500902929[]
1500902930[]
1500902931[]
1500902932[]
1500902933[]
1500902934[]
1500902935[]
1500902936[]
1500902937[]
1500902938[]
1500902939[]
1500902940[]
1500902941[]
1500902942[]
1500902943[]
1500902944[]
1500902945[]
1500902946[]
1500902947[]
1500902948[]
1500902949[]
1500902950[]
1500902951[]
1500902952[]
1500902953[]
1500902954[]
1500902955[]
1500902956[]
1500902957[]
1500902958[]
1500902959[]
1500902960[]
1500902961[]
1500902962[]
1500902963[]
1500902964[]
1500902965[]
1500902966[]
1500902967[]
1500902968[]
1500902969[]
1500902970[]
1500902971[]
1500902972[]
1500902973[]
1500902974[]
1500902975[]
1500902976[]
1500902977[]
1500902978[]
1500902979[266 0 142 240 91 0 0; ]
1500902980[276 0 142 245 91 0 0; ]
1500902981[288 1 142 248 91 0 0; ]
1500902982[299 1 142 245 91 0 0; ]
1500902983[312 2 141 247 91 0 0; ]
1500902984[325 3 137 247 91 0 0; ]
1500902985[337 3 134 247 91 0 0; ]
1500902986[349 3 132 247 91 0 0; ]
1500902987[360 3 131 247 91 0 0; ]
1500902988[371 3 130 247 91 0 0; ]
1500902989[]
1500902990[]
1500902991[]
1500902992[]
1500902993[]
1500902994[]
1500902995[]
1500902996[]
1500902997[]
1500902998[]
1500902999[]
1500903000[]
1500903001[]
1500903002[]
