0100100001[]
0100100002[]
0100100003[]
0100100004[171 60 55 62 0 0 2; ]
0100100005[170 61 54 62 0 0 2; ]
0100100006[169 61 53 62 0 0 2; ]
0100100007[168 62 53 63 0 0 2; ]
0100100008[167 62 52 63 0 0 2; ]
0100100009[166 63 52 63 0 0 2; ]
0100100010[165 63 51 63 0 0 2; ]
0100100011[164 63 51 63 0 0 2; ]
0100100012[162 63 51 63 0 0 2; ]
0100100013[161 63 51 64 0 0 2; ]
0100100014[160 63 51 64 0 0 2; ]
0100100015[158 63 51 64 0 0 2; ]
0100100016[156 62 52 65 0 0 2; ]
0100100017[153 62 52 66 0 0 2; ]
0100100018[151 61 53 67 0 0 2; ]
0100100019[149 61 54 68 0 0 2; ]
0100100020[147 61 54 69 0 0 2; ]
0100100021[145 61 55 70 0 0 2; ]
0100100022[144 60 55 70 0 0 2; ]
0100100023[142 60 55 71 0 0 2; ]
0100100024[140 60 55 71 0 0 2; ]
0100100025[139 60 55 72 0 0 2; ]
0100100026[137 60 56 72 0 0 2; ]
0100100027[136 60 56 72 0 0 2; ]
0100100028[135 60 54 72 0 0 2; ]
0100100029[134 60 52 73 0 0 2; ]
0100100030[133 61 51 73 0 0 2; ]
0100100031[132 61 50 73 0 0 2; ]
0100100032[131 61 49 73 0 0 2; ]
0100100033[130 62 48 73 0 0 2; ]
0100100034[128 62 47 74 0 0 2; ]
0100100035[127 62 47 74 0 0 2; ]
0100100036[125 63 47 74 0 0 2; ]
0100100037[124 63 47 74 0 0 2; ]
0100100038[122 63 47 75 0 0 2; ]
0100100039[120 63 47 75 0 0 2; ]
0100100040[118 64 48 75 0 0 2; ]
0100100041[116 64 48 75 0 0 2; ]
0100100042[114 64 49 75 0 0 2; ]
0100100043[111 64 50 76 0 0 2; ]
0100100044[109 64 51 76 0 0 2; ]
0100100045[106 65 52 76 0 0 2; ]
0100100046[104 65 53 76 0 0 2; ]
0100100047[101 65 55 77 0 0 2; ]
0100100048[98 65 56 77 0 0 2; ]
0100100049[94 65 58 77 0 0 2; ]
0100100050[90 65 61 77 0 0 2; ]
0100100051[86 65 63 78 0 0 2; ]
0100100052[82 65 64 78 0 0 2; ]
0100100053[79 65 65 78 0 0 2; ]
0100100054[77 65 65 78 0 0 2; ]
0100100055[75 65 64 79 0 0 2; ]
0100100056[74 64 64 79 0 0 2; ]
0100100057[72 64 63 79 0 0 2; ]
0100100058[70 63 62 79 0 0 2; ]
0100100059[69 63 60 80 0 0 2; ]
0100100060[69 62 56 80 0 0 2; ]
0100100061[68 62 55 80 0 0 2; ]
0100100062[66 61 56 80 0 0 2; ]
0100100063[61 61 58 81 0 0 2; ]
0100100064[56 61 61 81 0 0 2; ]
0100100065[52 61 62 81 0 0 2; ]
0100100066[50 61 61 81 0 0 2; ]
0100100067[49 61 58 82 0 0 2; ]
0100100068[48 61 56 82 0 0 2; ]
0100100069[46 61 55 82 0 0 2; ]
0100100070[43 61 56 83 0 0 2; ]
0100100071[40 61 58 83 0 0 2; ]
0100100072[35 61 61 84 0 0 2; ]
0100100073[31 62 68 84 0 0 2; ]
0100100074[26 62 67 84 0 0 2; ]
0100100075[22 62 70 85 0 0 2; ]
0100100076[17 62 72 85 0 0 2; ]
0100100077[14 62 73 85 0 0 2; ]
0100100078[11 62 73 86 0 0 2; ]
0100100079[8 62 73 86 0 0 2; ]
0100100080[5 62 73 87 0 0 2; ]
0100100081[2 62 73 87 0 0 2; ]
0100100082[0 61 72 87 0 0 2; ]
0100100083[]
0100100084[]
0100100085[]
0100100086[]
0100100087[]
0100100088[]
0100100089[]
0100100090[]
0100100091[]
0100100092[]
0100100093[]
0100100094[]
0100100095[]
0100100096[]
0100100097[]
0100100098[]
0100100099[]
0100100100[]
0100100101[]
0100100102[]
0100100103[]
0100100104[]
0100100105[]
0100100106[]
0100100107[]
0100100108[]
0100100109[]
0100100110[]
0100100111[]
0100100112[]
0100100113[]
0100100114[]
0100100115[]
0100100116[]
0100100117[]
0100100118[]
0100100119[]
0100100120[]
0100100121[]
0100100122[]
0100100123[]
0100100124[]
0100100125[]
0100100126[]
0100100127[]
0100100128[]
0100100129[]
0100100130[]
0100100131[]
0100100132[]
0100100133[]
0100100134[]
0100100135[]
0100100136[]
0100100137[]
0100100138[]
0100100139[]
0100100140[]
0100100141[]
0100100142[]
0100100143[]
0100100144[]
0100100145[]
0100100146[]
0100100147[]
0100100148[]
0100100149[]
0100100150[483 71 14 31 31 1 1; ]
0100100151[483 70 14 31 31 1 1; ]
0100100152[483 70 14 31 31 1 1; ]
0100100153[483 69 14 31 31 1 1; ]
0100100154[483 69 14 31 31 1 1; ]
0100100155[483 69 14 31 31 0 1; ]
0100100156[483 69 14 31 31 0 1; ]
0100100157[483 69 14 31 31 0 1; ]
0100100158[483 69 14 31 31 0 1; ]
0100100159[483 69 14 31 31 0 1; ]
0100100160[483 69 14 31 31 0 1; ]
0100100161[483 69 14 31 31 0 1; ]
0100100162[483 69 14 31 31 0 1; ]
0100100163[483 69 14 31 31 0 1; ]
0100100164[483 69 14 31 31 0 1; ]
0100100165[482 69 14 31 31 0 1; ]
0100100166[482 69 14 31 31 0 1; ]
0100100167[482 69 14 31 31 0 1; ]
0100100168[482 69 14 31 31 0 1; ]
0100100169[482 69 15 31 31 0 1; ]
0100100170[482 69 15 31 31 0 1; ]
0100100171[482 69 15 32 31 0 1; ]
0100100172[482 69 15 32 31 0 1; ]
0100100173[481 69 15 32 31 0 1; 227 70 13 30 60 0 0; ]
0100100174[481 69 15 32 31 0 1; 227 70 13 30 60 0 0; ]
0100100175[481 69 16 32 31 0 1; 226 69 13 31 60 0 0; ]
0100100176[481 69 16 32 31 0 1; 226 69 13 32 60 0 0; ]
0100100177[481 69 16 32 31 0 1; 225 69 13 32 60 0 0; ]
0100100178[481 69 16 32 31 0 1; 225 69 13 32 60 0 0; ]
0100100179[481 68 16 32 31 0 1; 224 69 13 32 60 0 0; ]
0100100180[481 68 16 32 31 0 1; 223 69 13 32 60 0 0; ]
0100100181[481 68 16 33 31 0 1; 223 69 13 32 60 0 0; ]
0100100182[480 68 16 34 31 0 1; 223 70 13 32 60 0 0; ]
0100100183[480 68 16 35 31 0 1; 222 70 13 32 60 0 0; ]
0100100184[480 68 16 36 31 0 1; 222 71 13 32 60 0 0; ]
0100100185[480 68 16 36 31 0 1; 221 72 13 32 60 0 0; ]
0100100186[480 68 16 36 31 0 1; 221 72 13 32 60 0 0; ]
0100100187[479 68 16 36 31 0 1; 220 73 13 32 60 0 0; ]
0100100188[479 69 16 36 31 0 1; 220 74 13 32 60 0 0; ]
0100100189[479 70 16 36 31 0 1; 219 74 13 32 60 0 0; ]
0100100190[479 70 16 35 31 0 1; 218 75 13 32 60 0 0; ]
0100100191[479 71 16 34 31 0 1; 217 75 13 32 60 0 0; ]
0100100192[479 72 16 33 31 0 1; 217 75 13 32 60 0 0; ]
0100100193[478 73 16 32 31 0 1; 216 76 13 32 60 0 0; ]
0100100194[214 75 14 33 60 0 0; ]
0100100195[212 75 16 35 60 0 0; ]
0100100196[210 75 16 36 60 0 0; ]
0100100197[210 75 16 35 60 0 0; ]
0100100198[209 76 16 35 60 0 0; ]
0100100199[187 77 15 30 32 0 2; 209 76 16 34 60 0 0; ]
0100100200[186 77 15 30 32 0 2; 208 76 16 33 60 0 0; ]
0100100201[186 77 15 30 32 0 2; 208 77 16 33 60 0 0; ]
0100100202[186 77 15 31 32 0 2; 207 77 16 33 60 0 0; ]
0100100203[185 77 16 31 32 0 2; 206 76 16 33 60 0 0; ]
0100100204[475 71 21 40 1 0 1; 185 77 16 31 32 0 2; 205 76 16 34 60 0 0; ]
0100100205[475 71 21 40 1 0 1; 184 77 16 31 32 0 2; 204 76 16 35 60 0 0; ]
0100100206[475 71 21 40 1 0 1; 184 77 16 32 32 0 2; 202 75 17 35 60 0 0; ]
0100100207[475 71 21 40 1 0 1; 183 77 16 32 32 0 2; 201 75 17 35 60 0 0; ]
0100100208[474 71 21 40 1 0 1; 183 77 16 32 32 0 2; 200 75 18 35 60 0 0; ]
0100100209[474 71 21 40 1 0 1; 182 77 17 32 32 0 2; 200 74 19 35 60 0 0; ]
0100100210[474 71 21 40 1 0 1; 182 77 17 32 32 0 2; 199 74 20 35 60 0 0; ]
0100100211[473 71 21 40 1 0 1; 181 77 17 32 32 0 2; 198 74 20 35 60 0 0; ]
0100100212[473 71 21 40 1 0 1; 181 76 17 32 32 0 2; 197 73 20 35 60 0 0; ]
0100100213[473 71 21 40 1 0 1; 180 76 17 32 32 0 2; 195 72 20 36 60 0 0; ]
0100100214[473 71 21 40 1 0 1; 180 76 18 32 32 0 2; 194 71 20 36 60 0 0; ]
0100100215[473 71 21 40 1 0 1; 179 75 18 32 32 0 2; 193 70 20 37 60 0 0; ]
0100100216[473 71 21 40 1 0 1; 179 75 18 32 32 0 2; 192 69 20 37 60 0 0; ]
0100100217[473 71 21 40 1 0 1; 178 74 18 32 32 0 2; 191 68 20 38 60 0 0; ]
0100100218[473 71 21 40 1 0 1; 178 74 18 32 32 0 2; 190 67 20 38 60 0 0; ]
0100100219[473 70 21 40 1 0 1; 177 74 18 32 32 0 2; 189 66 21 38 60 0 0; ]
0100100220[473 70 21 40 1 0 1; 176 73 18 32 32 0 2; 188 66 21 39 60 0 0; ]
0100100221[473 70 21 40 1 0 1; 176 73 19 32 32 0 2; 187 65 21 39 60 0 0; ]
0100100222[473 70 21 40 1 0 1; 175 73 19 32 32 0 2; 186 64 21 40 60 0 0; ]
0100100223[473 69 21 40 1 0 1; 175 72 19 32 32 0 2; 185 64 21 40 60 0 0; ]
0100100224[473 69 21 40 1 0 1; 174 72 19 32 32 0 2; 184 63 21 40 60 0 0; ]
0100100225[473 69 21 40 1 0 1; 174 72 19 32 32 0 2; 183 63 21 40 60 0 0; ]
0100100226[473 68 21 40 1 0 1; 182 62 21 41 60 0 0; ]
0100100227[474 68 21 40 1 0 1; 181 62 21 41 60 0 0; ]
0100100228[474 68 21 40 1 0 1; 180 62 21 41 60 0 0; ]
0100100229[474 67 21 40 1 0 1; 178 62 21 41 60 0 0; ]
0100100230[474 67 21 40 1 0 1; 177 61 21 41 60 0 0; ]
0100100231[474 67 21 40 1 0 1; 176 61 21 41 60 0 0; ]
0100100232[474 66 21 40 1 0 1; 175 61 21 41 60 0 0; ]
0100100233[474 66 21 40 1 0 1; 174 61 21 41 60 0 0; ]
0100100234[474 65 21 40 1 0 1; 173 61 21 41 60 0 0; ]
0100100235[474 64 21 40 1 0 1; 172 61 21 41 60 0 0; ]
0100100236[474 64 21 40 1 0 1; 171 61 21 42 60 0 0; ]
0100100237[475 64 21 40 1 0 1; 170 61 21 42 60 0 0; ]
0100100238[475 65 21 40 1 0 1; 169 62 21 42 60 0 0; ]
0100100239[475 65 21 40 1 0 1; 168 62 21 42 60 0 0; ]
0100100240[475 65 21 40 1 0 1; 167 62 21 42 60 0 0; ]
0100100241[475 66 21 40 1 0 1; 166 62 21 42 60 0 0; ]
0100100242[476 66 21 40 1 0 1; 165 62 21 42 60 0 0; ]
0100100243[476 67 21 40 1 0 1; 164 62 21 42 60 0 0; ]
0100100244[476 67 21 40 1 0 1; 162 62 21 42 60 0 0; ]
0100100245[476 67 21 40 1 0 1; 161 63 21 42 60 0 0; ]
0100100246[476 68 21 40 1 0 1; 160 63 21 42 60 0 0; ]
0100100247[477 68 21 40 1 0 1; 168 72 15 30 2 1 2; 159 64 21 42 60 0 0; ]
0100100248[477 69 21 40 1 0 1; 167 72 16 31 2 1 2; 157 64 21 42 60 0 0; ]
0100100249[477 69 21 40 1 0 1; 165 72 17 31 2 1 2; 156 65 21 42 60 0 0; ]
0100100250[477 69 21 40 1 0 1; 165 73 17 32 2 1 2; 155 65 21 42 60 0 0; ]
0100100251[477 70 21 40 1 0 1; 164 73 17 32 2 1 2; 154 66 21 42 60 0 0; ]
0100100252[478 70 21 40 1 0 1; 164 74 17 32 2 1 2; 152 66 21 42 60 0 0; ]
0100100253[478 70 21 40 1 0 1; 163 75 17 33 2 1 2; 151 67 21 42 60 0 0; ]
0100100254[478 71 21 40 1 0 1; 163 75 17 33 2 1 2; 149 68 21 42 60 0 0; ]
0100100255[478 71 21 40 1 0 1; 162 76 17 33 2 1 2; 148 69 21 42 60 0 0; ]
0100100256[478 72 21 40 1 0 1; 162 76 17 33 2 1 2; 147 69 21 42 60 0 0; ]
0100100257[479 72 21 40 1 0 1; 162 77 17 33 2 1 2; 145 70 21 42 60 0 0; ]
0100100258[479 72 21 40 1 0 1; 161 77 17 33 2 1 2; 144 71 21 42 60 0 0; ]
0100100259[479 73 21 40 1 0 1; 161 78 17 33 2 1 2; 142 72 21 42 60 0 0; ]
0100100260[480 74 21 40 1 0 1; 160 78 17 34 2 1 2; 141 72 21 42 60 0 0; ]
0100100261[480 75 21 40 1 0 1; 160 78 17 34 2 1 2; 139 72 21 42 60 0 0; ]
0100100262[481 75 21 40 1 0 1; 160 78 17 34 2 1 2; 138 72 21 42 60 0 0; ]
0100100263[482 76 21 40 1 0 1; 159 78 17 34 2 1 2; 136 72 21 42 60 0 0; ]
0100100264[482 76 21 40 1 0 1; 159 78 17 34 2 1 2; 134 72 21 42 60 0 0; ]
0100100265[483 76 21 40 1 0 1; 158 78 17 34 2 1 2; 133 72 21 42 60 0 0; ]
0100100266[483 76 21 40 1 0 1; 158 78 17 34 2 1 2; 131 72 21 42 60 0 0; ]
0100100267[484 76 21 40 1 0 1; 158 78 17 34 2 1 2; 129 72 21 42 60 0 0; ]
0100100268[484 76 21 40 1 0 1; 157 78 17 34 2 1 2; 128 72 21 42 60 0 0; ]
0100100269[485 76 21 40 1 0 1; 157 78 17 34 2 1 2; 126 72 21 43 60 0 0; ]
0100100270[485 76 21 40 1 0 1; 156 78 17 34 2 1 2; 124 72 21 43 60 0 0; ]
0100100271[486 76 21 40 1 0 1; 156 78 17 34 2 1 2; 122 72 21 43 60 0 0; ]
0100100272[487 76 21 40 1 0 1; 156 78 17 34 2 1 2; 120 72 21 43 60 0 0; ]
0100100273[487 76 21 40 1 0 1; 155 78 17 34 2 1 2; 119 72 21 44 60 0 0; ]
0100100274[488 76 21 40 1 0 1; 155 78 17 34 2 1 2; 117 72 21 44 60 0 0; ]
0100100275[488 76 21 40 1 0 1; 154 78 17 34 2 1 2; 115 72 21 44 60 0 0; ]
0100100276[489 76 21 40 1 0 1; 154 78 17 34 2 1 2; 113 72 21 45 60 0 0; ]
0100100277[490 76 21 40 1 0 1; 153 78 17 34 2 1 2; 111 71 21 45 60 0 0; ]
0100100278[153 78 18 34 2 1 2; 109 71 21 45 60 0 0; ]
0100100279[152 78 18 34 2 1 2; 107 71 21 46 60 0 0; ]
0100100280[152 79 18 34 2 1 2; 105 70 21 46 60 0 0; ]
0100100281[151 79 18 34 2 1 2; 103 70 21 47 60 0 0; ]
0100100282[151 79 18 34 2 1 2; 101 70 21 47 60 0 0; ]
0100100283[151 79 18 35 2 1 2; 99 70 21 48 60 0 0; ]
0100100284[150 79 18 35 2 1 2; 96 70 21 48 60 0 0; ]
0100100285[150 79 18 35 2 1 2; 94 70 21 49 60 0 0; ]
0100100286[149 79 18 35 2 1 2; 92 70 21 49 60 0 0; ]
0100100287[149 79 19 35 2 1 2; 89 70 21 49 60 0 0; ]
0100100288[148 79 19 35 2 1 2; 87 70 21 50 60 0 0; ]
0100100289[147 80 19 36 2 1 2; 84 70 21 50 60 0 0; ]
0100100290[147 80 19 36 2 1 2; 82 70 21 51 60 0 0; ]
0100100291[146 81 20 37 2 1 2; 79 70 22 51 60 0 0; ]
0100100292[145 82 20 37 2 1 2; 77 70 22 52 60 0 0; ]
0100100293[144 82 20 37 2 1 2; 74 70 22 52 60 0 0; ]
0100100294[144 83 20 38 2 1 2; 72 70 22 53 60 0 0; ]
0100100295[143 83 21 38 2 1 2; 69 70 22 53 60 0 0; ]
0100100296[142 84 21 38 2 1 2; 66 70 23 54 60 0 0; ]
0100100297[142 84 21 38 2 1 2; 63 70 23 54 60 0 0; ]
0100100298[142 84 21 38 2 1 2; 61 70 23 55 60 0 0; ]
0100100299[142 83 21 38 2 1 2; 58 70 24 55 60 0 0; ]
0100100300[142 82 21 38 2 1 2; 55 70 24 56 60 0 0; ]
0100100301[141 82 21 38 2 1 2; 52 70 24 56 60 0 0; ]
0100100302[141 81 21 38 2 1 2; 49 71 25 57 60 0 0; ]
0100100303[141 81 21 38 2 1 2; 46 71 25 57 60 0 0; ]
0100100304[140 80 21 38 2 1 2; 43 71 25 58 60 0 0; ]
0100100305[140 80 21 38 2 1 2; 40 71 26 59 60 0 0; ]
0100100306[139 79 21 38 2 1 2; 36 71 26 59 60 0 0; ]
0100100307[139 79 21 38 2 1 2; 33 71 27 60 60 0 0; ]
0100100308[138 79 21 38 2 1 2; 30 71 27 60 60 0 0; ]
0100100309[138 79 21 38 2 1 2; 27 71 27 61 60 0 0; ]
0100100310[137 79 21 38 2 1 2; 23 71 28 61 60 0 0; ]
0100100311[136 79 21 39 2 1 2; 20 70 28 62 60 0 0; ]
0100100312[135 79 21 40 2 1 2; 17 70 29 62 60 0 0; ]
0100100313[135 79 21 41 2 1 2; 13 69 29 63 60 0 0; ]
0100100314[134 80 21 41 2 1 2; 10 69 29 64 60 0 0; ]
0100100315[133 80 21 42 2 1 2; 6 68 30 64 60 0 0; ]
0100100316[133 80 21 42 2 1 2; 3 68 30 65 60 0 0; ]
0100100317[132 80 21 41 2 1 2; ]
0100100318[131 80 21 41 2 1 2; ]
0100100319[130 80 21 41 2 1 2; ]
0100100320[130 80 21 41 2 1 2; ]
0100100321[129 80 21 41 2 1 2; ]
0100100322[129 80 21 41 2 1 2; ]
0100100323[128 80 22 41 2 1 2; ]
0100100324[127 80 22 41 2 1 2; ]
0100100325[127 80 22 41 2 1 2; ]
0100100326[126 80 22 42 2 1 2; ]
0100100327[126 79 22 42 2 1 2; ]
0100100328[125 79 22 42 2 1 2; ]
0100100329[125 79 23 42 2 1 2; ]
0100100330[124 80 23 41 2 1 2; ]
0100100331[124 80 23 41 2 1 2; ]
0100100332[123 80 23 41 2 1 2; ]
0100100333[123 81 23 40 2 1 2; ]
0100100334[122 81 23 40 2 1 2; ]
0100100335[121 82 24 40 2 1 2; ]
0100100336[121 82 24 40 2 1 2; ]
0100100337[120 83 24 39 2 1 2; ]
0100100338[120 84 24 39 2 1 2; ]
0100100339[120 85 24 39 2 1 2; ]
0100100340[120 86 24 39 2 1 2; ]
0100100341[120 86 24 39 2 1 2; ]
0100100342[119 86 24 39 2 1 2; ]
0100100343[119 85 24 39 2 1 2; ]
0100100344[118 85 24 39 2 1 2; ]
0100100345[117 84 23 39 2 1 2; ]
0100100346[117 83 23 39 2 1 2; ]
0100100347[116 82 23 39 2 1 2; ]
0100100348[115 82 23 39 2 1 2; ]
0100100349[114 81 22 39 2 1 2; ]
0100100350[114 80 22 39 2 1 2; ]
0100100351[113 80 21 38 2 1 2; ]
0100100352[112 80 21 39 2 1 2; ]
0100100353[111 79 22 39 2 1 2; ]
0100100354[110 79 22 39 2 1 2; ]
0100100355[110 78 22 40 2 1 2; ]
0100100356[109 78 22 41 2 1 2; ]
0100100357[108 78 23 41 2 1 2; ]
0100100358[108 78 23 42 2 1 2; ]
0100100359[108 77 23 42 2 1 2; ]
0100100360[107 77 23 43 2 1 2; ]
0100100361[108 77 23 41 2 1 2; ]
0100100362[108 77 22 40 2 1 2; ]
0100100363[108 77 22 39 2 1 2; ]
0100100364[108 77 22 38 2 1 2; ]
0100100365[109 76 21 37 2 1 2; ]
0100100366[109 76 21 37 2 1 2; ]
0100100367[109 76 21 36 2 1 2; ]
0100100368[109 75 21 36 2 1 2; ]
0100100369[109 75 21 36 2 1 2; ]
0100100370[109 74 21 36 2 1 2; ]
0100100371[109 73 21 37 2 1 2; ]
0100100372[109 73 21 37 2 1 2; ]
0100100373[109 72 21 38 2 1 2; ]
0100100374[109 70 21 39 2 1 2; ]
0100100375[109 70 21 39 2 1 2; ]
0100100376[109 70 21 39 2 1 2; ]
0100100377[109 70 21 39 2 1 2; ]
0100100378[108 70 21 40 2 1 2; ]
0100100379[108 70 22 40 2 1 2; ]
0100100380[108 70 22 40 2 1 2; ]
0100100381[107 70 22 40 2 1 2; ]
0100100382[107 71 23 40 2 1 2; ]
0100100383[107 71 23 40 2 1 2; ]
0100100384[106 71 23 40 2 1 2; ]
0100100385[106 71 23 40 2 1 2; ]
0100100386[106 70 23 40 2 1 2; 206 81 14 30 38 0 1; ]
0100100387[106 69 23 41 2 1 2; 207 80 14 30 38 0 1; ]
0100100388[106 68 23 41 2 1 2; 207 80 14 31 38 0 1; ]
0100100389[106 68 22 41 2 1 2; 207 80 14 31 38 0 1; ]
0100100390[106 67 22 41 2 1 2; 207 80 14 31 38 0 1; ]
0100100391[106 67 22 41 2 1 2; 207 80 14 31 38 0 1; ]
0100100392[106 68 22 41 2 1 2; 207 80 14 31 38 0 1; ]
0100100393[106 68 22 41 2 1 2; 207 80 14 31 38 0 1; ]
0100100394[106 68 22 41 2 1 2; 207 80 14 31 38 0 1; ]
0100100395[106 68 22 41 2 1 2; 207 80 14 31 38 0 1; ]
0100100396[105 68 22 42 2 1 2; 207 80 14 31 38 0 1; ]
0100100397[105 69 21 42 2 1 2; 207 80 14 31 38 0 1; ]
0100100398[105 69 21 42 2 1 2; 207 80 14 31 38 0 1; ]
0100100399[104 70 21 42 2 1 2; 207 80 14 31 38 0 1; ]
0100100400[104 70 21 42 2 1 2; 207 81 14 31 38 0 1; ]
0100100401[104 71 21 42 2 1 2; 208 82 14 31 38 0 1; ]
0100100402[103 72 21 42 2 1 2; 208 82 14 31 38 0 1; ]
0100100403[103 72 21 42 2 1 2; 208 83 14 31 38 0 1; ]
0100100404[103 72 21 43 2 1 2; 208 83 14 31 38 0 1; ]
0100100405[102 72 21 43 2 1 2; 208 83 14 31 38 0 1; ]
0100100406[102 72 21 43 2 0 2; 208 83 14 31 38 0 1; ]
0100100407[102 72 21 43 2 0 2; 208 83 14 31 38 0 1; ]
0100100408[101 72 21 43 2 0 2; 208 83 14 31 38 0 1; ]
0100100409[101 71 22 43 2 0 2; 208 82 14 31 38 0 1; ]
0100100410[100 70 22 43 2 0 2; 208 82 14 31 38 0 1; ]
0100100411[100 69 23 44 2 0 2; 207 81 14 31 38 0 1; ]
0100100412[99 69 23 44 2 0 2; 207 80 14 31 38 0 1; ]
0100100413[98 68 23 44 2 0 2; 207 80 14 31 38 0 1; ]
0100100414[98 68 23 44 2 0 2; 207 80 14 31 38 0 1; ]
0100100415[97 68 23 44 2 0 2; 207 80 14 31 38 0 1; ]
0100100416[96 68 23 44 2 0 2; 206 80 14 31 38 0 1; ]
0100100417[96 68 23 45 2 0 2; 206 80 14 31 38 0 1; ]
0100100418[95 67 24 45 2 0 2; 206 80 14 31 38 0 1; ]
0100100419[94 67 24 45 2 0 2; 206 80 14 31 38 0 1; ]
0100100420[93 67 24 45 2 0 2; 206 80 14 31 38 0 1; ]
0100100421[93 67 24 45 2 0 2; 206 80 14 31 38 0 1; ]
0100100422[92 67 24 46 2 0 2; 206 80 14 31 38 0 1; ]
0100100423[91 67 24 46 2 0 2; 206 80 14 31 38 0 1; ]
0100100424[90 67 24 46 2 0 2; 206 80 14 31 38 0 1; ]
0100100425[89 67 24 46 2 0 2; 206 80 14 31 38 0 1; ]
0100100426[88 67 24 47 2 0 2; 206 80 14 31 38 0 1; ]
0100100427[87 66 24 47 2 0 2; 206 80 14 31 38 0 1; ]
0100100428[86 66 24 47 2 0 2; 206 80 14 31 38 0 1; ]
0100100429[85 66 24 48 2 0 2; 205 80 14 31 38 0 1; ]
0100100430[84 66 24 48 2 0 2; 205 80 14 31 38 0 1; ]
0100100431[83 67 24 48 2 0 2; 205 81 14 31 38 0 1; ]
0100100432[82 67 25 48 2 0 2; 204 81 14 31 38 0 1; ]
0100100433[81 67 25 48 2 0 2; 204 82 14 31 38 0 1; ]
0100100434[80 68 25 48 2 0 2; 204 82 14 31 38 0 1; ]
0100100435[79 69 25 48 2 0 2; 203 83 14 31 38 0 1; ]
0100100436[78 69 25 48 2 0 2; 203 84 14 31 38 0 1; ]
0100100437[78 70 25 48 2 0 2; 202 85 14 31 38 0 1; ]
0100100438[77 70 25 48 2 0 2; 201 86 14 31 38 0 1; ]
0100100439[76 71 25 48 2 0 2; 201 86 14 31 38 0 1; ]
0100100440[75 72 25 48 2 0 2; 200 87 14 31 38 0 1; ]
0100100441[75 72 25 49 2 0 2; 200 87 14 31 38 0 1; ]
0100100442[74 73 25 49 2 0 2; 199 88 14 31 38 0 1; ]
0100100443[73 73 25 50 2 0 2; 199 88 14 31 38 0 1; ]
0100100444[73 74 25 50 2 0 2; 199 89 14 31 38 0 1; ]
0100100445[72 74 25 50 2 0 2; 198 89 14 32 38 0 1; ]
0100100446[71 75 25 50 2 0 2; 198 89 14 32 38 0 1; ]
0100100447[70 75 25 50 2 0 2; 198 90 14 32 38 0 1; ]
0100100448[69 75 25 50 2 0 2; 197 90 14 33 38 0 1; ]
0100100449[69 76 25 50 2 0 2; 197 90 14 33 38 0 1; ]
0100100450[68 76 25 50 2 0 2; 197 90 14 33 38 0 1; ]
0100100451[67 76 25 49 2 0 2; 197 90 14 34 38 0 1; ]
0100100452[66 77 25 49 2 0 2; 197 90 14 34 38 0 1; ]
0100100453[65 77 25 49 2 0 2; 197 90 14 34 38 0 1; ]
0100100454[64 77 24 48 2 1 2; 196 90 14 34 38 0 1; ]
0100100455[63 77 24 48 2 1 2; 196 90 14 34 38 0 1; ]
0100100456[62 77 24 48 2 1 2; 196 90 14 34 38 0 1; ]
0100100457[62 77 24 48 2 1 2; 196 90 14 34 38 0 1; ]
0100100458[61 77 24 48 2 1 2; 195 89 14 34 38 0 1; ]
0100100459[60 77 24 48 2 1 2; 195 89 14 34 38 0 1; ]
0100100460[59 77 24 48 2 1 2; 194 88 14 34 38 0 1; ]
0100100461[58 77 24 48 2 1 2; 194 88 14 34 38 0 1; ]
0100100462[57 77 24 48 2 1 2; 193 87 14 34 38 0 1; ]
0100100463[56 77 25 48 2 1 2; 192 87 14 34 38 0 1; ]
0100100464[55 77 25 48 2 1 2; 192 86 14 34 38 0 1; ]
0100100465[54 77 25 48 2 1 2; 191 85 14 34 38 0 1; 233 87 15 30 61 0 0; ]
0100100466[53 77 25 48 2 1 2; 190 84 14 34 38 0 1; 233 86 15 30 61 0 0; ]
0100100467[52 76 25 48 2 1 2; 190 84 14 34 38 0 1; 232 86 15 30 61 0 0; ]
0100100468[51 76 25 48 2 1 2; 190 84 14 34 38 0 1; 232 86 15 30 61 0 0; ]
0100100469[50 69 25 49 2 1 2; 189 84 14 34 38 0 1; 231 86 15 30 61 0 0; ]
0100100470[49 68 26 49 2 1 2; 189 84 14 34 38 0 1; ]
0100100471[48 68 26 50 2 1 2; 189 84 14 34 38 0 1; ]
0100100472[48 68 26 50 2 1 2; 189 85 14 34 38 0 1; ]
0100100473[47 68 27 50 2 1 2; 189 85 14 34 38 0 1; ]
0100100474[46 68 27 50 2 1 2; 189 85 14 34 38 0 1; ]
0100100475[45 68 27 50 2 1 2; 188 85 14 34 38 0 1; ]
0100100476[44 69 28 50 2 1 2; 188 85 14 34 38 0 1; ]
0100100477[43 69 28 50 2 1 2; 187 85 14 34 38 0 1; ]
0100100478[41 70 28 50 2 1 2; 187 85 14 34 38 0 1; ]
0100100479[40 70 28 51 2 1 2; 186 85 14 34 38 0 1; ]
0100100480[39 71 29 51 2 1 2; 185 86 14 34 38 0 1; ]
0100100481[38 71 29 51 2 1 2; 185 86 14 34 38 0 1; ]
0100100482[37 71 29 51 2 1 2; 184 86 14 34 38 0 1; ]
0100100483[35 71 29 51 2 1 2; 183 86 14 34 38 0 1; ]
0100100484[34 71 29 52 2 1 2; 182 86 14 34 38 0 1; ]
0100100485[32 70 29 52 2 1 2; 181 85 14 34 38 0 1; ]
0100100486[31 70 29 52 2 1 2; 180 85 14 34 38 0 1; ]
0100100487[29 69 29 53 2 1 2; 180 85 14 34 38 0 1; ]
0100100488[27 69 29 53 2 1 2; 179 85 14 34 38 0 1; ]
0100100489[26 68 29 53 2 1 2; 178 85 14 34 38 0 1; ]
0100100490[24 68 29 53 2 1 2; 176 85 14 34 38 0 1; ]
0100100491[22 68 30 53 2 1 2; 175 84 14 34 38 0 1; ]
0100100492[21 67 30 54 2 1 2; 174 84 14 34 38 0 1; 214 87 16 30 61 0 0; ]
0100100493[19 67 30 54 2 1 2; 173 84 14 34 38 0 1; 213 86 16 30 61 0 0; ]
0100100494[17 67 30 54 2 1 2; 172 83 14 34 38 0 1; 212 86 16 30 61 0 0; ]
0100100495[15 66 30 54 2 1 2; 171 83 14 34 38 0 1; 210 85 16 30 61 0 0; ]
0100100496[14 66 30 54 2 1 2; 169 82 14 34 38 0 1; 209 85 16 31 61 0 0; ]
0100100497[12 66 30 55 2 1 2; 168 82 14 34 38 0 1; 208 84 16 31 61 0 0; ]
0100100498[10 65 30 55 2 1 2; 167 81 14 34 38 0 1; 207 83 16 31 61 0 0; ]
0100100499[8 65 30 55 2 1 2; 166 81 14 34 38 0 1; 206 82 16 31 61 0 0; ]
0100100500[6 65 30 55 2 1 2; 164 80 14 34 38 0 1; 205 82 16 31 61 0 0; ]
0100100501[4 65 30 55 2 1 2; 163 80 14 34 38 0 1; 203 81 16 31 61 0 0; ]
0100100502[2 64 30 55 2 1 2; 162 80 14 34 38 0 1; 202 81 15 31 61 0 0; ]
0100100503[0 64 30 55 2 1 2; 160 80 14 34 38 0 1; 200 81 16 32 61 0 0; ]
0100100504[159 80 14 34 38 0 1; 198 80 17 33 61 0 0; ]
0100100505[157 80 14 34 38 0 1; 196 80 18 34 61 0 0; ]
0100100506[156 80 15 34 38 0 1; 195 80 18 34 61 0 0; ]
0100100507[155 80 15 34 38 0 1; 193 81 18 34 61 0 0; ]
0100100508[153 80 15 34 38 0 1; 192 81 18 33 61 0 0; ]
0100100509[151 81 16 34 38 0 1; 191 81 18 33 61 0 0; ]
0100100510[150 81 16 34 38 0 1; 190 82 17 33 61 0 0; ]
0100100511[148 82 17 34 38 0 1; 188 82 17 33 61 0 0; ]
0100100512[146 83 17 34 38 0 1; 187 83 17 33 61 0 0; ]
0100100513[145 83 18 34 38 0 1; 186 83 17 33 61 0 0; ]
0100100514[144 83 18 34 38 0 1; 185 83 17 33 61 0 0; ]
0100100515[142 83 18 35 38 0 1; 184 84 17 33 61 0 0; ]
0100100516[141 83 18 35 38 0 1; 183 84 17 33 61 0 0; ]
0100100517[140 82 18 35 38 0 1; 181 84 17 33 61 0 0; ]
0100100518[139 82 18 36 38 0 1; 180 84 17 33 61 0 0; ]
0100100519[138 81 18 36 38 0 1; 178 84 17 33 61 0 0; ]
0100100520[137 80 18 37 38 0 1; 177 83 17 34 61 0 0; ]
0100100521[136 80 18 38 38 0 1; 175 83 17 34 61 0 0; ]
0100100522[135 79 18 39 38 0 1; 174 83 18 35 61 0 0; ]
0100100523[113 80 13 30 35 0 1; 133 78 18 40 38 0 1; 172 82 18 35 61 0 0; ]
0100100524[111 80 13 30 35 0 1; 132 75 18 40 38 0 1; 171 82 18 35 61 0 0; ]
0100100525[110 80 13 30 35 0 1; 131 77 18 40 38 0 1; 170 81 18 35 61 0 0; ]
0100100526[108 80 13 31 35 0 1; 130 77 18 40 38 0 1; 169 80 18 35 61 0 0; ]
0100100527[107 80 13 31 35 0 1; 129 76 17 40 38 0 1; 168 80 18 35 61 0 0; ]
0100100528[106 79 13 31 35 0 1; 128 75 17 40 38 0 1; 167 79 19 35 61 0 0; ]
0100100529[105 78 13 31 35 0 1; 127 75 17 40 38 0 1; 166 79 19 35 61 0 0; ]
0100100530[104 77 13 31 35 0 1; 127 74 17 40 38 0 1; 164 78 19 35 61 0 0; ]
0100100531[103 77 13 31 35 0 1; 126 74 17 40 38 0 1; 163 78 19 35 61 0 0; ]
0100100532[102 76 13 31 35 0 1; 125 73 17 40 38 0 1; 162 77 19 35 61 0 0; ]
0100100533[101 75 13 31 35 0 1; 124 73 17 40 38 0 1; 161 77 19 35 61 0 0; ]
0100100534[100 75 13 31 35 0 1; 123 72 16 39 38 0 1; 160 77 19 35 61 0 0; ]
0100100535[100 74 13 31 35 0 1; 123 72 16 39 38 0 1; 159 76 19 35 61 0 0; ]
0100100536[99 74 13 31 35 0 1; 122 72 16 38 38 0 1; 158 76 19 35 61 0 0; ]
0100100537[99 74 13 31 35 0 1; 121 72 16 37 38 0 1; 157 76 20 35 61 0 0; ]
0100100538[98 74 13 31 35 0 1; 120 72 15 36 38 0 1; 156 75 20 35 61 0 0; ]
0100100539[155 75 20 35 61 0 0; ]
0100100540[96 71 15 35 5 0 1; 118 71 18 37 39 0 1; 154 75 20 35 61 0 0; ]
0100100541[95 71 15 35 5 0 1; 117 71 18 37 39 0 1; 153 75 20 35 61 0 0; ]
0100100542[95 70 15 35 5 0 1; 116 72 18 37 39 0 1; 152 75 20 35 61 0 0; ]
0100100543[94 70 15 35 5 0 1; 115 72 18 37 39 0 1; 151 75 20 35 61 0 0; ]
0100100544[94 70 15 35 5 0 1; 114 72 18 37 39 0 1; 150 75 20 35 61 0 0; ]
0100100545[93 70 15 35 5 0 1; 114 73 18 37 39 0 1; 149 75 20 35 61 0 0; ]
0100100546[93 70 15 35 5 0 1; 113 73 18 37 39 0 1; 149 75 20 35 61 0 0; ]
0100100547[92 69 15 35 5 0 1; 112 73 18 37 39 0 1; 148 75 20 36 61 0 0; ]
0100100548[92 69 15 35 5 0 1; 111 74 18 37 39 0 1; 147 75 20 36 61 0 0; ]
0100100549[91 69 15 35 5 0 1; 110 73 17 37 39 0 1; 146 75 20 37 61 0 0; ]
0100100550[89 73 15 35 5 0 1; 108 72 17 37 39 0 1; 145 75 20 37 61 0 0; ]
0100100551[89 71 15 35 5 0 1; 108 71 17 37 39 0 1; 144 75 20 37 61 0 0; ]
0100100552[88 70 15 35 5 0 1; 108 71 16 37 39 0 1; 143 74 20 36 61 0 0; ]
0100100553[88 69 15 35 5 0 1; 107 70 16 37 39 0 1; 142 73 20 36 61 0 0; ]
0100100554[88 68 15 35 5 0 1; 107 67 16 37 39 0 1; 141 73 21 36 61 0 0; ]
0100100555[88 68 15 35 5 0 1; 107 68 16 37 39 0 1; 139 72 21 36 61 0 0; ]
0100100556[87 68 15 35 5 0 1; 106 69 16 37 39 0 1; 138 72 21 35 61 0 0; ]
0100100557[87 69 15 35 5 0 1; 105 71 16 37 39 0 1; 137 72 22 36 61 0 0; ]
0100100558[86 70 15 35 5 0 1; 105 73 15 37 39 0 1; 136 73 22 37 61 0 0; ]
0100100559[86 72 15 35 5 0 1; 104 74 15 37 39 1 1; 135 74 23 38 61 0 0; ]
0100100560[85 74 15 35 5 0 1; 104 75 15 37 39 1 1; 133 75 23 39 61 0 0; ]
0100100561[85 75 15 35 5 0 1; 104 75 15 37 39 1 1; 132 76 23 40 61 0 0; ]
0100100562[84 77 15 35 5 0 1; 104 75 15 37 39 1 1; 131 76 23 40 61 0 0; ]
0100100563[84 78 15 35 5 0 1; 104 75 15 37 39 1 1; 129 77 23 40 61 0 0; ]
0100100564[83 78 15 35 5 0 1; 104 75 15 37 39 1 1; 128 77 23 41 61 0 0; ]
0100100565[83 78 15 35 5 0 1; 103 76 15 37 39 1 1; 127 78 23 41 61 0 0; 150 79 11 30 62 1 1; ]
0100100566[82 78 15 35 5 0 1; 102 77 14 37 39 1 1; 126 78 23 41 61 0 0; 150 79 11 30 62 1 1; ]
0100100567[82 78 15 35 5 0 1; 100 78 14 37 39 1 1; 124 78 23 41 61 0 0; 150 79 11 30 62 1 1; ]
0100100568[81 78 15 35 5 0 1; 99 80 13 37 39 1 1; 123 79 23 42 61 0 0; 150 79 11 31 62 1 1; ]
0100100569[81 78 15 35 5 0 1; 122 77 24 42 61 0 0; 150 79 11 31 62 1 1; ]
0100100570[80 78 15 35 5 0 1; 120 76 24 42 61 0 0; 150 77 11 31 62 1 1; ]
0100100571[79 75 15 36 5 0 1; 119 76 24 42 61 0 0; 150 76 12 31 62 1 1; ]
0100100572[79 72 15 37 5 0 1; 117 75 24 42 61 0 0; 150 75 12 31 62 1 1; ]
0100100573[78 70 15 37 5 0 1; 116 74 24 43 61 0 0; 149 74 12 30 62 1 1; ]
0100100574[77 70 14 38 5 0 1; 114 73 24 43 61 0 0; ]
0100100575[77 70 14 38 5 0 1; 112 72 24 44 61 0 0; ]
0100100576[76 71 14 38 5 0 1; 110 72 24 44 61 0 0; ]
0100100577[75 71 14 38 5 0 1; 109 72 24 45 61 0 0; ]
0100100578[74 71 14 38 5 0 1; 107 72 25 46 61 0 0; ]
0100100579[74 72 14 38 5 0 1; 85 71 15 40 40 1 1; 105 73 26 46 61 0 0; ]
0100100580[73 72 14 38 5 0 1; 84 73 15 40 40 1 1; 103 74 26 47 61 0 0; 149 77 11 30 62 1 1; ]
0100100581[72 73 14 38 5 0 1; 84 74 15 40 40 1 1; 101 74 26 48 61 0 0; 148 77 11 31 62 1 1; ]
0100100582[72 73 14 38 5 0 1; 83 75 15 40 40 1 1; 100 75 27 48 61 0 0; 148 78 12 31 62 1 1; ]
0100100583[71 75 14 38 5 0 1; 82 77 15 40 40 1 1; 98 76 27 48 61 0 0; 148 79 12 32 62 1 1; ]
0100100584[70 76 14 38 5 0 1; 82 78 15 40 40 1 1; 96 77 27 49 61 0 0; 147 80 13 33 62 1 1; ]
0100100585[69 76 14 38 5 0 1; 80 78 15 40 40 1 1; 93 78 27 49 61 0 0; 146 80 13 34 62 1 1; ]
0100100586[68 76 14 38 5 0 1; 79 77 15 40 40 1 1; 91 78 27 49 61 0 0; ]
0100100587[67 77 14 38 5 0 1; 78 77 15 40 40 1 1; 88 77 28 50 61 0 0; ]
0100100588[66 77 14 38 5 0 1; 77 76 15 40 40 1 1; 85 76 29 50 61 0 0; ]
0100100589[64 76 14 38 5 0 1; 75 76 15 40 40 1 1; 82 74 30 51 61 0 0; ]
0100100590[62 75 14 38 5 0 1; 74 75 15 40 40 1 1; 79 74 30 51 61 0 0; ]
0100100591[61 75 14 38 5 0 1; 73 75 14 40 40 1 1; 76 73 30 52 61 0 0; ]
0100100592[59 75 14 38 5 0 1; 72 74 14 40 40 1 1; 73 73 30 53 61 0 0; ]
0100100593[58 76 14 38 5 0 1; 70 74 14 40 40 1 1; 70 73 30 53 61 0 0; ]
0100100594[56 76 14 38 5 0 1; 66 72 30 54 61 0 0; ]
0100100595[55 76 14 38 5 0 1; 63 72 30 55 61 0 0; ]
0100100596[53 75 14 38 5 0 1; 59 72 31 55 61 0 0; ]
0100100597[52 75 14 38 5 0 1; 55 71 31 56 61 0 0; ]
0100100598[50 77 14 38 5 0 1; 51 71 32 57 61 0 0; ]
0100100599[47 71 32 57 61 0 0; ]
0100100600[42 71 33 58 61 0 0; ]
0100100601[38 70 33 59 61 0 0; ]
0100100602[34 70 34 60 61 0 0; ]
0100100603[29 70 35 60 61 0 0; ]
0100100604[52 71 15 38 41 1 1; 24 69 35 61 61 0 0; ]
0100100605[51 71 15 38 41 1 1; 20 69 35 62 61 0 0; ]
0100100606[49 71 15 38 41 1 1; 15 69 36 62 61 0 0; ]
0100100607[48 72 15 38 41 1 1; 10 68 36 63 61 0 0; ]
0100100608[34 69 14 43 37 1 1; 46 72 15 38 41 1 1; 5 68 37 64 61 0 0; ]
0100100609[32 69 14 44 37 1 1; 44 72 15 38 41 1 1; ]
0100100610[29 69 14 45 37 1 1; 42 73 15 40 41 1 1; ]
0100100611[27 69 14 46 37 1 1; 41 74 15 42 41 1 1; ]
0100100612[25 69 15 47 37 1 1; ]
0100100613[23 69 15 47 37 1 1; ]
0100100614[21 69 15 47 37 1 1; ]
0100100615[19 70 16 47 37 1 1; ]
0100100616[18 70 16 47 37 1 1; ]
0100100617[16 71 16 46 37 1 1; ]
0100100618[14 71 17 46 37 1 1; ]
0100100619[13 71 17 46 37 1 1; ]
0100100620[11 72 17 47 37 1 1; ]
0100100621[9 72 17 47 37 1 1; ]
0100100622[8 72 17 47 37 1 1; ]
0100100623[6 72 17 47 37 1 1; ]
0100100624[4 72 17 47 37 1 1; ]
0100100625[2 71 17 47 37 1 1; ]
0100100626[1 71 17 47 37 1 1; ]
0100100627[]
0100100628[]
0100100629[]
0100100630[]
0100100631[]
0100100632[]
0100100633[]
0100100634[]
0100100635[2 72 15 44 42 1 1; ]
0100100636[0 72 16 44 42 1 1; ]
0100100637[]
0100100638[]
0100100639[]
0100100640[]
0100100641[]
0100100642[]
0100100643[]
0100100644[]
0100100645[]
0100100646[]
0100100647[]
0100100648[]
0100100649[]
0100100650[]
0100100651[]
0100100652[]
0100100653[]
0100100654[]
0100100655[]
0100100656[]
0100100657[]
0100100658[]
0100100659[]
0100100660[]
0100100661[]
0100100662[]
0100100663[]
0100100664[]
0100100665[]
0100100666[]
0100100667[]
0100100668[]
0100100669[]
0100100670[]
0100100671[]
0100100672[]
0100100673[]
0100100674[]
0100100675[]
0100100676[]
0100100677[]
0100100678[]
0100100679[]
0100100680[]
0100100681[]
0100100682[]
0100100683[]
0100100684[]
0100100685[]
0100100686[]
0100100687[]
0100100688[]
0100100689[]
0100100690[]
0100100691[]
0100100692[]
0100100693[]
0100100694[]
0100100695[]
0100100696[]
0100100697[]
0100100698[]
0100100699[]
0100100700[]
0100100701[]
0100100702[]
0100100703[]
0100100704[]
0100100705[]
0100100706[]
0100100707[]
0100100708[]
0100100709[]
0100100710[]
0100100711[]
0100100712[]
0100100713[]
0100100714[]
0100100715[]
0100100716[]
0100100717[]
0100100718[]
0100100719[]
0100100720[]
0100100721[]
0100100722[]
0100100723[]
0100100724[]
0100100725[]
0100100726[]
0100100727[]
0100100728[]
0100100729[]
0100100730[]
0100100731[]
0100100732[]
0100100733[]
0100100734[]
0100100735[]
0100100736[]
0100100737[]
0100100738[]
0100100739[]
0100100740[]
0100100741[]
0100100742[]
0100100743[]
0100100744[]
0100100745[]
0100100746[]
0100100747[]
0100100748[]
0100100749[]
0100100750[]
0100100751[]
0100100752[]
0100100753[]
0100100754[]
0100100755[]
0100100756[]
0100100757[]
0100100758[]
0100100759[]
0100100760[]
0100100761[]
0100100762[]
0100100763[]
0100100764[]
0100100765[]
0100100766[]
0100100767[]
0100100768[]
0100100769[]
0100100770[]
0100100771[]
0100100772[]
0100100773[]
0100100774[]
0100100775[]
0100100776[]
0100100777[]
0100100778[]
0100100779[]
0100100780[]
0100100781[]
0100100782[]
0100100783[]
0100100784[]
0100100785[]
0100100786[]
0100100787[]
0100100788[]
0100100789[]
0100100790[]
0100100791[]
0100100792[]
0100100793[]
0100100794[]
0100100795[]
0100100796[]
0100100797[]
0100100798[]
0100100799[]
0100100800[]
0100100801[]
0100100802[]
0100100803[]
0100100804[]
0100100805[]
0100100806[]
0100100807[]
0100100808[]
0100100809[]
0100100810[]
0100100811[]
0100100812[]
0100100813[]
0100100814[]
0100100815[]
0100100816[]
0100100817[]
0100100818[]
0100100819[]
0100100820[]
0100100821[]
0100100822[]
0100100823[]
0100100824[]
0100100825[]
0100100826[]
0100100827[]
0100100828[]
0100100829[]
0100100830[]
0100100831[]
0100100832[]
0100100833[]
0100100834[]
0100100835[]
0100100836[]
0100100837[]
0100100838[]
0100100839[]
0100100840[]
0100100841[]
0100100842[]
0100100843[]
0100100844[]
0100100845[]
0100100846[]
0100100847[]
0100100848[]
0100100849[]
0100100850[]
0100100851[]
0100100852[]
0100100853[]
0100100854[]
0100100855[]
0100100856[]
0100100857[]
0100100858[]
0100100859[]
0100100860[]
0100100861[]
0100100862[]
0100100863[]
0100100864[]
0100100865[]
0100100866[]
0100100867[]
0100100868[]
0100100869[]
0100100870[]
0100100871[]
0100100872[]
0100100873[]
0100100874[]
0100100875[]
0100100876[]
0100100877[]
0100100878[]
0100100879[]
0100100880[]
0100100881[]
0100100882[]
0100100883[]
0100100884[]
0100100885[]
0100100886[]
0100100887[]
0100100888[]
0100100889[]
0100100890[]
0100100891[]
0100100892[]
0100100893[]
0100100894[]
0100100895[]
0100100896[]
0100100897[]
0100100898[]
0100100899[]
0100100900[]
0100100901[]
0100100902[]
0100100903[]
0100100904[]
0100100905[]
0100100906[]
0100100907[]
0100100908[]
0100100909[]
0100100910[]
0100100911[]
0100100912[]
0100100913[]
0100100914[]
0100100915[]
0100100916[]
0100100917[]
0100100918[]
0100100919[]
0100100920[]
0100100921[]
0100100922[]
0100100923[]
0100100924[]
0100100925[]
0100100926[]
0100100927[]
0100100928[]
0100100929[]
0100100930[]
0100100931[]
0100100932[]
0100100933[]
0100100934[]
0100100935[]
0100100936[]
0100100937[]
0100100938[]
0100100939[]
0100100940[]
0100100941[]
0100100942[]
0100100943[]
0100100944[]
0100100945[]
0100100946[]
0100100947[]
0100100948[]
0100100949[]
0100100950[]
0100100951[]
0100100952[]
0100100953[]
0100100954[]
0100100955[]
0100100956[]
0100100957[]
0100100958[]
0100100959[]
0100100960[]
0100100961[]
0100100962[]
0100100963[]
0100100964[]
0100100965[]
0100100966[]
0100100967[]
0100100968[]
0100100969[]
0100100970[]
0100100971[]
0100100972[]
0100100973[]
0100100974[]
0100100975[]
0100100976[]
0100100977[]
0100100978[]
0100100979[]
0100100980[]
0100100981[]
0100100982[]
0100100983[]
0100100984[]
0100100985[]
0100100986[]
0100100987[]
0100100988[]
0100100989[]
0100100990[]
0100100991[]
0100100992[]
0100100993[]
0100100994[]
0100100995[]
0100100996[]
0100100997[]
0100100998[]
0100100999[]
0100101000[]
0100101001[]
0100101002[]
0100101003[]
0100101004[]
0100101005[]
0100101006[]
0100101007[]
0100101008[]
0100101009[]
0100101010[]
0100101011[]
0100101012[]
0100101013[]
0100101014[]
0100101015[]
0100101016[]
0100101017[]
0100101018[]
0100101019[]
0100101020[]
0100101021[]
0100101022[]
0100101023[]
0100101024[]
0100101025[]
0100101026[]
0100101027[]
0100101028[]
0100101029[]
0100101030[]
0100101031[]
0100101032[]
0100101033[]
0100101034[]
0100101035[]
0100101036[]
0100101037[]
0100101038[]
0100101039[]
0100101040[]
0100101041[]
0100101042[]
0100101043[]
0100101044[]
0100101045[]
0100101046[]
0100101047[]
0100101048[]
0100101049[]
0100101050[]
0100101051[]
0100101052[]
0100101053[]
0100101054[]
0100101055[]
0100101056[]
0100101057[]
0100101058[]
0100101059[]
0100101060[]
0100101061[]
0100101062[]
0100101063[]
0100101064[]
0100101065[]
0100101066[]
0100101067[]
0100101068[]
0100101069[]
0100101070[]
0100101071[]
0100101072[]
0100101073[]
0100101074[]
0100101075[]
0100101076[]
0100101077[]
0100101078[]
0100101079[]
0100101080[]
0100101081[]
0100101082[]
0100101083[]
0100101084[]
0100101085[]
0100101086[]
0100101087[]
0100101088[]
0100101089[]
0100101090[]
0100101091[]
0100101092[]
0100101093[]
0100101094[]
0100101095[]
0100101096[]
0100101097[]
0100101098[]
0100101099[]
0100101100[]
0100101101[]
0100101102[]
0100101103[]
0100101104[]
0100101105[]
0100101106[]
0100101107[]
0100101108[]
0100101109[]
0100101110[]
0100101111[]
0100101112[]
0100101113[]
0100101114[]
0100101115[]
0100101116[]
0100101117[]
0100101118[]
0100101119[]
0100101120[]
0100101121[]
0100101122[]
0100101123[]
0100101124[]
0100101125[]
0100101126[]
0100101127[]
0100101128[]
0100101129[]
0100101130[]
0100101131[]
0100101132[]
0100101133[]
0100101134[]
0100101135[]
0100101136[]
0100101137[]
0100101138[]
0100101139[]
0100101140[]
0100101141[]
0100101142[]
0100101143[]
0100101144[]
0100101145[]
0100101146[]
0100101147[]
0100101148[]
0100101149[]
0100101150[]
0100101151[]
0100101152[]
0100101153[]
0100101154[]
0100101155[]
0100101156[]
0100101157[]
0100101158[]
0100101159[]
0100101160[]
0100101161[]
0100101162[]
0100101163[]
0100101164[]
0100101165[]
0100101166[]
0100101167[]
0100101168[]
0100101169[]
0100101170[]
0100101171[]
0100101172[]
0100101173[]
0100101174[]
0100101175[]
0100101176[]
0100101177[]
0100101178[]
0100101179[]
0100101180[]
0100101181[]
0100101182[]
0100101183[]
0100101184[]
0100101185[]
0100101186[]
0100101187[]
0100101188[]
0100101189[]
0100101190[]
0100101191[]
0100101192[]
0100101193[]
0100101194[]
0100101195[]
0100101196[]
0100101197[]
0100101198[]
0100101199[]
0100101200[]
0100101201[]
0100101202[]
0100101203[]
0100101204[]
0100101205[]
0100101206[]
0100101207[]
0100101208[]
0100101209[]
0100101210[]
0100101211[]
0100101212[]
0100101213[]
0100101214[]
0100101215[]
0100101216[]
0100101217[]
0100101218[]
0100101219[]
0100101220[]
0100101221[]
0100101222[]
0100101223[]
0100101224[]
0100101225[]
0100101226[]
0100101227[]
0100101228[]
0100101229[]
0100101230[]
0100101231[]
0100101232[]
0100101233[]
0100101234[]
0100101235[]
0100101236[]
0100101237[]
0100101238[]
0100101239[]
0100101240[]
0100101241[]
0100101242[]
0100101243[]
0100101244[]
0100101245[]
0100101246[]
0100101247[]
0100101248[366 80 17 30 54 0 2; ]
0100101249[366 78 18 31 54 0 2; ]
0100101250[366 78 18 31 54 0 2; ]
0100101251[367 78 18 31 54 0 2; ]
0100101252[368 78 18 31 54 0 2; ]
0100101253[368 78 18 31 54 0 2; ]
0100101254[369 77 18 31 54 0 2; ]
0100101255[369 77 18 31 54 0 2; ]
0100101256[370 77 18 31 54 0 2; ]
0100101257[371 77 18 31 54 0 2; ]
0100101258[371 76 18 31 54 0 2; ]
0100101259[371 75 18 31 54 0 2; ]
0100101260[372 75 18 31 54 0 2; ]
0100101261[372 74 18 31 54 0 2; ]
0100101262[372 73 18 31 54 0 2; ]
0100101263[373 73 18 31 54 0 2; ]
0100101264[373 73 18 31 54 0 2; ]
0100101265[374 74 18 31 54 0 2; ]
0100101266[374 74 18 31 54 0 2; ]
0100101267[375 75 18 31 54 0 2; ]
0100101268[376 75 18 31 54 0 2; ]
0100101269[376 76 18 32 54 0 2; ]
0100101270[377 76 18 32 54 0 2; ]
0100101271[378 77 18 32 54 0 2; ]
0100101272[379 77 18 32 54 0 2; ]
0100101273[379 77 18 32 54 0 2; ]
0100101274[380 77 18 32 54 0 2; ]
0100101275[381 77 18 32 54 0 2; ]
0100101276[382 76 18 32 54 0 2; ]
0100101277[383 76 18 31 54 1 2; ]
0100101278[384 75 18 31 54 1 2; ]
0100101279[385 75 18 31 54 1 2; ]
0100101280[386 75 18 31 54 1 2; ]
0100101281[386 75 18 31 54 1 2; ]
0100101282[387 75 18 31 54 1 2; ]
0100101283[387 75 18 31 54 1 2; ]
0100101284[387 76 18 31 54 1 2; ]
0100101285[387 76 18 31 54 1 2; ]
0100101286[388 76 18 31 54 1 2; ]
0100101287[388 77 18 31 54 1 2; ]
0100101288[389 77 18 31 54 1 2; ]
0100101289[389 77 18 31 54 1 2; ]
0100101290[390 78 18 31 54 1 2; ]
0100101291[390 78 18 31 54 1 2; ]
0100101292[391 78 18 31 54 1 2; ]
0100101293[392 79 18 31 54 1 2; ]
0100101294[393 79 18 31 54 1 2; ]
0100101295[]
0100101296[]
0100101297[]
0100101298[]
0100101299[399 82 16 30 54 1 2; ]
0100101300[399 81 16 30 54 1 2; ]
0100101301[400 81 16 30 54 1 2; ]
0100101302[400 80 16 30 54 1 2; ]
0100101303[401 79 17 30 54 1 2; ]
0100101304[401 78 17 30 54 1 2; ]
0100101305[401 77 18 30 54 1 2; ]
0100101306[402 77 18 31 54 1 2; ]
0100101307[402 76 18 31 54 1 2; ]
0100101308[402 75 19 32 54 1 2; ]
0100101309[402 75 19 33 54 1 2; ]
0100101310[402 74 20 34 54 1 2; ]
0100101311[402 75 20 33 54 1 2; ]
0100101312[403 75 20 33 54 1 2; ]
0100101313[404 76 20 32 54 1 2; ]
0100101314[404 76 20 32 54 1 2; ]
0100101315[405 76 20 32 54 1 2; ]
0100101316[405 76 20 32 54 1 2; ]
0100101317[405 76 20 32 54 1 2; ]
0100101318[406 76 20 32 54 1 2; ]
0100101319[406 76 20 32 54 1 2; ]
0100101320[406 75 20 32 54 1 2; ]
0100101321[407 75 20 32 54 1 2; ]
0100101322[407 75 20 32 54 1 2; ]
0100101323[407 75 20 32 54 1 2; ]
0100101324[407 75 20 32 54 0 2; ]
0100101325[407 75 20 32 54 0 2; ]
0100101326[407 75 20 32 54 0 2; ]
0100101327[407 75 20 32 54 0 2; ]
0100101328[407 75 20 33 54 0 2; ]
0100101329[407 75 20 33 54 0 2; ]
0100101330[407 75 20 33 54 1 2; ]
0100101331[407 75 20 33 54 1 2; ]
0100101332[407 75 20 34 54 1 2; ]
0100101333[407 75 20 34 54 1 2; ]
0100101334[407 75 20 34 54 1 2; ]
0100101335[407 75 20 34 54 1 2; ]
0100101336[407 75 20 34 54 1 2; ]
0100101337[407 75 20 34 54 1 2; ]
0100101338[407 75 20 34 54 1 2; ]
0100101339[407 75 20 34 54 1 2; ]
0100101340[407 75 20 34 54 1 2; ]
0100101341[407 75 19 34 54 1 2; ]
0100101342[407 75 19 34 54 1 2; ]
0100101343[407 75 19 34 54 1 2; ]
0100101344[408 75 19 34 54 1 2; ]
0100101345[408 75 19 34 54 1 2; ]
0100101346[408 75 19 34 54 1 2; ]
0100101347[408 75 19 34 54 1 2; ]
0100101348[408 75 18 34 54 1 2; ]
0100101349[409 75 18 34 54 1 2; ]
0100101350[409 75 18 34 54 1 2; ]
0100101351[409 75 18 34 54 1 2; ]
0100101352[409 75 18 34 54 1 2; ]
0100101353[409 75 18 34 54 1 2; ]
0100101354[409 75 18 34 54 1 2; ]
0100101355[409 75 18 34 54 1 2; ]
0100101356[409 75 18 34 54 1 2; ]
0100101357[409 75 19 34 54 1 2; ]
0100101358[408 75 19 34 54 1 2; ]
0100101359[408 75 19 34 54 1 2; ]
0100101360[408 75 20 34 54 1 2; ]
0100101361[408 75 20 34 54 1 2; ]
0100101362[408 74 20 34 54 1 2; ]
0100101363[408 73 20 34 54 0 2; ]
0100101364[409 71 20 34 54 0 2; ]
0100101365[410 69 20 34 54 0 2; ]
0100101366[410 68 20 34 54 0 2; ]
0100101367[411 67 20 34 54 0 2; ]
0100101368[411 67 20 34 54 0 2; ]
0100101369[411 67 20 34 54 0 2; 86 87 20 30 65 0 2; ]
0100101370[411 67 20 34 54 0 2; ]
0100101371[412 67 20 34 54 0 2; ]
0100101372[412 67 20 34 54 0 2; ]
0100101373[412 67 20 34 54 0 2; ]
0100101374[412 67 20 34 54 0 2; ]
0100101375[412 66 20 34 54 0 2; ]
0100101376[412 66 20 34 54 0 2; ]
0100101377[412 66 20 34 54 0 2; ]
0100101378[413 66 20 34 54 0 2; ]
0100101379[413 66 20 34 54 0 2; ]
0100101380[413 66 20 35 54 0 2; ]
0100101381[414 65 20 35 54 0 2; ]
0100101382[414 65 20 35 54 0 2; ]
0100101383[415 65 20 35 54 0 2; ]
0100101384[416 64 20 35 54 0 2; ]
0100101385[417 64 20 35 54 1 2; ]
0100101386[418 63 20 36 54 1 2; 481 60 25 41 66 1 0; ]
0100101387[419 63 20 36 54 1 2; 471 60 25 41 66 1 0; ]
0100101388[420 63 20 36 54 1 2; ]
0100101389[421 62 20 37 54 1 2; ]
0100101390[422 62 20 37 54 1 2; ]
0100101391[423 61 20 37 54 1 2; ]
0100101392[424 61 20 38 54 1 2; ]
0100101393[425 61 20 38 54 1 2; ]
0100101394[426 61 20 38 54 1 2; 407 62 28 40 69 0 0; ]
0100101395[427 61 20 39 54 1 2; 407 62 23 40 69 0 0; ]
0100101396[50 81 17 33 14 0 0; 428 61 20 39 54 1 2; 399 63 23 40 69 0 0; ]
0100101397[50 80 18 33 14 0 0; 429 61 20 39 54 1 2; 391 64 23 39 69 0 0; ]
0100101398[51 78 20 33 14 0 0; 430 61 20 40 54 1 2; 383 64 23 39 69 0 0; ]
0100101399[51 77 21 33 14 0 0; 431 61 20 40 54 1 2; 375 65 23 38 69 0 0; ]
0100101400[52 78 21 33 14 0 0; 432 62 20 41 54 1 2; 366 66 24 38 69 0 0; ]
0100101401[53 79 21 33 14 0 0; 434 62 20 42 54 1 2; 358 67 24 38 69 0 0; ]
0100101402[53 80 21 33 14 0 0; 435 63 20 42 54 1 2; 349 68 24 37 69 0 0; ]
0100101403[54 81 21 33 14 0 0; 436 63 20 43 54 1 2; 341 68 24 37 69 0 0; ]
0100101404[55 82 21 33 14 0 0; 437 63 20 43 54 1 2; 332 72 22 34 69 0 0; ]
0100101405[56 83 21 33 14 0 0; 438 62 20 44 54 0 2; 323 72 21 30 69 0 0; ]
0100101406[57 83 21 33 14 0 0; 439 61 20 44 54 0 2; ]
0100101407[57 82 21 33 14 0 0; 439 59 21 45 54 0 2; ]
0100101408[58 81 21 33 14 0 0; 440 58 21 45 54 0 2; ]
0100101409[59 79 21 33 14 0 0; 441 56 21 46 54 0 2; ]
0100101410[60 78 21 33 14 0 0; 442 55 22 46 54 0 2; 282 71 23 30 69 0 0; ]
0100101411[61 76 21 33 14 0 0; 442 53 22 47 54 0 2; 274 70 23 30 69 0 0; ]
0100101412[62 73 21 33 14 0 0; 443 51 23 47 54 1 2; 266 69 23 30 69 0 0; ]
0100101413[63 71 21 33 14 0 0; 444 50 23 47 54 1 2; 258 67 23 30 69 0 0; ]
0100101414[64 69 21 33 14 0 0; 445 49 23 47 54 1 2; 251 66 23 30 69 0 0; ]
0100101415[65 67 21 33 14 0 0; 447 47 24 48 54 1 2; 244 65 23 31 69 0 0; ]
0100101416[65 66 21 33 14 0 0; 449 46 24 48 54 1 2; 238 63 23 31 69 0 0; ]
0100101417[66 65 22 36 14 0 0; 450 44 25 48 54 1 2; 232 61 22 31 69 0 0; ]
0100101418[66 65 22 36 14 0 0; 452 43 25 48 54 1 2; 226 59 21 31 69 0 0; ]
0100101419[67 66 22 37 14 0 0; 453 42 25 49 54 1 2; 219 58 20 31 69 0 0; ]
0100101420[67 67 22 37 14 0 0; 454 41 25 49 54 1 2; 211 59 20 31 69 0 0; ]
0100101421[67 69 22 37 14 0 0; 454 41 25 49 54 1 2; 203 61 20 30 69 0 0; ]
0100101422[68 70 22 37 14 0 0; 195 64 21 30 69 0 0; ]
0100101423[68 72 22 38 14 0 0; 187 68 21 31 69 0 0; ]
0100101424[68 74 22 38 14 0 0; 179 73 22 32 69 0 0; ]
0100101425[69 77 22 38 14 0 0; 172 77 23 32 69 0 0; ]
0100101426[69 81 22 38 14 0 0; 165 82 24 32 69 0 0; ]
0100101427[70 87 21 38 14 0 0; 158 86 24 32 69 0 0; ]
0100101428[70 92 21 38 14 0 0; 125 95 13 30 68 1 1; 151 90 24 32 69 0 0; ]
0100101429[70 94 21 38 14 0 0; 125 98 13 30 68 1 1; 145 93 23 32 69 0 0; ]
0100101430[70 95 21 38 14 0 0; 124 100 12 31 68 1 1; 138 96 22 31 69 0 0; ]
0100101431[70 95 21 38 14 0 0; 124 102 12 32 68 1 1; 132 98 21 31 69 0 0; ]
0100101432[69 95 21 39 14 0 0; 125 99 20 31 69 0 0; ]
0100101433[69 96 21 39 14 0 0; 118 99 21 30 69 0 0; ]
0100101434[68 94 21 39 14 0 0; 110 97 21 30 69 0 0; ]
0100101435[68 89 21 40 14 0 0; 102 95 22 30 69 0 0; ]
0100101436[67 84 21 41 14 0 0; ]
0100101437[67 80 21 41 14 0 0; ]
0100101438[66 77 21 42 14 0 0; 84 85 21 31 69 0 0; ]
0100101439[66 74 21 43 14 0 0; 81 82 18 33 69 1 0; ]
0100101440[65 72 21 44 14 0 0; 74 82 19 32 69 1 0; ]
0100101441[65 70 21 45 14 0 0; 67 82 21 30 69 1 0; ]
0100101442[64 69 21 45 14 0 0; 59 78 22 33 69 1 0; ]
0100101443[63 67 21 45 14 0 0; 51 77 23 33 69 1 0; ]
0100101444[62 66 21 45 14 0 0; 43 77 24 32 69 1 0; ]
0100101445[61 65 21 45 14 0 0; 34 77 24 30 69 1 0; ]
0100101446[60 65 22 45 14 0 0; ]
0100101447[59 66 22 45 14 0 0; ]
0100101448[58 68 22 45 14 0 0; ]
0100101449[56 70 23 45 14 0 0; ]
0100101450[55 73 23 45 14 0 0; ]
0100101451[54 75 24 45 14 0 0; ]
0100101452[52 79 24 45 14 0 0; ]
0100101453[50 82 25 45 14 0 0; ]
0100101454[49 88 26 45 14 0 0; ]
0100101455[47 90 27 45 14 0 0; ]
0100101456[45 90 27 45 14 0 0; 112 103 14 30 70 1 1; ]
0100101457[43 90 28 45 14 0 0; 112 104 14 31 70 1 1; ]
0100101458[41 90 28 45 14 0 0; 112 104 14 31 70 1 1; ]
0100101459[39 90 28 46 14 0 0; 111 104 14 30 70 1 1; ]
0100101460[36 89 29 46 14 0 0; 111 102 14 30 70 1 1; ]
0100101461[34 89 29 46 14 0 0; 111 100 14 30 70 1 1; ]
0100101462[32 87 29 48 14 0 0; 110 98 14 31 70 0 1; ]
0100101463[30 83 29 50 14 0 0; 110 96 14 31 70 0 1; ]
0100101464[27 80 30 53 14 0 0; 110 94 14 32 70 0 1; ]
0100101465[25 77 30 54 14 0 0; 109 93 14 32 70 0 1; ]
0100101466[22 76 30 53 14 0 0; 109 91 13 32 70 0 1; ]
0100101467[20 75 30 52 14 0 0; 108 90 13 32 70 0 1; ]
0100101468[17 75 30 50 14 0 0; 108 88 13 32 70 0 1; ]
0100101469[15 74 30 50 14 0 0; 107 87 14 32 70 0 1; ]
0100101470[12 72 30 51 14 0 0; 107 86 14 32 70 0 1; ]
0100101471[9 70 31 53 14 0 0; 107 85 14 32 70 0 1; ]
0100101472[6 68 31 54 14 0 0; 106 84 14 32 70 0 1; ]
0100101473[2 66 31 56 14 0 0; 106 83 14 31 70 0 1; ]
0100101474[105 82 14 31 70 0 1; ]
0100101475[105 81 15 30 70 0 1; ]
0100101476[]
0100101477[104 80 15 30 70 0 1; ]
0100101478[104 80 15 31 70 0 1; ]
0100101479[104 80 15 31 70 0 1; ]
0100101480[103 80 15 32 70 0 1; ]
0100101481[103 80 15 32 70 0 1; ]
0100101482[103 79 15 33 70 0 1; ]
0100101483[103 79 15 33 70 0 1; ]
0100101484[102 79 15 33 70 0 1; ]
0100101485[102 78 15 33 70 0 1; ]
0100101486[102 78 15 33 70 0 1; ]
0100101487[102 77 15 33 70 0 1; ]
0100101488[101 76 15 32 70 0 1; ]
0100101489[101 75 15 32 70 0 1; ]
0100101490[101 75 15 32 70 0 1; ]
0100101491[101 74 15 31 70 0 1; ]
0100101492[100 74 15 31 70 0 1; ]
0100101493[100 74 15 31 70 0 1; ]
0100101494[100 75 15 31 70 0 1; ]
0100101495[99 75 15 31 70 0 1; ]
0100101496[99 76 15 31 70 0 1; ]
0100101497[99 76 15 31 70 0 1; ]
0100101498[99 77 15 31 70 0 1; ]
0100101499[98 77 15 31 70 0 1; ]
0100101500[98 78 15 31 70 0 1; ]
0100101501[98 79 15 32 70 0 1; ]
0100101502[98 79 14 32 70 0 1; ]
0100101503[97 80 14 32 70 0 1; ]
0100101504[97 81 14 32 70 0 1; ]
0100101505[97 82 14 33 70 0 1; ]
0100101506[97 83 14 33 70 0 1; ]
0100101507[96 82 14 32 70 0 1; ]
0100101508[96 81 14 32 70 0 1; ]
0100101509[95 80 14 32 70 0 1; ]
0100101510[95 80 14 31 70 0 1; ]
0100101511[94 79 14 31 70 0 1; ]
0100101512[94 79 14 31 70 0 1; ]
0100101513[93 80 14 31 70 0 1; ]
0100101514[93 80 14 32 70 0 1; ]
0100101515[92 81 14 32 70 0 1; ]
0100101516[92 83 14 33 70 0 1; ]
0100101517[91 83 14 33 70 0 1; ]
0100101518[91 84 14 33 70 0 1; ]
0100101519[90 85 14 33 70 0 1; ]
0100101520[90 85 14 32 70 0 1; ]
0100101521[89 86 14 32 70 0 1; ]
0100101522[88 87 14 32 70 0 1; ]
0100101523[88 88 14 33 70 0 1; ]
0100101524[87 89 14 33 70 0 1; ]
0100101525[87 89 14 34 70 0 1; ]
0100101526[86 90 15 34 70 0 1; ]
0100101527[85 89 15 34 70 0 1; ]
0100101528[84 89 15 34 70 0 1; ]
0100101529[84 88 15 35 70 0 1; ]
0100101530[83 88 16 35 70 0 1; ]
0100101531[82 88 16 35 70 0 1; ]
0100101532[82 88 16 35 70 0 1; ]
0100101533[81 88 16 35 70 0 1; ]
0100101534[80 88 16 35 70 0 1; ]
0100101535[80 88 16 35 70 0 1; ]
0100101536[79 88 16 35 70 0 1; ]
0100101537[79 88 16 36 70 0 1; ]
0100101538[79 88 16 36 70 0 1; ]
0100101539[78 89 16 36 70 0 1; ]
0100101540[78 89 15 36 70 0 1; ]
0100101541[78 90 15 36 70 0 1; ]
0100101542[77 90 15 35 70 0 1; ]
0100101543[77 90 15 34 70 0 1; ]
0100101544[76 90 15 34 70 0 1; ]
0100101545[76 90 15 33 70 0 1; ]
0100101546[75 90 15 33 70 0 1; ]
0100101547[74 90 15 33 70 0 1; ]
0100101548[73 88 15 33 70 0 1; ]
0100101549[73 87 16 33 70 0 1; ]
0100101550[72 85 16 33 70 0 1; ]
0100101551[71 84 16 33 70 0 1; ]
0100101552[70 84 17 33 70 0 1; ]
0100101553[69 83 17 33 70 0 1; ]
0100101554[68 83 18 34 70 0 1; ]
0100101555[67 82 18 34 70 0 1; ]
0100101556[66 82 19 34 70 0 1; ]
0100101557[65 82 18 35 70 0 1; ]
0100101558[65 81 18 36 70 0 1; ]
0100101559[65 81 17 36 70 0 1; ]
0100101560[65 81 17 37 70 0 1; ]
0100101561[64 80 16 37 70 0 1; ]
0100101562[479 56 31 49 18 1 0; 64 80 16 37 70 0 1; ]
0100101563[476 57 31 50 18 1 0; 64 81 16 37 70 0 1; ]
0100101564[473 57 31 50 18 1 0; 63 81 15 37 70 0 1; ]
0100101565[470 58 31 50 18 1 0; 63 81 15 37 70 0 1; ]
0100101566[467 58 31 50 18 1 0; 62 82 14 37 70 0 1; ]
0100101567[464 59 31 51 18 1 0; 62 83 14 37 70 0 1; ]
0100101568[461 60 31 51 18 1 0; 62 83 14 37 70 0 1; ]
0100101569[459 60 31 51 18 1 0; 61 84 14 37 70 0 1; ]
0100101570[456 61 31 51 18 1 0; 61 86 14 37 70 0 1; ]
0100101571[453 62 31 51 18 1 0; 60 87 14 37 70 0 1; ]
0100101572[450 62 31 51 18 0 0; 59 87 14 37 70 0 1; ]
0100101573[447 63 31 51 18 0 0; 58 88 14 37 70 0 1; ]
0100101574[444 63 31 51 18 0 0; 57 88 15 37 70 0 1; ]
0100101575[441 64 31 51 18 0 0; 57 88 15 37 70 0 1; ]
0100101576[438 65 31 51 18 0 0; 56 88 15 37 70 0 1; ]
0100101577[435 65 31 51 18 0 0; 55 88 15 37 70 0 1; ]
0100101578[432 66 31 51 18 0 0; 54 88 15 37 70 0 1; ]
0100101579[429 66 31 51 18 0 0; 54 88 15 37 70 0 1; ]
0100101580[426 66 31 51 18 0 0; 53 88 15 37 70 0 1; ]
0100101581[423 67 31 51 18 0 0; 53 88 15 37 70 0 1; ]
0100101582[420 67 31 51 18 0 0; 52 87 15 36 70 0 1; ]
0100101583[417 68 31 51 18 0 0; 51 87 15 36 70 0 1; ]
0100101584[414 67 31 51 18 0 0; 51 87 15 36 70 0 1; ]
0100101585[410 67 31 51 18 0 0; 49 86 15 36 70 0 1; ]
0100101586[407 66 31 52 18 0 0; 48 85 15 36 70 0 1; ]
0100101587[404 66 31 52 18 0 0; 47 84 15 36 70 0 1; ]
0100101588[400 65 32 52 18 0 0; 47 82 15 36 70 0 1; ]
0100101589[397 64 32 52 18 0 0; 46 81 15 37 70 0 1; ]
0100101590[393 63 32 53 18 0 0; 44 80 15 37 70 0 1; ]
0100101591[389 62 32 53 18 0 0; 43 79 15 37 70 0 1; ]
0100101592[385 62 32 54 18 0 0; 42 79 15 37 70 0 1; ]
0100101593[381 61 32 54 18 0 0; 40 79 15 37 70 0 1; ]
0100101594[377 60 33 55 18 0 0; 38 79 15 38 70 0 1; ]
0100101595[372 60 33 55 18 0 0; 36 79 15 38 70 0 1; ]
0100101596[367 59 33 56 18 0 0; 475 52 36 54 19 0 0; 34 79 15 38 70 0 1; ]
0100101597[363 59 33 56 18 0 0; 469 54 35 54 19 0 0; 31 79 16 38 70 0 1; ]
0100101598[358 60 33 55 18 0 0; 463 56 34 54 19 0 0; 28 79 16 38 70 0 1; ]
0100101599[354 62 33 54 18 0 0; 457 58 33 54 19 0 0; 25 79 16 39 70 0 1; ]
0100101600[349 63 33 54 18 0 0; 452 59 33 54 19 0 0; 22 79 17 39 70 0 1; ]
0100101601[345 64 33 54 18 0 0; 446 61 33 54 19 0 0; 19 79 17 39 70 0 1; ]
0100101602[339 65 33 54 18 0 0; 441 62 33 54 19 0 0; 16 81 17 39 70 0 1; ]
0100101603[334 66 33 54 18 0 0; 436 62 33 54 19 0 0; 13 82 16 39 70 0 1; ]
0100101604[328 67 33 54 18 0 0; 430 63 33 54 19 0 0; 10 84 16 39 70 0 1; ]
0100101605[322 68 33 54 18 0 0; 424 64 33 54 19 0 0; 7 85 15 39 70 0 1; ]
0100101606[316 69 33 54 18 0 0; 417 65 33 54 19 0 0; 3 86 15 39 70 0 1; ]
0100101607[309 70 33 54 18 0 0; 411 66 33 55 19 0 0; 0 86 15 39 70 0 1; ]
0100101608[302 70 33 55 18 0 0; 404 67 33 55 19 0 0; ]
0100101609[295 71 33 55 18 0 0; 397 67 33 55 19 0 0; ]
0100101610[288 72 33 56 18 0 0; 390 68 33 56 19 0 0; ]
0100101611[281 73 33 56 18 0 0; 383 69 33 56 19 0 0; ]
0100101612[273 73 33 56 18 0 0; 376 69 33 57 19 0 0; ]
0100101613[265 73 34 56 18 0 0; 368 70 33 57 19 0 0; ]
0100101614[257 74 34 56 18 0 0; 360 70 33 57 19 0 0; ]
0100101615[249 74 34 56 18 0 0; 352 70 33 57 19 0 0; ]
0100101616[241 74 34 56 18 0 0; 343 69 33 57 19 0 0; ]
0100101617[233 74 35 55 18 0 0; 335 69 33 57 19 0 0; ]
0100101618[225 74 35 55 18 0 0; 326 69 33 57 19 0 0; ]
0100101619[217 74 35 55 18 0 0; 317 68 33 57 19 0 0; ]
0100101620[208 75 36 54 18 0 0; 308 68 33 57 19 0 0; ]
0100101621[200 75 36 54 18 0 0; 299 67 33 57 19 0 0; ]
0100101622[191 75 37 53 18 0 0; 290 67 33 57 19 0 0; ]
0100101623[182 75 37 52 18 0 0; 280 67 33 57 19 0 0; ]
0100101624[173 75 38 51 18 0 0; 271 67 33 57 19 0 0; ]
0100101625[164 75 38 51 18 0 0; 261 68 33 57 19 0 0; ]
0100101626[154 75 38 51 18 0 0; 252 68 33 57 19 0 0; ]
0100101627[144 75 38 51 18 0 0; 242 69 33 57 19 0 0; ]
0100101628[134 75 38 51 18 0 0; 231 69 33 57 19 0 0; ]
0100101629[124 75 38 51 18 0 0; 221 69 33 57 19 0 0; ]
0100101630[113 75 38 52 18 0 0; 210 69 33 57 19 0 0; ]
0100101631[103 75 38 52 18 0 0; 198 69 33 57 19 0 0; ]
0100101632[92 75 38 52 18 0 0; 187 69 33 57 19 0 0; ]
0100101633[81 75 38 52 18 0 0; 175 69 33 57 19 0 0; ]
0100101634[69 75 38 52 18 0 0; 164 69 33 57 19 0 0; ]
0100101635[58 75 38 52 18 0 0; 153 69 33 57 19 0 0; ]
0100101636[46 74 38 52 18 0 0; 141 70 33 57 19 0 0; ]
0100101637[35 74 38 52 18 0 0; 129 70 33 57 19 0 0; ]
0100101638[24 73 38 52 18 0 0; 118 71 33 57 19 0 0; ]
0100101639[12 73 38 52 18 0 0; 106 70 33 57 19 0 0; ]
0100101640[0 72 38 52 18 0 0; 94 69 33 57 19 0 0; ]
0100101641[82 68 33 57 19 0 0; ]
0100101642[69 66 33 57 19 0 0; ]
0100101643[57 65 33 57 19 0 0; ]
0100101644[45 64 33 57 19 0 0; ]
0100101645[32 62 33 57 19 0 0; ]
0100101646[20 61 32 57 19 0 0; ]
0100101647[7 59 32 57 19 0 0; ]
0100101648[]
0100101649[]
0100101650[]
0100101651[]
0100101652[]
0100101653[]
0100101654[]
0100101655[]
0100101656[]
0100101657[]
0100101658[]
0100101659[]
0100101660[]
0100101661[]
0100101662[]
0100101663[]
0100101664[]
0100101665[]
0100101666[]
0100101667[]
0100101668[]
0100101669[]
0100101670[]
0100101671[]
0100101672[]
0100101673[]
0100101674[]
0100101675[]
0100101676[]
0100101677[]
0100101678[]
0100101679[]
0100101680[]
0100101681[]
0100101682[]
0100101683[]
0100101684[]
0100101685[]
0100101686[]
0100101687[]
0100101688[]
0100101689[]
0100101690[]
0100101691[]
0100101692[]
0100101693[]
0100101694[]
0100101695[]
0100101696[]
0100101697[]
0100101698[]
0100101699[]
0100101700[]
0100101701[]
0100101702[]
0100101703[]
0100101704[]
0100101705[]
0100101706[]
0100101707[]
0100101708[]
0100101709[]
0100101710[]
0100101711[]
0100101712[]
0100101713[]
0100101714[]
0100101715[]
0100101716[]
0100101717[]
0100101718[]
0100101719[]
0100101720[]
0100101721[]
0100101722[]
0100101723[]
0100101724[]
0100101725[]
0100101726[]
0100101727[]
0100101728[]
0100101729[]
0100101730[]
0100101731[]
0100101732[]
0100101733[423 10 77 204 20 1 1; ]
0100101734[412 10 76 206 20 1 1; ]
0100101735[401 10 74 209 20 1 1; ]
0100101736[388 8 75 210 20 1 1; ]
0100101737[375 7 78 212 20 1 1; ]
0100101738[360 6 80 213 20 1 1; ]
0100101739[347 5 81 215 20 1 1; ]
0100101740[334 6 81 217 20 1 1; ]
0100101741[321 6 81 219 20 1 1; ]
0100101742[308 6 81 221 20 1 1; ]
0100101743[300 8 81 224 20 1 1; ]
0100101744[291 9 81 226 20 1 1; ]
0100101745[279 8 81 229 20 1 1; ]
0100101746[266 5 81 232 20 1 1; ]
0100101747[253 2 81 235 20 1 1; ]
0100101748[]
0100101749[]
0100101750[]
0100101751[]
0100101752[]
0100101753[]
0100101754[]
0100101755[]
0100101756[]
0100101757[]
0100101758[]
0100101759[]
0100101760[]
0100101761[475 102 30 59 21 1 1; ]
0100101762[462 103 30 59 21 1 1; ]
0100101763[450 103 30 59 21 1 1; ]
0100101764[438 103 30 65 21 1 1; 465 95 25 66 23 1 1; ]
0100101765[425 103 30 66 21 1 1; 453 95 25 68 23 1 1; ]
0100101766[413 103 30 66 21 1 1; 441 95 25 69 23 1 1; ]
0100101767[400 103 30 67 21 1 1; 429 95 25 71 23 1 1; ]
0100101768[388 103 30 68 21 1 1; 417 94 24 72 23 1 1; ]
0100101769[375 104 30 68 21 1 1; 405 94 24 74 23 1 1; ]
0100101770[363 104 30 69 21 1 1; 393 94 24 75 23 1 1; ]
0100101771[350 104 30 70 21 1 1; ]
0100101772[338 104 31 70 21 1 1; ]
0100101773[325 105 31 71 21 1 1; ]
0100101774[313 105 32 72 21 1 1; ]
0100101775[300 105 33 72 21 1 1; 322 100 44 77 24 1 1; ]
0100101776[287 106 34 73 21 1 1; 310 100 42 78 24 1 1; ]
0100101777[275 106 35 74 21 1 1; 297 100 41 79 24 1 1; ]
0100101778[262 107 36 75 21 1 1; 285 100 39 80 24 1 1; ]
0100101779[250 107 37 75 21 1 1; 273 100 38 81 24 1 1; ]
0100101780[237 107 37 75 21 1 1; 260 100 37 81 24 1 1; ]
0100101781[225 107 37 75 21 1 1; 248 100 36 82 24 1 1; ]
0100101782[213 107 37 75 21 1 1; 236 100 35 82 24 1 1; ]
0100101783[200 107 37 75 21 1 1; 223 100 35 82 24 1 1; ]
0100101784[188 106 37 75 21 1 1; 211 100 34 82 24 1 1; ]
0100101785[175 106 37 75 21 1 1; 199 100 34 82 24 1 1; ]
0100101786[163 106 37 75 21 1 1; 186 100 33 82 24 1 1; ]
0100101787[151 106 37 74 21 1 1; 174 100 33 82 24 1 1; ]
0100101788[138 105 35 74 21 1 1; 162 98 33 83 24 1 1; ]
0100101789[126 104 33 74 21 1 1; 150 96 33 84 24 1 1; ]
0100101790[114 104 32 75 21 1 1; 137 94 34 84 24 1 1; ]
0100101791[102 103 31 75 21 1 1; 125 94 34 85 24 1 1; ]
0100101792[90 102 31 75 21 1 1; 113 94 35 86 24 1 1; ]
0100101793[77 102 31 76 21 1 1; 101 94 38 86 24 1 1; ]
0100101794[66 101 32 77 21 1 1; 89 94 41 86 24 1 1; ]
0100101795[54 101 34 79 21 1 1; 76 94 44 87 24 1 1; ]
0100101796[42 101 35 81 21 1 1; 64 94 45 87 24 1 1; ]
0100101797[29 100 36 82 21 1 1; 52 94 45 88 24 1 1; ]
0100101798[17 100 37 83 21 1 1; 40 94 45 89 24 1 1; ]
0100101799[4 100 37 84 21 1 1; 28 94 46 89 24 1 1; ]
0100101800[16 94 46 90 24 1 1; ]
0100101801[4 94 46 91 24 1 1; ]
0100101802[]
0100101803[]
0100101804[]
0100101805[]
0100101806[]
0100101807[]
0100101808[]
0100101809[]
0100101810[]
0100101811[]
0100101812[]
0100101813[]
0100101814[]
0100101815[]
0100101816[]
0100101817[]
0100101818[]
0100101819[]
0100101820[]
0100101821[]
0100101822[]
0100101823[]
0100101824[]
0100101825[]
0100101826[]
0100101827[]
0100101828[]
0100101829[]
0100101830[]
0100101831[]
0100101832[]
0100101833[]
0100101834[]
0100101835[]
0100101836[]
0100101837[]
0100101838[]
0100101839[]
0100101840[]
0100101841[]
0100101842[]
0100101843[]
0100101844[]
0100101845[]
0100101846[]
0100101847[]
0100101848[]
0100101849[]
0100101850[]
0100101851[]
0100101852[]
0100101853[]
0100101854[]
0100101855[]
0100101856[]
0100101857[]
0100101858[]
0100101859[]
0100101860[]
0100101861[]
0100101862[]
0100101863[]
0100101864[]
0100101865[]
0100101866[]
0100101867[]
0100101868[]
0100101869[]
0100101870[]
0100101871[]
0100101872[]
0100101873[]
0100101874[]
0100101875[]
0100101876[]
0100101877[]
0100101878[]
0100101879[]
0100101880[]
0100101881[]
0100101882[]
0100101883[]
0100101884[]
0100101885[]
0100101886[]
0100101887[]
0100101888[]
0100101889[]
0100101890[]
0100101891[]
0100101892[]
0100101893[]
0100101894[]
0100101895[]
0100101896[469 127 37 70 25 0 0; ]
0100101897[458 125 37 70 25 0 0; ]
0100101898[448 123 37 70 25 0 0; ]
0100101899[438 121 37 70 25 0 0; ]
0100101900[427 119 37 70 25 0 0; ]
0100101901[416 118 37 71 25 0 0; ]
0100101902[404 118 37 71 25 0 0; ]
0100101903[393 117 37 72 25 0 0; ]
0100101904[381 116 38 73 25 0 0; ]
0100101905[369 116 39 73 25 0 0; ]
0100101906[356 115 41 74 25 0 0; ]
0100101907[344 115 42 75 25 0 0; ]
0100101908[331 114 44 77 25 0 0; ]
0100101909[317 113 45 78 25 0 0; ]
0100101910[302 112 46 79 25 0 0; ]
0100101911[287 110 47 81 25 0 0; ]
0100101912[271 109 47 83 25 0 0; ]
0100101913[255 107 48 85 25 0 0; ]
0100101914[240 106 48 86 25 0 0; ]
0100101915[224 105 49 87 25 0 0; ]
0100101916[207 103 49 88 25 0 0; ]
0100101917[190 102 50 89 25 0 0; ]
0100101918[173 101 51 90 25 0 0; ]
0100101919[155 99 52 91 25 0 0; ]
0100101920[136 98 54 93 25 0 0; ]
0100101921[117 97 57 94 25 0 0; ]
0100101922[96 95 59 95 25 0 0; ]
0100101923[74 94 62 97 25 0 0; ]
0100101924[50 92 65 98 25 0 0; ]
0100101925[23 89 69 100 25 0 0; ]
0100101926[]
0100101927[]
0100101928[]
0100101929[]
0100101930[]
0100101931[]
0100101932[]
0100101933[]
0100101934[]
0100101935[]
0100101936[]
0100101937[339 129 17 35 74 1 3; ]
0100101938[331 129 17 35 74 1 3; ]
0100101939[323 128 17 35 74 1 3; ]
0100101940[315 128 17 35 74 1 3; ]
0100101941[308 127 17 35 74 1 3; ]
0100101942[300 126 17 35 74 1 3; ]
0100101943[292 126 17 35 74 1 3; ]
0100101944[284 125 17 35 74 1 3; ]
0100101945[276 125 17 35 74 1 3; ]
0100101946[268 124 17 35 74 1 3; ]
0100101947[260 124 17 35 74 1 3; ]
0100101948[252 123 17 35 74 1 3; ]
0100101949[245 123 17 35 74 1 3; ]
0100101950[237 122 17 35 74 1 3; ]
0100101951[229 122 17 35 74 1 3; ]
0100101952[221 121 17 35 74 1 3; ]
0100101953[213 121 17 36 74 1 3; ]
0100101954[205 120 17 36 74 1 3; ]
0100101955[197 120 17 36 74 1 3; ]
0100101956[189 120 17 36 74 1 3; ]
0100101957[181 119 17 36 74 1 3; ]
0100101958[173 119 17 36 74 1 3; ]
0100101959[164 119 17 37 74 1 3; ]
0100101960[156 118 17 37 74 1 3; ]
0100101961[147 118 17 37 74 1 3; ]
0100101962[139 118 18 37 74 1 3; ]
0100101963[130 117 18 37 74 1 3; ]
0100101964[121 117 18 37 74 1 3; ]
0100101965[439 129 15 30 28 0 0; 112 116 19 38 74 1 3; ]
0100101966[431 129 15 31 28 0 0; 103 116 19 38 74 1 3; ]
0100101967[422 129 15 32 28 0 0; 94 116 19 38 74 1 3; ]
0100101968[414 129 15 32 28 0 0; 86 115 20 38 74 1 3; ]
0100101969[406 128 15 32 28 0 0; 77 115 20 38 74 1 3; ]
0100101970[398 127 15 31 28 0 0; 69 114 20 39 74 1 3; ]
0100101971[390 126 15 31 28 0 0; 61 113 20 39 74 1 3; ]
0100101972[381 125 15 30 28 0 0; 53 113 20 39 74 1 3; ]
0100101973[374 125 15 30 28 0 0; 45 112 20 40 74 1 3; ]
0100101974[368 125 15 30 28 0 0; 38 112 20 40 74 1 3; ]
0100101975[362 125 15 31 28 0 0; 30 111 20 40 74 1 3; ]
0100101976[356 125 15 32 28 0 0; 23 111 20 40 74 1 3; ]
0100101977[350 125 15 32 28 0 0; 16 110 20 41 74 1 3; ]
0100101978[344 125 15 32 28 0 0; 10 109 20 41 74 1 3; ]
0100101979[339 124 15 32 28 0 0; 3 109 20 41 74 1 3; ]
0100101980[333 123 15 32 28 0 0; ]
0100101981[327 121 15 32 28 0 0; ]
0100101982[322 119 15 32 28 0 0; ]
0100101983[317 118 15 32 28 0 0; ]
0100101984[313 118 15 32 28 0 0; ]
0100101985[308 117 15 32 28 0 0; ]
0100101986[304 116 15 32 28 0 0; ]
0100101987[301 116 15 32 28 0 0; ]
0100101988[297 115 15 32 28 0 0; ]
0100101989[294 115 15 32 28 0 0; ]
0100101990[291 114 15 32 28 0 0; ]
0100101991[288 114 15 32 28 0 0; ]
0100101992[286 114 15 32 28 0 0; ]
0100101993[284 114 15 32 28 0 0; ]
0100101994[281 114 15 32 28 0 0; ]
0100101995[279 113 15 32 28 0 0; ]
0100101996[278 113 15 32 28 0 0; ]
0100101997[276 113 15 32 28 0 0; ]
0100101998[275 113 15 32 28 0 0; ]
0100101999[273 113 15 32 28 0 0; ]
0100102000[272 113 15 32 28 0 0; ]
0100102001[272 113 15 32 28 0 0; ]
0100102002[271 114 15 32 28 0 0; ]
0100102003[271 114 15 32 28 0 0; ]
0100102004[271 114 15 32 28 0 0; ]
0100102005[270 114 15 32 28 0 0; ]
0100102006[271 113 15 32 28 0 0; ]
0100102007[272 113 15 32 28 0 0; ]
0100102008[273 113 15 32 28 0 0; ]
0100102009[274 112 15 32 28 0 0; ]
0100102010[275 112 15 32 28 0 0; ]
0100102011[275 112 15 32 28 0 0; ]
0100102012[276 112 15 32 28 0 0; ]
0100102013[277 112 15 32 28 0 0; ]
0100102014[277 112 15 32 28 0 0; ]
0100102015[278 112 15 32 28 0 0; ]
0100102016[279 112 15 32 28 0 0; ]
0100102017[279 112 15 32 28 0 0; ]
0100102018[280 112 15 32 28 0 0; ]
0100102019[281 111 15 32 28 0 0; ]
0100102020[281 111 15 32 28 0 0; ]
0100102021[282 110 15 32 28 0 0; ]
0100102022[282 109 15 32 28 0 0; ]
0100102023[283 109 15 32 28 0 0; ]
0100102024[284 108 15 32 28 0 0; ]
0100102025[284 107 15 32 28 0 0; ]
0100102026[285 107 15 32 28 0 0; ]
0100102027[285 106 15 32 28 0 0; ]
0100102028[285 106 15 32 28 0 0; ]
0100102029[285 105 15 32 28 0 0; ]
0100102030[285 104 15 32 28 0 0; ]
0100102031[285 104 15 32 28 0 0; ]
0100102032[286 104 15 32 28 0 0; ]
0100102033[286 104 15 32 28 0 0; ]
0100102034[286 104 15 32 28 0 0; ]
0100102035[286 104 15 32 28 0 0; ]
0100102036[287 104 15 32 28 0 0; ]
0100102037[287 104 15 32 28 0 0; ]
0100102038[288 104 15 32 28 0 0; ]
0100102039[288 104 15 32 28 0 0; ]
0100102040[288 104 15 32 28 0 0; ]
0100102041[289 104 14 32 28 0 0; ]
0100102042[289 104 14 32 28 0 0; ]
0100102043[289 104 14 32 28 0 0; ]
0100102044[289 104 14 32 28 0 0; ]
0100102045[289 103 14 32 28 0 0; ]
0100102046[289 103 14 32 28 0 0; ]
0100102047[289 102 14 32 28 0 0; ]
0100102048[289 102 14 32 28 0 0; ]
0100102049[289 101 14 32 28 0 0; ]
0100102050[289 101 14 32 28 0 0; ]
0100102051[289 101 14 32 28 0 0; ]
0100102052[288 101 14 32 28 0 0; ]
0100102053[287 101 14 32 28 0 0; ]
0100102054[286 100 14 32 28 0 0; ]
0100102055[285 99 15 32 28 0 0; ]
0100102056[284 99 15 32 28 0 0; ]
0100102057[284 99 15 32 28 0 0; ]
0100102058[283 99 15 32 28 0 0; ]
0100102059[283 99 15 32 28 0 0; ]
0100102060[282 99 15 32 28 0 0; ]
0100102061[281 100 15 32 28 0 0; ]
0100102062[281 100 15 32 28 0 0; ]
0100102063[280 100 15 32 28 0 0; ]
0100102064[278 101 15 32 28 0 0; ]
0100102065[277 101 15 32 28 0 0; ]
0100102066[276 101 15 32 28 0 0; ]
0100102067[275 101 15 32 28 0 0; ]
0100102068[273 101 15 32 28 0 0; ]
0100102069[272 101 15 32 28 0 0; ]
0100102070[271 100 15 32 28 0 0; ]
0100102071[270 100 16 32 28 0 0; ]
0100102072[269 100 16 32 28 0 0; ]
0100102073[268 99 16 32 28 0 0; ]
0100102074[267 99 16 32 28 0 0; ]
0100102075[266 98 16 32 28 0 0; ]
0100102076[265 98 16 32 28 0 0; ]
0100102077[264 97 16 32 28 0 0; ]
0100102078[263 97 16 32 28 0 0; ]
0100102079[263 96 16 32 28 0 0; ]
0100102080[262 96 16 32 28 0 0; ]
0100102081[261 95 16 32 28 0 0; ]
0100102082[260 95 16 32 28 0 0; ]
0100102083[259 94 16 32 28 0 0; ]
0100102084[258 94 16 32 28 0 0; ]
0100102085[258 94 16 32 28 0 0; ]
0100102086[257 93 16 32 28 0 0; ]
0100102087[256 93 16 32 28 0 0; ]
0100102088[255 93 16 32 28 0 0; ]
0100102089[254 93 16 33 28 0 0; ]
0100102090[253 93 16 33 28 0 0; ]
0100102091[253 92 16 33 28 0 0; ]
0100102092[252 92 16 33 28 0 0; ]
0100102093[251 92 16 33 28 0 0; ]
0100102094[250 92 16 33 28 0 0; ]
0100102095[250 92 16 33 28 0 0; ]
0100102096[249 92 16 33 28 0 0; ]
0100102097[248 91 16 33 28 0 0; ]
0100102098[248 91 16 33 28 0 0; ]
0100102099[247 91 16 33 28 0 0; ]
0100102100[247 91 16 33 28 0 0; ]
0100102101[246 91 16 33 28 0 0; ]
0100102102[246 90 16 33 28 0 0; ]
0100102103[245 90 16 33 28 0 0; ]
0100102104[245 89 16 33 28 0 0; ]
0100102105[245 89 16 33 28 0 0; ]
0100102106[244 88 16 34 28 0 0; ]
0100102107[244 88 16 34 28 0 0; ]
0100102108[244 87 16 34 28 0 0; ]
0100102109[244 87 16 34 28 0 0; ]
0100102110[243 86 16 34 28 0 0; ]
0100102111[243 86 16 34 28 0 0; ]
0100102112[243 85 16 34 28 0 0; ]
0100102113[242 85 16 34 28 0 0; ]
0100102114[242 84 16 34 28 0 0; ]
0100102115[242 84 16 34 28 0 0; ]
0100102116[241 84 16 34 28 0 0; ]
0100102117[241 84 16 35 28 0 0; ]
0100102118[240 83 16 35 28 0 0; ]
0100102119[240 83 16 35 28 0 0; ]
0100102120[240 83 16 35 28 0 0; ]
0100102121[239 83 16 35 28 0 0; ]
0100102122[239 82 16 35 28 0 0; ]
0100102123[238 82 16 35 28 0 0; ]
0100102124[238 82 16 35 28 0 0; ]
0100102125[237 82 16 35 28 0 0; ]
0100102126[237 82 16 35 28 0 0; ]
0100102127[236 82 16 36 28 0 0; ]
0100102128[236 81 16 36 28 0 0; ]
0100102129[235 81 16 36 28 0 0; ]
0100102130[234 81 16 36 28 0 0; ]
0100102131[234 81 16 36 28 0 0; ]
0100102132[233 81 16 36 28 0 0; ]
0100102133[232 81 16 36 28 0 0; ]
0100102134[232 81 16 37 28 0 0; ]
0100102135[231 81 16 37 28 0 0; ]
0100102136[231 81 16 37 28 0 0; ]
0100102137[230 81 16 37 28 0 0; ]
0100102138[229 81 16 37 28 0 0; ]
0100102139[229 81 16 37 28 0 0; ]
0100102140[228 80 16 37 28 0 0; ]
0100102141[228 80 16 37 28 0 0; ]
0100102142[227 80 16 37 28 0 0; ]
0100102143[227 80 16 37 28 0 0; ]
0100102144[226 80 17 37 28 0 0; ]
0100102145[226 80 17 37 28 0 0; ]
0100102146[225 80 17 37 28 0 0; ]
0100102147[225 80 17 38 28 0 0; ]
0100102148[224 80 17 38 28 0 0; ]
0100102149[224 79 17 38 28 0 0; ]
0100102150[223 79 17 38 28 0 0; ]
0100102151[222 79 17 38 28 0 0; ]
0100102152[221 80 17 38 28 0 0; ]
0100102153[220 80 17 38 28 0 0; ]
0100102154[219 80 17 38 28 0 0; ]
0100102155[218 80 17 38 28 0 0; ]
0100102156[217 81 17 38 28 0 0; ]
0100102157[216 81 17 38 28 0 0; ]
0100102158[215 80 17 38 28 0 0; ]
0100102159[214 80 17 38 28 0 0; ]
0100102160[213 80 17 38 28 0 0; ]
0100102161[211 80 17 38 28 0 0; ]
0100102162[210 80 17 38 28 0 0; ]
0100102163[209 80 17 38 28 0 0; ]
0100102164[207 80 17 38 28 0 0; ]
0100102165[206 79 17 38 28 0 0; ]
0100102166[205 79 17 37 28 0 0; ]
0100102167[203 79 17 37 28 0 0; ]
0100102168[202 79 17 37 28 0 0; ]
0100102169[201 78 17 37 28 0 0; ]
0100102170[199 78 17 37 28 0 0; ]
0100102171[198 78 17 37 28 0 0; ]
0100102172[196 77 17 37 28 0 0; ]
0100102173[195 77 17 37 28 0 0; ]
0100102174[194 77 17 37 28 0 0; ]
0100102175[192 77 17 37 28 0 0; ]
0100102176[191 76 17 37 28 0 0; ]
0100102177[190 76 17 37 28 0 0; ]
0100102178[188 76 17 37 28 0 0; ]
0100102179[187 75 17 37 28 0 0; ]
0100102180[185 75 17 37 28 0 0; ]
0100102181[184 75 17 37 28 0 0; ]
0100102182[183 75 17 37 28 0 0; ]
0100102183[182 74 18 37 28 0 0; ]
0100102184[180 74 18 37 28 0 0; ]
0100102185[179 74 18 37 28 0 0; ]
0100102186[178 73 18 38 28 0 0; ]
0100102187[176 73 18 38 28 0 0; ]
0100102188[175 73 18 38 28 0 0; ]
0100102189[174 72 18 39 28 0 0; ]
0100102190[172 72 18 39 28 0 0; ]
0100102191[171 72 18 39 28 0 0; ]
0100102192[170 72 18 40 28 0 0; ]
0100102193[168 71 18 40 28 0 0; ]
0100102194[167 71 18 40 28 0 0; ]
0100102195[166 71 18 40 28 0 0; ]
0100102196[165 71 18 40 28 0 0; ]
0100102197[163 71 18 40 28 0 0; ]
0100102198[162 71 18 40 28 0 0; ]
0100102199[161 72 18 40 28 0 0; ]
0100102200[159 72 18 40 28 0 0; ]
0100102201[158 72 18 40 28 0 0; ]
0100102202[157 72 18 40 28 0 0; ]
0100102203[155 73 19 39 28 0 0; ]
0100102204[154 73 19 39 28 0 0; ]
0100102205[153 73 19 39 28 0 0; ]
0100102206[152 74 19 39 28 0 0; ]
0100102207[150 74 19 39 28 0 0; ]
0100102208[149 74 19 39 28 0 0; ]
0100102209[148 74 19 39 28 0 0; ]
0100102210[147 74 19 39 28 0 0; ]
0100102211[145 75 19 39 28 0 0; ]
0100102212[144 75 19 39 28 0 0; ]
0100102213[143 75 19 39 28 0 0; ]
0100102214[141 75 19 39 28 0 0; ]
0100102215[140 76 19 39 28 0 0; ]
0100102216[139 76 19 39 28 0 0; ]
0100102217[138 76 19 39 28 0 0; ]
0100102218[137 76 19 39 28 0 0; ]
0100102219[135 76 19 39 28 0 0; ]
0100102220[134 77 19 39 28 0 0; ]
0100102221[133 77 19 39 28 0 0; ]
0100102222[132 77 19 39 28 0 0; ]
0100102223[130 77 19 39 28 0 0; ]
0100102224[129 77 20 39 28 0 0; ]
0100102225[128 77 20 39 28 0 0; ]
0100102226[127 77 20 39 28 0 0; ]
0100102227[126 78 20 39 28 0 0; ]
0100102228[125 78 20 39 28 0 0; ]
0100102229[124 78 20 39 28 0 0; ]
0100102230[123 78 20 39 28 0 0; ]
0100102231[121 78 20 39 28 0 0; ]
0100102232[120 78 20 39 28 0 0; ]
0100102233[119 78 20 39 28 0 0; ]
0100102234[118 78 20 39 28 0 0; ]
0100102235[117 78 20 39 28 0 0; ]
0100102236[116 78 20 39 28 0 0; ]
0100102237[115 78 20 39 28 0 0; ]
0100102238[114 78 20 39 28 0 0; ]
0100102239[113 78 20 39 28 0 0; ]
0100102240[112 79 20 39 28 0 0; ]
0100102241[111 79 20 39 28 0 0; ]
0100102242[110 79 20 39 28 0 0; ]
0100102243[109 79 20 39 28 0 0; ]
0100102244[109 79 20 39 28 0 0; ]
0100102245[108 79 20 39 28 0 0; ]
0100102246[107 79 20 39 28 0 0; ]
0100102247[106 79 20 39 28 0 0; ]
0100102248[105 80 20 39 28 0 0; ]
0100102249[104 80 20 39 28 0 0; ]
0100102250[104 80 20 39 28 0 0; ]
0100102251[103 80 20 39 28 0 0; ]
0100102252[102 80 21 39 28 0 0; ]
0100102253[101 80 21 39 28 0 0; ]
0100102254[101 81 21 39 28 0 0; ]
0100102255[100 81 21 39 28 0 0; ]
0100102256[99 81 21 39 28 0 0; ]
0100102257[98 81 21 39 28 0 0; ]
0100102258[98 82 21 39 28 0 0; ]
0100102259[97 82 21 39 28 0 0; ]
0100102260[96 82 21 39 28 0 0; ]
0100102261[96 83 21 39 28 0 0; ]
0100102262[95 83 21 39 28 0 0; ]
0100102263[94 83 21 39 28 0 0; ]
0100102264[94 83 21 39 28 0 0; ]
0100102265[93 83 21 39 28 0 0; ]
0100102266[93 83 21 39 28 0 0; ]
0100102267[93 83 21 39 28 0 0; ]
0100102268[92 83 21 39 28 0 0; ]
0100102269[92 83 21 39 28 0 0; ]
0100102270[91 83 21 39 28 0 0; ]
0100102271[91 83 21 39 28 0 0; ]
0100102272[91 83 21 39 28 0 0; ]
0100102273[90 83 21 40 28 0 0; ]
0100102274[90 83 21 40 28 0 0; ]
0100102275[90 82 21 40 28 0 0; ]
0100102276[90 82 21 40 28 0 0; ]
0100102277[89 82 21 40 28 0 0; ]
0100102278[89 82 21 40 28 0 0; ]
0100102279[89 82 21 40 28 0 0; ]
0100102280[88 82 21 40 28 0 0; ]
0100102281[88 81 21 40 28 0 0; ]
0100102282[88 81 21 40 28 0 0; ]
0100102283[88 81 21 40 28 0 0; ]
0100102284[87 81 21 41 28 0 0; ]
0100102285[87 81 21 41 28 0 0; ]
0100102286[87 81 21 41 28 0 0; ]
0100102287[86 80 21 41 28 0 0; ]
0100102288[86 80 21 41 28 0 0; ]
0100102289[86 80 21 41 28 0 0; ]
0100102290[85 80 21 41 28 0 0; ]
0100102291[85 79 21 41 28 0 0; ]
0100102292[85 79 21 41 28 0 0; ]
0100102293[85 79 21 41 28 0 0; ]
0100102294[84 79 21 41 28 0 0; ]
0100102295[84 78 21 41 28 0 0; ]
0100102296[84 78 21 41 28 0 0; ]
0100102297[83 78 21 41 28 0 0; ]
0100102298[83 78 21 41 28 0 0; ]
0100102299[83 77 21 41 28 0 0; ]
0100102300[82 77 21 41 28 0 0; ]
0100102301[82 77 21 41 28 0 0; ]
0100102302[82 77 21 41 28 0 0; ]
0100102303[81 77 21 41 28 0 0; ]
0100102304[81 76 21 41 28 0 0; ]
0100102305[80 76 21 41 28 0 0; ]
0100102306[80 76 21 41 28 0 0; ]
0100102307[79 76 21 41 28 0 0; ]
0100102308[79 76 21 41 28 0 0; ]
0100102309[78 77 21 41 28 0 0; ]
0100102310[78 77 21 41 28 0 0; ]
0100102311[77 77 21 41 28 0 0; ]
0100102312[77 77 21 41 28 0 0; ]
0100102313[76 77 21 41 28 0 0; ]
0100102314[76 77 21 41 28 0 0; ]
0100102315[75 77 21 41 28 0 0; ]
0100102316[74 78 21 41 28 0 0; ]
0100102317[74 78 21 41 28 0 0; ]
0100102318[73 78 21 41 28 0 0; ]
0100102319[72 78 21 41 28 0 0; ]
0100102320[71 78 21 41 28 0 0; ]
0100102321[71 78 21 42 28 0 0; ]
0100102322[70 78 21 42 28 0 0; ]
0100102323[69 78 21 42 28 0 0; ]
0100102324[68 77 21 42 28 0 0; ]
0100102325[68 77 21 42 28 0 0; ]
0100102326[67 77 21 42 28 0 0; ]
0100102327[66 76 21 42 28 0 0; ]
0100102328[65 75 21 42 28 0 0; ]
0100102329[64 75 21 42 28 0 0; ]
0100102330[63 74 21 42 28 0 0; ]
0100102331[62 74 21 42 28 0 0; ]
0100102332[62 73 21 42 28 0 0; ]
0100102333[61 72 21 42 28 0 0; ]
0100102334[60 72 21 42 28 0 0; ]
0100102335[59 71 21 42 28 0 0; ]
0100102336[58 70 21 42 28 0 0; ]
0100102337[58 70 21 42 28 0 0; ]
0100102338[57 69 21 42 28 0 0; ]
0100102339[56 69 21 42 28 0 0; ]
0100102340[55 68 22 42 28 0 0; ]
0100102341[55 68 22 42 28 0 0; ]
0100102342[54 68 22 42 28 0 0; ]
0100102343[53 69 22 42 28 0 0; ]
0100102344[52 69 22 42 28 0 0; ]
0100102345[51 69 22 42 28 0 0; ]
0100102346[51 70 22 42 28 0 0; ]
0100102347[50 70 22 42 28 0 0; ]
0100102348[49 70 22 42 28 0 0; ]
0100102349[48 71 22 42 28 0 0; ]
0100102350[47 71 22 42 28 0 0; ]
0100102351[46 71 22 42 28 0 0; ]
0100102352[45 71 23 42 28 0 0; ]
0100102353[44 71 23 42 28 0 0; ]
0100102354[44 71 23 42 28 0 0; ]
0100102355[43 71 23 42 28 0 0; ]
0100102356[42 71 23 42 28 0 0; ]
0100102357[41 71 23 42 28 0 0; ]
0100102358[40 71 23 43 28 0 0; ]
0100102359[39 71 23 43 28 0 0; ]
0100102360[38 71 23 43 28 0 0; ]
0100102361[37 71 23 43 28 0 0; ]
0100102362[36 71 23 43 28 0 0; ]
0100102363[35 71 23 43 28 0 0; ]
0100102364[34 71 23 43 28 0 0; ]
0100102365[33 71 23 44 28 0 0; ]
0100102366[32 71 23 44 28 0 0; ]
0100102367[31 71 23 44 28 0 0; ]
0100102368[30 71 23 44 28 0 0; ]
0100102369[29 70 23 44 28 0 0; ]
0100102370[29 69 23 44 28 0 0; ]
0100102371[28 68 23 44 28 0 0; ]
0100102372[27 68 23 44 28 0 0; ]
0100102373[26 67 23 45 28 0 0; ]
0100102374[25 66 23 45 28 0 0; ]
0100102375[24 66 23 45 28 0 0; ]
0100102376[23 66 23 45 28 0 0; ]
0100102377[22 66 23 45 28 0 0; ]
0100102378[21 66 23 45 28 0 0; ]
0100102379[20 66 23 45 28 0 0; ]
0100102380[19 66 23 45 28 0 0; ]
0100102381[18 66 23 45 28 0 0; ]
0100102382[17 66 23 45 28 0 0; ]
0100102383[16 66 23 45 28 0 0; ]
0100102384[14 66 23 45 28 0 0; ]
0100102385[13 66 23 44 28 0 0; ]
0100102386[12 66 23 44 28 0 0; ]
0100102387[11 66 23 44 28 0 0; ]
0100102388[10 66 23 44 28 0 0; ]
0100102389[8 66 23 44 28 0 0; ]
0100102390[7 66 23 44 28 0 0; ]
0100102391[5 66 23 44 28 0 0; ]
0100102392[4 66 23 44 28 0 0; ]
0100102393[2 66 23 44 28 0 0; ]
0100102394[0 66 23 44 28 0 0; ]
0100102395[]
0100102396[]
0100102397[]
0100102398[]
0100102399[]
0100102400[]
0100102401[]
0100102402[]
0100102403[]
0100102404[]
0100102405[]
0100102406[]
0100102407[]
0100102408[]
0100102409[]
0100102410[]
0100102411[]
0100102412[]
0100102413[]
0100102414[]
0100102415[]
0100102416[]
0100102417[]
0100102418[]
0100102419[]
0100102420[]
0100102421[]
0100102422[]
0100102423[]
0100102424[]
0100102425[]
0100102426[]
0100102427[]
0100102428[]
0100102429[]
0100102430[]
0100102431[]
0100102432[]
0100102433[]
0100102434[]
0100102435[]
0100102436[]
0100102437[]
0100102438[]
0100102439[]
0100102440[]
0100102441[]
0100102442[]
0100102443[]
0100102444[]
0100102445[]
0100102446[]
0100102447[]
0100102448[]
0100102449[]
0100102450[]
0100102451[]
0100102452[]
0100102453[]
0100102454[]
0100102455[]
0100102456[]
0100102457[]
0100102458[]
0100102459[]
0100102460[]
0100102461[]
0100102462[]
0100102463[]
0100102464[]
0100102465[]
0100102466[]
0100102467[]
0100102468[]
0100102469[]
0100102470[]
0100102471[]
0100102472[]
0100102473[]
0100102474[]
0100102475[]
0100102476[]
0100102477[]
0100102478[]
0100102479[]
0100102480[]
0100102481[]
0100102482[]
0100102483[]
0100102484[]
0100102485[]
0100102486[]
0100102487[]
0100102488[]
0100102489[]
0100102490[]
0100102491[]
0100102492[]
0100102493[]
0100102494[]
0100102495[]
0100102496[]
0100102497[]
0100102498[]
0100102499[]
0100102500[]
0100102501[]
0100102502[]
0100102503[]
0100102504[]
0100102505[]
0100102506[]
0100102507[]
0100102508[]
0100102509[]
0100102510[]
0100102511[]
0100102512[]
0100102513[]
0100102514[]
0100102515[]
0100102516[]
0100102517[]
0100102518[]
0100102519[]
0100102520[]
0100102521[]
0100102522[]
0100102523[]
0100102524[]
0100102525[]
0100102526[]
0100102527[]
0100102528[]
0100102529[]
0100102530[]
0100102531[]
0100102532[]
0100102533[]
0100102534[]
0100102535[]
0100102536[]
0100102537[]
0100102538[]
0100102539[]
0100102540[]
0100102541[]
0100102542[]
0100102543[]
0100102544[]
0100102545[]
0100102546[]
0100102547[]
0100102548[]
0100102549[]
0100102550[]
0100102551[]
0100102552[]
0100102553[]
0100102554[]
0100102555[]
0100102556[]
0100102557[]
0100102558[]
0100102559[]
0100102560[]
0100102561[]
0100102562[]
0100102563[]
0100102564[]
0100102565[]
0100102566[]
0100102567[]
0100102568[]
0100102569[]
0100102570[]
0100102571[]
0100102572[]
0100102573[]
0100102574[]
0100102575[]
0100102576[]
0100102577[]
0100102578[]
0100102579[]
0100102580[]
0100102581[]
0100102582[]
0100102583[]
0100102584[]
0100102585[]
0100102586[]
0100102587[]
0100102588[]
0100102589[]
0100102590[]
0100102591[]
0100102592[]
0100102593[]
0100102594[]
0100102595[]
0100102596[]
0100102597[]
0100102598[]
0100102599[]
0100102600[]
0100102601[]
0100102602[]
0100102603[]
0100102604[]
0100102605[]
0100102606[]
0100102607[]
0100102608[]
0100102609[]
0100102610[]
0100102611[]
0100102612[]
0100102613[]
0100102614[]
0100102615[]
0100102616[]
0100102617[]
0100102618[]
0100102619[]
0100102620[]
0100102621[]
0100102622[]
0100102623[]
0100102624[]
0100102625[]
0100102626[]
0100102627[]
0100102628[]
0100102629[]
0100102630[]
0100102631[]
0100102632[]
0100102633[]
0100102634[]
0100102635[]
0100102636[]
0100102637[]
0100102638[]
0100102639[]
0100102640[]
0100102641[]
0100102642[]
0100102643[]
0100102644[]
0100102645[]
0100102646[]
0100102647[]
0100102648[]
0100102649[]
0100102650[]
0100102651[]
0100102652[]
0100102653[]
0100102654[]
0100102655[]
0100102656[]
0100102657[]
0100102658[]
0100102659[]
0100102660[]
0100102661[]
0100102662[]
0100102663[]
0100102664[]
0100102665[]
0100102666[]
0100102667[]
0100102668[]
0100102669[]
0100102670[]
0100102671[]
0100102672[]
0100102673[]
0100102674[]
0100102675[]
0100102676[]
0100102677[]
0100102678[]
0100102679[]
0100102680[]
0100102681[]
0100102682[]
0100102683[]
0100102684[]
0100102685[]
0100102686[]
0100102687[]
0100102688[]
0100102689[]
0100102690[]
0100102691[]
0100102692[]
0100102693[]
0100102694[]
0100102695[]
0100102696[]
0100102697[]
0100102698[]
0100102699[]
0100102700[]
0100102701[]
0100102702[]
0100102703[]
0100102704[]
0100102705[]
0100102706[]
0100102707[]
0100102708[]
0100102709[]
0100102710[]
0100102711[]
0100102712[]
0100102713[]
0100102714[]
0100102715[]
0100102716[]
0100102717[]
0100102718[]
0100102719[]
0100102720[]
0100102721[]
0100102722[]
0100102723[]
0100102724[]
0100102725[]
0100102726[]
0100102727[]
0100102728[]
0100102729[]
0100102730[]
0100102731[]
0100102732[]
0100102733[]
0100102734[]
0100102735[]
0100102736[]
0100102737[]
0100102738[]
0100102739[]
0100102740[]
0100102741[]
0100102742[]
0100102743[]
0100102744[]
0100102745[]
0100102746[]
0100102747[]
0100102748[]
0100102749[]
0100102750[]
0100102751[]
0100102752[]
0100102753[]
0100102754[]
0100102755[]
0100102756[]
0100102757[]
0100102758[]
0100102759[]
0100102760[]
0100102761[]
0100102762[]
0100102763[]
0100102764[]
0100102765[]
0100102766[]
0100102767[]
0100102768[]
0100102769[]
0100102770[]
0100102771[]
0100102772[]
0100102773[]
0100102774[]
0100102775[]
0100102776[]
0100102777[]
0100102778[]
0100102779[]
0100102780[]
0100102781[]
0100102782[]
0100102783[]
0100102784[]
0100102785[]
0100102786[]
0100102787[]
0100102788[]
0100102789[]
0100102790[]
0100102791[]
0100102792[]
0100102793[]
0100102794[]
0100102795[]
0100102796[]
0100102797[]
0100102798[]
0100102799[]
0100102800[]
0100102801[]
0100102802[]
0100102803[]
0100102804[]
0100102805[]
0100102806[]
0100102807[]
0100102808[]
0100102809[]
0100102810[]
0100102811[]
0100102812[]
0100102813[]
0100102814[]
0100102815[]
0100102816[]
0100102817[]
0100102818[]
0100102819[]
0100102820[]
0100102821[]
0100102822[]
0100102823[]
0100102824[]
0100102825[]
0100102826[]
0100102827[]
0100102828[]
0100102829[]
0100102830[]
0100102831[]
0100102832[]
0100102833[]
0100102834[]
0100102835[]
0100102836[]
0100102837[]
0100102838[]
0100102839[]
0100102840[]
0100102841[]
0100102842[]
0100102843[]
0100102844[]
0100102845[]
0100102846[]
0100102847[]
0100102848[]
0100102849[]
0100102850[]
0100102851[]
0100102852[]
0100102853[]
0100102854[]
0100102855[]
0100102856[]
0100102857[]
0100102858[]
0100102859[]
0100102860[]
0100102861[]
0100102862[]
0100102863[]
0100102864[]
0100102865[]
0100102866[]
0100102867[]
0100102868[]
0100102869[]
0100102870[]
0100102871[]
0100102872[]
0100102873[]
0100102874[]
0100102875[]
0100102876[]
0100102877[]
0100102878[]
0100102879[]
0100102880[]
0100102881[]
0100102882[]
0100102883[]
0100102884[]
0100102885[]
0100102886[]
0100102887[]
0100102888[]
0100102889[]
0100102890[]
0100102891[]
0100102892[]
0100102893[]
0100102894[]
0100102895[]
0100102896[]
0100102897[]
0100102898[]
0100102899[]
0100102900[]
0100102901[]
0100102902[]
0100102903[]
0100102904[]
0100102905[]
0100102906[]
0100102907[]
0100102908[]
0100102909[]
0100102910[]
0100102911[]
0100102912[]
0100102913[]
0100102914[]
0100102915[]
0100102916[]
0100102917[]
0100102918[]
0100102919[]
0100102920[]
0100102921[]
0100102922[]
0100102923[]
0100102924[]
0100102925[]
0100102926[]
0100102927[]
0100102928[]
0100102929[]
0100102930[]
0100102931[]
0100102932[]
0100102933[]
0100102934[]
0100102935[]
0100102936[]
0100102937[]
0100102938[]
0100102939[]
0100102940[]
0100102941[]
0100102942[]
0100102943[]
0100102944[]
0100102945[]
0100102946[]
0100102947[]
0100102948[]
0100102949[]
0100102950[]
0100102951[]
0100102952[]
0100102953[]
0100102954[]
0100102955[]
0100102956[]
0100102957[]
0100102958[]
0100102959[]
0100102960[]
0100102961[]
0100102962[]
0100102963[]
0100102964[]
0100102965[]
0100102966[]
0100102967[]
0100102968[]
0100102969[]
