1400100001[]
1400100002[]
1400100003[]
1400100004[]
1400100005[]
1400100006[]
1400100007[]
1400100008[]
1400100009[]
1400100010[]
1400100011[]
1400100012[]
1400100013[]
1400100014[]
1400100015[]
1400100016[]
1400100017[]
1400100018[]
1400100019[]
1400100020[]
1400100021[]
1400100022[]
1400100023[]
1400100024[]
1400100025[]
1400100026[]
1400100027[]
1400100028[]
1400100029[]
1400100030[]
1400100031[]
1400100032[]
1400100033[]
1400100034[]
1400100035[]
1400100036[]
1400100037[]
1400100038[]
1400100039[]
1400100040[]
1400100041[]
1400100042[]
1400100043[]
1400100044[]
1400100045[]
1400100046[]
1400100047[]
1400100048[]
1400100049[]
1400100050[]
1400100051[]
1400100052[]
1400100053[]
1400100054[]
1400100055[]
1400100056[]
1400100057[]
1400100058[]
1400100059[]
1400100060[]
1400100061[]
1400100062[]
1400100063[]
1400100064[]
1400100065[]
1400100066[]
1400100067[]
1400100068[]
1400100069[]
1400100070[]
1400100071[]
1400100072[]
1400100073[]
1400100074[]
1400100075[]
1400100076[]
1400100077[]
1400100078[]
1400100079[]
1400100080[]
1400100081[]
1400100082[]
1400100083[]
1400100084[]
1400100085[]
1400100086[]
1400100087[]
1400100088[]
1400100089[]
1400100090[]
1400100091[]
1400100092[]
1400100093[]
1400100094[]
1400100095[]
1400100096[]
1400100097[]
1400100098[]
1400100099[]
1400100100[]
1400100101[]
1400100102[]
1400100103[]
1400100104[]
1400100105[]
1400100106[]
1400100107[]
1400100108[]
1400100109[]
1400100110[]
1400100111[]
1400100112[]
1400100113[]
1400100114[]
1400100115[]
1400100116[]
1400100117[]
1400100118[]
1400100119[]
1400100120[]
1400100121[]
1400100122[]
1400100123[]
1400100124[]
1400100125[]
1400100126[]
1400100127[]
1400100128[]
1400100129[]
1400100130[]
1400100131[]
1400100132[]
1400100133[]
1400100134[]
1400100135[]
1400100136[]
1400100137[]
1400100138[]
1400100139[]
1400100140[]
1400100141[]
1400100142[]
1400100143[]
1400100144[]
1400100145[]
1400100146[]
1400100147[]
1400100148[]
1400100149[]
1400100150[]
1400100151[]
1400100152[]
1400100153[]
1400100154[]
1400100155[]
1400100156[]
1400100157[]
1400100158[]
1400100159[]
1400100160[]
1400100161[]
1400100162[]
1400100163[]
1400100164[]
1400100165[]
1400100166[]
1400100167[]
1400100168[]
1400100169[]
1400100170[]
1400100171[]
1400100172[]
1400100173[]
1400100174[]
1400100175[]
1400100176[]
1400100177[]
1400100178[]
1400100179[]
1400100180[]
1400100181[]
1400100182[]
1400100183[]
1400100184[]
1400100185[]
1400100186[]
1400100187[]
1400100188[]
1400100189[]
1400100190[]
1400100191[]
1400100192[]
1400100193[]
1400100194[]
1400100195[]
1400100196[]
1400100197[]
1400100198[]
1400100199[]
1400100200[]
1400100201[]
1400100202[]
1400100203[]
1400100204[]
1400100205[]
1400100206[]
1400100207[]
1400100208[]
1400100209[]
1400100210[]
1400100211[]
1400100212[]
1400100213[]
1400100214[]
1400100215[]
1400100216[]
1400100217[]
1400100218[]
1400100219[]
1400100220[]
1400100221[]
1400100222[]
1400100223[]
1400100224[]
1400100225[]
1400100226[]
1400100227[]
1400100228[]
1400100229[]
1400100230[]
1400100231[]
1400100232[]
1400100233[]
1400100234[]
1400100235[]
1400100236[]
1400100237[]
1400100238[]
1400100239[]
1400100240[]
1400100241[]
1400100242[]
1400100243[]
1400100244[]
1400100245[]
1400100246[]
1400100247[]
1400100248[]
1400100249[]
1400100250[]
1400100251[]
1400100252[]
1400100253[]
1400100254[]
1400100255[]
1400100256[]
1400100257[]
1400100258[]
1400100259[]
1400100260[]
1400100261[]
1400100262[]
1400100263[]
1400100264[]
1400100265[]
1400100266[]
1400100267[]
1400100268[]
1400100269[]
1400100270[]
1400100271[]
1400100272[]
1400100273[]
1400100274[]
1400100275[]
1400100276[]
1400100277[]
1400100278[]
1400100279[]
1400100280[]
1400100281[]
1400100282[]
1400100283[]
1400100284[]
1400100285[]
1400100286[]
1400100287[]
1400100288[]
1400100289[]
1400100290[]
1400100291[]
1400100292[]
1400100293[]
1400100294[]
1400100295[]
1400100296[]
1400100297[]
1400100298[]
1400100299[]
1400100300[]
1400100301[]
1400100302[]
1400100303[]
1400100304[]
1400100305[]
1400100306[]
1400100307[]
1400100308[]
1400100309[]
1400100310[]
1400100311[]
1400100312[]
1400100313[]
1400100314[]
1400100315[]
1400100316[]
1400100317[]
1400100318[]
1400100319[]
1400100320[]
1400100321[]
1400100322[]
1400100323[]
1400100324[]
1400100325[]
1400100326[]
1400100327[]
1400100328[]
1400100329[]
1400100330[]
1400100331[]
1400100332[]
1400100333[]
1400100334[]
1400100335[]
1400100336[]
1400100337[]
1400100338[]
1400100339[]
1400100340[]
1400100341[]
1400100342[]
1400100343[]
1400100344[]
1400100345[]
1400100346[]
1400100347[]
1400100348[]
1400100349[]
1400100350[]
1400100351[]
1400100352[]
1400100353[]
1400100354[]
1400100355[]
1400100356[]
1400100357[]
1400100358[]
1400100359[]
1400100360[]
1400100361[]
1400100362[]
1400100363[]
1400100364[]
1400100365[]
1400100366[]
1400100367[]
1400100368[]
1400100369[]
1400100370[]
1400100371[]
1400100372[]
1400100373[]
1400100374[]
1400100375[]
1400100376[]
1400100377[]
1400100378[]
1400100379[]
1400100380[]
1400100381[]
1400100382[]
1400100383[]
1400100384[]
1400100385[]
1400100386[]
1400100387[]
1400100388[]
1400100389[]
1400100390[]
1400100391[]
1400100392[]
1400100393[]
1400100394[]
1400100395[]
1400100396[]
1400100397[]
1400100398[]
1400100399[]
1400100400[]
1400100401[]
1400100402[]
1400100403[]
1400100404[]
1400100405[]
1400100406[]
1400100407[]
1400100408[]
1400100409[]
1400100410[]
1400100411[]
1400100412[]
1400100413[]
1400100414[]
1400100415[]
1400100416[]
1400100417[]
1400100418[]
1400100419[]
1400100420[]
1400100421[]
1400100422[]
1400100423[]
1400100424[]
1400100425[]
1400100426[]
1400100427[]
1400100428[]
1400100429[]
1400100430[]
1400100431[]
1400100432[]
1400100433[]
1400100434[]
1400100435[]
1400100436[]
1400100437[]
1400100438[]
1400100439[]
1400100440[]
1400100441[]
1400100442[]
1400100443[]
1400100444[]
1400100445[]
1400100446[]
1400100447[]
1400100448[]
1400100449[]
1400100450[]
1400100451[]
1400100452[]
1400100453[]
1400100454[]
1400100455[]
1400100456[]
1400100457[]
1400100458[]
1400100459[]
1400100460[]
1400100461[]
1400100462[]
1400100463[]
1400100464[]
1400100465[]
1400100466[]
1400100467[]
1400100468[]
1400100469[]
1400100470[]
1400100471[]
1400100472[]
1400100473[]
1400100474[]
1400100475[]
1400100476[]
1400100477[]
1400100478[]
1400100479[]
1400100480[]
1400100481[]
1400100482[]
1400100483[]
1400100484[]
1400100485[]
1400100486[]
1400100487[]
1400100488[]
1400100489[]
1400100490[]
1400100491[]
1400100492[]
1400100493[]
1400100494[]
1400100495[]
1400100496[]
1400100497[]
1400100498[]
1400100499[]
1400100500[]
1400100501[]
1400100502[]
1400100503[]
1400100504[]
1400100505[]
1400100506[]
1400100507[]
1400100508[]
1400100509[]
1400100510[]
1400100511[]
1400100512[]
1400100513[]
1400100514[]
1400100515[]
1400100516[]
1400100517[]
1400100518[]
1400100519[]
1400100520[]
1400100521[]
1400100522[]
1400100523[]
1400100524[]
1400100525[]
1400100526[]
1400100527[]
1400100528[]
1400100529[]
1400100530[]
1400100531[]
1400100532[]
1400100533[]
1400100534[]
1400100535[]
1400100536[]
1400100537[]
1400100538[]
1400100539[]
1400100540[]
1400100541[]
1400100542[]
1400100543[]
1400100544[]
1400100545[]
1400100546[]
1400100547[]
1400100548[]
1400100549[]
1400100550[]
1400100551[]
1400100552[]
1400100553[]
1400100554[]
1400100555[]
1400100556[]
1400100557[]
1400100558[]
1400100559[]
1400100560[]
1400100561[]
1400100562[]
1400100563[]
1400100564[]
1400100565[]
1400100566[]
1400100567[]
1400100568[]
1400100569[]
1400100570[]
1400100571[]
1400100572[]
1400100573[]
1400100574[]
1400100575[]
1400100576[]
1400100577[]
1400100578[]
1400100579[]
1400100580[]
1400100581[]
1400100582[]
1400100583[]
1400100584[]
1400100585[]
1400100586[]
1400100587[]
1400100588[]
1400100589[]
1400100590[]
1400100591[]
1400100592[]
1400100593[]
1400100594[]
1400100595[]
1400100596[]
1400100597[]
1400100598[]
1400100599[]
1400100600[]
1400100601[]
1400100602[]
1400100603[]
1400100604[]
1400100605[]
1400100606[]
1400100607[]
1400100608[]
1400100609[]
1400100610[]
1400100611[]
1400100612[]
1400100613[]
1400100614[]
1400100615[]
1400100616[]
1400100617[]
1400100618[]
1400100619[]
1400100620[]
1400100621[]
1400100622[]
1400100623[]
1400100624[]
1400100625[]
1400100626[]
1400100627[]
1400100628[]
1400100629[]
1400100630[]
1400100631[]
1400100632[]
1400100633[]
1400100634[]
1400100635[]
1400100636[]
1400100637[]
1400100638[]
1400100639[]
1400100640[]
1400100641[]
1400100642[]
1400100643[]
1400100644[]
1400100645[]
1400100646[]
1400100647[]
1400100648[]
1400100649[]
1400100650[]
1400100651[]
1400100652[]
1400100653[]
1400100654[]
1400100655[]
1400100656[]
1400100657[]
1400100658[]
1400100659[]
1400100660[]
1400100661[]
1400100662[]
1400100663[]
1400100664[]
1400100665[]
1400100666[]
1400100667[]
1400100668[]
1400100669[]
1400100670[]
1400100671[]
1400100672[]
1400100673[]
1400100674[]
1400100675[]
1400100676[]
1400100677[]
1400100678[]
1400100679[]
1400100680[]
1400100681[]
1400100682[]
1400100683[]
1400100684[]
1400100685[]
1400100686[]
1400100687[]
1400100688[]
1400100689[]
1400100690[]
1400100691[]
1400100692[]
1400100693[]
1400100694[]
1400100695[]
1400100696[]
1400100697[]
1400100698[]
1400100699[]
1400100700[]
1400100701[]
1400100702[]
1400100703[]
1400100704[]
1400100705[]
1400100706[]
1400100707[]
1400100708[]
1400100709[]
1400100710[]
1400100711[]
1400100712[]
1400100713[]
1400100714[]
1400100715[]
1400100716[]
1400100717[]
1400100718[]
1400100719[]
1400100720[]
1400100721[]
1400100722[]
1400100723[]
1400100724[]
1400100725[]
1400100726[]
1400100727[]
1400100728[]
1400100729[]
1400100730[]
1400100731[]
1400100732[]
1400100733[]
1400100734[]
1400100735[]
1400100736[]
1400100737[]
1400100738[]
1400100739[]
1400100740[]
1400100741[]
1400100742[]
1400100743[]
1400100744[]
1400100745[]
1400100746[]
1400100747[]
1400100748[]
1400100749[]
1400100750[]
1400100751[]
1400100752[]
1400100753[]
1400100754[]
1400100755[]
1400100756[]
1400100757[]
1400100758[]
1400100759[]
1400100760[]
1400100761[]
1400100762[]
1400100763[]
1400100764[]
1400100765[]
1400100766[]
1400100767[]
1400100768[]
1400100769[]
1400100770[]
1400100771[]
1400100772[]
1400100773[]
1400100774[]
1400100775[]
1400100776[]
1400100777[]
1400100778[]
1400100779[]
1400100780[]
1400100781[]
1400100782[]
1400100783[]
1400100784[]
1400100785[]
1400100786[]
1400100787[]
1400100788[]
1400100789[]
1400100790[]
1400100791[]
1400100792[]
1400100793[]
1400100794[]
1400100795[]
1400100796[]
1400100797[]
1400100798[]
1400100799[]
1400100800[]
1400100801[]
1400100802[]
1400100803[]
1400100804[]
1400100805[]
1400100806[]
1400100807[]
1400100808[]
1400100809[]
1400100810[]
1400100811[]
1400100812[]
1400100813[]
1400100814[]
1400100815[]
1400100816[]
1400100817[]
1400100818[]
1400100819[]
1400100820[]
1400100821[]
1400100822[]
1400100823[]
1400100824[]
1400100825[]
1400100826[]
1400100827[]
1400100828[]
1400100829[]
1400100830[]
1400100831[]
1400100832[]
1400100833[]
1400100834[]
1400100835[]
1400100836[]
1400100837[]
1400100838[]
1400100839[]
1400100840[]
1400100841[]
1400100842[]
1400100843[]
1400100844[]
1400100845[]
1400100846[]
1400100847[]
1400100848[]
1400100849[]
1400100850[]
1400100851[]
1400100852[]
1400100853[]
1400100854[]
1400100855[]
1400100856[]
1400100857[]
1400100858[]
1400100859[]
1400100860[]
1400100861[]
1400100862[]
1400100863[]
1400100864[]
1400100865[]
1400100866[]
1400100867[]
1400100868[]
1400100869[]
1400100870[]
1400100871[]
1400100872[]
1400100873[]
1400100874[]
1400100875[]
1400100876[]
1400100877[]
1400100878[]
1400100879[]
1400100880[]
1400100881[]
1400100882[]
1400100883[]
1400100884[]
1400100885[]
1400100886[]
1400100887[]
1400100888[]
1400100889[]
1400100890[]
1400100891[]
1400100892[]
1400100893[]
1400100894[]
1400100895[]
1400100896[]
1400100897[]
1400100898[]
1400100899[]
1400100900[]
1400100901[]
1400100902[]
1400100903[]
1400100904[]
1400100905[]
1400100906[]
1400100907[]
1400100908[]
1400100909[]
1400100910[]
1400100911[]
1400100912[]
1400100913[]
1400100914[]
1400100915[]
1400100916[]
1400100917[]
1400100918[]
1400100919[]
1400100920[]
1400100921[]
1400100922[]
1400100923[]
1400100924[]
1400100925[]
1400100926[]
1400100927[]
1400100928[]
1400100929[]
1400100930[]
1400100931[]
1400100932[]
1400100933[]
1400100934[]
1400100935[]
1400100936[]
1400100937[]
1400100938[]
1400100939[]
1400100940[]
1400100941[]
1400100942[]
1400100943[]
1400100944[]
1400100945[]
1400100946[]
1400100947[]
1400100948[]
1400100949[]
1400100950[]
1400100951[]
1400100952[]
1400100953[]
1400100954[]
1400100955[]
1400100956[]
1400100957[]
1400100958[]
1400100959[]
1400100960[]
1400100961[]
1400100962[]
1400100963[]
1400100964[]
1400100965[]
1400100966[]
1400100967[]
1400100968[]
1400100969[]
1400100970[]
1400100971[]
1400100972[]
1400100973[]
1400100974[]
1400100975[]
1400100976[]
1400100977[]
1400100978[]
1400100979[]
1400100980[]
1400100981[]
1400100982[]
1400100983[]
1400100984[]
1400100985[]
1400100986[]
1400100987[]
1400100988[]
1400100989[]
1400100990[]
1400100991[]
1400100992[]
1400100993[]
1400100994[]
1400100995[]
1400100996[]
1400100997[]
1400100998[]
1400100999[]
1400101000[]
1400101001[]
1400101002[]
1400101003[]
1400101004[]
1400101005[]
1400101006[]
1400101007[]
1400101008[]
1400101009[]
1400101010[]
1400101011[]
1400101012[]
1400101013[]
1400101014[]
1400101015[]
1400101016[]
1400101017[]
1400101018[]
1400101019[]
1400101020[]
1400101021[]
1400101022[]
1400101023[]
1400101024[]
1400101025[]
1400101026[]
1400101027[]
1400101028[]
1400101029[]
1400101030[]
1400101031[]
1400101032[]
1400101033[]
1400101034[]
1400101035[]
1400101036[]
1400101037[]
1400101038[]
1400101039[]
1400101040[]
1400101041[]
1400101042[]
1400101043[]
1400101044[]
1400101045[]
1400101046[]
1400101047[]
1400101048[]
1400101049[]
1400101050[]
1400101051[]
1400101052[]
1400101053[]
1400101054[]
1400101055[]
1400101056[]
1400101057[]
1400101058[]
1400101059[]
1400101060[]
1400101061[]
1400101062[]
1400101063[]
1400101064[]
1400101065[]
1400101066[]
1400101067[]
1400101068[]
1400101069[]
1400101070[]
1400101071[]
1400101072[]
1400101073[]
1400101074[]
1400101075[]
1400101076[]
1400101077[]
1400101078[]
1400101079[]
1400101080[]
1400101081[]
1400101082[]
1400101083[]
1400101084[]
1400101085[]
1400101086[]
1400101087[]
1400101088[]
1400101089[]
1400101090[]
1400101091[]
1400101092[]
1400101093[]
1400101094[]
1400101095[]
1400101096[]
1400101097[]
1400101098[]
1400101099[]
1400101100[]
1400101101[]
1400101102[]
1400101103[]
1400101104[]
1400101105[]
1400101106[]
1400101107[]
1400101108[]
1400101109[]
1400101110[]
1400101111[]
1400101112[]
1400101113[]
1400101114[]
1400101115[]
1400101116[]
1400101117[]
1400101118[]
1400101119[]
1400101120[]
1400101121[]
1400101122[]
1400101123[]
1400101124[]
1400101125[]
1400101126[]
1400101127[]
1400101128[]
1400101129[]
1400101130[]
1400101131[]
1400101132[]
1400101133[]
1400101134[]
1400101135[]
1400101136[]
1400101137[]
1400101138[]
1400101139[]
1400101140[]
1400101141[]
1400101142[]
1400101143[]
1400101144[]
1400101145[]
1400101146[]
1400101147[]
1400101148[]
1400101149[]
1400101150[]
1400101151[]
1400101152[]
1400101153[]
1400101154[]
1400101155[]
1400101156[]
1400101157[]
1400101158[]
1400101159[]
1400101160[]
1400101161[]
1400101162[]
1400101163[]
1400101164[]
1400101165[]
1400101166[]
1400101167[]
1400101168[]
1400101169[]
1400101170[]
1400101171[]
1400101172[]
1400101173[]
1400101174[]
1400101175[]
1400101176[]
1400101177[]
1400101178[]
1400101179[]
1400101180[]
1400101181[]
1400101182[]
1400101183[]
1400101184[]
1400101185[]
1400101186[]
1400101187[]
1400101188[]
1400101189[]
1400101190[]
1400101191[]
1400101192[]
1400101193[]
1400101194[]
1400101195[]
1400101196[]
1400101197[]
1400101198[]
1400101199[]
1400101200[]
1400101201[]
1400101202[]
1400101203[]
1400101204[]
1400101205[]
1400101206[]
1400101207[]
1400101208[]
1400101209[]
1400101210[]
1400101211[]
1400101212[]
1400101213[]
1400101214[]
1400101215[]
1400101216[]
1400101217[]
1400101218[]
1400101219[]
1400101220[]
1400101221[]
1400101222[]
1400101223[]
1400101224[]
1400101225[]
1400101226[]
1400101227[]
1400101228[]
1400101229[]
1400101230[]
1400101231[]
1400101232[]
1400101233[]
1400101234[]
1400101235[]
1400101236[]
1400101237[]
1400101238[]
1400101239[]
1400101240[]
1400101241[]
1400101242[]
1400101243[]
1400101244[]
1400101245[]
1400101246[]
1400101247[]
1400101248[]
1400101249[]
1400101250[]
1400101251[]
1400101252[]
1400101253[]
1400101254[]
1400101255[]
1400101256[]
1400101257[]
1400101258[]
1400101259[]
1400101260[]
1400101261[]
1400101262[]
1400101263[]
1400101264[]
1400101265[]
1400101266[]
1400101267[]
1400101268[]
1400101269[]
1400101270[]
1400101271[]
1400101272[]
1400101273[]
1400101274[]
1400101275[]
1400101276[]
1400101277[]
1400101278[]
1400101279[]
1400101280[]
1400101281[]
1400101282[]
1400101283[]
1400101284[]
1400101285[]
1400101286[]
1400101287[]
1400101288[]
1400101289[]
1400101290[]
1400101291[]
1400101292[]
1400101293[]
1400101294[]
1400101295[]
1400101296[]
1400101297[]
1400101298[]
1400101299[]
1400101300[]
1400101301[]
1400101302[]
1400101303[]
1400101304[]
1400101305[]
1400101306[]
1400101307[]
1400101308[]
1400101309[]
1400101310[]
1400101311[]
1400101312[]
1400101313[]
1400101314[]
1400101315[]
1400101316[]
1400101317[]
1400101318[]
1400101319[]
1400101320[]
1400101321[]
1400101322[]
1400101323[]
1400101324[]
1400101325[]
1400101326[]
1400101327[]
1400101328[]
1400101329[]
1400101330[]
1400101331[]
1400101332[]
1400101333[]
1400101334[]
1400101335[]
1400101336[]
1400101337[]
1400101338[]
1400101339[]
1400101340[]
1400101341[]
1400101342[]
1400101343[]
1400101344[]
1400101345[]
1400101346[]
1400101347[]
1400101348[]
1400101349[]
1400101350[]
1400101351[]
1400101352[]
1400101353[]
1400101354[]
1400101355[]
1400101356[]
1400101357[]
1400101358[]
1400101359[]
1400101360[]
1400101361[]
1400101362[]
1400101363[]
1400101364[]
1400101365[]
1400101366[]
1400101367[]
1400101368[]
1400101369[]
1400101370[]
1400101371[]
1400101372[]
1400101373[]
1400101374[]
1400101375[]
1400101376[]
1400101377[]
1400101378[]
1400101379[]
1400101380[]
1400101381[]
1400101382[]
1400101383[]
1400101384[]
1400101385[]
1400101386[]
1400101387[]
1400101388[]
1400101389[]
1400101390[]
1400101391[]
1400101392[]
1400101393[]
1400101394[]
1400101395[]
1400101396[]
1400101397[]
1400101398[]
1400101399[]
1400101400[]
1400101401[]
1400101402[]
1400101403[]
1400101404[]
1400101405[]
1400101406[]
1400101407[]
1400101408[]
1400101409[]
1400101410[]
1400101411[]
1400101412[]
1400101413[]
1400101414[]
1400101415[]
1400101416[]
1400101417[]
1400101418[]
1400101419[]
1400101420[]
1400101421[]
1400101422[]
1400101423[]
1400101424[]
1400101425[]
1400101426[]
1400101427[]
1400101428[]
1400101429[]
1400101430[]
1400101431[]
1400101432[]
1400101433[]
1400101434[]
1400101435[]
1400101436[]
1400101437[]
1400101438[]
1400101439[]
1400101440[]
1400101441[]
1400101442[]
1400101443[]
1400101444[]
1400101445[]
1400101446[]
1400101447[]
1400101448[]
1400101449[]
1400101450[]
1400101451[]
1400101452[]
1400101453[]
1400101454[]
1400101455[]
1400101456[]
1400101457[]
1400101458[]
1400101459[]
1400101460[]
1400101461[]
1400101462[]
1400101463[]
1400101464[]
1400101465[]
1400101466[]
1400101467[]
1400101468[]
1400101469[]
1400101470[]
1400101471[]
1400101472[]
1400101473[]
1400101474[]
1400101475[]
1400101476[]
1400101477[]
1400101478[]
1400101479[]
1400101480[]
1400101481[]
1400101482[]
1400101483[]
1400101484[]
1400101485[]
1400101486[]
1400101487[]
1400101488[]
1400101489[]
1400101490[]
1400101491[]
1400101492[]
1400101493[]
1400101494[]
1400101495[]
1400101496[]
1400101497[]
1400101498[]
1400101499[]
1400101500[]
1400101501[]
1400101502[]
1400101503[]
1400101504[]
1400101505[]
1400101506[]
1400101507[]
1400101508[]
1400101509[]
1400101510[]
1400101511[]
1400101512[]
1400101513[]
1400101514[]
1400101515[]
1400101516[]
1400101517[]
1400101518[]
1400101519[]
1400101520[]
1400101521[]
1400101522[]
1400101523[]
1400101524[]
1400101525[]
1400101526[]
1400101527[]
1400101528[]
1400101529[]
1400101530[]
1400101531[]
1400101532[]
1400101533[]
1400101534[]
1400101535[]
1400101536[]
1400101537[]
1400101538[]
1400101539[]
1400101540[]
1400101541[]
1400101542[]
1400101543[]
1400101544[]
1400101545[]
1400101546[]
1400101547[]
1400101548[]
1400101549[]
1400101550[]
1400101551[]
1400101552[]
1400101553[]
1400101554[]
1400101555[]
1400101556[]
1400101557[]
1400101558[]
1400101559[]
1400101560[]
1400101561[]
1400101562[]
1400101563[]
1400101564[]
1400101565[]
1400101566[]
1400101567[]
1400101568[]
1400101569[]
1400101570[]
1400101571[]
1400101572[]
1400101573[]
1400101574[]
1400101575[]
1400101576[]
1400101577[]
1400101578[]
1400101579[]
1400101580[]
1400101581[]
1400101582[]
1400101583[]
1400101584[]
1400101585[]
1400101586[]
1400101587[]
1400101588[]
1400101589[]
1400101590[]
1400101591[]
1400101592[]
1400101593[]
1400101594[]
1400101595[]
1400101596[]
1400101597[]
1400101598[]
1400101599[]
1400101600[]
1400101601[]
1400101602[]
1400101603[]
1400101604[]
1400101605[]
1400101606[]
1400101607[]
1400101608[]
1400101609[]
1400101610[]
1400101611[]
1400101612[]
1400101613[]
1400101614[]
1400101615[]
1400101616[]
1400101617[]
1400101618[]
1400101619[]
1400101620[]
1400101621[]
1400101622[]
1400101623[]
1400101624[]
1400101625[]
1400101626[]
1400101627[]
1400101628[]
1400101629[]
1400101630[]
1400101631[]
1400101632[]
1400101633[]
1400101634[]
1400101635[]
1400101636[]
1400101637[]
1400101638[]
1400101639[]
1400101640[]
1400101641[]
1400101642[]
1400101643[]
1400101644[]
1400101645[]
1400101646[]
1400101647[]
1400101648[]
1400101649[]
1400101650[]
1400101651[]
1400101652[]
1400101653[]
1400101654[]
1400101655[]
1400101656[]
1400101657[]
1400101658[]
1400101659[]
1400101660[]
1400101661[]
1400101662[]
1400101663[]
1400101664[]
1400101665[]
1400101666[]
1400101667[]
1400101668[]
1400101669[]
1400101670[]
1400101671[]
1400101672[]
1400101673[]
1400101674[]
1400101675[]
1400101676[]
1400101677[]
1400101678[]
1400101679[]
1400101680[]
1400101681[]
1400101682[]
1400101683[]
1400101684[]
1400101685[]
1400101686[]
1400101687[]
1400101688[]
1400101689[]
1400101690[]
1400101691[]
1400101692[]
1400101693[]
1400101694[]
1400101695[]
1400101696[]
1400101697[]
1400101698[]
1400101699[]
1400101700[]
1400101701[]
1400101702[]
1400101703[]
1400101704[]
1400101705[]
1400101706[]
1400101707[]
1400101708[]
1400101709[]
1400101710[]
1400101711[]
1400101712[]
1400101713[]
1400101714[]
1400101715[]
1400101716[]
1400101717[]
1400101718[]
1400101719[]
1400101720[]
1400101721[]
1400101722[]
1400101723[]
1400101724[]
1400101725[]
1400101726[]
1400101727[]
1400101728[]
1400101729[]
1400101730[]
1400101731[]
1400101732[]
1400101733[]
1400101734[]
1400101735[]
1400101736[]
1400101737[]
1400101738[]
1400101739[]
1400101740[]
1400101741[]
1400101742[]
1400101743[]
1400101744[]
1400101745[]
1400101746[]
1400101747[]
1400101748[]
1400101749[]
1400101750[]
1400101751[]
1400101752[]
1400101753[]
1400101754[]
1400101755[]
1400101756[]
1400101757[]
1400101758[]
1400101759[]
1400101760[]
1400101761[]
1400101762[]
1400101763[]
1400101764[]
1400101765[]
1400101766[]
1400101767[]
1400101768[]
1400101769[]
1400101770[]
1400101771[]
1400101772[]
1400101773[]
1400101774[]
1400101775[]
1400101776[]
1400101777[]
1400101778[]
1400101779[]
1400101780[]
1400101781[]
1400101782[]
1400101783[]
1400101784[]
1400101785[]
1400101786[]
1400101787[]
1400101788[]
1400101789[]
1400101790[]
1400101791[]
1400101792[]
1400101793[]
1400101794[]
1400101795[]
1400101796[]
1400101797[]
1400101798[]
1400101799[]
1400101800[]
1400101801[]
1400101802[]
1400101803[]
1400101804[]
1400101805[]
1400101806[]
1400101807[]
1400101808[]
1400101809[]
1400101810[]
1400101811[]
1400101812[]
1400101813[]
1400101814[]
1400101815[]
1400101816[]
1400101817[]
1400101818[]
1400101819[]
1400101820[]
1400101821[]
1400101822[]
1400101823[]
1400101824[]
1400101825[]
1400101826[]
1400101827[]
1400101828[]
1400101829[]
1400101830[]
1400101831[]
1400101832[]
1400101833[]
1400101834[]
1400101835[]
1400101836[]
1400101837[]
1400101838[]
1400101839[]
1400101840[]
1400101841[]
1400101842[]
1400101843[]
1400101844[]
1400101845[]
1400101846[]
1400101847[]
1400101848[]
1400101849[]
1400101850[]
1400101851[]
1400101852[]
1400101853[]
1400101854[]
1400101855[]
1400101856[]
1400101857[]
1400101858[]
1400101859[]
1400101860[]
1400101861[]
1400101862[]
1400101863[]
1400101864[]
1400101865[]
1400101866[]
1400101867[]
1400101868[]
1400101869[]
1400101870[]
1400101871[]
1400101872[]
1400101873[]
1400101874[]
1400101875[]
1400101876[]
1400101877[]
1400101878[]
1400101879[]
1400101880[]
1400101881[]
1400101882[]
1400101883[]
1400101884[]
1400101885[]
1400101886[]
1400101887[]
1400101888[]
1400101889[]
1400101890[]
1400101891[]
1400101892[]
1400101893[]
1400101894[]
1400101895[]
1400101896[]
1400101897[]
1400101898[]
1400101899[]
1400101900[]
1400101901[]
1400101902[]
1400101903[]
1400101904[]
1400101905[]
1400101906[]
1400101907[]
1400101908[]
1400101909[]
1400101910[]
1400101911[]
1400101912[]
1400101913[]
1400101914[]
1400101915[]
1400101916[]
1400101917[]
1400101918[]
1400101919[]
1400101920[]
1400101921[]
1400101922[]
1400101923[]
1400101924[]
1400101925[]
1400101926[]
1400101927[]
1400101928[]
1400101929[]
1400101930[]
1400101931[]
1400101932[]
1400101933[]
1400101934[]
1400101935[]
1400101936[]
1400101937[]
1400101938[]
1400101939[]
1400101940[]
1400101941[]
1400101942[]
1400101943[]
1400101944[]
1400101945[]
1400101946[]
1400101947[]
1400101948[]
1400101949[]
1400101950[]
1400101951[]
1400101952[]
1400101953[]
1400101954[]
1400101955[]
1400101956[]
1400101957[]
1400101958[]
1400101959[]
1400101960[]
1400101961[]
1400101962[]
1400101963[]
1400101964[]
1400101965[]
1400101966[]
1400101967[]
1400101968[]
1400101969[]
1400101970[]
1400101971[]
1400101972[]
1400101973[]
1400101974[]
1400101975[]
1400101976[]
1400101977[]
1400101978[]
1400101979[]
1400101980[]
1400101981[]
1400101982[]
1400101983[]
1400101984[]
1400101985[]
1400101986[]
1400101987[]
1400101988[]
1400101989[]
1400101990[]
1400101991[]
1400101992[]
1400101993[]
1400101994[]
1400101995[]
1400101996[]
1400101997[]
1400101998[]
1400101999[]
1400102000[]
1400102001[]
1400102002[]
1400102003[]
1400102004[]
1400102005[]
1400102006[]
1400102007[]
1400102008[]
1400102009[]
1400102010[]
1400102011[]
1400102012[]
1400102013[]
1400102014[]
1400102015[]
1400102016[]
1400102017[]
1400102018[]
1400102019[]
1400102020[]
1400102021[]
1400102022[]
1400102023[]
1400102024[]
1400102025[]
1400102026[]
1400102027[]
1400102028[]
1400102029[]
1400102030[]
1400102031[]
1400102032[]
1400102033[]
1400102034[]
1400102035[]
1400102036[]
1400102037[]
1400102038[]
1400102039[]
1400102040[]
1400102041[]
1400102042[]
1400102043[]
1400102044[]
1400102045[]
1400102046[]
1400102047[]
1400102048[]
1400102049[]
1400102050[]
1400102051[]
1400102052[]
1400102053[]
1400102054[]
1400102055[]
1400102056[]
1400102057[]
1400102058[]
1400102059[]
1400102060[]
1400102061[]
1400102062[]
1400102063[]
1400102064[]
1400102065[]
1400102066[]
1400102067[]
1400102068[]
1400102069[]
1400102070[]
1400102071[]
1400102072[]
1400102073[]
1400102074[]
1400102075[]
1400102076[]
1400102077[]
1400102078[]
1400102079[]
1400102080[]
1400102081[]
1400102082[]
1400102083[]
1400102084[]
1400102085[]
1400102086[]
1400102087[]
1400102088[]
1400102089[]
1400102090[]
1400102091[]
1400102092[]
1400102093[]
1400102094[]
1400102095[]
1400102096[]
1400102097[]
1400102098[]
1400102099[]
1400102100[]
1400102101[]
1400102102[]
1400102103[]
1400102104[]
1400102105[]
1400102106[]
1400102107[]
1400102108[]
1400102109[]
1400102110[]
1400102111[]
1400102112[]
1400102113[]
1400102114[]
1400102115[]
1400102116[]
1400102117[]
1400102118[]
1400102119[]
1400102120[]
1400102121[]
1400102122[]
1400102123[]
1400102124[]
1400102125[]
1400102126[]
1400102127[]
1400102128[]
1400102129[]
1400102130[]
1400102131[]
1400102132[]
1400102133[]
1400102134[]
1400102135[]
1400102136[]
1400102137[]
1400102138[]
1400102139[]
1400102140[]
1400102141[]
1400102142[]
1400102143[]
1400102144[]
1400102145[]
1400102146[]
1400102147[]
1400102148[]
1400102149[]
1400102150[]
1400102151[]
1400102152[]
1400102153[]
1400102154[]
1400102155[]
1400102156[]
1400102157[]
1400102158[]
1400102159[]
1400102160[]
1400102161[]
1400102162[]
1400102163[]
1400102164[]
1400102165[]
1400102166[]
1400102167[]
1400102168[]
1400102169[]
1400102170[]
1400102171[]
1400102172[]
1400102173[]
1400102174[]
1400102175[]
1400102176[]
1400102177[]
1400102178[]
1400102179[]
1400102180[]
1400102181[]
1400102182[]
1400102183[]
1400102184[]
1400102185[]
1400102186[]
1400102187[]
1400102188[]
1400102189[]
1400102190[]
1400102191[]
1400102192[]
1400102193[]
1400102194[]
1400102195[]
1400102196[]
1400102197[]
1400102198[]
1400102199[]
1400102200[]
1400102201[]
1400102202[]
1400102203[]
1400102204[]
1400102205[]
1400102206[]
1400102207[]
1400102208[]
1400102209[]
1400102210[]
1400102211[]
1400102212[]
1400102213[]
1400102214[]
1400102215[]
1400102216[]
1400102217[]
1400102218[]
1400102219[]
1400102220[]
1400102221[]
1400102222[]
1400102223[]
1400102224[]
1400102225[]
1400102226[]
1400102227[]
1400102228[]
1400102229[]
1400102230[]
1400102231[]
1400102232[]
1400102233[]
1400102234[]
1400102235[]
1400102236[]
1400102237[]
1400102238[]
1400102239[]
1400102240[]
1400102241[]
1400102242[]
1400102243[]
1400102244[]
1400102245[]
1400102246[]
1400102247[]
1400102248[]
1400102249[]
1400102250[]
1400102251[]
1400102252[]
1400102253[]
1400102254[]
1400102255[]
1400102256[]
1400102257[]
1400102258[]
1400102259[]
1400102260[]
1400102261[]
1400102262[]
1400102263[]
1400102264[]
1400102265[]
1400102266[]
1400102267[]
1400102268[]
1400102269[]
1400102270[]
1400102271[]
1400102272[]
1400102273[]
1400102274[]
1400102275[]
1400102276[]
1400102277[]
1400102278[]
1400102279[]
1400102280[]
1400102281[]
1400102282[]
1400102283[]
1400102284[]
1400102285[]
1400102286[]
1400102287[]
1400102288[]
1400102289[]
1400102290[]
1400102291[]
1400102292[]
1400102293[]
1400102294[]
1400102295[]
1400102296[]
1400102297[]
1400102298[]
1400102299[]
1400102300[]
1400102301[]
1400102302[]
1400102303[]
1400102304[]
1400102305[]
1400102306[]
1400102307[]
1400102308[]
1400102309[]
1400102310[]
1400102311[]
1400102312[]
1400102313[]
1400102314[]
1400102315[]
1400102316[]
1400102317[]
1400102318[]
1400102319[]
1400102320[]
1400102321[]
1400102322[]
1400102323[]
1400102324[]
1400102325[]
1400102326[]
1400102327[]
1400102328[]
1400102329[]
1400102330[]
1400102331[]
1400102332[]
1400102333[]
1400102334[]
1400102335[]
1400102336[]
1400102337[]
1400102338[]
1400102339[]
1400102340[]
1400102341[]
1400102342[]
1400102343[]
1400102344[]
1400102345[]
1400102346[]
1400102347[]
1400102348[]
1400102349[]
1400102350[]
1400102351[]
1400102352[]
1400102353[]
1400102354[]
1400102355[]
1400102356[]
1400102357[]
1400102358[]
1400102359[]
1400102360[]
1400102361[]
1400102362[]
1400102363[]
1400102364[]
1400102365[]
1400102366[]
1400102367[]
1400102368[]
1400102369[]
1400102370[]
1400102371[]
1400102372[]
1400102373[]
1400102374[]
1400102375[264 43 17 30 8 0 1; ]
1400102376[]
1400102377[]
1400102378[]
1400102379[]
1400102380[]
1400102381[]
1400102382[]
1400102383[]
1400102384[]
1400102385[]
1400102386[]
1400102387[]
1400102388[]
1400102389[]
1400102390[]
1400102391[]
1400102392[]
1400102393[]
1400102394[]
1400102395[259 66 18 30 8 0 1; ]
1400102396[259 69 18 30 8 0 1; ]
1400102397[]
1400102398[]
1400102399[]
1400102400[]
1400102401[]
1400102402[]
1400102403[]
1400102404[]
1400102405[]
1400102406[]
1400102407[]
1400102408[]
1400102409[]
1400102410[]
1400102411[]
1400102412[]
1400102413[256 78 20 30 8 0 1; ]
1400102414[256 78 20 30 8 0 1; ]
1400102415[255 79 20 30 8 0 1; ]
1400102416[255 80 20 30 8 0 1; ]
1400102417[255 82 20 31 8 0 1; ]
1400102418[255 83 19 32 8 0 1; ]
1400102419[255 83 19 33 8 0 1; ]
1400102420[256 83 19 33 8 0 1; ]
1400102421[256 82 19 33 8 0 1; ]
1400102422[256 80 19 32 8 0 1; ]
1400102423[256 79 19 32 8 0 1; ]
1400102424[256 79 19 32 8 0 1; ]
1400102425[257 78 19 32 8 0 1; ]
1400102426[257 78 19 32 8 0 1; ]
1400102427[338 83 16 30 7 0 1; 258 78 19 32 8 0 1; ]
1400102428[338 83 16 30 7 0 1; 258 78 19 32 8 0 1; ]
1400102429[259 78 19 32 8 0 1; ]
1400102430[260 78 19 32 8 0 1; ]
1400102431[261 78 19 32 8 0 1; ]
1400102432[263 78 17 31 8 0 1; ]
1400102433[264 79 15 30 8 0 1; ]
1400102434[339 80 23 31 9 0 2; ]
1400102435[343 81 19 30 9 0 2; ]
1400102436[266 80 15 30 8 0 1; ]
1400102437[266 80 15 30 8 0 1; ]
1400102438[266 81 16 31 8 0 1; ]
1400102439[266 81 17 31 8 0 1; ]
1400102440[267 82 18 32 8 0 1; ]
1400102441[267 82 19 32 8 0 1; 348 84 21 30 9 0 2; ]
1400102442[267 83 19 32 8 0 1; 348 84 21 31 9 0 2; ]
1400102443[267 83 20 32 8 0 1; 349 84 21 31 9 0 2; ]
1400102444[268 83 20 32 8 0 1; 349 85 20 31 9 0 2; ]
1400102445[270 84 19 31 8 0 1; 350 85 20 31 9 0 2; ]
1400102446[273 84 19 30 8 0 1; 351 86 20 31 9 0 2; ]
1400102447[273 85 19 31 8 0 1; 351 86 20 31 9 0 2; ]
1400102448[273 86 20 31 8 0 1; 352 87 20 31 9 0 2; ]
1400102449[273 86 20 32 8 0 1; 353 87 20 31 9 0 2; ]
1400102450[273 87 21 32 8 0 1; 353 88 20 33 9 0 2; ]
1400102451[273 86 21 32 8 0 1; 353 88 21 34 9 0 2; ]
1400102452[273 85 21 33 8 0 1; 353 86 21 34 9 0 2; ]
1400102453[273 84 21 33 8 0 1; 354 84 21 34 9 0 2; ]
1400102454[273 82 21 33 8 0 1; 354 83 21 33 9 0 2; ]
1400102455[273 80 22 33 8 0 1; 354 82 22 33 9 0 2; ]
1400102456[274 78 22 33 8 0 1; 354 82 22 33 9 0 2; ]
1400102457[274 78 22 33 8 0 1; 354 82 23 33 9 0 2; ]
1400102458[275 78 21 33 8 0 1; 355 82 23 34 9 0 2; ]
1400102459[276 79 21 34 8 0 1; 355 83 25 34 9 0 2; ]
1400102460[277 81 20 34 8 0 1; 355 85 23 33 9 0 2; ]
1400102461[278 83 19 35 8 0 1; 355 87 22 31 9 0 2; ]
1400102462[278 84 20 35 8 0 1; 355 86 22 32 9 0 2; ]
1400102463[277 85 20 35 8 0 1; 356 86 22 33 9 0 2; ]
1400102464[277 86 21 36 8 0 1; 356 86 22 34 9 0 2; ]
1400102465[277 86 21 36 8 0 1; 356 86 22 35 9 0 2; ]
1400102466[277 86 21 36 8 0 1; 356 86 21 35 9 0 2; ]
1400102467[277 86 21 36 8 0 1; 355 86 21 35 9 0 2; ]
1400102468[277 86 21 36 8 0 1; 355 86 21 35 9 0 2; ]
1400102469[277 85 20 36 8 0 1; 355 86 21 35 9 0 2; ]
1400102470[278 84 19 36 8 0 1; 355 87 21 35 9 0 2; ]
1400102471[278 86 20 36 8 0 1; 354 88 21 34 9 0 2; ]
1400102472[277 88 20 35 8 0 1; 354 89 21 34 9 0 2; ]
1400102473[277 88 20 35 8 0 1; 354 89 21 34 9 0 2; ]
1400102474[277 89 20 35 8 0 1; 354 89 21 34 9 0 2; ]
1400102475[277 89 20 36 8 0 1; 354 90 20 35 9 0 2; ]
1400102476[278 89 19 36 8 0 1; 353 90 20 35 9 0 2; ]
1400102477[277 89 20 37 8 0 1; 353 90 20 35 9 0 2; ]
1400102478[277 88 21 38 8 0 1; 353 90 21 36 9 0 2; ]
1400102479[277 88 21 38 8 0 1; 353 90 22 36 9 0 2; 162 74 17 37 13 1 1; ]
1400102480[277 89 20 38 8 0 1; 352 90 22 36 9 0 2; 160 76 17 37 13 1 1; ]
1400102481[278 89 19 37 8 0 1; 352 91 22 36 9 0 2; 159 77 18 37 13 1 1; ]
1400102482[279 90 18 37 8 0 1; 352 92 22 36 9 0 2; 158 77 18 38 13 1 1; ]
1400102483[280 91 18 36 8 0 1; 351 92 22 36 9 0 2; 156 78 18 38 13 1 1; ]
1400102484[280 91 18 36 8 0 1; 351 93 22 36 9 0 2; 155 78 18 38 13 1 1; ]
1400102485[280 92 18 37 8 0 1; 351 94 22 35 9 0 2; 154 78 18 38 13 1 1; ]
1400102486[279 92 18 37 8 0 1; 350 94 22 35 9 0 2; 153 78 18 38 13 1 1; ]
1400102487[279 92 19 37 8 0 1; 350 94 22 36 9 0 2; 152 78 18 38 13 1 1; ]
1400102488[279 93 19 37 8 0 1; 350 93 22 37 9 0 2; 152 78 18 38 13 1 1; ]
1400102489[278 93 20 37 8 0 1; 349 92 22 38 9 0 2; 151 79 18 38 13 1 1; ]
1400102490[277 93 21 37 8 0 1; 349 93 22 38 9 0 2; 150 80 18 38 13 0 1; ]
1400102491[277 93 22 37 8 0 1; 349 94 22 38 9 0 2; 149 80 18 38 13 0 1; ]
1400102492[277 93 22 38 8 0 1; 348 95 22 38 9 0 2; 149 80 17 38 13 0 1; ]
1400102493[278 93 21 39 8 0 1; 347 95 24 38 9 0 2; 148 81 17 39 13 0 1; ]
1400102494[279 94 20 39 8 0 1; 346 96 25 38 9 0 2; 148 81 16 39 13 0 1; ]
1400102495[279 94 20 40 8 0 1; 346 96 25 38 9 0 2; 147 81 17 40 13 0 1; ]
1400102496[280 94 19 40 8 0 1; 347 96 24 39 9 0 2; 145 82 17 41 13 0 1; ]
1400102497[280 94 19 41 8 0 1; 347 97 23 38 9 0 2; 144 83 18 41 13 0 1; ]
1400102498[280 94 19 41 8 0 1; 346 99 23 37 9 0 2; 143 83 18 41 13 0 1; ]
1400102499[280 94 19 41 8 0 1; 346 99 23 38 9 0 2; 142 84 18 41 13 0 1; ]
1400102500[280 94 19 42 8 0 1; 346 98 23 38 9 0 2; 141 85 19 40 13 0 1; ]
1400102501[280 94 20 43 8 0 1; 345 98 23 39 9 0 2; 140 86 19 40 13 0 1; ]
1400102502[279 95 21 44 8 0 1; 345 98 23 39 9 0 2; 140 85 19 40 13 0 1; ]
1400102503[279 95 22 44 8 0 1; 345 97 23 39 9 0 2; 139 84 18 40 13 0 1; ]
1400102504[279 94 22 44 8 0 1; 344 96 23 39 9 0 2; 139 83 18 40 13 0 1; ]
1400102505[279 94 21 42 8 0 1; 344 94 23 39 9 0 2; 139 82 18 40 13 0 1; ]
1400102506[279 93 21 39 8 0 1; 344 93 24 39 9 0 2; 138 81 18 40 13 0 1; ]
1400102507[280 91 21 40 8 0 1; 343 92 24 40 9 0 2; 137 81 18 40 13 0 1; ]
1400102508[282 90 21 41 8 0 1; 343 92 24 40 9 0 2; 135 81 19 40 13 0 1; ]
1400102509[282 90 21 42 8 0 1; 343 91 24 41 9 0 2; 133 81 20 39 13 0 1; ]
1400102510[283 90 21 43 8 0 1; 343 93 24 40 9 0 2; 133 81 20 43 13 0 1; ]
1400102511[283 92 22 43 8 0 1; 343 94 24 40 9 0 2; 133 81 20 44 13 0 1; ]
1400102512[283 95 23 44 8 0 1; 343 96 24 42 9 0 2; 133 83 20 44 13 0 1; ]
1400102513[283 96 24 44 8 0 1; 344 97 25 44 9 0 2; 133 88 20 42 13 0 1; ]
1400102514[283 96 24 44 8 0 1; 344 97 25 44 9 0 2; 132 90 20 42 13 0 1; ]
1400102515[284 96 24 44 8 0 1; 344 96 25 44 9 0 2; 132 90 19 42 13 0 1; ]
1400102516[284 96 24 44 8 0 1; 344 95 25 44 9 0 2; 132 89 19 42 13 0 1; ]
1400102517[285 95 24 44 8 0 1; 344 94 26 44 9 0 2; 132 83 19 47 13 0 1; ]
1400102518[286 92 23 46 8 0 1; 345 92 25 44 9 0 2; 132 80 19 47 13 0 1; ]
1400102519[288 89 23 48 8 0 1; 345 91 25 43 9 0 2; 131 79 19 47 13 0 1; ]
1400102520[290 87 23 47 8 0 1; 346 89 25 43 9 0 2; 131 78 19 47 13 0 1; ]
1400102521[292 87 22 47 8 0 1; 346 88 25 43 9 0 2; 131 78 19 47 13 0 1; ]
1400102522[292 90 23 46 8 0 1; 346 89 25 43 9 0 2; 131 79 19 46 13 0 1; ]
1400102523[292 93 23 46 8 0 1; 346 91 26 44 9 0 2; 130 82 19 45 13 0 1; ]
1400102524[293 95 24 45 8 0 1; 346 93 27 45 9 0 2; 130 87 19 43 13 0 1; ]
1400102525[293 96 24 45 8 0 1; 346 94 27 45 9 0 2; 130 86 19 44 13 0 1; ]
1400102526[294 95 24 45 8 0 1; 347 95 27 46 9 0 2; 130 86 19 46 13 0 1; ]
1400102527[295 95 24 45 8 0 1; 347 95 27 46 9 0 2; 129 85 20 46 13 0 1; ]
1400102528[295 95 25 45 8 0 1; 348 96 27 46 9 0 2; 129 85 20 47 13 0 1; ]
1400102529[296 95 25 45 8 0 1; 348 95 27 46 9 0 2; 129 84 20 46 13 0 1; ]
1400102530[297 94 25 45 8 0 1; 349 94 27 46 9 0 2; 128 84 20 46 13 0 1; ]
1400102531[298 93 25 45 8 0 1; 349 93 28 46 9 0 2; 128 83 21 46 13 0 1; ]
1400102532[300 92 25 46 8 0 1; 350 92 29 46 9 0 2; 127 83 21 46 13 0 1; ]
1400102533[303 90 24 47 8 0 1; 350 91 29 46 9 0 2; 127 83 21 47 13 0 1; 271 91 15 30 15 0 1; ]
1400102534[306 89 22 48 8 0 1; 350 91 29 47 9 0 2; 127 83 22 49 13 0 1; ]
1400102535[306 89 23 50 8 0 1; 351 91 29 48 9 0 2; 126 83 22 50 13 0 1; ]
1400102536[306 90 25 52 8 0 1; 351 91 30 48 9 0 2; 126 83 22 50 13 0 1; ]
1400102537[307 89 25 52 8 0 1; 352 91 30 48 9 0 2; 126 83 22 50 13 0 1; ]
1400102538[308 89 25 52 8 0 1; 352 91 30 48 9 0 2; 125 83 23 50 13 0 1; ]
1400102539[309 88 26 53 8 0 1; 353 91 30 48 9 0 2; 125 83 23 50 13 0 1; ]
1400102540[310 87 26 53 8 0 1; 354 90 31 48 9 0 2; 125 81 23 50 13 0 1; ]
1400102541[312 86 26 54 8 0 1; 354 89 31 48 9 0 2; 125 79 23 51 13 0 1; ]
1400102542[313 85 26 55 8 0 1; 355 88 32 48 9 0 2; 125 78 23 51 13 0 1; ]
1400102543[314 83 26 55 8 0 1; 356 88 32 48 9 0 2; 125 79 23 51 13 0 1; ]
1400102544[315 83 26 56 8 0 1; 357 89 32 47 9 0 2; 125 79 23 51 13 0 1; ]
1400102545[317 83 26 56 8 0 1; 357 89 32 47 9 0 2; 125 80 23 51 13 0 1; ]
1400102546[318 83 26 56 8 0 1; 357 90 32 47 9 0 2; 125 81 23 51 13 0 1; ]
1400102547[320 83 26 56 8 0 1; 357 88 33 48 9 0 2; 125 81 23 51 13 0 1; ]
1400102548[321 84 25 55 8 0 1; 356 87 35 50 9 0 2; 124 82 24 52 13 0 1; ]
1400102549[323 85 25 55 8 0 1; 356 87 35 51 9 0 2; 124 82 24 53 13 0 1; ]
1400102550[324 86 24 55 8 0 1; 357 88 36 51 9 0 2; 124 82 24 55 13 0 1; ]
1400102551[326 88 24 55 8 0 1; 357 88 36 52 9 0 2; 123 83 25 55 13 0 1; ]
1400102552[327 89 24 55 8 0 1; 358 89 36 51 9 0 2; 124 83 24 56 13 0 1; ]
1400102553[328 89 25 55 8 0 1; 358 90 37 50 9 0 2; 124 83 24 56 13 0 1; ]
1400102554[329 90 25 55 8 0 1; 359 91 38 48 9 0 2; 125 83 23 56 13 0 1; ]
1400102555[330 90 26 56 8 0 1; 359 91 39 49 9 0 2; 125 84 23 57 13 0 1; ]
1400102556[331 91 27 56 8 0 1; 359 92 40 50 9 0 2; 125 84 22 57 13 0 1; ]
1400102557[332 91 27 56 8 0 1; 359 92 41 51 9 0 2; 125 84 22 57 13 0 1; ]
1400102558[334 91 28 56 8 0 1; 360 92 41 52 9 0 2; 124 85 22 57 13 0 1; ]
1400102559[335 92 29 57 8 0 1; 360 93 42 53 9 0 2; 124 85 22 58 13 0 1; ]
1400102560[336 92 29 57 8 0 1; 361 93 42 54 9 0 2; 124 86 22 58 13 0 1; ]
1400102561[337 92 30 57 8 0 1; 361 93 42 55 9 0 2; 123 86 22 58 13 0 1; ]
1400102562[338 92 31 58 8 0 1; 362 93 42 55 9 0 2; 123 86 22 58 13 0 1; ]
1400102563[339 93 32 58 8 0 1; 363 92 42 55 9 0 2; 123 87 22 58 13 0 1; ]
1400102564[340 93 33 59 8 0 1; 364 92 42 56 9 0 2; 122 87 22 59 13 0 1; ]
1400102565[341 93 34 59 8 0 1; 371 94 36 56 9 0 2; 122 88 22 59 13 0 1; ]
1400102566[342 93 35 60 8 0 1; 372 94 36 56 9 0 2; 121 88 22 59 13 0 1; ]
1400102567[344 94 34 60 8 0 1; 373 95 37 56 9 0 2; 120 88 23 59 13 0 1; ]
1400102568[346 95 33 61 8 0 1; 373 96 37 57 9 0 2; 120 89 23 59 13 0 1; ]
1400102569[349 96 32 61 8 0 1; 374 97 38 58 9 0 2; 119 89 23 60 13 0 1; ]
1400102570[352 96 30 62 8 0 1; 375 99 37 58 9 0 2; 118 89 23 60 13 0 1; ]
1400102571[357 97 27 62 8 0 1; 375 99 38 58 9 0 2; 117 89 23 60 13 0 1; ]
1400102572[357 96 58 65 9 0 2; 116 89 23 61 13 0 1; ]
1400102573[357 94 57 66 9 0 2; 116 89 24 61 13 0 1; ]
1400102574[359 93 57 68 9 0 2; 115 88 24 61 13 0 1; ]
1400102575[361 93 56 68 9 0 2; 114 88 24 62 13 0 1; ]
1400102576[363 92 55 69 9 0 2; 113 88 24 62 13 0 1; ]
1400102577[363 94 56 67 9 0 2; 112 88 24 62 13 0 1; ]
1400102578[364 96 56 66 9 0 2; 112 88 24 63 13 0 1; ]
1400102579[364 96 56 66 9 0 2; 111 88 24 63 13 0 1; ]
1400102580[364 96 57 66 9 0 2; 110 88 24 63 13 0 1; ]
1400102581[365 96 57 67 9 0 2; 109 88 24 64 13 0 1; ]
1400102582[365 95 58 68 9 0 2; 108 88 24 64 13 0 1; ]
1400102583[365 94 60 70 9 0 2; 107 88 25 64 13 0 1; ]
1400102584[365 94 61 69 9 0 2; 107 87 25 65 13 0 1; ]
1400102585[381 92 45 70 9 0 2; 105 85 25 65 13 0 1; 365 95 18 48 14 1 1; ]
1400102586[381 89 46 72 9 0 2; 103 84 25 65 13 0 1; 365 93 18 49 14 1 1; ]
1400102587[382 86 46 74 9 0 2; 102 82 26 65 13 0 1; 365 92 18 49 14 1 1; ]
1400102588[382 85 47 75 9 0 2; 100 81 26 65 13 0 1; 365 91 18 49 14 1 1; ]
1400102589[383 84 47 75 9 0 2; 99 80 26 65 13 0 1; 365 90 18 49 14 1 1; ]
1400102590[384 84 47 76 9 0 2; 97 79 27 65 13 0 1; 365 90 18 49 14 1 1; ]
1400102591[385 83 47 76 9 0 2; 96 79 27 65 13 0 1; 366 89 18 49 14 0 1; ]
1400102592[386 83 46 76 9 0 2; 95 79 27 66 13 0 1; 366 89 18 48 14 0 1; ]
1400102593[389 83 45 75 9 0 2; 93 80 27 66 13 0 1; 366 89 19 48 14 0 1; ]
1400102594[391 84 44 74 9 0 2; 92 80 27 67 13 0 1; 366 89 19 48 14 0 1; ]
1400102595[392 84 43 74 9 0 2; 90 80 27 67 13 0 1; 366 90 19 49 14 0 1; ]
1400102596[392 84 44 74 9 0 2; 89 81 28 68 13 0 1; 366 91 19 49 14 0 1; ]
1400102597[392 85 44 74 9 0 2; 88 82 28 69 13 0 1; 366 92 19 49 14 0 1; ]
1400102598[392 86 45 74 9 0 2; 87 83 28 69 13 0 1; 366 93 19 49 14 0 1; ]
1400102599[393 86 46 75 9 0 2; 85 85 28 70 13 0 1; 366 94 18 49 14 0 1; ]
1400102600[393 86 47 77 9 0 2; 85 85 27 71 13 0 1; 366 95 17 48 14 0 1; ]
1400102601[393 87 48 78 9 0 2; 85 86 26 72 13 0 1; 367 95 17 49 14 0 1; ]
1400102602[394 87 49 78 9 0 2; 85 86 26 72 13 0 1; 367 96 18 51 14 0 1; ]
1400102603[394 89 49 79 9 0 2; 85 86 26 73 13 0 1; 367 97 18 52 14 0 1; ]
1400102604[394 90 49 79 9 0 2; 84 87 27 73 13 0 1; 367 97 18 53 14 0 1; ]
1400102605[395 91 50 80 9 0 2; 82 87 30 74 13 0 1; 367 98 18 53 14 0 1; ]
1400102606[396 91 51 81 9 0 2; 79 87 32 75 13 0 1; 367 98 18 54 14 0 1; ]
1400102607[397 91 52 81 9 0 2; 77 87 33 75 13 0 1; 367 98 19 55 14 0 1; ]
1400102608[399 91 53 82 9 0 2; 75 88 33 76 13 0 1; 367 99 19 55 14 0 1; ]
1400102609[399 91 54 82 9 0 2; 74 88 33 76 13 0 1; 367 99 19 55 14 0 1; ]
1400102610[399 91 56 83 9 0 2; 73 88 33 77 13 0 1; 368 99 19 55 14 0 1; 296 106 14 30 15 0 1; ]
1400102611[399 91 57 85 9 0 2; 72 88 32 77 13 0 1; 368 100 19 55 14 0 1; 296 106 14 30 15 0 1; ]
1400102612[399 91 59 86 9 0 2; 71 88 32 78 13 0 1; 368 100 19 55 14 0 1; 296 106 15 30 15 0 1; ]
1400102613[398 91 61 87 9 0 2; 70 88 31 78 13 0 1; 368 100 19 56 14 0 1; 296 106 15 31 15 0 1; ]
1400102614[403 95 33 81 10 1 1; 424 91 38 87 11 0 1; 69 88 29 78 13 0 1; 368 100 19 56 14 0 1; 296 107 16 32 15 0 1; ]
1400102615[404 95 33 82 10 1 1; 427 90 37 88 11 0 1; 68 87 29 79 13 0 1; 369 100 19 56 14 0 1; 297 107 17 33 15 0 1; ]
1400102616[405 95 34 83 10 1 1; 430 89 37 89 11 0 1; 66 86 29 80 13 0 1; 369 100 19 56 14 0 1; 297 108 16 31 15 0 1; ]
1400102617[406 95 34 84 10 1 1; 432 89 37 90 11 0 1; 65 86 30 80 13 0 1; 369 100 20 56 14 0 1; 297 109 16 30 15 0 1; ]
1400102618[408 95 34 85 10 1 1; 434 89 37 90 11 0 1; 63 86 30 81 13 0 1; 369 100 20 56 14 0 1; 297 109 16 30 15 0 1; ]
1400102619[409 95 35 86 10 1 1; 436 90 37 90 11 0 1; 61 86 30 81 13 0 1; 369 100 20 56 14 0 1; 296 109 16 30 15 0 1; ]
1400102620[411 95 35 87 10 1 1; 438 91 38 89 11 0 1; 60 87 30 81 13 0 1; 369 100 21 56 14 0 1; 296 109 18 31 15 0 1; ]
1400102621[412 95 35 88 10 1 1; 440 91 39 89 11 0 1; 58 88 30 82 13 0 1; 369 100 22 56 14 0 1; 297 111 16 31 15 0 1; ]
1400102622[414 95 36 89 10 1 1; 442 92 40 90 11 0 1; 57 89 31 83 13 0 1; 370 100 23 60 14 0 1; 298 112 15 30 15 0 1; ]
1400102623[416 95 36 91 10 1 1; 444 92 42 90 11 0 1; 55 89 31 84 13 0 1; 370 101 23 59 14 0 1; 299 112 15 30 15 0 1; ]
1400102624[418 95 36 92 10 1 1; 446 92 44 92 11 0 1; 54 90 31 86 13 0 1; 370 101 23 59 14 0 1; 300 113 15 30 15 0 1; 91 98 16 39 17 1 1; ]
1400102625[419 95 36 93 10 1 1; 448 92 44 93 11 0 1; 52 90 32 87 13 0 1; 371 102 23 58 14 0 1; 301 113 15 30 15 0 1; 90 98 16 40 17 1 1; ]
1400102626[421 95 36 93 10 1 1; 451 92 44 94 11 0 1; 50 90 32 87 13 0 1; 372 103 23 58 14 0 1; 302 113 15 30 15 0 1; 89 98 17 41 17 1 1; ]
1400102627[424 94 37 93 10 1 1; 455 90 44 96 11 0 1; 49 89 33 86 13 0 1; 372 103 23 57 14 0 1; 302 113 16 30 15 0 1; 89 98 18 41 17 1 1; ]
1400102628[426 94 37 93 10 1 1; 460 88 44 98 11 0 1; 47 89 33 86 13 0 1; 373 103 23 57 14 0 1; 303 112 16 30 15 0 1; 88 97 18 41 17 1 1; ]
1400102629[428 93 37 93 10 1 1; 465 85 43 100 11 0 1; 46 88 34 86 13 0 1; 374 102 23 58 14 0 1; 303 110 17 30 15 0 1; 88 96 19 41 17 1 1; ]
1400102630[430 90 37 95 10 1 1; 44 85 34 87 13 0 1; 376 100 22 59 14 0 1; 303 109 17 31 15 0 1; 88 96 19 40 17 1 1; ]
1400102631[433 88 38 96 10 1 1; 42 83 34 89 13 0 1; 376 98 23 59 14 0 1; 232 104 18 30 16 0 2; 88 95 19 40 17 1 1; ]
1400102632[435 87 39 97 10 1 1; 40 81 34 90 13 0 1; 377 96 23 59 14 0 1; 305 108 18 30 15 0 1; 230 103 17 30 16 0 2; 88 94 19 41 17 1 1; ]
1400102633[438 87 39 99 10 1 1; 38 81 34 91 13 0 1; 377 95 24 59 14 0 1; 306 105 18 32 15 0 1; 88 93 20 43 17 1 1; ]
1400102634[440 87 40 100 10 1 1; 37 81 34 93 13 0 1; 378 95 24 60 14 0 1; 308 105 17 32 15 0 1; 88 92 20 44 17 1 1; ]
1400102635[443 89 41 101 10 1 1; 35 82 35 95 13 0 1; 379 95 25 60 14 0 1; 310 106 17 32 15 0 1; 88 92 20 45 17 1 1; ]
1400102636[446 91 41 102 10 1 1; 32 84 35 96 13 0 1; 379 97 25 61 14 0 1; 311 109 16 32 15 0 1; 88 94 20 44 17 1 1; ]
1400102637[449 93 42 104 10 1 1; 30 85 35 98 13 0 1; 380 98 26 62 14 0 1; 311 111 15 32 15 0 1; 88 98 20 42 17 1 1; ]
1400102638[452 94 43 105 10 0 1; 29 87 36 99 13 0 1; 380 100 26 63 14 0 1; 312 113 14 31 15 0 1; 88 103 20 40 17 1 1; ]
1400102639[455 96 44 108 10 0 1; 27 89 37 100 13 0 1; 381 103 27 64 14 0 1; 313 116 14 31 15 0 1; 88 104 20 39 17 1 1; ]
1400102640[458 97 45 110 10 0 1; 25 91 39 101 13 0 1; 382 107 27 64 14 0 1; 314 118 15 30 15 0 1; 88 104 20 41 17 1 1; ]
1400102641[462 97 45 111 10 0 1; 23 92 40 101 13 0 1; 382 109 28 64 14 0 1; 315 119 16 30 15 0 1; 88 104 19 44 17 1 1; ]
1400102642[20 92 41 102 13 0 1; 383 109 28 65 14 0 1; 315 120 16 30 15 0 1; 88 104 19 47 17 1 1; ]
1400102643[18 90 43 102 13 0 1; 383 106 29 66 14 0 1; 316 120 16 30 15 0 1; 88 104 19 48 17 1 1; ]
1400102644[14 88 44 102 13 0 1; 384 103 30 67 14 0 1; 85 103 22 46 17 1 1; ]
1400102645[13 84 44 103 13 0 1; 385 100 30 67 14 0 1; 84 100 23 47 17 1 1; ]
1400102646[11 80 44 104 13 0 1; 386 97 30 67 14 0 1; 84 97 22 47 17 1 1; ]
1400102647[9 77 43 106 13 0 1; 387 94 29 68 14 0 1; 84 94 22 47 17 1 1; ]
1400102648[7 75 43 107 13 0 1; 388 91 28 68 14 0 1; 84 92 22 46 17 0 1; ]
1400102649[5 73 43 108 13 0 1; 390 88 28 68 14 0 1; 83 90 22 46 17 0 1; ]
1400102650[3 72 43 109 13 0 1; 391 87 27 69 14 0 1; 324 100 16 30 15 0 1; 83 88 22 48 17 0 1; ]
1400102651[1 71 43 110 13 0 1; 392 88 28 69 14 0 1; 325 101 16 30 15 0 1; 83 87 22 50 17 0 1; ]
1400102652[394 89 28 69 14 0 1; 326 102 16 30 15 1 1; 83 88 22 50 17 0 1; ]
1400102653[395 90 28 70 14 0 1; 327 104 16 31 15 1 1; 83 90 22 49 17 0 1; ]
1400102654[396 91 28 70 14 0 1; 83 93 22 48 17 0 1; ]
1400102655[397 91 29 71 14 0 1; 182 104 19 30 16 0 2; 83 93 22 48 17 0 1; ]
1400102656[398 91 29 73 14 0 1; 180 104 19 30 16 0 2; 83 93 23 48 17 0 1; ]
1400102657[398 91 30 75 14 0 1; 179 104 19 30 16 0 2; 83 93 23 47 17 0 1; 328 105 14 30 26 0 0; ]
1400102658[400 91 30 75 14 0 1; 83 93 24 47 17 0 1; 329 105 13 30 26 0 0; ]
1400102659[401 91 30 75 14 0 1; 83 93 24 47 17 0 1; 329 105 13 30 26 0 0; ]
1400102660[402 91 30 75 14 0 1; 83 93 24 47 17 0 1; 330 105 13 30 26 0 0; ]
1400102661[403 91 30 76 14 0 1; 83 93 24 47 17 0 1; 330 105 13 30 26 0 0; ]
1400102662[404 91 30 76 14 0 1; 83 93 24 47 17 0 1; 330 104 13 30 26 0 0; ]
1400102663[405 91 30 76 14 0 1; 83 93 24 47 17 0 1; 331 104 13 30 26 0 0; ]
1400102664[406 91 30 76 14 0 1; 84 94 24 47 17 0 1; ]
1400102665[407 91 30 76 14 0 1; 84 94 23 47 17 0 1; ]
1400102666[409 91 30 76 14 0 1; 85 95 23 47 17 0 1; ]
1400102667[410 91 29 76 14 0 1; 86 96 22 48 17 0 1; ]
1400102668[411 91 29 76 14 0 1; 87 98 22 48 17 0 1; ]
1400102669[412 91 29 76 14 0 1; 88 99 21 48 17 0 1; ]
1400102670[413 91 29 77 14 0 1; 89 99 21 50 17 0 1; ]
1400102671[414 91 29 77 14 0 1; 90 99 21 51 17 0 1; 333 104 13 30 26 0 0; ]
1400102672[415 91 29 77 14 0 1; 90 98 21 52 17 0 1; 333 104 13 31 26 0 0; ]
1400102673[417 90 31 78 14 0 1; 91 98 21 52 17 0 1; 333 104 13 31 26 0 0; ]
1400102674[418 89 32 79 14 0 1; 91 98 21 52 17 0 1; 334 104 13 31 26 0 0; ]
1400102675[420 89 33 80 14 0 1; 92 96 21 53 17 0 1; 334 104 13 31 26 0 0; ]
1400102676[421 88 34 81 14 0 1; 92 95 21 53 17 0 1; 334 104 13 31 26 0 0; ]
1400102677[423 88 35 82 14 0 1; 93 94 21 54 17 0 1; 335 103 14 31 26 0 0; ]
1400102678[425 87 36 83 14 0 1; 140 100 21 30 16 0 2; 93 93 21 54 17 0 1; 335 103 14 30 26 0 0; ]
1400102679[427 86 36 84 14 0 1; 138 99 21 31 16 0 2; 93 93 21 54 17 0 1; 336 102 14 30 26 0 0; ]
1400102680[429 86 37 85 14 0 1; 136 99 21 31 16 0 2; 94 93 21 54 17 0 1; ]
1400102681[431 85 37 87 14 0 1; 135 99 21 30 16 0 2; 94 92 21 54 17 0 1; ]
1400102682[433 85 37 88 14 0 1; 94 93 21 53 17 0 1; ]
1400102683[436 84 37 89 14 0 1; 94 94 22 52 17 0 1; ]
1400102684[438 84 37 90 14 0 1; 94 95 22 52 17 0 1; ]
1400102685[441 83 37 91 14 0 1; 127 100 23 31 16 0 2; 94 95 22 52 17 0 1; ]
1400102686[444 82 38 93 14 0 1; 125 100 23 31 16 0 2; 94 94 23 52 17 0 1; ]
1400102687[446 82 38 94 14 0 1; 123 99 24 32 16 0 2; 94 94 23 53 17 0 1; ]
1400102688[449 82 38 94 14 0 1; 121 99 24 32 16 0 2; 94 93 23 54 17 0 1; 340 99 15 30 26 0 0; ]
1400102689[452 82 38 94 14 0 1; 120 98 23 31 16 0 2; 94 91 23 55 17 0 1; 341 99 15 30 26 0 0; ]
1400102690[455 82 38 95 14 0 1; 94 91 23 56 17 0 1; 341 99 15 30 26 0 0; ]
1400102691[459 82 38 95 14 0 1; 94 91 23 56 17 0 1; 342 99 15 30 26 0 0; ]
1400102692[462 81 38 97 14 0 1; 94 91 23 57 17 0 1; 342 98 15 30 26 0 0; ]
1400102693[465 79 38 99 14 0 1; 94 91 23 57 17 0 1; 343 98 15 30 26 0 0; ]
1400102694[469 78 38 101 14 0 1; 93 91 23 57 17 0 1; 343 98 15 30 26 0 0; ]
1400102695[472 77 38 103 14 0 1; 93 91 23 57 17 0 1; 344 98 15 30 26 0 0; ]
1400102696[93 91 23 57 17 0 1; 344 98 16 30 26 0 0; ]
1400102697[93 91 23 57 17 0 1; 345 98 16 31 26 0 0; ]
1400102698[93 91 23 57 17 0 1; 346 98 16 31 26 0 0; ]
1400102699[93 91 23 57 17 0 1; 347 97 16 31 26 0 0; ]
1400102700[93 90 23 57 17 0 1; 348 97 16 31 26 0 0; ]
1400102701[92 89 23 58 17 0 1; 348 97 16 31 26 0 0; ]
1400102702[92 89 23 58 17 0 1; 349 97 16 31 26 0 0; ]
1400102703[92 88 23 58 17 0 1; 350 97 16 32 26 0 0; ]
1400102704[91 87 23 59 17 0 1; 351 97 16 32 26 0 0; ]
1400102705[91 87 23 61 17 0 1; 114 93 15 30 18 1 1; 352 97 16 32 26 0 0; ]
1400102706[90 86 23 62 17 0 1; 115 93 15 30 18 1 1; 353 96 16 32 26 0 0; ]
1400102707[90 86 23 63 17 0 1; 116 93 16 31 18 1 1; 353 96 16 32 26 0 0; ]
1400102708[90 86 23 63 17 0 1; 116 93 17 32 18 1 1; 354 96 16 32 26 0 0; ]
1400102709[89 86 23 63 17 0 1; 117 93 17 33 18 1 1; 355 96 16 33 26 0 0; ]
1400102710[89 86 23 62 17 0 1; 117 93 17 33 18 1 1; 356 96 16 33 26 0 0; ]
1400102711[89 86 23 62 17 0 1; 118 92 18 33 18 1 1; 357 96 16 33 26 0 0; ]
1400102712[88 85 23 62 17 0 1; 119 92 17 33 18 1 1; 357 94 16 33 26 0 0; ]
1400102713[88 84 23 62 17 0 1; 120 91 17 33 18 1 1; 358 94 16 33 26 0 0; ]
1400102714[88 83 23 62 17 0 1; 121 90 17 33 18 1 1; 359 93 16 33 26 0 0; ]
1400102715[87 81 23 63 17 0 1; 122 89 17 32 18 1 1; 360 93 16 33 26 0 0; ]
1400102716[86 81 24 64 17 0 1; 123 88 16 32 18 1 1; 361 92 16 32 26 0 0; ]
1400102717[85 80 24 65 17 0 1; 124 89 17 33 18 1 1; 362 92 16 32 26 0 0; ]
1400102718[84 80 24 66 17 0 1; 125 91 18 33 18 1 1; 362 92 16 32 26 0 0; ]
1400102719[84 81 25 67 17 0 1; 126 91 19 34 18 1 1; 363 92 16 32 26 0 0; ]
1400102720[83 82 25 68 17 0 1; 126 92 19 35 18 0 1; 364 93 16 32 26 0 0; ]
1400102721[82 83 25 68 17 0 1; 127 92 20 36 18 0 1; 364 95 16 32 26 0 0; ]
1400102722[82 83 25 69 17 0 1; 128 93 20 36 18 0 1; 365 96 16 31 26 0 0; ]
1400102723[81 83 25 69 17 0 1; 129 93 20 37 18 0 1; 366 97 16 31 26 0 0; ]
1400102724[80 83 26 69 17 0 1; 130 93 20 38 18 0 1; 367 97 16 31 26 0 0; ]
1400102725[79 83 26 70 17 0 1; 131 93 20 38 18 0 1; 368 97 16 32 26 0 0; ]
1400102726[79 83 26 70 17 0 1; 133 93 20 39 18 0 1; 369 96 16 33 26 0 0; ]
1400102727[78 82 26 70 17 0 1; 134 92 20 40 18 0 1; 369 94 15 34 26 0 0; ]
1400102728[78 81 26 70 17 0 1; 135 91 20 41 18 0 1; 370 93 15 35 26 0 0; ]
1400102729[77 80 26 70 17 0 1; 137 91 20 41 18 0 1; 371 92 15 35 26 0 0; ]
1400102730[76 79 27 71 17 0 1; 139 90 20 42 18 0 1; 372 91 15 35 26 0 0; ]
1400102731[75 79 28 72 17 0 1; 140 88 20 43 18 0 1; 373 91 15 34 26 0 0; ]
1400102732[74 78 29 73 17 0 1; 143 87 19 42 18 0 1; 374 91 16 33 26 0 0; ]
1400102733[73 78 30 74 17 0 1; 146 87 18 41 18 0 1; 374 91 16 32 26 0 0; ]
1400102734[72 77 30 74 17 0 1; 148 87 18 40 18 0 1; 375 91 16 32 26 0 0; ]
1400102735[71 77 31 75 17 0 1; 149 87 19 40 18 0 1; 376 92 16 33 26 0 0; ]
1400102736[70 77 31 76 17 0 1; 150 89 21 40 18 0 1; 377 93 16 33 26 0 0; ]
1400102737[69 77 32 77 17 0 1; 151 90 23 40 18 0 1; 378 94 16 34 26 0 0; ]
1400102738[67 77 32 77 17 0 1; 152 91 24 40 18 0 1; 379 94 16 34 26 0 0; ]
1400102739[66 77 32 78 17 0 1; 153 91 23 40 18 0 1; 379 94 16 33 26 0 0; ]
1400102740[65 77 32 78 17 0 1; 156 91 22 40 18 0 1; 380 94 16 33 26 0 0; ]
1400102741[64 77 32 78 17 0 1; 159 90 21 41 18 0 1; 381 94 16 32 26 0 0; ]
1400102742[62 77 32 79 17 0 1; 161 90 21 41 18 0 1; 382 94 16 32 26 0 0; ]
1400102743[61 77 32 79 17 0 1; 163 90 21 41 18 0 1; 383 93 16 32 26 0 0; ]
1400102744[59 77 32 79 17 0 1; 164 90 22 42 18 0 1; 384 93 16 33 26 0 0; ]
1400102745[58 76 33 81 17 0 1; 166 89 23 42 18 0 1; 386 93 16 33 26 0 0; ]
1400102746[57 76 34 82 17 0 1; 167 88 25 42 18 0 1; 387 93 16 33 26 0 0; ]
1400102747[56 75 35 84 17 0 1; 170 88 23 42 18 0 1; 388 94 16 33 26 0 0; ]
1400102748[54 75 35 85 17 0 1; 173 88 21 43 18 0 1; 389 94 16 33 26 0 0; ]
1400102749[52 74 35 86 17 0 1; 176 89 21 43 18 0 1; 390 95 16 34 26 0 0; ]
1400102750[50 74 35 87 17 0 1; 178 89 21 43 18 0 1; 75 87 17 42 19 1 1; 391 95 16 34 26 0 0; ]
1400102751[48 73 35 88 17 0 1; 179 89 22 43 18 0 1; 75 87 18 41 19 1 1; 393 94 16 34 26 0 0; ]
1400102752[46 72 35 89 17 0 1; 180 90 24 43 18 0 1; 75 87 19 41 19 1 1; 394 94 16 34 26 0 0; ]
1400102753[44 72 35 90 17 0 1; 181 90 25 44 18 0 1; 76 87 19 40 19 1 1; 395 94 16 34 26 0 0; ]
1400102754[42 71 35 91 17 0 1; 183 90 27 45 18 0 1; 76 87 19 40 19 1 1; 396 93 16 34 26 0 0; ]
1400102755[40 70 35 92 17 0 1; 186 89 25 45 18 0 1; 77 87 19 40 19 1 1; 397 92 16 34 26 0 0; ]
1400102756[38 70 35 92 17 0 1; 191 89 23 45 18 0 1; 79 86 19 41 19 1 1; 398 91 16 34 26 0 0; ]
1400102757[36 69 36 93 17 0 1; 195 89 20 46 18 0 1; 80 85 19 41 19 1 1; 400 92 16 34 26 0 0; ]
1400102758[35 69 37 94 17 0 1; 197 89 19 46 18 0 1; 81 84 19 42 19 1 1; 401 93 17 34 26 0 0; ]
1400102759[34 69 38 95 17 0 1; 198 89 20 46 18 0 1; 81 85 20 42 19 1 1; 402 93 17 34 26 0 0; ]
1400102760[32 69 38 96 17 0 1; 199 90 22 46 18 0 1; 81 86 20 42 19 1 1; 403 94 17 34 26 0 0; ]
1400102761[30 70 38 96 17 0 1; 199 91 26 46 18 0 1; 82 88 21 43 19 1 1; 404 95 17 35 26 0 0; ]
1400102762[28 71 39 97 17 0 1; 202 93 24 44 18 0 1; 82 90 22 43 19 1 1; 405 95 17 35 26 0 0; ]
1400102763[26 71 39 98 17 0 1; 206 94 22 43 18 0 1; 82 91 22 42 19 1 1; 406 96 17 35 26 0 0; ]
1400102764[24 71 40 99 17 0 1; 209 95 20 43 18 0 1; 82 92 23 41 19 1 1; 407 96 18 35 26 0 0; ]
1400102765[22 71 40 100 17 0 1; 211 96 20 43 18 0 1; 82 92 24 40 19 1 1; 408 96 18 35 26 0 0; ]
1400102766[20 71 41 102 17 0 1; 213 95 21 44 18 0 1; 85 92 23 40 19 1 1; 409 96 18 35 26 0 0; ]
1400102767[18 71 41 103 17 0 1; 214 93 22 46 18 0 1; 87 91 22 40 19 1 1; 410 96 18 35 26 0 0; ]
1400102768[15 70 42 104 17 0 1; 216 92 24 47 18 0 1; 89 90 21 40 19 1 1; 411 96 19 35 26 0 0; ]
1400102769[13 68 43 106 17 0 1; 218 91 25 48 18 0 1; 91 89 21 40 19 1 1; 412 95 19 35 26 0 0; ]
1400102770[11 66 43 107 17 0 1; 220 90 24 48 18 0 1; 92 88 21 41 19 1 1; 413 94 19 35 26 0 0; ]
1400102771[8 64 44 109 17 0 1; 223 90 23 48 18 0 1; 93 86 22 42 19 1 1; 414 92 19 35 26 0 0; ]
1400102772[6 62 44 110 17 0 1; 227 89 22 47 18 0 1; 94 85 23 44 19 1 1; 415 92 19 36 26 0 0; ]
1400102773[3 61 45 111 17 0 1; 229 89 21 47 18 0 1; 94 84 23 44 19 1 1; 416 92 19 36 26 0 0; ]
1400102774[1 60 45 113 17 0 1; 231 89 21 46 18 0 1; 96 85 23 44 19 1 1; 417 92 19 37 26 0 0; ]
1400102775[233 90 22 46 18 0 1; 97 85 23 44 19 1 1; 418 92 19 37 26 0 0; ]
1400102776[234 91 23 46 18 0 1; 98 86 23 44 19 1 1; 419 92 19 38 26 0 0; ]
1400102777[236 89 24 47 18 0 1; 100 87 23 44 19 1 1; 420 92 19 38 26 0 0; ]
1400102778[238 88 24 48 18 0 1; 103 86 19 44 19 1 1; 421 92 19 39 26 0 0; ]
1400102779[239 88 25 49 18 0 1; 104 85 20 45 19 1 1; 26 85 19 47 20 1 1; 422 91 19 39 26 0 0; ]
1400102780[241 87 25 50 18 0 1; 104 83 22 48 19 1 1; 25 83 20 47 20 1 1; 423 90 19 40 26 0 0; ]
1400102781[243 87 26 51 18 0 1; 104 83 24 50 19 1 1; 24 82 21 48 20 1 1; 424 88 19 41 26 0 0; ]
1400102782[245 87 26 51 18 0 1; 105 83 25 51 19 1 1; 22 81 21 48 20 1 1; 425 87 19 41 26 0 0; ]
1400102783[247 87 26 52 18 0 1; 105 84 26 52 19 1 1; 21 81 22 48 20 1 1; 426 88 19 40 26 0 0; ]
1400102784[249 87 26 52 18 0 1; 106 84 27 53 19 0 1; 21 81 22 48 20 1 1; 427 90 19 39 26 0 0; ]
1400102785[251 87 26 53 18 0 1; 107 84 27 53 19 0 1; 20 83 23 48 20 1 1; 428 91 19 38 26 0 0; ]
1400102786[253 88 26 53 18 0 1; 109 85 26 53 19 0 1; 19 84 23 48 20 1 1; 429 94 19 38 26 0 0; ]
1400102787[255 89 26 54 18 0 1; 112 88 24 52 19 0 1; 18 86 23 48 20 1 1; 477 91 19 47 21 1 1; 429 96 19 39 26 0 0; ]
1400102788[257 90 26 54 18 0 1; 114 89 23 51 19 0 1; 18 87 23 49 20 1 1; 477 93 20 48 21 1 1; 429 98 19 39 26 0 0; ]
1400102789[259 92 25 54 18 0 1; 115 91 24 52 19 0 1; 17 90 23 50 20 1 1; 477 95 21 49 21 1 1; 429 99 19 40 26 0 0; ]
1400102790[261 94 25 55 18 0 1; 116 92 27 52 19 0 1; 17 91 23 50 20 1 1; 478 96 22 49 21 1 1; 430 100 19 41 26 0 0; ]
1400102791[264 96 25 55 18 0 1; 117 93 29 52 19 0 1; 16 92 23 51 20 1 1; 480 97 21 48 21 1 1; 430 101 19 41 26 0 0; ]
1400102792[264 97 26 54 18 0 1; 118 93 30 53 19 0 1; 16 93 23 51 20 1 1; 481 98 21 47 21 1 1; 431 101 19 42 26 0 0; ]
1400102793[265 97 26 54 18 0 1; 119 94 30 53 19 0 1; 16 93 23 50 20 1 1; 481 98 22 48 21 1 1; 431 101 19 42 26 0 0; ]
1400102794[267 97 26 54 18 0 1; 121 94 29 54 19 0 1; 15 93 22 50 20 1 1; 481 98 22 48 21 1 1; 432 101 19 43 26 0 0; ]
1400102795[268 97 26 54 18 0 1; 123 95 28 54 19 0 1; 14 90 23 51 20 1 1; 483 98 22 48 21 1 1; 433 100 19 43 26 0 0; ]
1400102796[270 96 26 54 18 0 1; 126 92 28 55 19 0 1; 13 87 23 51 20 1 1; 485 97 22 47 21 1 1; 435 99 19 43 26 0 0; ]
1400102797[273 94 25 54 18 0 1; 129 89 28 55 19 0 1; 12 85 23 52 20 1 1; 487 94 22 48 21 1 1; 437 97 19 43 26 0 0; ]
1400102798[275 91 24 55 18 0 1; 131 87 28 56 19 0 1; 11 83 23 52 20 1 1; 488 90 23 49 21 1 1; 438 95 19 43 26 0 0; ]
1400102799[277 90 25 55 18 0 1; 133 86 28 56 19 0 1; 10 83 23 53 20 1 1; 439 93 19 43 26 0 0; 415 98 18 40 28 1 3; ]
1400102800[279 88 26 56 18 0 1; 133 85 30 56 19 0 1; 9 82 24 53 20 1 1; 439 92 19 43 26 0 0; 416 98 18 41 28 1 3; ]
1400102801[281 87 26 57 18 0 1; 134 84 33 57 19 0 1; 8 82 24 53 20 1 1; 440 91 20 43 26 0 0; 417 98 18 41 28 1 3; ]
1400102802[283 87 27 57 18 0 1; 135 83 35 57 19 0 1; 7 82 24 53 20 1 1; 440 91 21 43 26 0 0; 418 98 18 41 28 1 3; ]
1400102803[285 87 27 58 18 0 1; 137 84 34 58 19 0 1; 6 82 24 53 20 1 1; 441 91 21 43 26 0 0; 419 98 18 42 28 1 3; ]
1400102804[286 87 26 58 18 0 1; 141 84 32 58 19 0 1; 5 83 24 53 20 1 1; 441 91 21 43 26 0 0; 420 98 17 42 28 1 3; ]
1400102805[287 88 26 59 18 0 1; 145 85 29 58 19 0 1; 4 84 25 52 20 1 1; 442 92 21 43 26 0 0; 421 99 17 42 28 1 3; ]
1400102806[289 89 25 59 18 0 1; 149 86 27 59 19 0 1; 2 85 25 52 20 1 1; 443 93 22 43 26 0 0; 422 99 17 42 28 1 3; ]
1400102807[292 89 25 57 18 0 1; 152 87 26 59 19 0 1; 1 86 25 52 20 1 1; 444 93 22 43 26 0 0; 423 101 17 41 28 1 3; ]
1400102808[294 90 25 56 18 0 1; 153 87 27 59 19 0 1; 0 86 25 53 20 1 1; 445 94 22 43 26 0 0; 424 103 17 40 28 1 3; ]
1400102809[296 91 25 56 18 0 1; 154 88 30 59 19 0 1; 446 95 22 43 26 0 0; 424 105 17 39 28 1 3; ]
1400102810[298 91 25 57 18 0 1; 154 88 33 60 19 0 1; 447 96 22 43 26 0 0; 425 106 17 39 28 1 3; ]
1400102811[299 92 27 58 18 0 1; 159 91 29 60 19 0 1; 448 97 21 44 26 0 0; 426 107 17 38 28 1 3; ]
1400102812[300 93 29 60 18 0 1; 164 94 25 60 19 0 1; 449 98 21 44 26 0 0; 427 108 17 38 28 1 3; ]
1400102813[301 95 29 61 18 0 1; 167 95 24 61 19 0 1; 450 100 21 44 26 0 0; 428 108 17 38 28 1 3; ]
1400102814[304 97 28 61 18 0 1; 169 96 23 61 19 0 1; 452 102 20 44 26 0 0; 429 109 17 38 28 1 3; ]
1400102815[307 99 27 61 18 0 1; 170 95 25 62 19 0 1; 453 103 20 44 26 0 0; 430 108 17 38 28 1 3; ]
1400102816[310 100 25 61 18 0 1; 171 94 29 63 19 0 1; 455 105 19 44 26 0 0; 431 107 17 38 28 1 3; ]
1400102817[313 97 25 64 18 0 1; 171 93 33 64 19 0 1; 456 102 21 45 26 0 0; 432 106 18 38 28 1 3; ]
1400102818[315 94 25 64 18 0 1; 172 91 35 65 19 0 1; 457 99 22 45 26 0 0; 432 104 19 39 28 1 3; ]
1400102819[317 91 26 64 18 0 1; 175 89 34 64 19 0 1; 459 96 22 46 26 0 0; 433 102 19 39 28 1 3; ]
1400102820[318 88 27 63 18 0 1; 179 86 31 64 19 0 1; 460 93 22 46 26 0 0; 434 99 20 40 28 1 3; ]
1400102821[319 85 30 62 18 0 1; 184 83 28 63 19 0 1; 462 89 22 46 26 0 0; 435 96 21 41 28 1 3; ]
1400102822[320 83 32 64 18 0 1; 188 81 27 63 19 0 1; 465 86 22 45 26 0 0; 437 96 21 41 28 1 3; ]
1400102823[321 82 33 65 18 0 1; 191 79 27 63 19 0 1; 467 84 21 45 26 0 0; 438 96 21 41 28 1 3; ]
1400102824[324 82 33 65 18 0 1; 194 78 29 65 19 0 1; 469 85 22 45 26 0 0; 440 96 21 41 28 1 3; ]
1400102825[326 82 33 65 18 0 1; 196 78 31 66 19 0 1; 471 86 22 45 26 0 0; 441 96 21 41 28 1 3; ]
1400102826[330 83 32 65 18 0 1; 197 80 33 67 19 0 1; 473 87 22 45 26 0 0; 443 96 21 41 28 1 3; ]
1400102827[336 86 29 63 18 0 1; 199 83 35 67 19 0 1; 474 89 23 46 26 0 0; 444 96 21 41 28 1 3; ]
1400102828[341 89 27 62 18 0 1; 201 85 35 67 19 0 1; 476 91 23 46 26 0 0; 446 96 20 41 28 1 3; ]
1400102829[344 90 27 63 18 0 1; 204 87 35 67 19 0 1; 478 93 23 46 26 0 0; 448 96 20 41 28 1 3; ]
1400102830[347 92 29 64 18 0 1; 209 90 33 67 19 0 1; 480 95 22 47 26 0 0; 449 96 20 41 28 1 3; ]
1400102831[349 93 30 65 18 0 1; 214 92 29 66 19 0 1; 482 98 21 48 26 0 0; 451 96 20 41 28 1 3; ]
1400102832[351 94 31 66 18 0 1; 219 93 27 65 19 0 1; 484 98 21 48 26 0 0; 453 96 20 41 28 1 3; ]
1400102833[354 94 32 67 18 0 1; 222 92 28 66 19 0 1; 486 97 21 49 26 0 0; 454 96 20 41 28 1 3; ]
1400102834[357 93 33 68 18 0 1; 225 89 31 67 19 0 1; 488 96 22 49 26 0 0; 456 96 20 41 28 1 3; ]
1400102835[360 90 33 68 18 0 1; 227 86 35 69 19 0 1; 457 96 20 41 28 1 3; ]
1400102836[364 86 33 69 18 0 1; 229 83 38 70 19 0 1; 459 96 20 41 28 1 3; ]
1400102837[370 84 30 69 18 0 1; 229 78 40 71 19 0 1; 460 96 20 41 28 1 3; ]
1400102838[375 83 29 70 18 0 1; 232 79 39 72 19 0 1; 462 97 20 41 28 1 3; ]
1400102839[380 83 29 70 18 0 1; 238 79 35 73 19 0 1; 463 97 21 42 28 1 3; ]
1400102840[383 83 28 71 18 0 1; 245 80 28 74 19 0 1; 464 97 21 42 28 1 3; ]
1400102841[386 83 31 72 18 0 1; 248 81 30 74 19 0 1; 466 97 21 42 28 1 3; ]
1400102842[388 85 35 73 18 0 1; 251 82 32 74 19 0 1; 467 98 22 43 28 1 3; ]
1400102843[390 86 38 74 18 0 1; 254 82 33 75 19 0 1; 469 98 22 43 28 1 3; ]
1400102844[394 85 37 74 18 0 1; 256 83 35 75 19 0 1; 470 96 23 44 28 1 3; ]
1400102845[398 84 34 74 18 0 1; 258 82 36 76 19 0 1; 472 94 23 44 28 1 3; ]
1400102846[403 83 32 75 18 0 1; 260 80 37 77 19 0 1; 474 93 23 45 28 1 3; ]
1400102847[408 82 31 75 18 0 1; 261 78 39 79 19 0 1; 475 92 23 45 28 1 3; ]
1400102848[412 80 31 76 18 0 1; 264 77 39 79 19 0 1; 477 91 23 45 28 1 3; ]
1400102849[416 77 31 76 18 0 1; 268 77 38 79 19 0 1; 479 91 24 45 28 1 3; ]
1400102850[420 76 31 77 18 0 1; 273 77 36 79 19 0 1; 480 91 24 45 28 1 3; ]
1400102851[424 77 32 78 18 0 1; 279 78 33 79 19 0 1; 481 92 24 45 28 1 3; ]
1400102852[426 81 35 79 18 0 1; 282 78 32 79 19 0 1; 483 94 24 44 28 1 3; ]
1400102853[428 84 37 80 18 0 1; 283 79 34 80 19 0 1; 484 97 24 44 28 1 3; ]
1400102854[430 86 38 81 18 0 1; 284 81 40 81 19 0 1; 485 99 25 43 28 1 3; ]
1400102855[434 88 38 81 18 0 1; 284 83 48 82 19 0 1; ]
1400102856[437 89 37 82 18 0 1; 289 85 42 83 19 0 1; ]
1400102857[441 90 36 83 18 0 1; 294 85 37 84 19 0 1; ]
1400102858[445 91 36 84 18 0 1; 299 86 34 85 19 0 1; ]
1400102859[449 90 36 85 18 0 1; 303 86 33 86 19 0 1; ]
1400102860[454 88 37 85 18 0 1; 307 85 34 87 19 0 1; ]
1400102861[459 85 38 86 18 0 1; 311 82 36 88 19 0 1; ]
1400102862[464 83 39 86 18 0 1; 314 78 38 89 19 0 1; ]
1400102863[469 80 40 87 18 0 1; 317 76 40 89 19 0 1; ]
1400102864[320 74 41 90 19 0 1; ]
1400102865[323 73 43 91 19 0 1; ]
1400102866[326 72 44 92 19 0 1; ]
1400102867[329 71 44 92 19 0 1; ]
1400102868[334 70 44 93 19 0 1; ]
1400102869[339 70 41 95 19 0 1; ]
1400102870[346 70 38 96 19 0 1; ]
1400102871[351 69 36 97 19 0 1; ]
1400102872[354 68 35 98 19 0 1; ]
1400102873[355 68 41 99 19 0 1; ]
1400102874[356 68 48 100 19 0 1; ]
1400102875[358 68 50 101 19 0 1; ]
1400102876[361 68 51 102 19 0 1; ]
1400102877[365 68 52 104 19 0 1; ]
1400102878[370 68 53 105 19 0 1; ]
1400102879[376 68 51 107 19 0 1; ]
1400102880[383 67 46 108 19 0 1; ]
1400102881[391 67 41 109 19 0 1; ]
1400102882[398 66 38 111 19 0 1; ]
1400102883[403 65 40 112 19 0 1; ]
1400102884[407 64 44 114 19 0 1; ]
1400102885[410 63 50 115 19 0 1; ]
1400102886[412 63 56 116 19 0 1; 360 93 28 30 23 1 2; ]
1400102887[415 63 62 118 19 0 1; 360 93 28 31 23 1 2; ]
1400102888[419 63 65 119 19 0 1; 360 92 28 31 23 1 2; ]
1400102889[424 64 67 121 19 0 1; 361 93 28 31 23 1 2; ]
1400102890[429 65 66 122 19 0 1; 361 93 28 31 23 1 2; ]
1400102891[435 66 65 124 19 0 1; 361 94 28 31 23 1 2; ]
1400102892[443 66 64 126 19 0 1; 361 95 28 30 23 1 2; ]
1400102893[361 96 28 30 23 1 2; ]
1400102894[362 97 28 30 23 1 2; ]
1400102895[362 98 28 30 23 1 2; ]
1400102896[363 98 28 30 23 1 2; ]
1400102897[363 98 28 30 23 1 2; ]
1400102898[364 97 28 30 23 1 2; ]
1400102899[364 96 28 30 23 1 2; ]
1400102900[]
1400102901[]
1400102902[]
1400102903[]
1400102904[]
1400102905[]
1400102906[]
1400102907[]
1400102908[]
1400102909[]
1400102910[]
1400102911[]
1400102912[]
1400102913[]
1400102914[]
1400102915[]
1400102916[]
1400102917[387 97 15 30 25 0 1; ]
1400102918[387 97 15 30 25 0 1; ]
1400102919[388 96 15 31 25 0 1; ]
1400102920[389 96 15 31 25 0 1; ]
1400102921[389 96 15 31 25 0 1; ]
1400102922[390 96 15 31 25 0 1; ]
1400102923[390 97 15 31 25 0 1; ]
1400102924[391 98 15 31 25 0 1; ]
1400102925[392 99 15 30 25 0 1; ]
1400102926[379 102 18 30 24 0 2; 392 100 15 30 25 0 1; ]
1400102927[379 102 18 30 24 0 2; 393 101 15 30 25 0 1; ]
1400102928[380 102 18 30 24 0 2; 393 102 15 30 25 0 1; ]
1400102929[380 102 18 30 24 0 2; 394 102 15 30 25 0 1; ]
1400102930[381 102 17 30 24 0 2; 395 103 16 30 25 0 1; ]
1400102931[381 102 17 30 24 0 2; 396 103 15 31 25 0 1; ]
1400102932[382 102 18 30 24 0 2; 396 102 15 31 25 0 1; ]
1400102933[382 102 18 30 24 0 2; 397 102 15 32 25 0 1; ]
1400102934[382 102 18 30 24 0 2; 398 101 15 33 25 0 1; ]
1400102935[383 101 18 30 24 0 2; 399 100 16 33 25 0 1; ]
1400102936[384 100 18 30 24 0 2; 399 98 16 34 25 0 1; ]
1400102937[385 99 18 30 24 0 2; 400 97 17 34 25 0 1; ]
1400102938[386 98 17 30 24 0 2; 401 96 17 34 25 0 1; ]
1400102939[386 98 17 31 24 0 2; 401 97 17 34 25 0 1; ]
1400102940[387 99 17 31 24 0 2; 402 98 17 34 25 0 1; ]
1400102941[387 100 17 31 24 0 2; 403 100 16 33 25 0 1; ]
1400102942[388 101 17 31 24 0 2; 403 101 16 32 25 0 1; ]
1400102943[388 103 17 31 24 0 2; 404 103 16 32 25 0 1; ]
1400102944[389 105 17 31 24 0 2; 404 105 17 31 25 0 1; ]
1400102945[390 108 18 30 24 0 2; 405 108 17 31 25 0 1; ]
1400102946[391 107 18 33 24 0 2; 406 107 17 33 25 0 1; ]
1400102947[391 106 18 34 24 0 2; 407 106 16 34 25 0 1; ]
1400102948[392 104 18 34 24 0 2; 408 105 16 35 25 0 1; ]
1400102949[392 103 18 33 24 0 2; 408 103 16 35 25 0 1; ]
1400102950[393 103 19 32 24 0 2; 409 102 16 35 25 0 1; ]
1400102951[393 103 19 32 24 0 2; 410 101 16 35 25 0 1; ]
1400102952[394 103 19 32 24 0 2; 411 100 16 34 25 0 1; ]
1400102953[394 103 19 31 24 0 2; 411 101 16 34 25 0 1; ]
1400102954[394 103 20 32 24 0 2; 412 101 16 33 25 0 1; ]
1400102955[395 102 20 33 24 0 2; 413 102 16 33 25 0 1; ]
1400102956[395 102 20 34 24 0 2; 414 102 16 33 25 0 1; ]
1400102957[395 101 21 34 24 0 2; 415 102 15 33 25 0 1; ]
1400102958[396 100 21 35 24 0 2; 416 100 15 33 25 0 1; ]
1400102959[396 98 22 35 24 0 2; 417 98 15 34 25 0 1; ]
1400102960[396 96 22 35 24 0 2; 418 96 15 34 25 0 1; ]
1400102961[397 95 22 36 24 0 2; 418 95 15 35 25 0 1; ]
1400102962[399 95 21 36 24 0 2; 419 95 15 36 25 0 1; ]
1400102963[400 95 20 36 24 0 2; 420 95 16 36 25 0 1; ]
1400102964[401 95 20 36 24 0 2; 421 95 16 36 25 0 1; ]
1400102965[402 96 20 36 24 0 2; 421 97 16 36 25 0 1; ]
1400102966[402 97 20 36 24 0 2; 422 98 16 35 25 0 1; ]
1400102967[403 100 19 36 24 0 2; 423 100 16 35 25 0 1; ]
1400102968[404 101 19 35 24 0 2; 424 101 16 35 25 0 1; ]
1400102969[404 102 19 35 24 0 2; 424 102 16 35 25 0 1; ]
1400102970[405 103 20 34 24 0 2; 425 103 17 35 25 0 1; ]
1400102971[405 104 20 34 24 0 2; 426 104 17 35 25 0 1; ]
1400102972[406 105 21 34 24 0 2; 427 105 18 36 25 0 1; ]
1400102973[406 105 21 34 24 0 2; 427 105 18 37 25 0 1; ]
1400102974[407 106 22 34 24 0 2; 428 106 18 37 25 0 1; ]
1400102975[407 106 23 35 24 0 2; 429 106 18 39 25 0 1; ]
1400102976[408 110 23 36 24 0 2; 430 110 18 38 25 0 1; ]
1400102977[409 112 23 36 24 0 2; 431 112 18 37 25 0 1; ]
1400102978[409 113 23 36 24 0 2; 432 114 18 37 25 0 1; ]
1400102979[410 113 23 37 24 0 2; 434 114 18 37 25 0 1; ]
1400102980[411 112 23 38 24 0 2; 435 113 18 37 25 0 1; ]
1400102981[412 110 23 38 24 0 2; 436 110 18 38 25 0 1; ]
1400102982[413 107 23 39 24 0 2; 437 107 18 38 25 0 1; ]
1400102983[414 102 24 39 24 0 2; 438 102 18 37 25 0 1; ]
1400102984[415 96 24 39 24 0 2; 439 97 19 36 25 0 1; ]
1400102985[415 90 25 39 24 0 2; 441 92 19 38 25 0 1; ]
1400102986[416 87 25 39 24 0 2; 442 92 19 36 25 0 1; ]
1400102987[417 90 26 37 24 0 2; 443 91 19 34 25 0 1; ]
1400102988[418 93 25 38 24 0 2; 444 94 19 36 25 0 1; ]
1400102989[419 97 24 40 24 0 2; 445 98 19 37 25 0 1; ]
1400102990[420 101 24 41 24 0 2; 446 103 19 39 25 0 1; ]
1400102991[421 105 24 40 24 0 2; 448 107 18 37 25 0 1; ]
1400102992[422 108 24 39 24 0 2; 449 109 18 36 25 0 1; ]
1400102993[423 108 24 38 24 0 2; 450 107 17 37 25 0 1; ]
1400102994[424 107 24 37 24 0 2; 452 106 17 38 25 0 1; ]
1400102995[425 105 24 38 24 0 2; 453 104 17 39 25 0 1; ]
1400102996[426 102 24 39 24 0 2; 454 102 17 39 25 0 1; ]
1400102997[427 100 24 39 24 0 2; 456 100 18 40 25 0 1; ]
1400102998[429 99 24 39 24 0 2; 457 98 18 40 25 0 1; ]
1400102999[430 98 24 39 24 0 2; 459 97 19 40 25 0 1; ]
1400103000[431 97 24 39 24 0 2; 460 97 19 40 25 0 1; ]
1400103001[432 97 24 39 24 0 2; 461 98 19 40 25 0 1; ]
1400103002[433 98 24 39 24 0 2; 463 98 19 40 25 0 1; ]
1400103003[434 101 24 40 24 0 2; 464 99 19 40 25 0 1; ]
1400103004[435 102 24 41 24 0 2; 465 101 19 40 25 0 1; ]
1400103005[436 103 24 41 24 0 2; 467 103 19 40 25 0 1; ]
1400103006[437 103 25 42 24 0 2; 468 105 19 39 25 0 1; ]
