1400200001[]
1400200002[]
1400200003[93 97 19 34 0 1 1; 106 96 21 37 10 1 1; ]
1400200004[92 95 21 36 0 1 1; 106 95 21 38 10 1 1; ]
1400200005[91 93 22 39 0 1 1; 106 93 21 39 10 1 1; ]
1400200006[92 91 22 40 0 1 1; 106 91 21 41 10 1 1; ]
1400200007[92 89 21 41 0 1 1; 105 89 21 44 10 1 1; ]
1400200008[93 88 21 42 0 1 1; 105 88 21 42 10 1 1; ]
1400200009[93 88 21 39 0 1 1; 105 87 21 41 10 1 1; ]
1400200010[93 89 21 40 0 1 1; 105 89 21 40 10 1 1; ]
1400200011[93 91 21 42 0 1 1; 105 92 21 40 10 1 1; ]
1400200012[93 93 21 43 0 1 1; 105 94 21 40 10 1 1; ]
1400200013[93 99 21 37 0 1 1; 105 96 21 42 10 1 1; ]
1400200014[93 99 20 37 0 1 1; 105 96 21 43 10 1 1; ]
1400200015[93 98 20 36 0 1 1; 105 96 21 43 10 1 1; ]
1400200016[93 98 19 36 0 1 1; 105 96 21 43 10 1 1; ]
1400200017[93 96 18 36 0 1 1; 104 95 21 42 10 1 1; ]
1400200018[93 94 17 36 0 1 1; 104 93 21 39 10 1 1; ]
1400200019[92 91 17 37 0 1 1; 104 89 21 43 10 1 1; ]
1400200020[92 89 18 38 0 1 1; 104 87 21 42 10 1 1; ]
1400200021[91 88 18 38 0 1 1; 103 85 21 42 10 1 1; ]
1400200022[91 87 19 39 0 1 1; 103 84 21 42 10 1 1; ]
1400200023[90 87 19 40 0 1 1; 103 85 21 41 10 1 1; ]
1400200024[90 87 19 41 0 1 1; 103 87 21 41 10 1 1; ]
1400200025[89 88 19 42 0 1 1; 102 88 22 40 10 1 1; ]
1400200026[88 89 19 39 0 1 1; 102 89 22 40 10 1 1; ]
1400200027[88 89 19 42 0 1 1; 102 89 22 41 10 1 1; ]
1400200028[87 89 19 42 0 1 1; 101 88 22 42 10 1 1; ]
1400200029[87 89 19 42 0 1 1; 101 87 22 43 10 1 1; ]
1400200030[86 88 19 42 0 1 1; 101 87 22 44 10 1 1; ]
1400200031[86 89 19 41 0 1 1; 100 86 22 45 10 1 1; ]
1400200032[85 89 19 41 0 1 1; 100 86 22 46 10 1 1; ]
1400200033[85 91 19 40 0 1 1; 100 87 22 46 10 1 1; ]
1400200034[84 91 20 43 0 1 1; 99 88 22 45 10 1 1; ]
1400200035[83 91 20 44 0 1 1; 99 90 22 44 10 1 1; ]
1400200036[82 92 21 45 0 1 1; 98 91 23 44 10 1 1; ]
1400200037[81 92 21 45 0 1 1; 97 91 23 44 10 1 1; ]
1400200038[80 92 22 45 0 1 1; 97 91 22 45 10 1 1; ]
1400200039[79 92 22 45 0 1 1; 97 91 21 46 10 1 1; ]
1400200040[78 92 22 45 0 1 1; 97 91 21 46 10 1 1; ]
1400200041[77 93 22 45 0 1 1; 96 91 20 47 10 1 1; ]
1400200042[76 93 22 45 0 1 1; 96 91 20 48 10 1 1; ]
1400200043[75 93 22 45 0 1 1; 95 91 20 48 10 1 1; ]
1400200044[74 94 22 46 0 1 1; 95 91 20 49 10 1 1; ]
1400200045[73 94 21 46 0 1 1; 94 91 21 49 10 1 1; ]
1400200046[72 94 21 46 0 1 1; 92 91 22 50 10 1 1; ]
1400200047[70 94 21 46 0 1 1; 91 91 22 50 10 1 1; ]
1400200048[69 94 21 46 0 1 1; 90 91 23 50 10 1 1; ]
1400200049[67 94 21 46 0 1 1; 88 91 23 51 10 1 1; ]
1400200050[66 94 21 47 0 1 1; 87 91 23 51 10 1 1; ]
1400200051[64 94 21 47 0 1 1; 86 91 23 51 10 1 1; ]
1400200052[62 94 21 47 0 1 1; 84 90 22 51 10 1 1; ]
1400200053[60 94 22 48 0 1 1; 83 90 21 51 10 1 1; ]
1400200054[58 94 22 48 0 1 1; 82 89 21 51 10 1 1; ]
1400200055[55 93 23 48 0 1 1; 81 89 20 51 10 1 1; ]
1400200056[53 93 23 49 0 1 1; 79 88 19 51 10 1 1; ]
1400200057[51 93 23 49 0 1 1; 78 88 19 51 10 1 1; ]
1400200058[48 92 24 50 0 1 1; 76 87 19 51 10 1 1; ]
1400200059[46 92 24 50 0 1 1; 74 87 19 51 10 1 1; ]
1400200060[44 91 25 51 0 1 1; 72 87 19 52 10 0 1; ]
1400200061[41 91 25 51 0 1 1; 70 86 19 52 10 0 1; ]
1400200062[39 90 25 51 0 1 1; 68 86 19 52 10 0 1; ]
1400200063[36 90 25 52 0 1 1; 66 86 20 53 10 1 1; ]
1400200064[34 90 25 52 0 1 1; 64 86 20 53 10 1 1; ]
1400200065[32 89 25 52 0 1 1; 62 86 20 54 10 1 1; ]
1400200066[30 88 25 53 0 1 1; 59 85 20 54 10 1 1; ]
1400200067[27 87 25 53 0 1 1; 57 85 21 55 10 1 1; ]
1400200068[25 86 25 53 0 1 1; 55 83 21 56 10 1 1; ]
1400200069[23 85 25 53 0 1 1; 52 80 21 58 10 1 1; ]
1400200070[21 85 25 53 0 1 1; 50 78 21 59 10 1 1; ]
1400200071[18 84 25 54 0 1 1; 46 78 22 59 10 1 1; ]
1400200072[16 83 25 54 0 1 1; 43 79 24 59 10 1 1; ]
1400200073[13 83 25 54 0 1 1; 39 81 25 59 10 1 1; ]
1400200074[10 83 25 55 0 1 1; 36 82 27 59 10 1 1; ]
1400200075[7 82 25 56 0 1 1; 32 83 28 59 10 1 1; ]
1400200076[4 82 25 56 0 1 1; 29 83 29 59 10 1 1; ]
1400200077[0 82 26 57 0 1 1; 26 83 29 59 10 1 1; ]
1400200078[23 83 29 59 10 1 1; ]
1400200079[20 83 28 60 10 1 1; ]
1400200080[17 83 28 61 10 1 1; ]
1400200081[14 82 28 63 10 1 1; ]
1400200082[12 82 27 64 10 1 1; ]
1400200083[9 78 26 66 10 1 1; ]
1400200084[6 75 25 67 10 1 1; ]
1400200085[2 74 25 68 10 1 1; ]
1400200086[]
1400200087[]
1400200088[]
1400200089[]
1400200090[]
1400200091[]
1400200092[]
1400200093[]
1400200094[]
1400200095[]
1400200096[]
1400200097[]
1400200098[]
1400200099[]
1400200100[]
1400200101[]
1400200102[]
1400200103[]
1400200104[]
1400200105[]
1400200106[]
1400200107[]
1400200108[]
1400200109[]
1400200110[]
1400200111[]
1400200112[]
1400200113[]
1400200114[]
1400200115[]
1400200116[]
1400200117[]
1400200118[]
1400200119[]
1400200120[]
1400200121[]
1400200122[]
1400200123[]
1400200124[]
1400200125[]
1400200126[]
1400200127[]
1400200128[]
1400200129[]
1400200130[]
1400200131[]
1400200132[]
1400200133[]
1400200134[]
1400200135[]
1400200136[]
1400200137[]
1400200138[]
1400200139[]
1400200140[]
1400200141[]
1400200142[]
1400200143[]
1400200144[]
1400200145[]
1400200146[]
1400200147[]
1400200148[]
1400200149[]
1400200150[]
1400200151[]
1400200152[]
1400200153[]
1400200154[]
1400200155[]
1400200156[]
1400200157[]
1400200158[]
1400200159[]
1400200160[]
1400200161[]
1400200162[]
1400200163[]
1400200164[]
1400200165[]
1400200166[]
1400200167[]
1400200168[]
1400200169[]
1400200170[]
1400200171[]
1400200172[]
1400200173[]
1400200174[]
1400200175[]
1400200176[]
1400200177[]
1400200178[]
1400200179[]
1400200180[]
1400200181[]
1400200182[]
1400200183[]
1400200184[]
1400200185[]
1400200186[]
1400200187[]
1400200188[]
1400200189[]
1400200190[]
1400200191[]
1400200192[]
1400200193[]
1400200194[]
1400200195[]
1400200196[]
1400200197[]
1400200198[]
1400200199[]
1400200200[]
1400200201[]
1400200202[]
1400200203[]
1400200204[]
1400200205[]
1400200206[]
1400200207[]
1400200208[]
1400200209[]
1400200210[]
1400200211[]
1400200212[]
1400200213[]
1400200214[]
1400200215[]
1400200216[]
1400200217[]
1400200218[]
1400200219[]
1400200220[]
1400200221[]
1400200222[]
1400200223[]
1400200224[]
1400200225[]
1400200226[]
1400200227[]
1400200228[]
1400200229[]
1400200230[]
1400200231[]
1400200232[]
1400200233[]
1400200234[]
1400200235[]
1400200236[]
1400200237[]
1400200238[]
1400200239[]
1400200240[]
1400200241[]
1400200242[]
1400200243[]
1400200244[]
1400200245[]
1400200246[]
1400200247[]
1400200248[]
1400200249[]
1400200250[]
1400200251[]
1400200252[]
1400200253[]
1400200254[]
1400200255[]
1400200256[]
1400200257[]
1400200258[]
1400200259[]
1400200260[]
1400200261[]
1400200262[]
1400200263[]
1400200264[]
1400200265[]
1400200266[]
1400200267[]
1400200268[]
1400200269[]
1400200270[]
1400200271[]
1400200272[]
1400200273[]
1400200274[]
1400200275[]
1400200276[]
1400200277[]
1400200278[]
1400200279[]
1400200280[]
1400200281[]
1400200282[]
1400200283[]
1400200284[]
1400200285[]
1400200286[]
1400200287[]
1400200288[]
1400200289[]
1400200290[]
1400200291[]
1400200292[]
1400200293[]
1400200294[]
1400200295[]
1400200296[]
1400200297[]
1400200298[]
1400200299[]
1400200300[]
1400200301[]
1400200302[]
1400200303[]
1400200304[]
1400200305[]
1400200306[]
1400200307[]
1400200308[]
1400200309[]
1400200310[]
1400200311[]
1400200312[]
1400200313[]
1400200314[]
1400200315[]
1400200316[]
1400200317[]
1400200318[]
1400200319[]
1400200320[]
1400200321[]
1400200322[]
1400200323[]
1400200324[]
1400200325[]
1400200326[]
1400200327[]
1400200328[]
1400200329[]
1400200330[]
1400200331[]
1400200332[]
1400200333[]
1400200334[]
1400200335[]
1400200336[]
1400200337[]
1400200338[]
1400200339[]
1400200340[]
1400200341[]
1400200342[]
1400200343[]
1400200344[]
1400200345[]
1400200346[]
1400200347[]
1400200348[]
1400200349[]
1400200350[]
1400200351[]
1400200352[]
1400200353[]
1400200354[]
1400200355[]
1400200356[]
1400200357[]
1400200358[]
1400200359[]
1400200360[]
1400200361[]
1400200362[]
1400200363[]
1400200364[]
1400200365[]
1400200366[]
1400200367[]
1400200368[]
1400200369[]
1400200370[]
1400200371[]
1400200372[]
1400200373[]
1400200374[]
1400200375[]
1400200376[]
1400200377[]
1400200378[]
1400200379[]
1400200380[]
1400200381[]
1400200382[]
1400200383[]
1400200384[]
1400200385[]
1400200386[]
1400200387[]
1400200388[]
1400200389[]
1400200390[]
1400200391[]
1400200392[]
1400200393[]
1400200394[]
1400200395[]
1400200396[]
1400200397[]
1400200398[]
1400200399[]
1400200400[]
1400200401[]
1400200402[]
1400200403[]
1400200404[]
1400200405[]
1400200406[]
1400200407[]
1400200408[]
1400200409[]
1400200410[]
1400200411[]
1400200412[]
1400200413[]
1400200414[]
1400200415[]
1400200416[]
1400200417[]
1400200418[]
1400200419[]
1400200420[]
1400200421[]
1400200422[]
1400200423[]
1400200424[]
1400200425[]
1400200426[]
1400200427[]
1400200428[]
1400200429[]
1400200430[]
1400200431[]
1400200432[]
1400200433[]
1400200434[]
1400200435[]
1400200436[]
1400200437[]
1400200438[]
1400200439[]
1400200440[]
1400200441[]
1400200442[]
1400200443[]
1400200444[]
1400200445[]
1400200446[]
1400200447[]
1400200448[]
1400200449[]
1400200450[]
1400200451[]
1400200452[]
1400200453[]
1400200454[]
1400200455[]
1400200456[]
1400200457[]
1400200458[]
1400200459[]
1400200460[]
1400200461[]
1400200462[]
1400200463[]
1400200464[]
1400200465[]
1400200466[]
1400200467[]
1400200468[]
1400200469[]
1400200470[]
1400200471[]
1400200472[]
1400200473[]
1400200474[]
1400200475[]
1400200476[]
1400200477[]
1400200478[]
1400200479[]
1400200480[]
1400200481[]
1400200482[]
1400200483[]
1400200484[]
1400200485[]
1400200486[]
1400200487[]
1400200488[]
1400200489[]
1400200490[]
1400200491[]
1400200492[]
1400200493[]
1400200494[]
1400200495[]
1400200496[]
1400200497[]
1400200498[]
1400200499[]
1400200500[]
1400200501[]
1400200502[]
1400200503[]
1400200504[]
1400200505[]
1400200506[]
1400200507[]
1400200508[]
1400200509[]
1400200510[]
1400200511[]
1400200512[]
1400200513[]
1400200514[]
1400200515[]
1400200516[]
1400200517[]
1400200518[]
1400200519[]
1400200520[]
1400200521[]
1400200522[]
1400200523[]
1400200524[]
1400200525[]
1400200526[]
1400200527[]
1400200528[]
1400200529[]
1400200530[]
1400200531[]
1400200532[]
1400200533[]
1400200534[]
1400200535[]
1400200536[]
1400200537[]
1400200538[]
1400200539[]
1400200540[]
1400200541[]
1400200542[]
1400200543[]
1400200544[]
1400200545[]
1400200546[]
1400200547[]
1400200548[]
1400200549[]
1400200550[]
1400200551[]
1400200552[]
1400200553[]
1400200554[]
1400200555[]
1400200556[]
1400200557[]
1400200558[]
1400200559[]
1400200560[]
1400200561[]
1400200562[]
1400200563[]
1400200564[]
1400200565[]
1400200566[]
1400200567[]
1400200568[]
1400200569[]
1400200570[]
1400200571[]
1400200572[]
1400200573[]
1400200574[]
1400200575[]
1400200576[]
1400200577[]
1400200578[]
1400200579[]
1400200580[]
1400200581[]
1400200582[]
1400200583[]
1400200584[]
1400200585[]
1400200586[]
1400200587[]
1400200588[]
1400200589[]
1400200590[]
1400200591[]
1400200592[]
1400200593[]
1400200594[]
1400200595[]
1400200596[]
1400200597[]
1400200598[]
1400200599[]
1400200600[]
1400200601[]
1400200602[]
1400200603[]
1400200604[]
1400200605[]
1400200606[]
1400200607[]
1400200608[]
1400200609[]
1400200610[]
1400200611[]
1400200612[]
1400200613[]
1400200614[]
1400200615[]
1400200616[]
1400200617[]
1400200618[]
1400200619[]
1400200620[]
1400200621[]
1400200622[]
1400200623[]
1400200624[]
1400200625[]
1400200626[]
1400200627[]
1400200628[]
1400200629[]
1400200630[]
1400200631[]
1400200632[]
1400200633[]
1400200634[]
1400200635[]
1400200636[]
1400200637[]
1400200638[]
1400200639[]
1400200640[]
1400200641[]
1400200642[]
1400200643[]
1400200644[]
1400200645[]
1400200646[]
1400200647[]
1400200648[]
1400200649[]
1400200650[]
1400200651[]
1400200652[]
1400200653[]
1400200654[]
1400200655[]
1400200656[]
1400200657[]
1400200658[]
1400200659[]
1400200660[]
1400200661[]
1400200662[]
1400200663[]
1400200664[]
1400200665[]
1400200666[]
1400200667[]
1400200668[]
1400200669[]
1400200670[]
1400200671[]
1400200672[]
1400200673[]
1400200674[]
1400200675[]
1400200676[]
1400200677[]
1400200678[]
1400200679[]
1400200680[]
1400200681[]
1400200682[]
1400200683[]
1400200684[]
1400200685[]
1400200686[]
1400200687[]
1400200688[]
1400200689[]
1400200690[]
1400200691[]
1400200692[]
1400200693[]
1400200694[]
1400200695[]
1400200696[]
1400200697[]
1400200698[]
1400200699[]
1400200700[]
1400200701[]
1400200702[]
1400200703[]
1400200704[]
1400200705[]
1400200706[]
1400200707[]
1400200708[]
1400200709[]
1400200710[]
1400200711[]
1400200712[]
1400200713[]
1400200714[]
1400200715[]
1400200716[]
1400200717[]
1400200718[]
1400200719[]
1400200720[]
1400200721[]
1400200722[]
1400200723[]
1400200724[]
1400200725[]
1400200726[]
1400200727[]
1400200728[]
1400200729[]
1400200730[]
1400200731[]
1400200732[]
1400200733[]
1400200734[]
1400200735[]
1400200736[]
1400200737[]
1400200738[]
1400200739[]
1400200740[]
1400200741[]
1400200742[]
1400200743[]
1400200744[]
1400200745[]
1400200746[]
1400200747[]
1400200748[]
1400200749[]
1400200750[]
1400200751[]
1400200752[]
1400200753[]
1400200754[]
1400200755[]
1400200756[]
1400200757[]
1400200758[]
1400200759[]
1400200760[]
1400200761[]
1400200762[]
1400200763[]
1400200764[]
1400200765[]
1400200766[]
1400200767[]
1400200768[]
1400200769[]
1400200770[]
1400200771[]
1400200772[]
1400200773[]
1400200774[]
1400200775[]
1400200776[]
1400200777[]
1400200778[]
1400200779[]
1400200780[]
1400200781[]
1400200782[]
1400200783[]
1400200784[]
1400200785[]
1400200786[]
1400200787[]
1400200788[]
1400200789[]
1400200790[]
1400200791[]
1400200792[]
1400200793[]
1400200794[]
1400200795[]
1400200796[]
1400200797[]
1400200798[]
1400200799[]
1400200800[]
1400200801[]
1400200802[]
1400200803[]
1400200804[]
1400200805[]
1400200806[]
1400200807[]
1400200808[]
1400200809[]
1400200810[]
1400200811[]
1400200812[]
1400200813[]
1400200814[]
1400200815[]
1400200816[]
1400200817[]
1400200818[]
1400200819[]
1400200820[]
1400200821[]
1400200822[]
1400200823[]
1400200824[]
1400200825[]
1400200826[]
1400200827[]
1400200828[]
1400200829[]
1400200830[]
1400200831[]
1400200832[]
1400200833[]
1400200834[]
1400200835[]
1400200836[]
1400200837[]
1400200838[]
1400200839[]
1400200840[]
1400200841[]
1400200842[]
1400200843[]
1400200844[]
1400200845[]
1400200846[]
1400200847[]
1400200848[]
1400200849[]
1400200850[]
1400200851[]
1400200852[]
1400200853[]
1400200854[]
1400200855[]
1400200856[]
1400200857[]
1400200858[]
1400200859[]
1400200860[]
1400200861[]
1400200862[]
1400200863[]
1400200864[]
1400200865[]
1400200866[]
1400200867[]
1400200868[]
1400200869[]
1400200870[]
1400200871[]
1400200872[]
1400200873[]
1400200874[]
1400200875[]
1400200876[]
1400200877[]
1400200878[]
1400200879[]
1400200880[]
1400200881[]
1400200882[]
1400200883[]
1400200884[]
1400200885[]
1400200886[]
1400200887[]
1400200888[]
1400200889[]
1400200890[]
1400200891[]
1400200892[]
1400200893[]
1400200894[]
1400200895[]
1400200896[]
1400200897[]
1400200898[]
1400200899[]
1400200900[]
1400200901[]
1400200902[]
1400200903[]
1400200904[]
1400200905[]
1400200906[]
1400200907[]
1400200908[]
1400200909[]
1400200910[]
1400200911[]
1400200912[]
1400200913[]
1400200914[]
1400200915[]
1400200916[]
1400200917[]
1400200918[]
1400200919[]
1400200920[]
1400200921[]
1400200922[]
1400200923[]
1400200924[]
1400200925[]
1400200926[]
1400200927[]
1400200928[]
1400200929[]
1400200930[]
1400200931[]
1400200932[]
1400200933[]
1400200934[]
1400200935[]
1400200936[]
1400200937[]
1400200938[]
1400200939[]
1400200940[]
1400200941[]
1400200942[]
1400200943[]
1400200944[]
1400200945[]
1400200946[]
1400200947[]
1400200948[231 125 14 30 9 0 1; ]
1400200949[232 124 14 31 9 0 1; ]
1400200950[233 123 14 31 9 0 1; ]
1400200951[233 122 14 31 9 0 1; ]
1400200952[234 121 14 31 9 0 1; ]
1400200953[234 121 14 32 9 0 1; ]
1400200954[234 121 13 32 9 0 1; ]
1400200955[235 121 12 32 9 0 1; ]
1400200956[235 121 12 32 9 0 1; ]
1400200957[235 121 13 32 9 0 1; ]
1400200958[235 122 13 32 9 0 1; ]
1400200959[236 123 13 32 9 0 1; ]
1400200960[236 125 14 32 9 0 1; ]
1400200961[236 126 14 32 9 0 1; ]
1400200962[236 128 16 31 9 0 1; ]
1400200963[237 127 16 31 9 0 1; ]
1400200964[237 126 16 32 9 0 1; ]
1400200965[237 125 16 32 9 0 1; ]
1400200966[238 124 16 31 9 0 1; ]
1400200967[238 124 16 31 9 0 1; ]
1400200968[239 124 17 31 9 0 1; ]
1400200969[239 125 17 32 9 0 1; ]
1400200970[240 125 17 32 9 0 1; ]
1400200971[241 125 17 32 9 0 1; ]
1400200972[241 126 16 33 9 0 1; ]
1400200973[242 126 16 33 9 0 1; ]
1400200974[243 125 16 33 9 0 1; ]
1400200975[244 125 16 33 9 0 1; ]
1400200976[245 124 15 33 9 0 1; ]
1400200977[246 122 15 33 9 0 1; ]
1400200978[247 120 16 34 9 0 1; ]
1400200979[248 120 17 34 9 0 1; ]
1400200980[249 121 17 33 9 0 1; ]
1400200981[250 123 17 33 9 0 1; ]
1400200982[251 123 17 33 9 0 1; ]
1400200983[252 123 17 33 9 0 1; ]
1400200984[253 123 17 33 9 0 1; ]
1400200985[254 123 16 33 9 0 1; ]
1400200986[255 123 16 33 9 0 1; ]
1400200987[256 122 16 33 9 0 1; ]
1400200988[257 121 16 33 9 0 1; ]
1400200989[257 124 16 33 9 0 1; ]
1400200990[258 127 16 32 9 0 1; ]
1400200991[258 127 16 32 9 0 1; ]
1400200992[258 127 16 32 9 0 1; ]
1400200993[259 124 16 33 9 0 1; ]
1400200994[260 121 16 33 9 0 1; ]
1400200995[261 116 16 33 9 0 1; ]
1400200996[262 111 16 33 9 0 1; ]
1400200997[262 108 16 33 9 0 1; ]
1400200998[262 109 16 34 9 0 1; ]
1400200999[264 110 16 35 9 0 1; ]
1400201000[265 111 15 35 9 0 1; ]
1400201001[265 113 15 35 9 0 1; ]
1400201002[265 115 15 34 9 0 1; ]
1400201003[265 118 15 34 9 0 1; ]
1400201004[265 120 15 33 9 0 1; ]
1400201005[265 121 15 33 9 0 1; ]
1400201006[265 122 15 34 9 0 1; ]
1400201007[265 122 16 35 9 0 1; ]
1400201008[265 121 16 35 9 0 1; ]
1400201009[265 119 16 34 9 0 1; ]
1400201010[264 118 16 34 9 0 1; ]
1400201011[264 117 16 34 9 0 1; ]
1400201012[264 116 16 33 9 0 1; ]
1400201013[264 115 16 33 9 0 1; ]
1400201014[264 114 16 33 9 0 1; ]
1400201015[263 113 16 33 9 0 1; ]
1400201016[263 113 16 33 9 0 1; ]
1400201017[263 112 16 33 9 0 1; ]
1400201018[262 112 16 33 9 0 1; ]
1400201019[261 111 16 33 9 0 1; ]
1400201020[261 111 16 33 9 0 1; ]
1400201021[260 111 16 33 9 0 1; ]
1400201022[259 111 16 34 9 0 1; ]
1400201023[259 112 15 34 9 0 1; ]
1400201024[258 113 15 34 9 0 1; ]
1400201025[257 114 15 34 9 0 1; ]
1400201026[256 114 15 34 9 0 1; ]
1400201027[255 115 15 34 9 0 1; ]
1400201028[254 115 15 34 9 0 1; ]
1400201029[253 115 15 34 9 0 1; ]
1400201030[253 115 15 34 9 0 1; ]
1400201031[252 114 15 34 9 0 1; ]
1400201032[251 112 15 34 9 0 1; ]
1400201033[250 110 16 34 9 0 1; ]
1400201034[249 109 16 34 9 0 1; ]
1400201035[248 109 16 34 9 0 1; ]
1400201036[247 110 17 35 9 0 1; ]
1400201037[246 111 18 36 9 0 1; ]
1400201038[246 109 17 34 9 0 1; ]
1400201039[246 108 17 33 9 0 1; ]
1400201040[246 107 17 32 9 0 1; ]
1400201041[246 106 16 32 9 0 1; ]
1400201042[246 106 16 31 9 0 1; ]
1400201043[246 106 16 32 9 0 1; ]
1400201044[246 106 16 32 9 0 1; ]
1400201045[246 105 16 33 9 0 1; ]
1400201046[246 105 16 35 9 0 1; ]
1400201047[247 103 16 36 9 0 1; ]
1400201048[247 101 17 37 9 0 1; ]
1400201049[247 100 16 36 9 0 1; ]
1400201050[247 97 16 36 9 0 1; ]
1400201051[248 93 16 36 9 0 1; ]
1400201052[246 90 17 39 9 0 1; ]
1400201053[246 87 16 39 9 0 1; ]
1400201054[246 86 16 38 9 0 1; ]
1400201055[246 86 16 38 9 0 1; ]
1400201056[246 86 16 38 9 0 1; ]
1400201057[246 87 16 38 9 0 1; ]
1400201058[246 90 17 38 9 0 1; ]
1400201059[245 95 19 37 9 0 1; ]
1400201060[243 99 20 37 9 0 1; ]
1400201061[243 100 20 38 9 0 1; ]
1400201062[243 101 20 39 9 0 1; ]
1400201063[243 101 20 39 9 0 1; ]
1400201064[243 101 19 39 9 0 1; ]
1400201065[243 102 18 39 9 0 1; ]
1400201066[244 102 16 38 9 0 1; ]
1400201067[244 102 14 36 9 0 1; ]
1400201068[244 100 15 38 9 0 1; ]
1400201069[243 100 16 39 9 0 1; ]
1400201070[243 99 17 39 9 0 1; ]
1400201071[241 101 18 40 9 0 1; ]
1400201072[240 102 18 41 9 0 1; ]
1400201073[240 103 17 40 9 0 1; ]
1400201074[240 103 17 39 9 0 1; ]
1400201075[240 103 16 39 9 0 1; ]
1400201076[240 103 17 37 9 0 1; ]
1400201077[240 103 17 37 9 0 1; ]
1400201078[239 103 16 38 9 0 1; ]
1400201079[239 103 16 38 9 0 1; ]
1400201080[238 103 17 38 9 0 1; ]
1400201081[237 103 17 38 9 0 1; ]
1400201082[237 103 18 39 9 0 1; ]
1400201083[236 103 19 41 9 0 1; ]
1400201084[235 103 19 42 9 0 1; ]
1400201085[235 103 20 42 9 0 1; ]
1400201086[235 103 20 41 9 0 1; ]
1400201087[234 102 20 40 9 0 1; ]
1400201088[234 100 19 41 9 0 1; ]
1400201089[234 98 19 43 9 0 1; ]
1400201090[234 97 18 44 9 0 1; ]
1400201091[234 97 18 44 9 0 1; ]
1400201092[235 97 17 43 9 0 1; ]
1400201093[235 97 17 43 9 0 1; ]
1400201094[236 98 17 43 9 0 1; ]
1400201095[236 99 17 42 9 0 1; ]
1400201096[237 100 17 42 9 0 1; ]
1400201097[238 102 17 40 9 0 1; ]
1400201098[238 102 18 41 9 0 1; ]
1400201099[239 103 18 41 9 0 1; ]
1400201100[240 102 17 42 9 0 1; ]
1400201101[241 102 17 42 9 0 1; ]
1400201102[242 101 17 42 9 0 1; ]
1400201103[243 100 16 43 9 0 1; ]
1400201104[243 99 16 43 9 0 1; ]
1400201105[242 97 18 42 9 0 1; ]
1400201106[242 97 19 42 9 0 1; ]
1400201107[242 98 19 42 9 0 1; ]
1400201108[242 99 19 42 9 0 1; ]
1400201109[242 99 20 42 9 0 1; ]
1400201110[242 99 20 42 9 0 1; ]
1400201111[242 98 20 44 9 0 1; ]
1400201112[243 97 20 45 9 0 1; ]
1400201113[243 96 20 44 9 0 1; ]
1400201114[243 95 19 44 9 0 1; ]
1400201115[242 94 19 43 9 0 1; ]
1400201116[242 93 19 43 9 0 1; ]
1400201117[242 92 19 42 9 0 1; ]
1400201118[242 92 19 42 9 0 1; ]
1400201119[242 91 19 42 9 0 1; ]
1400201120[242 91 19 42 9 0 1; ]
1400201121[241 91 19 42 9 0 1; ]
1400201122[241 91 20 42 9 0 1; ]
1400201123[240 91 20 42 9 0 1; ]
1400201124[239 91 21 43 9 0 1; ]
1400201125[238 90 22 43 9 0 1; ]
1400201126[238 90 23 44 9 0 1; ]
1400201127[237 90 25 44 9 0 1; ]
1400201128[236 90 24 45 9 0 1; ]
1400201129[235 91 24 45 9 0 1; ]
1400201130[235 91 24 46 9 0 1; ]
1400201131[234 93 24 47 9 0 1; ]
1400201132[233 94 23 48 9 0 1; ]
1400201133[233 95 23 48 9 0 1; ]
1400201134[232 96 23 48 9 0 1; ]
1400201135[231 96 23 48 9 0 1; ]
1400201136[231 97 22 48 9 0 1; ]
1400201137[230 97 22 48 9 0 1; ]
1400201138[229 97 22 48 9 0 1; ]
1400201139[229 96 22 47 9 0 1; ]
1400201140[228 95 21 47 9 0 1; ]
1400201141[227 94 21 47 9 0 1; ]
1400201142[227 93 21 49 9 0 1; ]
1400201143[226 94 21 50 9 0 1; ]
1400201144[225 95 22 51 9 0 1; ]
1400201145[224 96 22 51 9 0 1; ]
1400201146[223 96 22 51 9 0 1; ]
1400201147[222 96 22 52 9 0 1; ]
1400201148[222 96 22 52 9 0 1; ]
1400201149[221 95 22 52 9 0 1; ]
1400201150[220 94 22 52 9 0 1; ]
1400201151[220 94 22 52 9 0 1; ]
1400201152[219 94 22 52 9 0 1; ]
1400201153[219 93 22 53 9 0 1; ]
1400201154[219 93 22 53 9 0 1; ]
1400201155[218 93 22 53 9 0 1; ]
1400201156[218 93 21 52 9 0 1; ]
1400201157[217 93 20 50 9 0 1; ]
1400201158[217 92 21 52 9 0 1; ]
1400201159[216 92 22 53 9 0 1; ]
1400201160[215 92 23 54 9 0 1; ]
1400201161[214 91 23 54 9 0 1; ]
1400201162[214 91 24 54 9 0 1; ]
1400201163[213 91 24 54 9 0 1; ]
1400201164[213 91 25 54 9 0 1; ]
1400201165[212 91 25 53 9 0 1; ]
1400201166[212 91 25 53 9 0 1; ]
1400201167[211 92 25 53 9 0 1; ]
1400201168[211 92 24 53 9 0 1; ]
1400201169[211 93 24 53 9 0 1; ]
1400201170[210 94 24 52 9 0 1; ]
1400201171[210 95 23 51 9 0 1; ]
1400201172[210 96 22 50 9 0 1; ]
1400201173[209 94 23 52 9 0 1; ]
1400201174[209 93 23 54 9 0 1; ]
1400201175[209 91 24 56 9 0 1; ]
1400201176[208 90 24 57 9 0 1; ]
1400201177[208 89 25 58 9 0 1; ]
1400201178[207 88 25 59 9 0 1; ]
1400201179[207 88 25 59 9 0 1; ]
1400201180[206 88 25 60 9 0 1; ]
1400201181[205 88 26 60 9 0 1; ]
1400201182[205 88 26 59 9 0 1; ]
1400201183[204 88 26 59 9 0 1; ]
1400201184[203 89 26 59 9 0 1; ]
1400201185[202 89 26 59 9 0 1; ]
1400201186[201 90 26 58 9 0 1; ]
1400201187[200 91 26 57 9 0 1; ]
1400201188[199 90 27 59 9 0 1; ]
1400201189[198 89 28 60 9 0 1; ]
1400201190[197 88 28 61 9 0 1; ]
1400201191[196 87 28 62 9 0 1; ]
1400201192[195 86 28 62 9 0 1; ]
1400201193[194 85 28 63 9 0 1; ]
1400201194[193 85 28 63 9 0 1; ]
1400201195[192 85 28 64 9 0 1; ]
1400201196[191 85 28 65 9 0 1; ]
1400201197[190 85 28 66 9 0 1; ]
1400201198[189 85 28 66 9 0 1; ]
1400201199[188 85 28 67 9 0 1; ]
1400201200[187 85 29 67 9 0 1; ]
1400201201[186 86 29 67 9 0 1; ]
1400201202[185 86 29 67 9 0 1; ]
1400201203[184 85 31 68 9 0 1; ]
1400201204[182 84 31 68 9 0 1; ]
1400201205[181 83 30 69 9 0 1; ]
1400201206[180 81 30 69 9 0 1; ]
1400201207[178 80 30 70 9 0 1; ]
1400201208[177 80 30 70 9 0 1; ]
1400201209[175 79 29 70 9 0 1; ]
1400201210[174 79 29 70 9 0 1; ]
1400201211[172 79 29 71 9 0 1; ]
1400201212[171 79 29 71 9 0 1; ]
1400201213[170 79 29 71 9 0 1; ]
1400201214[168 79 29 71 9 0 1; ]
1400201215[167 79 29 71 9 0 1; ]
1400201216[165 79 29 71 9 0 1; ]
1400201217[164 80 29 71 9 0 1; ]
1400201218[162 79 30 73 9 0 1; ]
1400201219[161 78 31 75 9 0 1; ]
1400201220[159 77 32 76 9 0 1; ]
1400201221[157 77 32 76 9 0 1; ]
1400201222[156 78 33 76 9 0 1; ]
1400201223[154 78 33 76 9 0 1; ]
1400201224[152 79 33 76 9 0 1; ]
1400201225[151 79 33 76 9 0 1; ]
1400201226[149 79 33 76 9 0 1; ]
1400201227[148 79 33 77 9 0 1; ]
1400201228[146 78 33 77 9 0 1; ]
1400201229[144 78 32 78 9 0 1; ]
1400201230[143 77 32 79 9 0 1; ]
1400201231[141 76 31 79 9 0 1; ]
1400201232[139 75 31 80 9 0 1; ]
1400201233[137 75 31 82 9 0 1; ]
1400201234[135 75 32 84 9 0 1; ]
1400201235[132 75 35 86 9 0 1; ]
1400201236[129 75 38 88 9 0 1; ]
1400201237[127 74 40 89 9 0 1; ]
1400201238[125 74 41 90 9 0 1; ]
1400201239[123 73 42 91 9 0 1; ]
1400201240[121 72 42 92 9 0 1; ]
1400201241[119 70 43 92 9 0 1; ]
1400201242[118 68 43 92 9 0 1; ]
1400201243[116 66 43 93 9 0 1; ]
1400201244[114 65 43 93 9 0 1; ]
1400201245[113 66 42 94 9 0 1; ]
1400201246[111 66 41 95 9 0 1; ]
1400201247[109 67 39 96 9 0 1; ]
1400201248[107 68 37 97 9 0 1; ]
1400201249[105 70 34 98 9 0 1; ]
1400201250[100 71 39 98 9 0 1; ]
1400201251[95 72 41 98 9 0 1; ]
1400201252[92 71 40 98 9 0 1; ]
1400201253[90 69 39 99 9 0 1; ]
1400201254[88 67 38 101 9 0 1; ]
1400201255[86 64 37 102 9 0 1; ]
1400201256[84 62 36 104 9 0 1; ]
1400201257[82 61 35 105 9 0 1; ]
1400201258[78 61 36 106 9 0 1; ]
1400201259[73 61 38 108 9 0 1; ]
1400201260[67 61 41 109 9 0 1; ]
1400201261[61 61 44 110 9 0 1; ]
1400201262[54 61 49 111 9 0 1; ]
1400201263[46 61 54 112 9 0 1; ]
1400201264[38 61 60 113 9 0 1; ]
1400201265[35 60 60 114 9 0 1; ]
1400201266[32 59 59 116 9 0 1; ]
1400201267[29 58 59 117 9 0 1; ]
1400201268[25 56 59 118 9 0 1; ]
1400201269[22 55 59 120 9 0 1; ]
1400201270[18 53 58 122 9 0 1; ]
1400201271[14 52 58 124 9 0 1; ]
1400201272[10 50 57 126 9 0 1; ]
1400201273[5 48 57 128 9 0 1; ]
1400201274[1 45 56 131 9 0 1; ]
1400201275[]
1400201276[]
1400201277[]
1400201278[]
1400201279[]
1400201280[]
1400201281[]
1400201282[]
1400201283[]
1400201284[]
1400201285[]
1400201286[]
1400201287[]
1400201288[]
1400201289[]
1400201290[]
1400201291[]
1400201292[]
1400201293[]
1400201294[]
1400201295[]
1400201296[]
1400201297[]
1400201298[]
1400201299[]
1400201300[]
1400201301[]
1400201302[]
1400201303[]
1400201304[]
1400201305[]
1400201306[]
1400201307[]
1400201308[]
1400201309[]
1400201310[]
1400201311[]
1400201312[]
1400201313[]
1400201314[]
1400201315[]
1400201316[]
1400201317[]
1400201318[]
1400201319[]
1400201320[]
1400201321[]
1400201322[]
1400201323[]
1400201324[]
1400201325[]
1400201326[]
1400201327[]
1400201328[]
1400201329[]
1400201330[]
1400201331[]
1400201332[]
1400201333[]
1400201334[]
1400201335[]
1400201336[]
1400201337[]
1400201338[]
1400201339[]
1400201340[]
1400201341[]
1400201342[]
1400201343[]
1400201344[]
1400201345[]
1400201346[]
1400201347[]
1400201348[]
1400201349[]
1400201350[]
1400201351[]
1400201352[]
1400201353[]
1400201354[]
1400201355[]
1400201356[]
1400201357[]
1400201358[]
1400201359[]
1400201360[]
1400201361[]
1400201362[]
1400201363[]
1400201364[]
1400201365[]
1400201366[]
1400201367[]
1400201368[]
1400201369[]
1400201370[]
1400201371[]
1400201372[]
1400201373[]
1400201374[]
1400201375[]
1400201376[]
1400201377[]
1400201378[]
1400201379[]
1400201380[]
1400201381[]
1400201382[]
1400201383[]
1400201384[]
1400201385[]
1400201386[]
1400201387[]
1400201388[]
1400201389[]
1400201390[]
1400201391[]
1400201392[]
1400201393[]
1400201394[]
1400201395[]
1400201396[]
1400201397[]
1400201398[]
1400201399[]
1400201400[]
1400201401[]
1400201402[]
1400201403[]
1400201404[]
1400201405[]
1400201406[]
1400201407[]
1400201408[]
1400201409[]
1400201410[]
1400201411[]
1400201412[]
1400201413[]
1400201414[]
1400201415[]
1400201416[]
1400201417[]
1400201418[]
1400201419[]
1400201420[]
1400201421[]
1400201422[]
1400201423[]
1400201424[]
1400201425[]
1400201426[]
1400201427[]
1400201428[]
1400201429[]
1400201430[]
1400201431[]
1400201432[]
1400201433[]
1400201434[]
1400201435[]
1400201436[]
1400201437[]
1400201438[]
1400201439[]
1400201440[]
1400201441[]
1400201442[]
1400201443[]
1400201444[]
1400201445[]
1400201446[]
1400201447[]
1400201448[]
1400201449[]
1400201450[]
1400201451[]
1400201452[]
1400201453[]
1400201454[]
1400201455[]
1400201456[]
1400201457[]
1400201458[]
1400201459[]
1400201460[]
1400201461[]
1400201462[]
1400201463[]
1400201464[]
1400201465[]
1400201466[]
1400201467[]
1400201468[]
1400201469[]
1400201470[]
1400201471[]
1400201472[]
1400201473[]
1400201474[]
1400201475[]
1400201476[]
1400201477[]
1400201478[]
1400201479[]
1400201480[]
1400201481[]
1400201482[]
1400201483[]
1400201484[]
1400201485[]
1400201486[]
1400201487[]
1400201488[]
1400201489[]
1400201490[]
1400201491[]
1400201492[]
1400201493[]
1400201494[]
1400201495[]
1400201496[]
1400201497[]
1400201498[]
1400201499[]
1400201500[]
1400201501[]
1400201502[]
1400201503[]
1400201504[]
1400201505[]
1400201506[]
1400201507[]
1400201508[]
1400201509[]
1400201510[]
1400201511[]
1400201512[]
1400201513[]
1400201514[]
1400201515[]
1400201516[]
1400201517[]
1400201518[]
1400201519[]
1400201520[]
1400201521[]
1400201522[]
1400201523[]
1400201524[]
1400201525[]
1400201526[]
1400201527[]
1400201528[]
1400201529[]
1400201530[]
1400201531[]
1400201532[]
1400201533[]
1400201534[]
1400201535[]
1400201536[]
1400201537[]
1400201538[]
1400201539[]
1400201540[]
1400201541[]
1400201542[]
1400201543[]
1400201544[]
1400201545[]
1400201546[]
1400201547[]
1400201548[343 98 14 30 11 1 3; ]
1400201549[344 98 14 30 11 1 3; ]
1400201550[345 99 14 30 11 1 3; ]
1400201551[346 99 14 30 11 1 3; ]
1400201552[347 100 14 30 11 1 3; ]
1400201553[348 100 14 30 11 1 3; ]
1400201554[]
1400201555[]
1400201556[]
1400201557[]
1400201558[]
1400201559[]
1400201560[]
1400201561[]
1400201562[]
1400201563[]
1400201564[]
1400201565[]
1400201566[]
1400201567[367 117 14 30 12 1 0; ]
1400201568[]
1400201569[]
1400201570[]
1400201571[]
1400201572[]
1400201573[]
1400201574[]
1400201575[]
1400201576[]
1400201577[366 130 12 30 16 1 0; ]
1400201578[368 126 13 30 16 1 0; ]
1400201579[369 123 13 31 16 1 0; ]
1400201580[383 120 12 31 12 1 0; 370 120 13 31 16 1 0; ]
1400201581[372 118 13 31 16 1 0; ]
1400201582[373 116 13 31 16 1 0; ]
1400201583[374 114 13 30 16 1 0; ]
1400201584[375 112 13 30 16 1 0; ]
1400201585[]
1400201586[390 109 14 30 12 1 0; ]
1400201587[]
1400201588[392 108 16 30 12 1 0; ]
1400201589[]
1400201590[382 106 13 30 16 1 0; ]
1400201591[384 105 13 30 16 1 0; ]
1400201592[385 104 13 31 16 1 0; ]
1400201593[387 104 13 31 16 1 0; ]
1400201594[388 104 14 31 16 1 0; ]
1400201595[389 103 14 31 16 1 0; ]
1400201596[391 103 14 31 16 1 0; ]
1400201597[392 104 14 31 16 1 0; ]
1400201598[394 104 14 30 16 1 0; ]
1400201599[395 104 14 30 16 1 0; ]
1400201600[409 103 15 30 12 1 0; ]
1400201601[410 103 15 30 12 1 0; ]
1400201602[411 103 15 30 12 1 0; ]
1400201603[413 102 15 30 12 1 0; ]
1400201604[414 102 15 30 12 1 0; ]
1400201605[416 101 14 30 12 1 0; ]
1400201606[417 101 15 30 12 1 0; ]
1400201607[419 100 15 31 12 1 0; ]
1400201608[420 99 15 31 12 1 0; ]
1400201609[421 98 15 31 12 1 0; ]
1400201610[]
1400201611[]
1400201612[]
1400201613[]
1400201614[]
1400201615[]
1400201616[]
1400201617[436 96 19 34 7 1 0; 423 99 14 30 16 1 0; ]
1400201618[437 96 21 35 7 1 0; 425 99 14 30 16 1 0; ]
1400201619[439 95 21 36 7 1 0; 427 98 15 30 16 1 0; ]
1400201620[441 95 21 37 7 1 0; 429 98 15 31 16 1 0; ]
1400201621[444 94 21 37 7 1 0; 431 97 15 31 16 1 0; ]
1400201622[447 94 20 38 7 1 0; 433 97 16 31 16 1 0; 482 98 15 30 43 0 0; ]
1400201623[451 93 18 38 7 1 0; 435 96 16 32 16 1 0; 484 98 16 30 43 0 0; ]
1400201624[454 92 19 38 7 1 0; 437 96 16 32 16 1 0; 487 98 18 30 43 0 0; ]
1400201625[456 91 19 37 7 1 0; 439 95 17 32 16 1 0; 490 97 17 32 43 0 0; ]
1400201626[458 90 20 37 7 1 0; 441 95 17 33 16 1 0; 493 96 17 33 43 0 0; ]
1400201627[460 90 20 37 7 1 0; 443 94 17 33 16 1 0; ]
1400201628[462 89 20 37 7 1 0; 445 94 18 34 16 1 0; ]
1400201629[465 89 20 38 7 1 0; 447 93 18 34 16 1 0; ]
1400201630[468 89 20 38 7 1 0; 449 93 18 34 16 1 0; ]
1400201631[471 89 20 39 7 1 0; 451 92 19 35 16 1 0; ]
1400201632[474 89 20 39 7 1 0; 454 93 16 34 18 0 0; ]
1400201633[477 88 20 40 7 1 0; 457 93 16 34 18 0 0; ]
1400201634[480 88 20 41 7 1 0; 459 93 18 35 18 0 0; ]
1400201635[483 88 20 41 7 1 0; 463 93 16 37 18 1 0; ]
1400201636[487 88 20 42 7 1 0; 466 92 16 37 18 1 0; ]
1400201637[490 88 20 42 7 1 0; 468 92 16 37 18 1 0; ]
1400201638[471 92 17 37 18 1 0; ]
1400201639[474 92 17 38 18 1 0; ]
1400201640[477 91 17 38 18 1 0; ]
1400201641[480 91 17 39 18 1 0; ]
1400201642[483 91 18 39 18 1 0; ]
1400201643[486 91 18 39 18 1 0; ]
1400201644[489 91 18 40 18 1 0; ]
1400201645[492 91 18 42 18 1 0; ]
1400201646[]
1400201647[]
1400201648[]
1400201649[]
1400201650[]
1400201651[]
1400201652[]
1400201653[]
1400201654[]
1400201655[]
1400201656[]
1400201657[]
1400201658[]
1400201659[]
1400201660[]
1400201661[]
1400201662[]
1400201663[]
1400201664[]
1400201665[]
1400201666[]
1400201667[]
1400201668[]
1400201669[]
1400201670[]
1400201671[]
1400201672[]
1400201673[]
1400201674[]
1400201675[]
1400201676[]
1400201677[]
1400201678[]
1400201679[]
1400201680[]
1400201681[]
1400201682[]
1400201683[]
1400201684[]
1400201685[]
1400201686[]
1400201687[]
1400201688[]
1400201689[]
1400201690[]
1400201691[]
1400201692[]
1400201693[]
1400201694[]
1400201695[]
1400201696[]
1400201697[]
1400201698[]
1400201699[]
1400201700[]
1400201701[]
1400201702[]
1400201703[]
1400201704[]
1400201705[]
1400201706[]
1400201707[]
1400201708[]
1400201709[]
1400201710[]
1400201711[]
1400201712[]
1400201713[]
1400201714[]
1400201715[]
1400201716[]
1400201717[]
1400201718[]
1400201719[]
1400201720[]
1400201721[]
1400201722[]
1400201723[]
1400201724[]
1400201725[]
1400201726[]
1400201727[]
1400201728[]
1400201729[]
1400201730[]
1400201731[]
1400201732[]
1400201733[]
1400201734[]
1400201735[]
1400201736[]
1400201737[]
1400201738[]
1400201739[]
1400201740[]
1400201741[]
1400201742[]
1400201743[]
1400201744[]
1400201745[]
1400201746[]
1400201747[]
1400201748[]
1400201749[]
1400201750[181 105 15 30 25 0 1; ]
1400201751[]
1400201752[]
1400201753[]
1400201754[]
1400201755[]
1400201756[]
1400201757[]
1400201758[]
1400201759[]
1400201760[]
1400201761[]
1400201762[]
1400201763[]
1400201764[]
1400201765[]
1400201766[]
1400201767[]
1400201768[]
1400201769[]
1400201770[248 107 15 30 28 0 2; ]
1400201771[252 106 15 30 28 0 2; ]
1400201772[255 106 15 30 28 0 2; ]
1400201773[258 106 15 30 28 0 2; ]
1400201774[]
1400201775[]
1400201776[]
1400201777[]
1400201778[]
1400201779[]
1400201780[]
1400201781[277 108 15 30 28 0 2; ]
1400201782[279 108 15 30 28 0 2; ]
1400201783[]
1400201784[]
1400201785[283 108 15 30 28 0 2; ]
1400201786[284 107 15 31 28 0 2; ]
1400201787[285 108 15 31 28 0 2; ]
1400201788[286 109 15 31 28 0 2; ]
1400201789[287 111 15 30 28 0 2; ]
1400201790[]
1400201791[]
1400201792[]
1400201793[]
1400201794[]
1400201795[289 104 15 31 28 0 2; ]
1400201796[288 100 15 30 28 0 2; ]
1400201797[]
1400201798[]
1400201799[]
1400201800[283 96 15 30 28 0 2; ]
1400201801[282 97 16 31 28 0 2; ]
1400201802[281 99 16 31 28 0 2; ]
1400201803[279 100 16 31 28 0 2; ]
1400201804[278 102 15 30 28 0 2; ]
1400201805[]
1400201806[]
1400201807[]
1400201808[]
1400201809[275 98 13 30 29 0 2; ]
1400201810[275 98 13 30 29 0 2; ]
1400201811[274 98 14 30 29 0 2; ]
1400201812[]
1400201813[]
1400201814[]
1400201815[]
1400201816[]
1400201817[]
1400201818[]
1400201819[]
1400201820[]
1400201821[]
1400201822[]
1400201823[]
1400201824[]
1400201825[]
1400201826[]
1400201827[]
1400201828[]
1400201829[]
1400201830[]
1400201831[275 103 16 31 29 0 2; ]
1400201832[276 103 16 32 29 0 2; ]
1400201833[276 103 16 32 29 0 2; ]
1400201834[277 103 16 31 29 0 2; ]
1400201835[278 104 16 30 29 0 2; ]
1400201836[279 105 16 31 29 0 2; ]
1400201837[280 105 16 31 29 0 2; ]
1400201838[281 105 16 31 29 0 2; ]
1400201839[282 105 17 32 29 0 2; ]
1400201840[283 104 17 32 29 0 2; ]
1400201841[284 104 17 32 29 0 2; ]
1400201842[285 104 17 32 29 0 2; ]
1400201843[287 104 17 32 29 0 2; ]
1400201844[288 104 18 32 29 0 2; ]
1400201845[289 104 18 32 29 0 2; ]
1400201846[291 103 18 32 29 0 2; ]
1400201847[293 103 18 31 29 0 2; ]
1400201848[295 103 19 31 29 0 2; ]
1400201849[297 103 19 31 29 0 2; ]
1400201850[300 103 19 30 29 0 2; ]
1400201851[305 103 17 30 29 0 2; ]
1400201852[306 103 18 31 29 0 2; ]
1400201853[309 103 19 33 29 0 2; ]
1400201854[313 103 18 33 29 0 2; ]
1400201855[318 103 17 34 29 0 2; ]
1400201856[321 101 17 34 29 0 2; ]
1400201857[325 99 16 34 29 0 2; ]
1400201858[329 101 16 33 29 0 2; ]
1400201859[332 103 16 32 29 0 2; ]
1400201860[335 103 16 32 29 0 2; ]
1400201861[338 103 17 31 29 0 2; ]
1400201862[341 103 17 31 29 0 2; ]
1400201863[344 103 18 31 29 0 2; ]
1400201864[346 103 18 30 29 0 2; ]
1400201865[349 103 18 30 29 0 2; ]
1400201866[]
1400201867[353 103 18 31 29 0 2; ]
1400201868[353 103 19 31 30 0 2; ]
1400201869[356 103 18 31 30 0 2; ]
1400201870[359 103 18 31 30 0 2; ]
1400201871[361 103 18 31 30 0 2; ]
1400201872[364 103 18 31 30 0 2; ]
1400201873[366 103 18 31 30 0 2; ]
1400201874[368 103 18 31 30 0 2; ]
1400201875[370 103 18 31 30 0 2; ]
1400201876[372 103 18 31 30 0 2; ]
1400201877[373 103 18 31 30 0 2; ]
1400201878[375 103 19 31 30 0 2; ]
1400201879[376 103 19 31 30 0 2; ]
1400201880[378 103 19 31 30 0 2; ]
1400201881[379 103 19 33 30 0 2; ]
1400201882[380 103 19 35 30 0 2; ]
1400201883[380 104 19 34 30 0 2; ]
1400201884[380 105 19 33 30 0 2; ]
1400201885[381 105 19 33 30 0 2; ]
1400201886[383 105 19 33 30 0 2; ]
1400201887[385 105 18 33 30 0 2; ]
1400201888[387 105 17 33 30 0 2; ]
1400201889[387 105 17 33 30 0 2; ]
1400201890[388 105 18 33 30 0 2; ]
1400201891[388 105 18 33 30 0 2; ]
1400201892[388 105 19 33 30 0 2; ]
1400201893[387 105 19 33 30 0 2; ]
1400201894[386 105 19 33 30 0 2; ]
1400201895[386 105 19 33 30 0 2; ]
1400201896[198 103 16 34 27 0 0; 386 105 19 33 30 0 2; ]
1400201897[198 103 16 34 27 1 0; 386 105 19 33 30 0 2; ]
1400201898[386 105 19 33 30 0 2; ]
1400201899[385 105 19 33 30 0 2; ]
1400201900[385 105 19 33 30 0 2; ]
1400201901[383 105 19 33 30 0 2; ]
1400201902[382 105 19 33 30 0 2; ]
1400201903[382 105 19 33 30 0 2; ]
1400201904[382 105 19 33 30 0 2; ]
1400201905[381 105 19 33 30 0 2; ]
1400201906[380 104 20 34 30 0 2; ]
1400201907[379 103 21 35 30 0 2; ]
1400201908[378 103 22 35 30 0 2; ]
1400201909[377 103 21 35 30 0 2; ]
1400201910[376 103 20 35 30 0 2; 225 101 24 36 31 1 2; ]
1400201911[376 103 20 35 30 0 2; 227 101 24 33 31 1 2; ]
1400201912[376 103 20 35 30 0 2; 229 101 25 30 31 1 2; ]
1400201913[376 101 20 36 30 0 2; ]
1400201914[376 100 21 38 30 0 2; ]
1400201915[375 100 22 38 30 0 2; ]
1400201916[374 100 22 38 30 0 2; ]
1400201917[374 100 22 38 30 0 2; ]
1400201918[374 100 22 38 30 0 2; ]
1400201919[374 100 22 37 30 0 2; ]
1400201920[374 100 22 37 30 0 2; ]
1400201921[374 100 22 37 30 0 2; ]
1400201922[374 100 22 36 30 0 2; ]
1400201923[374 100 22 36 30 0 2; ]
1400201924[374 100 22 36 30 0 2; ]
1400201925[374 100 22 37 30 0 2; ]
1400201926[374 99 22 38 30 0 2; ]
1400201927[374 98 22 39 30 0 2; ]
1400201928[374 97 22 41 30 0 2; ]
1400201929[374 96 22 41 30 0 2; ]
1400201930[374 95 22 41 30 0 2; 286 97 28 33 31 0 2; ]
1400201931[374 96 22 42 30 0 2; ]
1400201932[375 96 22 42 30 0 2; 296 98 26 31 31 0 2; ]
1400201933[375 97 22 43 30 0 2; 299 99 27 32 31 0 2; ]
1400201934[376 97 22 43 30 0 2; 303 100 29 32 31 0 2; ]
1400201935[377 97 21 43 30 0 2; 308 100 29 32 31 0 2; ]
1400201936[379 97 21 43 30 0 2; 313 101 29 33 31 0 2; ]
1400201937[380 97 20 43 30 0 2; 318 101 29 33 31 0 2; ]
1400201938[381 97 20 43 30 0 2; 323 101 29 34 31 0 2; ]
1400201939[381 97 21 42 30 0 2; 328 101 29 34 31 0 2; ]
1400201940[381 97 22 41 30 0 2; 333 100 29 34 31 0 2; ]
1400201941[382 97 23 41 30 0 2; 338 99 28 34 31 0 2; ]
1400201942[383 98 23 40 30 0 2; 343 98 28 34 31 0 2; ]
1400201943[383 98 23 40 30 0 2; 348 97 28 34 31 0 2; ]
1400201944[385 94 22 44 30 0 2; 353 97 29 34 31 0 2; ]
1400201945[386 94 22 44 30 0 2; 363 97 25 34 31 0 2; ]
1400201946[366 95 44 42 32 0 2; ]
1400201947[373 96 38 40 32 0 2; ]
1400201948[379 97 33 39 32 0 2; ]
1400201949[384 98 31 39 32 0 2; ]
1400201950[388 98 30 39 32 0 2; ]
1400201951[391 98 31 41 32 0 2; ]
1400201952[393 98 33 43 32 0 2; ]
1400201953[393 98 39 43 32 0 2; ]
1400201954[417 99 27 37 4 0 2; 395 97 22 44 33 0 2; ]
1400201955[422 99 29 37 4 0 2; 396 96 24 45 33 0 2; ]
1400201956[428 98 30 37 4 0 2; 396 96 25 45 33 0 2; ]
1400201957[434 98 32 37 4 0 2; 399 96 24 45 33 0 2; ]
1400201958[440 98 33 36 4 0 2; 399 98 25 45 33 0 2; ]
1400201959[446 97 34 36 4 0 2; 399 96 26 47 33 0 2; ]
1400201960[452 97 35 36 4 0 2; 399 96 26 47 33 0 2; ]
1400201961[458 97 35 36 4 0 2; 403 94 25 49 33 0 2; ]
1400201962[464 97 35 36 4 0 2; 404 94 25 48 33 0 2; ]
1400201963[471 97 35 36 4 0 2; 405 95 25 46 33 0 2; ]
1400201964[405 95 26 46 33 0 2; ]
1400201965[407 95 26 46 33 0 2; ]
1400201966[408 94 26 47 33 0 2; ]
1400201967[410 95 26 47 33 0 2; ]
1400201968[412 95 27 47 33 0 2; ]
1400201969[413 95 28 48 33 0 2; ]
1400201970[415 95 28 48 33 0 2; ]
1400201971[416 95 27 48 33 0 2; ]
1400201972[418 95 27 48 33 0 2; ]
1400201973[418 95 27 49 33 0 2; ]
1400201974[419 95 27 49 33 0 2; ]
1400201975[421 97 28 47 33 0 2; ]
1400201976[423 98 28 47 33 0 2; ]
1400201977[425 95 28 48 33 0 2; ]
1400201978[427 94 28 48 33 0 2; ]
1400201979[428 94 28 48 33 0 2; ]
1400201980[429 94 29 48 33 0 2; ]
1400201981[431 94 29 48 33 0 2; ]
1400201982[432 94 29 48 33 0 2; ]
1400201983[434 94 28 48 33 0 2; ]
1400201984[436 94 28 48 33 0 2; ]
1400201985[438 94 28 48 33 0 2; ]
1400201986[440 94 28 48 33 0 2; ]
1400201987[441 93 30 48 33 0 2; ]
1400201988[442 93 31 48 33 0 2; ]
1400201989[444 92 29 50 33 0 2; ]
1400201990[446 92 29 51 33 0 2; ]
1400201991[449 92 28 52 33 0 2; ]
1400201992[451 92 27 52 33 0 2; ]
1400201993[453 92 27 53 33 0 2; ]
1400201994[455 92 27 53 33 0 2; ]
1400201995[456 92 29 54 33 0 2; ]
1400201996[458 91 30 54 33 0 2; ]
1400201997[460 90 30 56 33 0 2; ]
1400201998[463 89 30 57 33 0 2; ]
1400201999[465 89 29 57 33 0 2; ]
1400202000[467 89 29 57 33 0 2; ]
1400202001[469 89 30 55 33 0 2; ]
1400202002[471 89 31 53 33 0 2; ]
1400202003[473 89 31 53 33 0 2; ]
1400202004[476 90 31 53 33 0 2; ]
1400202005[478 90 29 53 33 0 2; ]
1400202006[481 90 29 53 33 0 2; ]
1400202007[]
1400202008[]
1400202009[]
1400202010[]
1400202011[]
1400202012[]
1400202013[]
1400202014[]
1400202015[]
1400202016[]
1400202017[]
1400202018[]
1400202019[]
1400202020[]
1400202021[]
1400202022[]
1400202023[]
1400202024[]
1400202025[]
1400202026[]
1400202027[]
1400202028[]
1400202029[]
1400202030[]
1400202031[]
1400202032[]
1400202033[]
1400202034[]
1400202035[]
1400202036[]
1400202037[]
1400202038[]
1400202039[]
1400202040[]
1400202041[]
1400202042[]
1400202043[]
1400202044[]
1400202045[]
1400202046[]
1400202047[]
1400202048[]
1400202049[]
1400202050[]
1400202051[]
1400202052[]
1400202053[]
1400202054[]
1400202055[]
1400202056[]
1400202057[]
1400202058[]
1400202059[]
1400202060[]
1400202061[]
1400202062[]
1400202063[]
1400202064[]
1400202065[]
1400202066[]
1400202067[]
1400202068[]
1400202069[]
1400202070[]
1400202071[]
1400202072[]
1400202073[]
1400202074[]
1400202075[]
1400202076[]
1400202077[]
1400202078[]
1400202079[]
1400202080[]
1400202081[]
1400202082[]
1400202083[]
1400202084[]
1400202085[]
1400202086[]
1400202087[]
1400202088[]
1400202089[]
1400202090[]
1400202091[]
1400202092[]
1400202093[]
1400202094[]
1400202095[]
1400202096[]
1400202097[]
1400202098[]
1400202099[]
1400202100[]
1400202101[]
1400202102[]
1400202103[]
1400202104[]
1400202105[]
1400202106[]
1400202107[]
1400202108[]
1400202109[]
1400202110[]
1400202111[]
1400202112[]
1400202113[]
1400202114[]
1400202115[]
1400202116[]
1400202117[]
1400202118[]
1400202119[]
1400202120[]
1400202121[]
1400202122[]
1400202123[]
1400202124[]
1400202125[]
1400202126[]
1400202127[]
1400202128[]
1400202129[]
1400202130[]
1400202131[]
1400202132[]
1400202133[]
1400202134[]
1400202135[]
1400202136[]
1400202137[]
1400202138[]
1400202139[]
1400202140[]
1400202141[]
1400202142[]
1400202143[]
1400202144[]
1400202145[]
1400202146[]
1400202147[]
1400202148[]
1400202149[]
1400202150[]
1400202151[]
1400202152[]
1400202153[]
1400202154[]
1400202155[]
1400202156[]
1400202157[]
1400202158[]
1400202159[]
1400202160[]
1400202161[]
1400202162[]
1400202163[]
1400202164[]
1400202165[]
1400202166[]
1400202167[]
1400202168[]
1400202169[]
1400202170[]
1400202171[]
1400202172[]
1400202173[]
1400202174[]
1400202175[]
1400202176[]
1400202177[]
1400202178[]
1400202179[]
1400202180[]
1400202181[]
1400202182[]
1400202183[]
1400202184[]
1400202185[]
1400202186[]
1400202187[]
1400202188[]
1400202189[]
1400202190[]
1400202191[]
1400202192[]
1400202193[]
1400202194[]
1400202195[]
1400202196[]
1400202197[]
1400202198[]
1400202199[]
1400202200[]
1400202201[]
1400202202[]
1400202203[]
1400202204[]
1400202205[]
1400202206[]
1400202207[]
1400202208[]
1400202209[]
1400202210[]
1400202211[]
1400202212[]
1400202213[]
1400202214[]
1400202215[]
1400202216[]
1400202217[]
1400202218[]
1400202219[]
1400202220[]
1400202221[]
1400202222[]
1400202223[]
1400202224[]
1400202225[]
1400202226[]
1400202227[]
1400202228[]
1400202229[]
1400202230[]
1400202231[]
1400202232[]
1400202233[]
1400202234[]
1400202235[]
1400202236[]
1400202237[]
1400202238[]
1400202239[]
1400202240[]
1400202241[]
1400202242[]
1400202243[]
1400202244[]
1400202245[]
1400202246[]
1400202247[]
1400202248[]
1400202249[]
1400202250[]
1400202251[]
1400202252[]
1400202253[]
1400202254[]
1400202255[]
1400202256[]
1400202257[]
1400202258[]
1400202259[]
1400202260[]
1400202261[]
1400202262[]
1400202263[]
1400202264[]
1400202265[]
1400202266[]
1400202267[]
1400202268[]
1400202269[]
1400202270[]
1400202271[]
1400202272[]
1400202273[]
1400202274[]
1400202275[]
1400202276[]
1400202277[]
1400202278[]
1400202279[]
1400202280[]
1400202281[]
1400202282[]
1400202283[]
1400202284[]
1400202285[]
1400202286[]
1400202287[]
1400202288[]
1400202289[]
1400202290[]
1400202291[]
1400202292[]
1400202293[]
1400202294[]
1400202295[]
1400202296[]
1400202297[]
1400202298[]
1400202299[]
1400202300[486 100 20 33 36 0 0; ]
1400202301[480 100 19 33 36 0 0; ]
1400202302[474 99 21 34 36 0 0; ]
1400202303[469 99 22 34 36 0 0; ]
1400202304[461 99 23 34 36 1 0; ]
1400202305[]
1400202306[452 103 19 34 37 1 0; ]
1400202307[449 99 21 38 37 0 0; ]
1400202308[441 99 22 38 37 0 0; ]
1400202309[438 100 22 37 37 0 0; ]
1400202310[434 100 21 37 37 0 0; ]
1400202311[]
1400202312[]
1400202313[418 102 20 35 38 0 0; ]
1400202314[415 102 19 35 38 0 0; ]
1400202315[410 102 22 35 38 0 0; ]
1400202316[406 102 20 35 38 0 0; ]
1400202317[402 102 21 35 38 0 0; ]
1400202318[397 102 21 34 38 0 0; ]
1400202319[392 102 22 33 38 0 0; ]
1400202320[389 102 22 33 38 0 0; ]
1400202321[385 102 22 33 38 0 0; ]
1400202322[382 102 22 33 38 0 0; ]
1400202323[378 102 22 33 38 0 0; ]
1400202324[376 102 22 33 38 0 0; ]
1400202325[376 102 17 33 38 1 0; ]
1400202326[370 102 17 33 38 1 0; ]
1400202327[370 102 15 33 38 1 0; ]
1400202328[]
1400202329[]
1400202330[]
1400202331[]
1400202332[]
1400202333[]
1400202334[]
1400202335[]
1400202336[]
1400202337[]
1400202338[]
1400202339[]
1400202340[]
1400202341[]
1400202342[]
1400202343[]
1400202344[]
1400202345[]
1400202346[]
1400202347[]
1400202348[]
1400202349[]
1400202350[]
1400202351[]
1400202352[]
1400202353[]
1400202354[]
1400202355[]
1400202356[]
1400202357[]
1400202358[]
1400202359[]
1400202360[]
1400202361[]
1400202362[]
1400202363[]
1400202364[]
1400202365[]
1400202366[]
1400202367[]
1400202368[]
1400202369[]
1400202370[]
1400202371[]
1400202372[]
1400202373[]
1400202374[]
1400202375[]
1400202376[]
1400202377[]
1400202378[]
1400202379[]
1400202380[]
1400202381[]
1400202382[]
1400202383[]
1400202384[]
1400202385[]
1400202386[]
1400202387[]
1400202388[]
1400202389[]
1400202390[]
1400202391[]
1400202392[]
1400202393[]
1400202394[]
1400202395[]
1400202396[]
1400202397[]
1400202398[]
1400202399[]
1400202400[]
1400202401[]
1400202402[]
1400202403[]
1400202404[]
1400202405[]
1400202406[]
1400202407[]
1400202408[]
1400202409[]
1400202410[]
1400202411[]
1400202412[]
1400202413[]
1400202414[]
1400202415[]
1400202416[]
1400202417[]
1400202418[]
1400202419[]
1400202420[]
1400202421[]
1400202422[]
1400202423[]
1400202424[]
1400202425[]
1400202426[]
1400202427[]
1400202428[]
1400202429[]
1400202430[]
1400202431[]
1400202432[]
1400202433[]
1400202434[]
1400202435[]
1400202436[]
1400202437[]
1400202438[]
1400202439[]
1400202440[]
1400202441[]
1400202442[]
1400202443[]
1400202444[]
1400202445[]
1400202446[]
1400202447[]
1400202448[]
1400202449[]
1400202450[]
1400202451[]
1400202452[]
1400202453[]
1400202454[]
1400202455[]
1400202456[]
1400202457[]
1400202458[]
1400202459[]
1400202460[]
1400202461[]
1400202462[]
1400202463[]
1400202464[]
1400202465[]
1400202466[]
1400202467[]
1400202468[]
1400202469[]
1400202470[]
1400202471[]
1400202472[]
1400202473[]
1400202474[]
1400202475[]
1400202476[]
1400202477[]
1400202478[]
1400202479[]
1400202480[]
1400202481[]
1400202482[]
1400202483[]
1400202484[]
1400202485[]
1400202486[]
1400202487[]
1400202488[]
1400202489[]
1400202490[]
1400202491[]
1400202492[]
1400202493[]
1400202494[]
1400202495[]
1400202496[]
1400202497[]
1400202498[]
1400202499[]
1400202500[]
1400202501[]
1400202502[]
1400202503[]
1400202504[]
1400202505[]
1400202506[]
1400202507[]
1400202508[]
1400202509[]
1400202510[]
1400202511[]
1400202512[]
1400202513[]
1400202514[]
1400202515[]
1400202516[]
1400202517[]
1400202518[]
1400202519[]
1400202520[]
1400202521[]
1400202522[]
1400202523[]
1400202524[]
1400202525[]
1400202526[]
1400202527[]
1400202528[]
1400202529[]
1400202530[]
1400202531[]
1400202532[]
1400202533[]
1400202534[]
1400202535[]
1400202536[]
1400202537[]
1400202538[]
1400202539[]
1400202540[]
1400202541[]
1400202542[]
1400202543[]
1400202544[]
1400202545[]
1400202546[]
1400202547[]
1400202548[]
1400202549[]
1400202550[]
1400202551[]
1400202552[]
1400202553[]
1400202554[]
1400202555[]
1400202556[]
1400202557[]
1400202558[]
1400202559[]
1400202560[]
1400202561[]
1400202562[]
1400202563[]
1400202564[]
1400202565[]
1400202566[]
1400202567[]
1400202568[]
1400202569[]
1400202570[]
1400202571[]
1400202572[]
1400202573[]
1400202574[]
1400202575[]
1400202576[]
1400202577[]
1400202578[]
1400202579[]
1400202580[]
1400202581[]
1400202582[]
1400202583[]
1400202584[]
1400202585[]
1400202586[]
1400202587[]
1400202588[]
1400202589[]
1400202590[]
1400202591[]
1400202592[]
1400202593[]
1400202594[]
1400202595[]
1400202596[]
1400202597[]
1400202598[]
1400202599[]
1400202600[]
1400202601[]
1400202602[]
1400202603[]
1400202604[]
1400202605[]
1400202606[]
1400202607[]
1400202608[]
1400202609[]
1400202610[]
1400202611[]
1400202612[]
1400202613[]
1400202614[]
1400202615[]
1400202616[]
1400202617[]
1400202618[]
1400202619[]
1400202620[]
1400202621[]
1400202622[]
1400202623[]
1400202624[]
1400202625[]
1400202626[]
1400202627[]
1400202628[]
1400202629[]
1400202630[]
1400202631[]
1400202632[]
1400202633[]
1400202634[]
1400202635[]
1400202636[]
1400202637[]
1400202638[]
1400202639[]
1400202640[]
1400202641[]
1400202642[]
1400202643[]
1400202644[]
1400202645[]
1400202646[]
1400202647[]
1400202648[]
1400202649[]
1400202650[]
1400202651[]
1400202652[]
1400202653[]
1400202654[]
1400202655[]
1400202656[]
1400202657[]
1400202658[]
1400202659[]
1400202660[]
1400202661[]
1400202662[]
1400202663[]
1400202664[]
1400202665[]
1400202666[]
1400202667[]
1400202668[]
1400202669[]
1400202670[]
1400202671[]
1400202672[]
1400202673[]
1400202674[]
1400202675[]
1400202676[]
1400202677[]
1400202678[]
1400202679[]
1400202680[]
1400202681[]
1400202682[]
1400202683[]
1400202684[]
1400202685[362 98 19 54 44 1 1; ]
1400202686[362 97 19 54 44 1 1; ]
1400202687[362 97 20 54 44 1 1; ]
1400202688[361 97 20 54 44 1 1; ]
1400202689[361 97 20 54 44 1 1; ]
1400202690[361 97 20 54 44 1 1; ]
1400202691[361 97 20 54 44 1 1; ]
1400202692[361 97 20 54 44 1 1; ]
1400202693[361 96 21 54 44 1 1; ]
1400202694[360 96 21 54 44 1 1; ]
1400202695[360 96 21 55 44 1 1; ]
1400202696[360 96 21 55 44 1 1; ]
1400202697[360 96 21 55 44 1 1; ]
1400202698[360 96 21 55 44 1 1; ]
1400202699[360 96 22 55 44 1 1; ]
1400202700[360 96 22 55 44 1 1; ]
1400202701[360 96 22 55 44 1 1; ]
1400202702[360 96 22 55 44 1 1; ]
1400202703[360 96 22 55 44 1 1; ]
1400202704[360 96 22 55 44 1 1; ]
1400202705[360 96 22 55 44 1 1; ]
1400202706[360 96 22 55 44 1 1; ]
1400202707[360 96 22 55 44 1 1; ]
1400202708[360 96 22 55 44 1 1; ]
1400202709[360 96 22 55 44 1 1; ]
1400202710[360 96 22 55 44 1 1; ]
1400202711[360 96 22 55 44 1 1; ]
1400202712[360 96 22 55 44 1 1; ]
1400202713[360 96 22 55 44 1 1; ]
1400202714[360 96 22 55 44 1 1; ]
1400202715[360 96 22 55 44 1 1; ]
1400202716[360 96 22 55 44 1 1; ]
1400202717[360 96 22 55 44 1 1; ]
1400202718[360 96 22 55 44 1 1; ]
1400202719[360 96 22 55 44 1 1; ]
1400202720[360 96 22 55 44 1 1; ]
1400202721[360 96 22 55 44 1 1; ]
1400202722[360 96 22 55 44 1 1; ]
1400202723[360 96 22 55 44 1 1; ]
1400202724[360 96 22 55 44 1 1; ]
1400202725[360 96 22 55 44 1 1; ]
1400202726[360 96 22 55 44 1 1; ]
1400202727[360 96 22 55 44 1 1; ]
1400202728[360 96 22 55 44 1 1; ]
1400202729[360 96 22 55 44 1 1; ]
1400202730[360 91 23 58 26 1 0; ]
1400202731[359 91 24 59 26 1 0; ]
1400202732[359 91 25 60 26 1 0; ]
1400202733[358 90 26 61 26 1 0; ]
1400202734[358 90 27 62 26 1 0; ]
1400202735[358 90 28 62 26 1 0; ]
1400202736[357 90 28 63 26 1 0; ]
1400202737[357 90 29 63 26 1 0; ]
1400202738[357 90 29 64 26 1 0; ]
1400202739[357 90 29 64 26 1 0; ]
1400202740[357 90 30 65 26 1 0; ]
1400202741[358 90 30 65 26 1 0; ]
1400202742[358 90 30 66 26 1 0; ]
1400202743[358 90 30 66 26 1 0; ]
1400202744[359 90 30 66 26 1 0; ]
1400202745[360 90 30 66 26 1 0; ]
1400202746[360 89 30 67 26 0 0; ]
1400202747[361 89 30 68 26 0 0; ]
1400202748[362 89 30 69 26 0 0; ]
1400202749[362 89 30 70 26 0 0; ]
1400202750[363 89 31 71 26 0 0; ]
1400202751[364 89 31 71 26 0 0; ]
1400202752[365 89 31 72 26 0 0; ]
1400202753[365 89 31 72 26 0 0; ]
1400202754[366 89 31 73 26 0 0; ]
1400202755[367 88 31 73 26 0 0; ]
1400202756[367 88 31 73 26 0 0; ]
1400202757[368 88 31 73 26 0 0; ]
1400202758[369 88 31 74 26 0 0; ]
1400202759[370 88 32 74 26 0 0; ]
1400202760[370 88 32 74 26 0 0; ]
1400202761[371 88 32 74 26 0 0; ]
1400202762[373 88 32 74 26 0 0; ]
1400202763[374 87 32 75 26 0 0; ]
1400202764[375 87 32 75 26 0 0; ]
1400202765[376 87 33 75 26 0 0; ]
1400202766[378 87 33 76 26 0 0; ]
1400202767[379 87 33 76 26 0 0; ]
1400202768[380 87 33 77 26 0 0; ]
1400202769[381 87 33 77 26 0 0; ]
1400202770[382 87 34 78 26 0 0; ]
1400202771[384 88 34 79 26 0 0; ]
1400202772[385 88 34 80 26 0 0; ]
1400202773[386 88 34 81 26 0 0; ]
1400202774[387 88 34 82 26 0 0; ]
1400202775[389 89 35 84 26 0 0; ]
1400202776[390 89 35 82 26 0 0; ]
1400202777[391 88 35 81 26 0 0; ]
1400202778[393 88 36 80 26 0 0; ]
1400202779[394 88 36 79 26 0 0; ]
1400202780[395 88 36 79 26 0 0; ]
1400202781[397 87 36 79 26 0 0; ]
1400202782[399 87 36 79 26 0 0; ]
1400202783[400 87 36 79 26 0 0; ]
1400202784[402 87 36 79 26 0 0; ]
1400202785[404 87 36 79 26 0 0; ]
1400202786[406 86 35 79 26 0 0; ]
1400202787[408 86 35 80 26 0 0; ]
1400202788[410 86 34 80 26 0 0; ]
1400202789[412 86 34 81 26 0 0; ]
1400202790[415 86 33 82 26 0 0; ]
1400202791[416 85 34 83 26 0 0; ]
1400202792[418 85 36 84 26 0 0; ]
1400202793[420 85 37 85 26 0 0; ]
1400202794[422 85 38 85 26 0 0; ]
1400202795[424 85 38 86 26 0 0; ]
1400202796[426 85 39 86 26 0 0; ]
1400202797[428 85 39 86 26 0 0; ]
1400202798[430 85 40 86 26 0 0; ]
1400202799[432 85 40 86 26 0 0; ]
1400202800[435 85 40 86 26 0 0; ]
1400202801[437 85 40 86 26 0 0; ]
1400202802[440 85 41 86 26 0 0; ]
1400202803[442 85 41 85 26 0 0; ]
1400202804[445 85 41 84 26 0 0; ]
1400202805[448 85 41 84 26 0 0; ]
1400202806[450 83 42 85 26 0 0; ]
1400202807[453 82 43 87 26 0 0; ]
1400202808[455 81 43 89 26 0 0; 310 111 17 38 40 1 0; ]
1400202809[457 80 44 90 26 0 0; 310 111 17 38 40 1 0; ]
1400202810[460 79 45 92 26 0 0; 310 111 17 38 40 1 0; ]
1400202811[462 79 45 93 26 0 0; 310 111 17 38 40 1 0; ]
1400202812[465 78 45 94 26 0 0; 310 111 17 38 40 0 0; ]
1400202813[310 111 17 38 40 0 0; ]
1400202814[310 111 17 38 40 0 0; ]
1400202815[310 111 17 38 40 0 0; ]
1400202816[310 111 17 38 40 0 0; ]
1400202817[310 111 17 38 40 0 0; ]
1400202818[310 111 19 38 40 0 0; ]
1400202819[310 111 19 38 40 0 0; ]
1400202820[311 111 17 38 40 0 0; ]
1400202821[312 111 16 38 40 0 0; ]
1400202822[314 111 14 38 40 0 0; ]
1400202823[314 111 14 38 40 0 0; ]
1400202824[313 111 15 37 40 0 0; ]
1400202825[312 111 16 37 40 0 0; ]
1400202826[311 112 16 37 40 0 0; ]
1400202827[311 112 17 37 40 0 0; ]
1400202828[311 112 17 37 40 0 0; ]
1400202829[311 112 18 37 40 0 0; ]
1400202830[311 112 18 37 40 0 0; ]
1400202831[311 112 18 37 40 0 0; ]
1400202832[311 112 18 37 40 0 0; ]
1400202833[311 112 18 37 40 0 0; ]
1400202834[311 112 18 37 40 0 0; ]
1400202835[311 112 18 37 40 0 0; ]
1400202836[311 112 18 37 40 0 0; ]
1400202837[311 112 18 37 40 0 0; ]
1400202838[311 112 18 37 40 0 0; ]
1400202839[311 112 18 37 40 0 0; ]
1400202840[311 112 18 37 40 0 0; ]
1400202841[312 111 18 37 40 0 0; ]
1400202842[312 111 18 37 40 0 0; ]
1400202843[312 111 17 37 40 0 0; ]
1400202844[313 110 17 37 40 0 0; ]
1400202845[313 110 17 37 40 0 0; ]
1400202846[313 110 17 37 40 0 0; ]
1400202847[314 109 17 37 40 0 0; ]
1400202848[314 108 16 38 40 0 0; ]
1400202849[314 107 16 39 40 0 0; ]
1400202850[314 107 16 39 40 0 0; ]
1400202851[314 107 16 39 40 0 0; ]
1400202852[314 107 16 39 40 0 0; ]
1400202853[314 107 16 39 40 0 0; ]
1400202854[314 107 16 39 40 0 0; ]
1400202855[314 107 16 39 40 0 0; ]
1400202856[314 106 16 39 40 0 0; ]
1400202857[314 106 17 39 40 0 0; ]
1400202858[314 105 17 39 40 0 0; ]
1400202859[314 105 18 39 40 0 0; ]
1400202860[314 106 18 38 40 0 0; ]
1400202861[314 107 18 37 40 0 0; ]
1400202862[315 107 18 37 40 0 0; ]
1400202863[315 107 19 37 40 0 0; ]
1400202864[315 107 20 37 40 0 0; ]
1400202865[316 107 20 37 40 0 0; ]
1400202866[317 106 19 38 40 0 0; ]
1400202867[318 104 17 39 40 0 0; ]
1400202868[318 104 17 39 40 0 0; ]
1400202869[318 104 17 39 40 0 0; ]
1400202870[319 104 18 39 40 0 0; ]
1400202871[319 104 18 39 40 0 0; ]
1400202872[319 105 18 39 40 0 0; ]
1400202873[320 106 18 38 40 0 0; ]
1400202874[320 107 17 37 40 0 0; ]
1400202875[321 107 17 37 40 0 0; ]
1400202876[322 106 16 37 40 0 0; ]
1400202877[323 106 16 38 40 0 0; ]
1400202878[324 106 16 38 40 0 0; ]
1400202879[324 106 16 38 40 0 0; ]
1400202880[324 106 16 38 40 0 0; ]
1400202881[324 106 16 38 40 0 0; ]
1400202882[325 107 16 38 40 0 0; ]
1400202883[326 107 16 38 40 0 0; ]
1400202884[326 107 16 38 40 0 0; ]
1400202885[327 108 16 38 40 0 0; ]
1400202886[327 108 16 38 40 0 0; ]
1400202887[327 108 16 38 40 0 0; ]
1400202888[328 108 16 38 40 0 0; ]
1400202889[330 108 16 38 40 0 0; ]
1400202890[331 108 16 38 40 0 0; ]
1400202891[331 108 17 38 40 0 0; ]
1400202892[332 108 17 38 40 0 0; ]
1400202893[333 108 16 38 40 0 0; ]
1400202894[335 108 16 38 40 0 0; ]
1400202895[336 108 16 38 40 0 0; ]
1400202896[336 108 16 38 40 0 0; ]
1400202897[336 108 17 38 40 0 0; ]
1400202898[336 108 17 38 40 0 0; ]
1400202899[337 108 18 38 40 0 0; ]
1400202900[337 108 18 38 40 0 0; ]
1400202901[338 108 18 38 40 0 0; ]
1400202902[340 108 18 39 40 0 0; ]
1400202903[341 108 18 39 40 0 0; ]
1400202904[343 109 17 40 40 0 0; ]
1400202905[344 110 16 40 40 0 0; ]
1400202906[345 110 16 40 40 0 0; ]
1400202907[346 110 16 40 40 0 0; ]
1400202908[348 110 16 40 40 0 0; ]
1400202909[349 110 16 40 40 0 0; ]
1400202910[350 110 15 40 40 0 0; ]
1400202911[350 110 15 40 40 0 0; ]
1400202912[351 110 16 40 40 0 0; ]
1400202913[352 110 17 40 40 0 0; ]
1400202914[352 110 18 40 40 0 0; ]
1400202915[352 110 19 40 40 0 0; ]
1400202916[355 110 16 40 40 0 0; ]
1400202917[357 110 15 40 40 0 0; ]
1400202918[357 112 16 39 40 0 0; ]
1400202919[358 112 16 38 40 0 0; ]
1400202920[360 112 15 38 40 0 0; ]
1400202921[361 112 14 38 40 0 0; ]
1400202922[362 112 15 38 40 0 0; ]
1400202923[363 112 16 39 40 0 0; ]
1400202924[363 112 16 39 40 0 0; ]
1400202925[364 112 16 39 40 0 0; ]
1400202926[365 112 18 39 40 0 0; ]
1400202927[366 112 19 39 40 0 0; ]
1400202928[368 112 16 39 40 0 0; ]
1400202929[370 112 16 39 40 0 0; ]
1400202930[370 111 17 40 40 0 0; ]
1400202931[370 110 18 40 40 0 0; ]
1400202932[371 110 17 41 40 0 0; ]
1400202933[373 109 17 41 40 0 0; ]
1400202934[374 109 17 41 40 0 0; ]
1400202935[376 108 18 42 40 0 0; ]
1400202936[376 107 20 44 40 0 0; ]
1400202937[377 105 20 45 40 0 0; ]
1400202938[380 104 17 46 40 0 0; ]
1400202939[381 103 16 47 40 0 0; ]
1400202940[381 102 19 45 40 0 0; ]
1400202941[381 101 21 44 40 0 0; ]
1400202942[382 101 21 44 40 0 0; ]
1400202943[382 101 21 44 40 0 0; ]
1400202944[384 101 22 44 40 0 0; ]
1400202945[386 101 22 44 40 0 0; ]
1400202946[387 101 21 44 40 0 0; ]
1400202947[389 101 19 44 40 0 0; ]
1400202948[392 101 20 44 40 0 0; ]
1400202949[393 101 20 44 40 0 0; ]
1400202950[393 99 21 46 40 0 0; ]
1400202951[393 99 21 47 40 0 0; ]
1400202952[394 99 22 47 40 0 0; ]
1400202953[395 99 22 47 40 0 0; ]
1400202954[397 99 21 44 40 0 0; ]
1400202955[399 99 20 43 40 0 0; ]
1400202956[401 99 19 43 40 0 0; ]
1400202957[403 99 19 43 40 0 0; ]
1400202958[404 100 19 41 40 0 0; ]
1400202959[405 102 19 40 40 0 0; ]
1400202960[406 103 20 42 40 0 0; ]
1400202961[407 103 20 43 40 0 0; ]
1400202962[408 104 20 42 40 0 0; ]
1400202963[410 104 19 42 40 0 0; ]
1400202964[411 104 18 43 40 0 0; ]
1400202965[413 103 17 44 40 0 0; ]
1400202966[416 100 17 43 40 0 0; ]
1400202967[418 97 16 42 40 0 0; ]
1400202968[418 95 17 43 40 0 0; ]
1400202969[419 94 19 44 40 0 0; ]
1400202970[422 94 17 43 40 0 0; ]
1400202971[425 94 16 42 40 0 0; ]
1400202972[426 94 16 43 40 0 0; ]
1400202973[428 95 16 45 40 0 0; ]
