0900000001[]
0900000002[]
0900000003[]
0900000004[]
0900000005[]
0900000006[]
0900000007[]
0900000008[]
0900000009[]
0900000010[]
0900000011[]
0900000012[]
0900000013[]
0900000014[]
0900000015[]
0900000016[]
0900000017[]
0900000018[]
0900000019[]
0900000020[]
0900000021[]
0900000022[477 106 30 54 1 0 1; ]
0900000023[470 105 30 54 1 0 1; ]
0900000024[464 103 29 54 1 0 1; ]
0900000025[458 102 28 54 1 0 1; ]
0900000026[454 101 27 54 1 0 1; ]
0900000027[450 101 26 53 1 0 1; ]
0900000028[447 100 24 53 1 0 1; ]
0900000029[444 97 25 56 1 0 1; ]
0900000030[440 94 24 56 1 0 1; 482 90 28 57 2 0 1; ]
0900000031[436 92 24 55 1 0 1; 480 90 27 55 2 0 1; ]
0900000032[433 91 24 54 1 0 1; 478 90 25 50 2 0 1; ]
0900000033[430 91 24 54 1 0 1; 476 92 25 51 2 0 1; ]
0900000034[428 91 25 54 1 0 1; 474 94 25 51 2 0 1; ]
0900000035[426 91 25 54 1 0 1; 472 95 25 51 2 0 1; ]
0900000036[424 92 26 54 1 0 1; 471 96 25 51 2 0 1; ]
0900000037[423 92 27 54 1 0 1; 469 95 25 51 2 0 1; ]
0900000038[422 92 27 54 1 1 1; 468 93 25 50 2 1 1; ]
0900000039[422 90 26 55 1 1 1; 467 90 24 49 2 1 1; ]
0900000040[422 88 27 54 1 1 1; 467 85 24 54 2 1 1; ]
0900000041[]
0900000042[]
0900000043[]
0900000044[422 79 19 48 69 1 3; ]
0900000045[422 79 19 48 69 1 3; ]
0900000046[422 79 19 48 69 1 3; ]
0900000047[]
0900000048[]
0900000049[]
0900000050[]
0900000051[]
0900000052[473 81 18 52 71 1 3; ]
0900000053[474 83 19 51 71 1 3; ]
0900000054[475 85 19 50 71 1 3; ]
0900000055[476 87 20 48 71 1 3; ]
0900000056[474 86 25 53 5 0 1; ]
0900000057[475 85 27 53 5 0 1; ]
0900000058[476 83 28 53 5 0 1; ]
0900000059[477 82 29 54 5 0 1; ]
0900000060[478 81 30 54 5 0 1; ]
0900000061[479 81 30 54 5 0 1; ]
0900000062[480 81 30 54 5 0 1; ]
0900000063[]
0900000064[]
0900000065[487 82 22 55 68 0 1; ]
0900000066[23 85 20 36 7 0 1; 487 82 23 55 68 0 1; ]
0900000067[22 84 20 36 7 0 1; ]
0900000068[22 83 20 36 7 0 1; ]
0900000069[21 83 20 36 7 0 1; ]
0900000070[443 80 25 60 6 0 1; 21 82 20 36 7 0 1; ]
0900000071[444 80 24 61 6 0 1; 20 81 20 36 7 0 1; ]
0900000072[444 80 24 61 6 0 1; 19 81 20 36 7 0 1; ]
0900000073[445 80 24 62 6 0 1; 18 81 20 36 7 0 1; ]
0900000074[446 80 24 62 6 0 1; 18 80 20 36 7 0 1; ]
0900000075[446 80 24 62 6 0 1; 17 80 20 36 7 0 1; ]
0900000076[447 80 24 63 6 0 1; 16 80 20 36 7 0 1; ]
0900000077[448 80 24 63 6 0 1; 15 80 20 36 7 0 1; ]
0900000078[449 80 24 63 6 0 1; 14 80 20 37 7 0 1; ]
0900000079[449 80 24 64 6 1 1; 13 80 20 37 7 0 1; ]
0900000080[450 80 24 64 6 1 1; 12 80 20 37 7 0 1; ]
0900000081[451 80 23 65 6 1 1; 11 80 20 38 7 0 1; ]
0900000082[451 80 23 65 6 1 1; 8 80 20 38 7 0 1; ]
0900000083[451 80 23 65 6 1 1; 6 80 20 38 7 0 1; ]
0900000084[451 80 23 65 6 1 1; 4 80 20 38 7 0 1; ]
0900000085[451 80 23 65 6 1 1; 2 80 20 38 7 0 1; ]
0900000086[451 80 23 65 6 1 1; 0 80 20 37 7 0 1; ]
0900000087[]
0900000088[]
0900000089[]
0900000090[]
0900000091[]
0900000092[]
0900000093[]
0900000094[]
0900000095[]
0900000096[]
0900000097[]
0900000098[]
0900000099[]
0900000100[]
0900000101[]
0900000102[]
0900000103[]
0900000104[]
0900000105[]
0900000106[]
0900000107[436 74 25 65 9 1 3; ]
0900000108[436 77 23 65 9 1 3; ]
0900000109[437 81 22 65 9 1 3; ]
0900000110[437 83 22 65 9 1 3; ]
0900000111[435 83 24 65 9 1 3; ]
0900000112[486 85 25 60 8 0 3; 430 84 28 65 9 1 3; ]
0900000113[484 86 26 59 8 0 3; 425 84 31 65 9 1 3; ]
0900000114[482 86 26 59 8 1 3; 421 85 34 65 9 0 3; ]
0900000115[481 87 27 59 8 1 3; 419 86 34 66 9 0 3; ]
0900000116[480 87 27 59 8 1 3; 418 87 35 67 9 0 3; ]
0900000117[479 88 27 58 8 1 3; 417 88 35 68 9 0 3; ]
0900000118[416 89 36 69 9 0 3; ]
0900000119[415 90 36 70 9 0 3; ]
0900000120[415 91 36 71 9 0 3; ]
0900000121[415 92 37 71 9 0 3; ]
0900000122[415 92 37 71 9 0 3; ]
0900000123[415 92 37 71 9 0 3; ]
0900000124[416 92 36 72 9 0 3; ]
0900000125[417 93 36 72 9 0 3; ]
0900000126[419 93 36 72 9 0 3; ]
0900000127[421 93 35 72 9 0 3; ]
0900000128[424 93 35 72 9 0 3; ]
0900000129[427 93 34 72 9 0 3; ]
0900000130[430 92 35 74 9 0 3; ]
0900000131[432 90 35 76 9 0 3; ]
0900000132[435 88 35 78 9 0 3; ]
0900000133[437 87 36 79 9 0 3; ]
0900000134[440 85 36 79 9 0 3; ]
0900000135[443 84 37 79 9 0 3; 11 94 22 36 12 0 2; ]
0900000136[445 82 37 79 9 0 3; 10 91 24 37 12 0 2; ]
0900000137[448 80 37 79 9 0 3; 10 89 26 37 12 0 2; ]
0900000138[450 79 38 79 9 0 3; 10 87 27 37 12 0 2; ]
0900000139[453 78 38 79 9 0 3; 10 86 28 37 12 0 2; ]
0900000140[455 77 38 79 9 0 3; 10 85 28 38 12 0 2; ]
0900000141[458 77 39 79 9 0 3; 11 86 27 38 12 0 2; ]
0900000142[460 78 39 79 9 0 3; 13 88 26 39 12 0 2; ]
0900000143[463 79 40 79 9 0 3; 14 89 24 40 12 0 2; ]
0900000144[465 80 40 80 9 0 3; 15 90 23 41 12 0 2; ]
0900000145[469 80 40 81 9 0 3; 15 90 23 41 12 0 2; ]
0900000146[14 90 25 41 12 0 2; ]
0900000147[15 95 24 38 12 0 2; 0 93 20 43 13 0 1; ]
0900000148[16 94 24 39 12 0 2; 0 92 20 44 13 0 1; ]
0900000149[16 93 24 39 12 0 2; 0 90 20 44 13 0 1; ]
0900000150[17 92 24 40 12 0 2; 0 89 20 44 13 0 1; ]
0900000151[18 91 23 41 12 0 2; 0 88 21 45 13 0 1; ]
0900000152[19 91 23 41 12 0 2; 0 88 21 45 13 0 1; ]
0900000153[19 90 23 42 12 0 2; 0 87 21 45 13 0 1; ]
0900000154[20 89 23 43 12 0 2; 0 86 22 45 13 0 1; ]
0900000155[20 89 23 41 12 0 2; 0 86 22 45 13 0 1; ]
0900000156[20 89 23 38 12 0 2; 0 86 22 45 13 0 1; ]
0900000157[20 89 23 38 12 0 2; 0 86 23 44 13 0 1; ]
0900000158[20 89 23 38 12 0 2; 0 86 23 44 13 0 1; ]
0900000159[21 89 23 38 12 0 2; 1 85 23 43 13 0 1; ]
0900000160[21 89 23 38 12 0 2; 1 85 23 42 13 0 1; ]
0900000161[22 89 24 38 12 0 2; 1 85 24 41 13 0 1; ]
0900000162[22 89 25 38 12 0 2; 1 85 24 40 13 0 1; ]
0900000163[1 85 24 41 13 0 1; 29 88 20 36 14 0 1; 20 85 20 42 15 0 1; ]
0900000164[1 85 24 41 13 0 1; 29 88 20 36 14 0 1; 20 85 20 41 15 0 1; ]
0900000165[1 85 23 41 13 0 1; 29 88 20 36 14 0 1; 20 85 20 41 15 0 1; ]
0900000166[2 85 23 42 13 0 1; 30 88 20 36 14 0 1; 21 86 20 41 15 0 1; ]
0900000167[2 85 23 42 13 0 1; 30 88 20 37 14 0 1; 21 86 20 41 15 0 1; ]
0900000168[2 85 23 42 13 0 1; 30 89 20 37 14 0 1; 21 86 20 41 15 0 1; ]
0900000169[2 85 22 43 13 0 1; 30 91 20 37 14 0 1; 21 87 20 41 15 0 1; ]
0900000170[3 85 22 43 13 0 1; 31 91 20 38 14 0 1; 22 88 20 40 15 0 1; ]
0900000171[3 85 22 44 13 0 1; 31 91 20 38 14 0 1; 22 89 20 40 15 0 1; ]
0900000172[3 85 22 44 13 0 1; 31 91 20 38 14 0 1; 22 90 20 40 15 0 1; ]
0900000173[3 85 22 44 13 0 1; 32 91 20 39 14 0 1; 22 89 20 40 15 0 1; ]
0900000174[3 85 21 45 13 0 1; 32 91 20 39 14 0 1; 22 89 20 40 15 0 1; ]
0900000175[4 85 21 45 13 0 1; 32 90 20 39 14 0 1; 22 89 20 40 15 0 1; ]
0900000176[4 85 21 45 13 0 1; 33 90 20 39 14 0 1; 23 89 20 40 15 0 1; ]
0900000177[4 85 21 46 13 0 1; 33 89 20 40 14 0 1; 23 88 20 40 15 0 1; ]
0900000178[5 86 21 46 13 0 1; 33 88 20 40 14 0 1; 23 88 20 40 15 0 1; ]
0900000179[5 86 21 46 13 0 1; 34 90 20 40 14 0 1; 24 88 20 40 15 0 1; ]
0900000180[6 86 21 46 13 0 1; 34 91 20 39 14 0 1; 24 88 20 40 15 0 1; ]
0900000181[6 87 21 47 13 0 1; 34 93 20 39 14 0 1; 24 89 20 40 15 0 1; ]
0900000182[7 87 21 47 13 0 1; 35 94 20 39 14 0 1; 24 90 20 40 15 0 1; ]
0900000183[7 88 22 47 13 0 1; 35 95 20 39 14 0 1; 25 92 20 41 15 0 1; ]
0900000184[8 88 22 47 13 0 1; 36 95 20 39 14 0 1; 25 93 20 41 15 0 1; ]
0900000185[8 89 22 47 13 0 1; 37 96 20 39 14 0 1; 26 93 20 41 15 0 1; ]
0900000186[9 89 22 48 13 0 1; 38 96 20 39 14 0 1; 26 94 20 41 15 0 1; ]
0900000187[9 89 22 48 13 0 1; 39 96 20 39 14 0 1; 27 94 20 41 15 0 1; 375 91 22 58 76 1 3; ]
0900000188[10 90 22 48 13 0 1; 40 96 20 39 14 0 1; 28 94 20 41 15 0 1; 379 91 22 58 76 1 3; ]
0900000189[10 90 22 48 13 0 1; 41 96 20 39 14 0 1; 29 94 20 41 15 0 1; 382 91 22 58 76 1 3; ]
0900000190[11 91 23 48 13 0 1; 42 97 20 39 14 0 1; 30 94 20 41 15 0 1; 385 91 21 57 76 1 3; ]
0900000191[11 91 23 49 13 0 1; 42 97 20 39 14 0 1; 31 94 20 41 15 0 1; 387 91 21 55 76 1 3; ]
0900000192[12 91 23 49 13 0 1; 43 97 20 39 14 0 1; 32 94 20 40 15 0 1; ]
0900000193[12 90 23 49 13 0 1; 43 97 20 39 14 1 1; 33 94 20 40 15 0 1; ]
0900000194[12 89 23 49 13 0 1; 44 96 20 39 14 1 1; 33 93 20 41 15 0 1; ]
0900000195[12 88 23 48 13 0 1; 44 96 20 39 14 1 1; 33 92 20 42 15 0 1; ]
0900000196[12 88 23 48 13 0 1; 44 96 20 38 14 1 1; 33 91 20 42 15 0 1; ]
0900000197[13 88 23 48 13 0 1; 44 95 20 38 14 1 1; 34 90 20 43 15 0 1; ]
0900000198[13 87 23 48 13 0 1; 45 95 20 38 14 1 1; 34 89 20 43 15 0 1; ]
0900000199[13 87 23 49 13 0 1; 45 94 20 37 14 1 1; 34 89 20 43 15 0 1; ]
0900000200[13 86 23 49 13 0 1; 45 94 20 37 14 1 1; 34 88 20 44 15 0 1; ]
0900000201[14 85 23 50 13 0 1; 46 93 20 37 14 1 1; 35 88 20 44 15 0 1; 384 93 22 41 21 0 1; ]
0900000202[14 85 23 50 13 0 1; 46 93 20 37 14 1 1; 35 87 20 44 15 0 1; 385 94 22 41 21 0 1; ]
0900000203[14 85 23 50 13 0 1; 46 93 20 37 14 1 1; 35 87 20 44 15 0 1; 386 95 22 41 21 0 1; ]
0900000204[14 85 23 50 13 0 1; 46 94 20 37 14 1 1; 35 87 20 44 15 0 1; 387 95 23 42 21 0 1; ]
0900000205[14 86 23 49 13 0 1; 46 94 20 37 14 1 1; 36 88 20 44 15 0 1; 388 96 23 42 21 0 1; ]
0900000206[15 88 23 48 13 0 1; 46 95 20 38 14 1 1; 36 89 20 44 15 0 1; 389 96 23 42 21 0 1; ]
0900000207[15 91 23 46 13 0 1; 46 96 20 38 14 1 1; 36 91 20 43 15 0 1; 390 97 23 42 21 0 1; ]
0900000208[15 91 23 46 13 0 1; 47 97 20 39 14 1 1; 36 93 20 43 15 0 1; 391 97 24 43 21 0 1; ]
0900000209[15 90 23 47 13 0 1; 47 97 20 39 14 1 1; 36 92 20 44 15 0 1; 392 97 24 43 21 0 1; ]
0900000210[14 90 24 47 13 0 1; 47 97 20 39 14 1 1; 36 91 20 45 15 0 1; 393 97 24 43 21 0 1; ]
0900000211[14 90 24 47 13 0 1; 47 98 20 38 14 1 1; 36 90 20 46 15 0 1; 394 97 25 44 21 1 1; 358 99 21 43 22 0 1; ]
0900000212[14 90 24 47 13 0 1; 47 98 20 38 14 1 1; 36 89 20 46 15 0 1; 395 96 25 44 21 1 1; 360 98 21 43 22 0 1; ]
0900000213[14 90 24 47 13 0 1; 47 98 20 38 14 1 1; 36 89 20 47 15 0 1; 396 96 25 44 21 1 1; 362 97 21 42 22 0 1; ]
0900000214[14 90 24 48 13 0 1; 47 98 20 38 14 1 1; 36 89 20 48 15 0 1; 397 95 25 45 21 1 1; 363 97 21 42 22 0 1; ]
0900000215[14 90 24 48 13 0 1; 47 99 20 37 14 1 1; 36 88 20 48 15 0 1; 398 94 26 45 21 1 1; 365 97 21 42 22 0 1; ]
0900000216[14 90 24 48 13 0 1; 47 99 20 37 14 1 1; 36 88 20 49 15 0 1; 399 93 26 45 21 1 1; 366 97 21 42 22 0 1; ]
0900000217[13 90 24 48 13 0 1; 47 99 20 37 14 1 1; 35 88 20 49 15 0 1; 400 93 26 46 21 1 1; 367 97 21 42 22 0 1; ]
0900000218[13 90 24 48 13 0 1; 47 99 20 37 14 1 1; 35 89 20 49 15 0 1; 401 94 27 46 21 1 1; 368 98 21 42 22 0 1; 329 99 20 38 23 1 1; ]
0900000219[13 91 24 47 13 0 1; 35 89 20 49 15 0 1; 401 95 28 47 21 1 1; 370 99 21 42 22 0 1; 330 100 20 40 23 1 1; 453 83 29 67 77 1 3; ]
0900000220[13 92 23 47 13 0 1; 35 90 20 49 15 0 1; 402 96 29 48 21 1 1; 371 100 21 42 22 0 1; 330 101 20 41 23 1 1; 456 84 29 67 77 1 3; ]
0900000221[13 93 23 46 13 0 1; 35 91 20 49 15 0 1; 404 97 28 47 21 1 1; 372 101 21 43 22 0 1; 331 102 20 43 23 1 1; 459 86 30 68 77 1 3; ]
0900000222[13 95 22 46 13 0 1; 35 93 20 49 15 0 1; 405 98 27 46 21 1 1; 373 102 21 43 22 0 1; 332 103 20 44 23 1 1; 462 87 30 68 77 1 3; ]
0900000223[12 96 23 47 13 0 1; 35 94 20 49 15 0 1; 407 100 27 46 21 1 1; 374 103 21 43 22 0 1; 333 104 20 44 23 1 1; 465 88 30 68 77 1 3; ]
0900000224[12 96 23 48 13 0 1; 35 96 20 49 15 0 1; 408 101 26 46 21 1 1; 375 105 21 43 22 0 1; 333 105 20 45 23 1 1; 468 89 30 69 77 1 3; ]
0900000225[11 97 23 49 13 0 1; 35 98 20 49 15 0 1; 410 103 25 46 21 1 1; 376 107 21 43 22 1 1; 334 107 21 45 23 1 1; 471 90 30 69 77 1 3; ]
0900000226[11 97 23 50 13 0 1; 35 99 21 48 15 0 1; 412 105 25 47 21 1 1; 379 107 20 43 22 1 1; 335 109 21 45 23 1 1; 475 90 30 70 77 1 3; ]
0900000227[10 97 24 51 13 0 1; 35 100 21 48 15 0 1; 414 107 24 48 21 1 1; 381 110 20 48 22 1 1; 336 111 21 45 23 1 1; 479 91 30 70 77 1 3; ]
0900000228[9 96 24 51 13 0 1; 35 100 21 47 15 0 1; 337 112 21 45 23 1 1; ]
0900000229[9 96 24 52 13 0 1; 35 100 21 47 15 0 1; 338 112 21 45 23 1 1; ]
0900000230[8 95 24 52 13 0 1; 35 100 21 47 15 0 1; 338 111 21 45 23 1 1; ]
0900000231[8 94 25 53 13 0 1; 35 98 22 47 15 0 1; 339 109 22 45 23 1 1; ]
0900000232[7 93 25 53 13 0 1; 34 95 22 48 15 0 1; 339 106 22 46 23 1 1; ]
0900000233[7 92 25 54 13 0 1; 33 93 22 48 15 0 1; 340 103 22 46 23 1 1; ]
0900000234[6 91 26 54 13 0 1; 32 91 22 48 15 0 1; 341 101 22 47 23 1 1; ]
0900000235[6 89 26 55 13 0 1; 31 90 23 48 15 0 1; 342 100 23 48 23 1 1; ]
0900000236[5 87 26 55 13 0 1; 31 90 22 48 15 0 1; 343 99 23 48 23 1 1; ]
0900000237[5 85 26 55 13 0 1; 31 90 21 46 15 0 1; 344 99 23 48 23 1 1; ]
0900000238[4 88 26 55 13 0 1; 29 87 23 52 15 0 1; 345 100 23 48 23 1 1; ]
0900000239[3 90 27 54 13 0 1; 29 89 23 52 15 0 1; 346 101 23 48 23 1 1; ]
0900000240[2 92 27 54 13 0 1; 29 91 22 52 15 0 1; 347 102 22 48 23 1 1; ]
0900000241[2 93 27 54 13 0 1; 29 92 22 52 15 0 1; 348 104 22 48 23 1 1; ]
0900000242[1 94 27 54 13 0 1; 29 94 22 51 15 0 1; 349 107 21 48 23 1 1; ]
0900000243[0 95 27 54 13 0 1; 29 95 21 51 15 0 1; ]
0900000244[29 96 21 51 15 0 1; ]
0900000245[28 96 21 51 15 0 1; ]
0900000246[28 97 21 51 15 0 1; ]
0900000247[26 97 22 51 15 1 1; ]
0900000248[27 98 20 51 15 1 1; ]
0900000249[27 98 20 51 15 1 1; ]
0900000250[26 99 20 50 15 1 1; ]
0900000251[25 99 20 50 15 1 1; ]
0900000252[24 99 20 50 15 1 1; ]
0900000253[23 99 20 50 15 1 1; ]
0900000254[23 99 20 50 15 1 1; ]
0900000255[22 99 20 50 15 1 1; ]
0900000256[21 98 20 50 15 1 1; ]
0900000257[21 97 20 50 15 1 1; ]
0900000258[19 97 20 50 15 1 1; ]
0900000259[18 97 20 50 15 1 1; ]
0900000260[17 97 19 50 15 1 1; ]
0900000261[]
0900000262[]
0900000263[]
0900000264[]
0900000265[]
0900000266[]
0900000267[454 94 22 54 25 1 1; ]
0900000268[454 93 23 55 25 1 1; ]
0900000269[455 92 25 55 25 1 1; ]
0900000270[456 91 26 55 25 0 1; ]
0900000271[457 92 26 56 25 0 1; ]
0900000272[457 93 26 57 25 0 1; ]
0900000273[458 94 26 58 25 0 1; ]
0900000274[458 97 27 58 25 0 1; ]
0900000275[459 101 28 58 25 0 1; 421 102 22 63 26 1 1; ]
0900000276[459 104 28 57 25 0 1; 421 103 23 63 26 1 1; ]
0900000277[459 103 28 57 25 0 1; 422 104 23 63 26 1 1; ]
0900000278[460 101 28 58 25 0 1; 424 104 22 63 26 1 1; ]
0900000279[461 99 28 58 25 0 1; 424 104 21 63 26 1 1; ]
0900000280[462 97 28 59 25 1 1; 422 104 21 63 26 1 1; ]
0900000281[463 95 27 59 25 1 1; 417 103 21 63 26 1 1; ]
0900000282[464 93 27 60 25 1 1; 408 101 21 64 26 1 1; ]
0900000283[466 93 26 58 25 1 1; 397 99 22 64 26 1 1; ]
0900000284[468 93 24 57 25 1 1; 383 97 22 64 26 1 1; ]
0900000285[470 93 23 56 25 1 1; 383 97 22 63 26 0 1; ]
0900000286[383 97 22 62 26 0 1; ]
0900000287[383 97 22 61 26 0 1; ]
0900000288[386 94 21 56 26 0 1; ]
0900000289[389 91 19 53 26 0 1; ]
0900000290[388 90 20 52 28 1 1; ]
0900000291[389 90 20 53 28 1 1; 407 88 16 49 78 1 3; ]
0900000292[388 88 22 55 28 1 1; 407 88 16 49 78 1 3; ]
0900000293[388 88 22 57 28 1 1; 407 88 16 49 78 1 3; ]
0900000294[388 88 23 58 28 1 1; 407 88 16 49 78 1 3; ]
0900000295[388 88 23 59 28 1 1; 410 88 19 58 80 1 3; ]
0900000296[389 89 23 59 28 1 1; 363 98 20 38 33 0 2; 472 87 24 62 79 1 3; 410 88 19 57 80 1 3; ]
0900000297[389 89 23 60 28 1 1; 67 96 20 34 32 0 2; 364 99 20 38 33 0 2; 472 87 24 62 79 1 3; 410 89 20 56 80 1 3; ]
0900000298[390 90 23 61 28 1 1; 471 88 23 60 29 1 1; 65 96 21 35 32 0 2; 365 99 20 38 33 0 2; 410 90 21 56 80 1 3; ]
0900000299[390 90 23 61 28 1 1; 472 88 23 60 29 1 1; 63 96 23 35 32 0 2; 365 99 20 38 33 0 2; 414 92 21 55 81 1 3; ]
0900000300[391 91 23 61 28 1 1; 473 88 24 60 29 1 1; 61 96 24 36 32 1 2; 366 100 20 38 33 0 2; 415 92 21 55 81 0 3; ]
0900000301[392 91 23 61 28 1 1; 474 87 25 61 29 0 1; 60 96 25 37 32 1 2; 366 100 20 38 33 0 2; 415 92 20 55 81 0 3; ]
0900000302[393 91 23 61 28 1 1; 474 87 25 61 29 0 1; 58 96 25 37 32 1 2; 367 100 20 38 33 0 2; 416 92 20 55 81 0 3; ]
0900000303[394 92 23 60 28 1 1; 475 87 26 61 29 0 1; 417 88 20 60 30 1 1; 57 96 26 38 32 1 2; 368 100 20 38 33 0 2; ]
0900000304[396 92 23 59 28 1 1; 476 87 26 61 29 0 1; 418 87 20 61 30 1 1; 56 96 27 38 32 1 2; 368 100 20 38 33 0 2; ]
0900000305[398 92 23 58 28 1 1; 477 86 27 62 29 0 1; 420 86 21 62 30 1 1; 55 96 27 38 32 1 2; 369 100 20 38 33 0 2; ]
0900000306[399 90 23 60 28 1 1; 478 86 27 62 29 0 1; 421 85 21 63 30 1 1; 55 95 27 38 32 0 2; 369 100 20 38 33 0 2; ]
0900000307[400 88 23 63 28 1 1; 479 86 28 62 29 0 1; 422 84 21 64 30 1 1; 54 94 27 38 32 0 2; 370 99 20 38 33 0 2; ]
0900000308[402 84 23 66 28 1 1; 480 85 29 63 29 0 1; 423 84 22 64 30 1 1; 54 92 27 37 32 0 2; 370 99 20 38 33 0 2; ]
0900000309[403 82 24 67 28 1 1; 481 85 29 63 29 0 1; 425 83 22 65 30 1 1; 54 91 27 37 32 0 2; 371 98 20 38 33 0 2; ]
0900000310[404 82 24 67 28 1 1; 426 83 22 65 30 1 1; 53 91 27 37 32 0 2; 371 97 20 38 33 0 2; ]
0900000311[405 82 24 67 28 1 1; 427 83 22 66 30 1 1; 53 91 27 36 32 0 2; 372 96 20 37 33 0 2; ]
0900000312[407 82 24 67 28 1 1; 428 83 23 66 30 1 1; 53 93 27 36 32 1 2; 369 96 25 40 33 0 2; ]
0900000313[408 83 24 67 28 1 1; 430 83 23 66 30 1 1; 52 94 30 36 32 1 2; 366 95 29 42 33 1 2; ]
0900000314[409 83 24 67 28 1 1; 431 83 23 66 30 1 1; 52 95 32 36 32 1 2; 364 95 33 44 33 1 2; ]
0900000315[410 84 24 67 28 1 1; 432 83 24 66 30 1 1; 51 96 34 36 32 1 2; 363 95 36 45 33 1 2; ]
0900000316[412 85 25 66 28 1 1; 433 83 24 66 30 1 1; 50 96 35 36 32 1 2; 362 95 38 46 33 1 2; ]
0900000317[413 86 25 66 28 1 1; 435 85 24 66 30 1 1; 50 97 37 36 32 1 2; 363 96 39 46 33 1 2; ]
0900000318[414 87 25 66 28 1 1; 436 86 25 66 30 1 1; 49 97 38 36 32 1 2; 363 98 40 46 33 1 2; ]
0900000319[415 89 25 65 28 1 1; 438 84 25 68 30 1 1; 49 97 39 36 32 1 2; 363 99 40 46 33 1 2; ]
0900000320[417 91 25 65 28 1 1; 440 83 25 69 30 1 1; 49 97 40 36 32 1 2; 364 99 41 46 33 1 2; ]
0900000321[418 87 26 67 28 1 1; 442 81 25 70 30 1 1; 48 97 40 36 32 1 2; 365 97 41 46 33 1 2; ]
0900000322[420 84 27 69 28 1 1; 444 80 25 71 30 1 1; 48 96 41 36 32 1 2; 366 95 41 45 33 1 2; ]
0900000323[422 82 27 70 28 1 1; 446 78 26 72 30 1 1; 48 96 41 36 32 1 2; 367 94 41 45 33 1 2; ]
0900000324[424 82 27 70 28 1 1; 448 77 26 73 30 1 1; 47 95 42 37 32 1 2; 368 94 42 45 33 1 2; ]
0900000325[426 82 27 71 28 1 1; 450 77 26 73 30 1 1; 47 93 42 37 32 1 2; 368 94 43 45 33 1 2; ]
0900000326[428 82 27 71 28 1 1; 452 77 26 73 30 1 1; 47 92 42 37 32 1 2; 369 94 44 46 33 1 2; ]
0900000327[430 82 28 71 28 1 1; 454 77 27 73 30 1 1; 47 90 42 38 32 1 2; 371 94 44 46 33 1 2; ]
0900000328[432 82 28 71 28 1 1; 455 77 27 73 30 1 1; 46 90 41 38 32 1 2; 372 94 44 46 33 1 2; ]
0900000329[434 82 28 71 28 1 1; 458 77 27 73 30 1 1; 46 90 40 38 32 1 2; 373 94 44 46 33 1 2; ]
0900000330[436 82 28 71 28 1 1; 463 80 26 70 30 1 1; 45 90 39 38 32 1 2; 374 94 44 46 33 1 2; ]
0900000331[438 82 28 71 28 1 1; 463 80 26 70 30 1 1; 45 90 39 38 32 1 2; 376 94 44 46 33 1 2; ]
0900000332[441 82 28 71 28 1 1; 469 80 34 70 31 1 2; 45 90 38 38 32 1 2; 377 94 44 47 33 1 2; ]
0900000333[443 82 28 71 28 1 1; 472 80 35 71 31 1 2; 44 90 37 38 32 1 2; 378 94 44 47 33 1 2; ]
0900000334[445 82 28 71 28 1 1; 474 80 36 71 31 1 2; 44 90 37 38 32 1 2; 380 94 44 47 33 1 2; ]
0900000335[448 82 28 71 28 1 1; 44 91 36 38 32 1 2; 381 95 44 47 33 1 2; ]
0900000336[450 82 28 72 28 1 1; 43 91 36 38 32 1 2; 382 95 44 47 33 1 2; ]
0900000337[453 83 28 72 28 1 1; 43 91 35 39 32 1 2; 383 95 44 47 33 1 2; ]
0900000338[455 83 28 72 28 1 1; 43 91 35 39 32 1 2; 385 95 44 47 33 1 2; ]
0900000339[458 83 28 72 28 1 1; 43 91 35 39 32 1 2; 386 95 44 47 33 1 2; ]
0900000340[460 83 28 73 28 1 1; 43 91 35 39 32 1 2; 387 95 43 47 33 1 2; ]
0900000341[463 83 28 73 28 1 1; 43 91 35 39 32 1 2; 389 95 43 48 33 1 2; ]
0900000342[465 84 28 73 28 1 1; 43 93 35 40 32 1 2; 390 95 44 48 33 1 2; ]
0900000343[467 84 28 74 28 1 1; 43 92 35 40 32 1 2; 391 95 44 47 33 1 2; ]
0900000344[470 84 28 74 28 1 1; 42 92 35 40 32 1 2; 392 96 44 47 33 1 2; ]
0900000345[472 84 28 74 28 1 1; 42 91 35 41 32 1 2; 393 96 44 47 33 1 2; ]
0900000346[475 84 28 74 28 1 1; 42 91 35 41 32 1 2; 394 96 44 47 33 1 2; ]
0900000347[477 85 28 75 28 1 1; 41 90 35 41 32 1 2; 395 96 44 47 33 1 2; ]
0900000348[480 85 28 75 28 1 1; 41 90 35 41 32 1 2; 396 96 44 47 33 1 2; ]
0900000349[482 85 28 75 28 1 1; 41 90 35 42 32 1 2; 397 96 44 47 33 1 2; ]
0900000350[40 90 35 42 32 1 2; 398 96 44 47 33 1 2; ]
0900000351[40 90 36 42 32 1 2; 399 97 44 47 33 1 2; ]
0900000352[39 90 36 42 32 1 2; 400 97 44 47 33 1 2; ]
0900000353[39 90 36 42 32 1 2; 401 97 44 47 33 1 2; ]
0900000354[39 90 36 42 32 1 2; 402 97 44 47 33 1 2; ]
0900000355[38 90 36 41 32 1 2; 402 97 44 46 33 1 2; ]
0900000356[38 90 36 41 32 1 2; 403 97 45 46 33 1 2; ]
0900000357[38 91 36 41 32 1 2; 404 98 44 47 33 1 2; ]
0900000358[38 91 36 41 32 1 2; 404 98 43 47 33 1 2; ]
0900000359[37 91 36 41 32 1 2; 405 98 41 47 33 1 2; ]
0900000360[37 91 36 41 32 1 2; 405 98 40 47 33 1 2; ]
0900000361[36 91 36 46 32 1 2; 406 98 39 47 33 1 2; ]
0900000362[35 91 36 48 32 1 2; 406 98 38 50 33 1 2; ]
0900000363[34 91 35 50 32 1 2; 406 98 37 47 33 1 2; ]
0900000364[34 91 35 51 32 1 2; 407 98 36 47 33 1 2; ]
0900000365[33 91 34 52 32 1 2; 407 99 35 47 33 1 2; ]
0900000366[31 91 34 52 32 1 2; 408 99 34 48 33 1 2; ]
0900000367[408 99 33 48 33 1 2; ]
0900000368[409 99 32 48 33 1 2; 122 102 32 31 37 0 2; ]
0900000369[409 99 31 48 33 1 2; 119 103 35 32 37 0 2; 360 104 43 34 40 1 2; ]
0900000370[409 99 30 48 33 1 2; 117 103 38 32 37 0 2; 359 105 43 35 40 1 2; ]
0900000371[410 99 29 48 33 1 2; 115 103 39 32 37 0 2; 358 106 43 36 40 1 2; ]
0900000372[410 99 29 49 33 1 2; 113 104 40 32 37 0 2; 357 106 42 37 40 1 2; ]
0900000373[410 99 29 50 33 1 2; 111 104 41 32 37 0 2; 356 106 42 37 40 1 2; ]
0900000374[410 99 29 51 33 1 2; 108 104 42 33 37 0 2; 356 107 42 38 40 1 2; ]
0900000375[410 99 29 52 33 1 2; 106 104 43 33 37 0 2; 355 107 42 38 40 1 2; ]
0900000376[410 99 29 53 33 1 2; 104 105 44 33 37 0 2; 354 107 42 38 40 1 2; ]
0900000377[410 99 29 53 33 1 2; 102 105 44 33 37 0 2; 353 107 42 38 40 1 2; ]
0900000378[410 99 29 54 33 1 2; 100 105 45 33 37 0 2; 352 107 41 38 40 1 2; ]
0900000379[410 99 29 54 33 1 2; 97 105 46 33 37 0 2; 351 107 41 38 40 1 2; ]
0900000380[410 99 30 54 33 1 2; 95 105 47 33 37 0 2; 350 107 41 38 40 1 2; ]
0900000381[410 99 30 54 33 1 2; 93 104 49 33 37 0 2; 349 106 41 38 40 1 2; ]
0900000382[410 99 30 54 33 1 2; 91 103 50 33 37 0 2; 348 106 41 37 40 1 2; ]
0900000383[410 99 30 54 33 1 2; 89 102 51 32 37 0 2; 347 105 41 37 40 1 2; ]
0900000384[410 96 30 56 33 1 2; 86 100 53 33 37 0 2; 346 104 41 36 40 1 2; ]
0900000385[409 94 30 57 33 1 2; 84 99 54 33 37 0 2; 346 104 38 37 40 1 2; ]
0900000386[409 93 30 58 33 1 2; 82 98 55 33 37 0 2; 43 93 27 42 38 0 1; 346 104 36 37 40 1 2; ]
0900000387[409 93 30 58 33 1 2; 80 98 56 33 37 0 2; 42 95 27 41 38 0 1; 345 104 34 38 40 1 2; ]
0900000388[409 93 30 58 33 1 2; 77 98 57 33 37 0 2; 40 96 26 41 38 0 1; 345 104 31 38 40 1 2; ]
0900000389[408 93 30 58 33 1 2; 75 98 57 33 37 0 2; 39 97 26 40 38 0 1; 344 104 29 39 40 1 2; ]
0900000390[408 99 25 46 33 1 2; 73 98 58 33 37 0 2; 37 98 25 40 38 0 1; 17 93 20 47 39 1 2; 344 104 27 40 40 1 2; ]
0900000391[408 98 25 47 33 1 2; 71 98 59 33 37 0 2; 35 98 25 40 38 0 1; 16 94 20 47 39 1 2; 343 104 25 40 40 1 2; ]
0900000392[408 98 24 47 33 1 2; 68 98 59 33 37 0 2; 34 99 25 39 38 0 1; 14 95 20 47 39 1 2; 343 104 22 41 40 1 2; ]
0900000393[408 98 24 47 33 1 2; 66 99 59 33 37 0 2; 32 100 24 39 38 0 1; 5 96 27 47 39 1 2; ]
0900000394[408 98 24 47 33 1 2; 64 99 60 34 37 0 2; 30 100 24 39 38 0 1; ]
0900000395[407 98 23 48 33 1 2; 62 99 60 34 37 0 2; 28 100 23 39 38 0 1; ]
0900000396[407 97 23 48 33 1 2; 59 99 60 34 37 0 2; 26 100 23 39 38 1 1; ]
0900000397[407 97 22 48 33 1 2; 57 100 60 34 37 0 2; 24 100 23 39 38 1 1; ]
0900000398[407 97 22 48 33 1 2; 55 100 61 34 37 1 2; 22 99 23 39 38 1 1; ]
0900000399[407 97 21 49 33 1 2; 52 100 59 34 37 1 2; 20 99 22 40 38 1 1; ]
0900000400[407 97 21 49 33 1 2; 50 100 60 35 37 1 2; 18 99 22 40 38 1 1; ]
0900000401[407 97 20 49 33 1 2; 48 100 62 31 37 1 2; 16 98 22 40 38 1 1; ]
0900000402[406 96 20 50 33 1 2; 46 100 63 30 37 1 2; 14 98 21 40 38 1 1; ]
0900000403[406 96 20 50 33 1 2; 44 100 63 30 37 1 2; 13 98 21 39 38 1 1; ]
0900000404[406 96 20 50 33 1 2; 42 100 62 32 37 1 2; 12 98 20 37 38 1 1; ]
0900000405[41 100 62 33 37 1 2; 10 98 20 38 38 1 1; ]
0900000406[39 100 62 35 37 1 2; ]
0900000407[38 100 61 36 37 1 2; ]
0900000408[36 100 61 37 37 1 2; ]
0900000409[35 100 60 38 37 1 2; ]
0900000410[34 100 59 38 37 1 2; 340 110 21 38 41 0 1; ]
0900000411[32 100 58 37 37 1 2; 339 109 21 39 41 0 1; ]
0900000412[31 99 57 37 37 1 2; 339 109 21 39 41 0 1; ]
0900000413[30 99 56 37 37 1 2; 339 109 21 39 41 0 1; ]
0900000414[29 99 55 36 37 1 2; 338 108 21 39 41 0 1; ]
0900000415[28 98 55 38 37 1 2; 338 108 22 39 41 0 1; ]
0900000416[24 98 50 35 37 1 2; 338 108 22 39 41 0 1; ]
0900000417[19 97 51 35 37 1 2; 337 107 22 39 41 0 1; ]
0900000418[16 97 51 35 37 1 2; 337 107 22 39 41 0 1; ]
0900000419[13 96 51 35 37 1 2; 337 107 22 39 41 0 1; 379 104 17 40 84 1 3; ]
0900000420[11 96 51 35 37 1 2; 336 106 22 39 41 0 1; 379 104 17 40 84 1 3; ]
0900000421[9 96 51 35 37 1 2; 336 106 22 39 41 0 1; 379 104 17 40 84 1 3; ]
0900000422[8 96 51 35 37 1 2; 335 106 22 39 41 0 1; 379 104 17 40 84 1 3; ]
0900000423[7 97 50 35 37 1 2; 335 105 22 40 41 0 1; 379 104 17 40 84 1 3; ]
0900000424[6 97 49 35 37 1 2; 335 105 22 40 41 0 1; 380 104 17 40 84 1 3; ]
0900000425[5 98 47 35 37 1 2; 334 105 22 40 41 1 1; 380 104 17 40 84 1 3; ]
0900000426[4 99 45 35 37 1 2; 335 104 22 40 41 1 1; 381 104 17 40 84 1 3; ]
0900000427[3 99 43 34 37 1 2; 335 103 23 41 41 1 1; 382 103 17 41 84 1 3; ]
0900000428[3 100 41 34 37 1 2; 335 102 23 41 41 1 1; 383 102 18 42 84 1 3; ]
0900000429[3 100 38 34 37 1 2; 335 101 23 42 41 1 1; 384 100 19 44 84 1 3; ]
0900000430[3 99 34 33 37 1 2; 335 100 23 42 41 1 1; 385 98 19 46 84 1 3; ]
0900000431[3 97 31 32 37 1 2; 335 99 23 43 41 1 1; 385 96 20 48 84 1 3; ]
0900000432[3 96 28 32 37 1 2; 335 98 23 43 41 1 1; 386 96 20 48 84 1 3; ]
0900000433[3 94 25 31 37 1 2; 335 97 23 44 41 1 1; 388 94 18 47 84 1 3; ]
0900000434[2 94 25 31 37 1 2; 336 96 23 45 41 1 1; 389 93 17 46 84 1 3; ]
0900000435[2 94 25 32 37 1 2; 336 96 23 45 41 1 1; 390 92 17 45 84 1 3; ]
0900000436[1 94 26 35 37 1 2; 336 96 23 45 41 1 1; 391 93 17 45 84 1 3; ]
0900000437[1 94 26 36 37 1 2; 336 96 23 46 41 1 1; 392 94 17 45 84 1 3; ]
0900000438[336 96 23 46 41 1 1; 392 96 19 46 84 1 3; ]
0900000439[336 97 23 46 41 1 1; 392 96 33 45 42 1 2; ]
0900000440[336 98 23 46 41 1 1; 393 94 34 48 42 1 2; ]
0900000441[337 97 23 46 41 1 1; 395 91 35 52 42 1 2; ]
0900000442[338 96 23 46 41 1 1; 396 89 36 55 42 1 2; 310 97 23 47 52 1 2; ]
0900000443[338 96 22 46 41 1 1; 397 88 37 58 42 1 2; 311 97 24 45 52 1 2; ]
0900000444[339 95 22 46 41 1 1; 399 86 38 60 42 1 2; 311 97 25 44 52 1 2; ]
0900000445[340 94 22 45 41 1 1; 400 85 39 62 42 1 2; 312 97 25 43 52 1 2; ]
0900000446[341 93 21 45 41 1 1; 401 84 40 64 42 1 2; 313 96 26 42 52 1 2; ]
0900000447[342 93 21 45 41 1 1; 402 83 41 65 42 1 2; 313 95 26 43 52 1 2; ]
0900000448[343 92 21 45 41 1 1; 404 83 43 66 42 1 2; 46 93 37 30 45 1 2; 314 94 26 44 52 1 2; ]
0900000449[344 91 20 45 41 1 1; 405 82 44 67 42 1 2; 42 89 39 32 45 1 2; 314 92 26 45 52 1 2; ]
0900000450[345 90 20 45 41 1 1; 406 82 45 67 42 1 2; 39 86 41 34 45 1 2; 315 91 26 47 52 1 2; ]
0900000451[408 83 46 67 42 1 2; 35 85 44 36 45 1 2; 316 89 26 48 52 1 2; ]
0900000452[409 84 47 67 42 1 2; 32 85 46 37 45 1 2; 316 89 26 48 52 1 2; ]
0900000453[410 85 48 67 42 1 2; 31 86 46 39 45 1 2; 317 89 26 48 52 1 2; ]
0900000454[411 86 49 66 42 1 2; 30 87 45 40 45 1 2; 318 91 26 47 52 1 2; ]
0900000455[413 88 50 66 42 1 2; 29 87 45 41 45 1 2; 318 93 25 45 52 1 2; ]
0900000456[415 89 52 66 42 1 2; 28 88 45 42 45 1 2; 319 96 24 42 52 1 2; ]
0900000457[417 90 53 66 42 1 2; 27 89 44 42 45 1 2; 320 100 23 39 52 1 2; ]
0900000458[419 91 55 67 42 1 2; 26 89 44 42 45 1 2; 320 101 24 39 52 1 2; ]
0900000459[422 92 56 67 42 1 2; 25 90 44 42 45 1 2; 321 101 24 39 52 1 2; ]
0900000460[425 93 58 68 42 1 2; 24 91 43 42 45 1 2; 322 101 25 40 52 1 2; ]
0900000461[428 93 60 70 42 1 2; 23 91 43 42 45 1 2; 323 101 25 40 52 1 2; ]
0900000462[432 92 60 73 42 1 2; 21 93 44 40 45 1 2; 324 101 26 40 52 1 2; ]
0900000463[435 91 59 74 42 1 2; 22 93 42 42 45 1 2; 325 101 26 40 52 1 2; ]
0900000464[439 92 59 74 42 1 2; 21 94 42 42 45 1 2; 326 101 26 41 52 1 2; ]
0900000465[475 95 27 75 44 1 1; 20 94 42 42 45 1 2; 327 102 25 41 52 1 2; 453 97 26 63 85 1 3; ]
0900000466[477 97 27 76 44 1 1; 19 95 41 41 45 1 2; 328 102 25 41 52 1 2; 456 100 26 62 85 0 3; ]
0900000467[480 98 28 76 44 1 1; 18 96 41 41 45 1 2; 329 103 25 42 52 1 2; 459 102 26 62 85 0 3; ]
0900000468[483 99 28 77 44 1 1; 17 96 41 41 45 1 2; 330 104 24 42 52 1 2; 462 104 26 61 85 0 3; ]
0900000469[17 96 42 41 45 1 2; 332 105 23 42 52 1 2; 465 105 26 61 85 0 3; ]
0900000470[16 96 42 40 45 1 2; 333 106 22 43 52 1 2; 468 105 25 61 85 0 3; ]
0900000471[16 96 44 40 45 1 2; 334 107 21 43 52 1 2; 265 108 34 36 57 1 2; 471 104 25 62 85 0 3; ]
0900000472[16 96 45 40 45 1 2; 334 107 21 43 52 1 2; 266 105 34 39 57 1 2; 474 102 25 63 85 0 3; ]
0900000473[15 93 45 41 45 1 2; 334 107 21 43 52 1 2; 266 102 34 41 57 1 2; 478 99 25 64 85 0 3; ]
0900000474[15 91 45 42 45 1 2; 338 101 20 45 52 1 2; 267 100 34 44 57 1 2; 481 96 25 65 85 0 3; 435 94 21 56 87 1 3; ]
0900000475[15 89 44 43 45 1 2; 341 100 20 46 52 1 2; 267 99 34 45 57 1 2; 483 94 25 66 85 0 3; 436 93 22 57 87 1 3; ]
0900000476[14 88 44 43 45 1 2; 341 100 20 46 52 1 2; 267 98 34 46 57 1 2; 484 93 25 66 85 0 3; 437 91 23 57 87 1 3; ]
0900000477[14 87 44 43 45 1 2; 341 100 20 46 52 1 2; 267 97 35 47 57 1 2; 438 90 24 58 87 1 3; ]
0900000478[14 87 43 43 45 1 2; 341 100 20 46 52 1 2; 267 96 35 48 57 1 2; 439 89 25 58 87 1 3; ]
0900000479[14 87 43 43 45 1 2; 341 100 20 46 52 1 2; 267 95 35 49 57 1 2; 440 87 26 59 87 1 3; ]
0900000480[13 87 43 43 45 1 2; 342 100 19 45 52 1 2; 439 88 29 62 53 0 1; 267 96 36 48 57 1 2; ]
0900000481[13 88 42 43 45 1 2; 343 102 19 45 52 1 2; 440 90 29 63 53 0 1; 268 98 37 46 57 1 2; ]
0900000482[13 88 42 43 45 1 2; 344 103 19 44 52 1 2; 442 90 30 64 53 0 1; 268 99 38 45 57 1 2; ]
0900000483[13 88 42 43 45 1 2; 345 104 19 43 52 1 2; 443 91 30 64 53 0 1; 268 100 39 44 57 1 2; ]
0900000484[12 89 41 43 45 1 2; 445 91 30 65 53 0 1; 267 100 40 44 57 1 2; ]
0900000485[12 90 41 43 45 1 2; 447 90 30 64 53 0 1; 266 100 41 43 57 1 2; ]
0900000486[12 91 41 43 45 1 2; 450 88 30 64 53 0 1; 265 100 42 43 57 1 2; ]
0900000487[12 93 41 43 45 1 2; 453 86 30 64 53 0 1; 263 99 44 45 57 1 2; 375 95 17 44 88 1 3; ]
0900000488[11 92 41 43 45 1 2; 454 85 30 64 53 0 1; 441 90 26 56 54 0 0; 261 96 46 47 57 1 2; ]
0900000489[11 89 41 43 45 1 2; 456 83 31 65 53 0 1; 441 88 27 56 54 0 0; 260 93 47 48 57 1 2; ]
0900000490[10 87 41 43 45 1 2; 457 81 31 66 53 0 1; 440 87 28 57 54 0 0; 260 92 47 48 57 1 2; ]
0900000491[9 84 41 43 45 1 2; 458 79 31 67 53 0 1; 440 86 28 57 54 0 0; 317 91 49 44 56 1 2; 261 91 47 48 57 1 2; ]
0900000492[9 83 41 43 45 1 2; 459 79 31 67 53 0 1; 440 85 29 58 54 0 0; 374 87 25 48 55 1 1; 317 92 49 43 56 1 2; 261 90 46 48 57 1 2; ]
0900000493[8 83 41 44 45 1 2; 460 79 31 67 53 0 1; 439 85 29 58 54 0 0; 374 89 25 48 55 1 1; 317 92 48 43 56 1 2; 262 90 46 48 57 1 2; ]
0900000494[7 84 41 44 45 1 2; 460 80 32 67 53 0 1; 439 85 29 58 54 0 0; 374 90 25 48 55 1 1; 317 93 48 43 56 1 2; 262 91 46 47 57 1 2; ]
0900000495[6 84 42 44 45 1 2; 461 83 32 67 53 0 1; 440 86 29 58 54 0 0; 375 91 25 48 55 1 1; 317 94 48 43 56 1 2; 262 93 47 46 57 1 2; ]
0900000496[4 84 42 45 45 1 2; 462 83 32 67 53 0 1; 440 88 29 58 54 0 0; 375 92 25 48 55 1 1; 317 94 48 43 56 1 2; 262 94 47 46 57 1 2; ]
0900000497[3 85 43 45 45 1 2; 464 82 32 67 53 0 1; 440 89 30 59 54 0 0; 376 93 25 48 55 1 1; 316 95 48 44 56 1 2; 261 95 47 45 57 1 2; ]
0900000498[2 86 43 46 45 1 2; 466 82 32 68 53 0 1; 440 90 30 59 54 0 0; 376 93 25 48 55 1 1; 316 96 48 44 56 1 2; 261 95 47 45 57 1 2; ]
0900000499[0 87 44 46 45 1 2; 467 82 32 68 53 0 1; 440 89 30 59 54 0 0; 377 93 25 48 55 1 1; 316 96 47 45 56 1 2; 261 95 48 45 57 1 2; ]
0900000500[469 82 32 68 53 0 1; 441 89 30 59 54 0 0; 377 93 25 48 55 1 1; 316 96 47 45 56 1 2; 261 95 48 45 57 1 2; ]
0900000501[471 81 32 68 53 0 1; 441 88 30 59 54 0 0; 378 93 25 48 55 1 1; 316 96 48 45 56 1 2; 261 95 48 45 57 1 2; ]
0900000502[473 81 33 69 53 0 1; 442 87 30 59 54 0 0; 379 93 25 48 55 1 1; 317 96 48 45 56 1 2; 262 94 49 45 57 1 2; ]
0900000503[474 81 33 69 53 0 1; 442 86 30 59 54 0 0; 380 92 25 48 55 1 1; 317 96 48 45 56 1 2; 262 94 49 45 57 1 2; ]
0900000504[476 81 33 69 53 0 1; 442 86 30 59 54 0 0; 380 92 24 49 55 0 1; 318 96 49 45 56 1 2; 263 94 49 45 57 1 2; ]
0900000505[478 80 33 69 53 0 1; 442 86 31 60 54 0 0; 381 92 24 49 55 0 1; 319 95 49 45 56 1 2; 263 94 49 45 57 1 2; ]
0900000506[442 86 31 61 54 0 0; 382 91 24 50 55 0 1; 320 95 50 45 56 1 2; 264 93 50 45 57 1 2; ]
0900000507[442 86 31 61 54 1 0; 384 90 23 50 55 0 1; 320 94 50 45 56 1 2; 264 93 50 45 57 1 2; ]
0900000508[442 86 32 61 54 1 0; 385 90 24 50 55 0 1; 320 93 50 45 56 1 2; 265 93 50 45 57 1 2; ]
0900000509[443 86 32 61 54 1 0; 386 89 24 51 55 0 1; 320 91 50 46 56 1 2; 265 92 50 45 57 1 2; ]
0900000510[444 85 32 62 54 1 0; 387 89 24 51 55 0 1; 320 91 50 46 56 1 2; 265 92 51 45 57 1 2; ]
0900000511[445 85 33 62 54 1 0; 388 89 24 51 55 0 1; 321 91 50 47 56 1 2; 266 92 51 45 57 1 2; ]
0900000512[446 85 33 63 54 1 0; 389 88 24 52 55 0 1; 322 91 50 47 56 1 2; 266 92 51 45 57 1 2; ]
0900000513[447 84 34 64 54 1 0; 390 88 24 52 55 0 1; 323 91 51 47 56 1 2; 267 91 51 45 57 1 2; ]
0900000514[391 88 24 52 55 0 1; 324 91 51 47 56 1 2; 267 91 52 45 57 1 2; ]
0900000515[393 87 24 53 55 0 1; 326 91 51 47 56 1 2; 268 91 52 45 57 1 2; ]
0900000516[394 87 25 53 55 0 1; 328 91 51 48 56 1 2; 268 91 52 45 57 1 2; ]
0900000517[395 87 25 53 55 0 1; 330 91 51 48 56 1 2; 268 91 53 46 57 1 2; ]
0900000518[396 88 25 53 55 0 1; 331 92 51 47 56 1 2; 269 91 53 46 57 1 2; ]
0900000519[397 88 25 52 55 0 1; 332 92 50 47 56 1 2; 269 91 54 47 57 1 2; ]
0900000520[398 89 25 52 55 0 1; 332 92 49 47 56 1 2; 270 91 54 47 57 1 2; ]
0900000521[399 91 25 51 55 0 1; 333 93 48 47 56 1 2; 270 91 55 47 57 1 2; ]
0900000522[400 93 25 49 55 1 1; 334 93 47 47 56 1 2; 270 91 55 47 57 1 2; ]
0900000523[401 93 25 49 55 1 1; 335 93 46 47 56 1 2; 271 92 56 48 57 1 2; ]
0900000524[402 94 24 49 55 1 1; 336 93 45 46 56 1 2; 271 94 56 48 57 1 2; ]
0900000525[403 94 24 49 55 1 1; 337 94 45 46 56 1 2; 271 95 57 49 57 1 2; ]
0900000526[405 95 24 49 55 1 1; 338 94 44 46 56 1 2; 272 95 57 49 57 1 2; ]
0900000527[406 96 23 49 55 1 1; 338 94 43 46 56 1 2; 272 92 58 51 57 1 2; ]
0900000528[408 91 23 50 55 1 1; 339 90 41 49 56 1 2; 273 88 58 52 57 1 2; ]
0900000529[411 87 23 51 55 1 1; 340 87 37 48 56 1 2; 273 85 59 50 57 1 2; ]
0900000530[341 85 31 45 56 1 2; 273 83 59 46 57 1 2; ]
0900000531[274 82 60 46 57 1 2; 466 78 28 49 58 1 3; ]
0900000532[274 81 61 48 57 1 2; 466 76 30 53 58 1 3; 416 85 22 47 90 1 3; ]
0900000533[275 80 62 49 57 1 2; 465 74 32 57 58 1 3; ]
0900000534[275 80 62 50 57 1 2; 465 73 33 62 58 1 3; ]
0900000535[275 81 63 52 57 1 2; 466 72 34 68 58 1 3; ]
0900000536[276 84 65 53 57 1 2; 466 76 34 70 58 1 3; ]
0900000537[276 86 66 53 57 1 2; 467 82 35 70 58 1 3; ]
0900000538[277 89 67 53 57 1 2; 467 85 35 71 58 1 3; 370 95 20 41 91 1 3; ]
0900000539[277 92 68 53 57 1 2; 468 88 36 71 58 1 3; 370 97 20 42 91 1 3; ]
0900000540[278 95 70 52 57 1 2; 469 91 37 71 58 1 3; 371 100 20 43 91 1 3; ]
0900000541[278 99 69 51 57 1 2; 470 93 37 71 58 1 3; 372 102 20 43 91 1 3; ]
0900000542[278 98 70 51 57 1 2; 471 94 38 71 58 1 3; 368 100 31 53 59 1 2; ]
0900000543[279 98 71 52 57 1 2; 472 94 38 71 58 1 3; 369 100 32 53 59 1 2; ]
0900000544[279 97 72 52 57 1 2; 473 93 37 70 58 1 3; 370 100 32 54 59 1 2; ]
0900000545[280 96 74 53 57 1 2; 371 99 33 54 59 1 2; ]
0900000546[280 92 77 54 57 1 2; 373 94 34 56 59 1 2; ]
0900000547[280 83 81 55 57 1 2; 374 82 34 56 59 1 2; 435 80 21 52 92 1 3; ]
0900000548[0 72 20 46 47 0 1; 281 73 85 56 57 1 2; 375 76 35 56 59 1 2; 438 69 21 50 92 1 3; ]
0900000549[281 65 88 57 57 1 2; 376 72 36 57 59 1 2; 439 67 21 50 92 1 3; ]
0900000550[282 62 90 57 57 1 2; 377 69 36 58 59 1 2; 439 66 23 50 61 0 1; ]
0900000551[282 63 91 53 57 1 2; 378 67 37 58 59 1 2; 440 66 23 55 61 0 1; ]
0900000552[283 65 92 53 57 1 2; 379 66 38 59 59 1 2; 441 67 23 57 61 0 1; ]
0900000553[283 69 92 53 57 1 2; 380 69 38 58 59 1 2; 442 67 23 57 61 0 1; ]
0900000554[283 75 93 53 57 1 2; 381 76 39 58 59 1 2; 443 76 23 55 61 0 1; ]
0900000555[284 82 94 54 57 1 2; 382 85 40 57 59 1 2; 444 86 23 54 61 0 1; ]
0900000556[284 91 94 54 57 1 2; 384 93 40 57 59 1 2; 445 97 23 53 61 0 1; ]
0900000557[285 101 94 55 57 1 2; 385 102 41 59 59 1 2; 446 106 23 53 61 0 1; ]
0900000558[285 105 94 54 57 1 2; 385 102 39 58 59 1 2; 447 110 23 52 61 0 1; ]
0900000559[286 106 94 52 57 1 2; 385 107 38 57 59 1 2; 448 108 24 53 61 0 1; ]
0900000560[286 104 93 53 57 1 2; 385 104 30 59 59 1 2; 407 104 22 51 60 0 3; 449 105 24 54 61 0 1; ]
0900000561[287 99 90 53 57 1 2; 385 100 28 54 59 1 2; 407 99 23 53 60 0 3; 450 102 25 55 61 0 1; ]
0900000562[287 93 86 53 57 1 2; 408 94 25 56 60 0 3; 451 98 25 56 61 0 1; 388 96 26 56 62 0 1; ]
0900000563[288 88 83 53 57 1 2; 409 88 25 58 60 0 3; 452 95 25 55 61 0 1; 389 92 25 56 62 0 1; ]
0900000564[288 86 82 54 57 1 2; 411 84 26 59 60 0 3; 453 91 24 54 61 0 1; 391 89 25 56 62 0 1; ]
0900000565[289 86 82 54 57 1 2; 412 83 26 60 60 0 3; 454 87 23 52 61 0 1; 392 88 25 57 62 1 1; ]
0900000566[289 86 83 54 57 1 2; 413 83 27 60 60 0 3; 456 87 25 51 61 1 1; 394 87 25 57 62 1 1; ]
0900000567[290 86 84 55 57 1 2; 415 84 27 60 60 0 3; 458 87 25 52 61 1 1; 395 87 24 57 62 1 1; ]
0900000568[290 86 85 55 57 1 2; 416 86 28 60 60 0 3; 460 87 23 56 61 1 1; 396 88 24 56 62 1 1; ]
0900000569[291 86 87 55 57 1 2; 417 87 28 60 60 0 3; 398 89 24 56 62 1 1; ]
0900000570[291 87 89 56 57 1 2; 419 88 29 60 60 0 3; 399 91 23 55 62 1 1; ]
0900000571[292 87 92 56 57 1 2; 420 90 29 60 60 0 3; 400 94 23 54 62 1 1; ]
0900000572[292 87 93 56 57 1 2; 421 91 30 59 60 0 3; 402 98 23 53 62 1 1; ]
0900000573[293 87 93 57 57 1 2; 422 91 30 58 60 0 3; 404 99 23 52 62 1 1; ]
0900000574[293 87 93 57 57 1 2; 424 91 31 59 60 0 3; ]
0900000575[294 87 94 57 57 1 2; 425 91 31 59 60 0 3; ]
0900000576[294 87 94 58 57 1 2; 426 90 32 60 60 0 3; ]
0900000577[295 87 94 58 57 1 2; 428 90 32 60 60 0 3; ]
0900000578[295 87 94 58 57 1 2; 431 90 32 61 60 0 3; ]
0900000579[296 88 95 59 57 1 2; 433 90 32 61 60 0 3; ]
0900000580[296 88 95 59 57 1 2; 435 90 32 62 60 0 3; ]
0900000581[297 89 95 60 57 1 2; 436 91 32 63 60 0 3; ]
0900000582[297 90 95 60 57 1 2; 438 92 32 63 60 0 3; ]
0900000583[298 91 96 61 57 1 2; 439 93 33 63 60 0 3; 405 102 20 48 65 1 1; ]
0900000584[298 92 96 61 57 1 2; 441 93 33 64 60 0 3; 478 99 23 59 64 0 1; 405 101 21 47 65 1 1; ]
0900000585[299 93 96 62 57 1 2; 443 93 33 64 60 0 3; 480 99 24 59 64 0 1; 405 101 22 47 65 1 1; ]
0900000586[299 95 96 62 57 1 2; 445 93 33 65 60 0 3; 482 99 24 59 64 0 1; 406 100 23 46 65 0 1; ]
0900000587[300 95 97 63 57 1 2; 448 93 33 66 60 0 3; 483 98 24 59 64 0 1; 407 99 24 46 65 0 1; ]
0900000588[300 94 97 63 57 1 2; 450 92 32 66 60 0 3; 485 98 24 59 64 0 1; 407 98 24 46 65 0 1; ]
0900000589[301 93 97 63 57 1 2; 453 91 32 67 60 0 3; 487 98 24 59 64 0 1; 408 97 24 46 65 0 1; ]
0900000590[301 91 97 64 57 1 2; 455 90 32 68 60 0 3; 409 97 24 46 65 0 1; ]
0900000591[302 91 97 64 57 1 2; 458 88 32 68 60 0 3; 410 96 23 47 65 0 1; ]
0900000592[302 90 97 64 57 1 2; 461 88 32 69 60 0 3; 411 95 23 47 65 0 1; ]
0900000593[303 90 97 64 57 1 2; 464 88 32 69 60 0 3; 413 94 22 48 65 0 1; ]
0900000594[304 91 97 64 57 1 2; 467 88 31 69 60 0 3; 414 95 22 48 65 0 1; ]
0900000595[305 92 97 63 57 1 2; 470 89 31 69 60 0 3; 416 97 23 48 65 0 1; ]
0900000596[305 92 98 63 57 1 2; 473 89 31 69 60 0 3; 417 97 23 49 65 1 1; 431 101 21 56 66 0 1; ]
0900000597[305 93 98 63 57 1 2; 476 89 31 69 60 0 3; 419 97 24 49 65 1 1; 432 102 21 55 66 0 1; ]
0900000598[305 93 99 63 57 1 2; 479 90 30 69 60 0 3; 420 97 24 50 65 1 1; 433 102 21 54 66 0 1; ]
0900000599[305 93 102 63 57 1 2; 420 97 24 51 65 1 1; 434 103 21 54 66 0 1; ]
0900000600[305 93 102 63 57 1 2; 421 96 24 52 65 1 1; 435 104 22 53 66 0 1; ]
