0600100001[]
0600100002[]
0600100003[279 98 24 64 0 0 1; 211 96 34 66 2 0 1; 141 90 27 64 12 0 1; 99 95 32 61 14 0 2; 41 102 19 38 33 0 1; ]
0600100004[276 99 25 65 0 0 1; 207 96 33 64 2 0 1; 138 91 27 64 12 0 1; 94 95 34 62 14 0 2; 37 103 19 38 33 0 1; ]
0600100005[273 100 26 66 0 0 1; 204 97 33 64 2 0 1; 134 91 27 64 12 0 1; 89 95 34 63 14 0 2; 34 103 19 38 33 0 1; ]
0600100006[269 101 26 67 0 0 1; 200 97 33 66 2 0 1; 131 91 27 64 12 0 1; 85 95 35 64 14 0 2; 30 103 19 38 33 0 1; ]
0600100007[266 101 26 67 0 0 1; 197 97 32 67 2 0 1; 127 91 27 64 12 0 1; 80 95 36 65 14 0 2; 26 103 19 38 33 0 1; ]
0600100008[262 101 26 67 0 0 1; 193 97 32 67 2 0 1; 123 91 27 64 12 0 1; 76 95 36 65 14 0 2; 22 103 19 38 33 0 1; ]
0600100009[258 101 26 67 0 0 1; 189 97 32 67 2 0 1; 119 91 28 65 12 0 1; 72 95 37 66 14 0 2; 18 103 20 38 33 0 1; ]
0600100010[255 101 26 67 0 0 1; 185 97 31 67 2 0 1; 115 90 29 65 12 0 1; 67 95 37 65 14 0 2; 14 103 20 38 33 0 1; ]
0600100011[251 101 26 67 0 0 1; 181 97 31 67 2 0 1; 111 90 29 66 12 0 1; 63 95 37 65 14 0 2; 10 102 21 38 33 0 1; ]
0600100012[247 101 26 67 0 1 1; 178 97 31 67 2 0 1; 107 90 29 66 12 0 1; 60 95 37 65 14 0 2; 7 102 21 38 33 0 1; ]
0600100013[244 100 26 67 0 1 1; 174 97 31 67 2 0 1; 104 89 29 67 12 0 1; 56 95 37 65 14 0 2; 3 101 20 38 33 0 1; ]
0600100014[241 99 26 67 0 1 1; 171 97 31 67 2 0 1; 100 88 29 67 12 0 1; 53 92 38 65 14 0 2; 0 100 20 38 33 0 1; ]
0600100015[237 98 26 67 0 1 1; 168 96 31 67 2 0 1; 97 88 29 67 12 0 1; 49 90 39 66 14 0 2; ]
0600100016[234 98 26 68 0 1 1; 163 96 32 67 2 0 1; 93 88 29 68 12 0 1; 44 90 39 66 14 0 2; ]
0600100017[230 98 26 68 0 1 1; 158 95 32 67 2 0 1; 89 88 29 69 12 0 1; 40 91 39 67 14 0 2; ]
0600100018[227 98 26 69 0 1 1; 154 95 32 67 2 0 1; 85 88 29 69 12 0 1; 36 92 39 67 14 0 2; ]
0600100019[224 98 26 70 0 1 1; 151 95 32 67 2 0 1; 81 88 29 70 12 0 1; 50 90 23 59 15 0 1; 29 95 30 71 23 0 1; ]
0600100020[220 98 26 70 0 1 1; 147 95 32 67 2 0 1; 78 87 29 69 12 0 1; 46 92 23 57 15 0 1; 25 94 30 70 23 0 1; ]
0600100021[217 97 26 70 0 1 1; 144 94 32 67 2 0 1; 75 87 29 69 12 0 1; 43 92 23 57 15 0 1; 21 93 30 70 23 0 1; ]
0600100022[215 97 26 70 0 1 1; 141 94 32 67 2 0 1; 72 87 29 69 12 0 1; 39 92 23 58 15 1 1; 17 92 29 70 23 0 1; ]
0600100023[211 97 26 70 0 1 1; 138 94 32 67 2 0 1; 69 86 29 68 12 0 1; 35 91 23 59 15 1 1; 13 91 29 71 23 0 1; ]
0600100024[204 97 28 70 0 1 1; 135 93 33 67 2 0 1; 66 86 29 69 12 0 1; 32 91 23 59 15 1 1; 10 91 29 71 23 0 1; ]
0600100025[198 96 29 71 0 1 1; 131 93 33 67 2 0 1; 63 85 29 69 12 0 1; 28 91 23 59 15 1 1; 6 92 28 71 23 0 1; ]
0600100026[127 93 34 67 2 0 1; 60 85 29 70 12 0 1; 25 90 23 59 15 1 1; 2 92 28 71 23 0 1; ]
0600100027[123 92 35 67 2 0 1; 58 84 29 71 12 0 1; 22 90 23 59 15 1 1; ]
0600100028[120 91 34 67 2 0 1; 55 83 29 72 12 0 1; 18 90 23 59 15 1 1; ]
0600100029[117 90 34 66 2 0 1; 52 82 29 72 12 0 1; 15 89 23 59 15 1 1; ]
0600100030[114 89 34 66 2 0 1; 49 82 29 73 12 0 1; 12 88 23 59 15 1 1; ]
0600100031[180 92 27 70 1 1 1; 111 89 34 66 2 0 1; 46 82 29 73 12 0 1; 9 88 23 59 15 1 1; ]
0600100032[178 92 27 70 1 1 1; 108 89 34 66 2 0 1; 44 82 30 73 12 0 1; 7 89 23 59 15 1 1; ]
0600100033[175 92 27 70 1 1 1; 106 89 34 67 2 0 1; 41 82 30 73 12 0 1; 5 89 23 59 15 1 1; ]
0600100034[173 92 27 70 1 1 1; 104 89 34 68 2 0 1; 38 83 31 73 12 0 1; 2 90 23 59 15 1 1; ]
0600100035[170 92 27 70 1 1 1; 102 89 34 68 2 0 1; 36 83 31 73 12 0 1; 0 90 23 59 15 0 1; ]
0600100036[168 92 27 70 1 1 1; 100 89 33 68 2 0 1; 34 83 31 73 12 0 1; ]
0600100037[166 92 27 70 1 1 1; 98 89 33 68 2 0 1; 32 82 31 73 12 0 1; ]
0600100038[164 92 27 70 1 1 1; 96 89 32 68 2 0 1; 30 82 31 73 12 0 1; ]
0600100039[161 92 27 70 1 1 1; 94 89 31 68 2 0 1; 28 82 31 73 12 0 1; ]
0600100040[158 90 29 71 1 1 1; 92 89 31 69 2 0 1; 26 80 31 73 12 0 1; ]
0600100041[156 88 30 72 1 0 1; 89 88 31 69 2 0 1; 24 79 31 73 12 0 1; ]
0600100042[153 87 31 73 1 0 1; 87 85 30 69 2 0 1; 22 77 31 73 12 0 1; ]
0600100043[151 86 31 74 1 0 1; 85 83 30 70 2 0 1; 20 77 31 73 12 0 1; ]
0600100044[148 87 31 76 1 0 1; 83 83 30 70 2 0 1; 18 77 31 73 12 0 1; ]
0600100045[147 87 31 77 1 0 1; 81 84 31 70 2 0 1; 17 77 31 74 12 0 1; ]
0600100046[145 87 31 79 1 0 1; 79 85 32 70 2 0 1; 15 78 31 75 12 0 1; ]
0600100047[143 88 31 79 1 0 1; 77 85 32 71 2 0 1; 13 79 31 76 12 0 1; ]
0600100048[140 88 32 79 1 0 1; 75 85 32 71 2 0 1; 12 79 31 76 12 0 1; ]
0600100049[138 87 33 79 1 0 1; 73 85 32 71 2 0 1; 10 79 31 76 12 0 1; ]
0600100050[135 87 34 79 1 0 1; 72 85 32 72 2 0 1; 9 79 31 77 12 0 1; ]
0600100051[132 86 36 78 1 0 1; 70 85 32 72 2 0 1; 8 78 31 77 12 0 1; ]
0600100052[130 87 36 78 1 0 1; 68 86 33 72 2 0 1; 7 77 31 78 12 0 1; ]
0600100053[128 89 36 78 1 0 1; 66 87 34 72 2 0 1; 6 77 31 79 12 0 1; ]
0600100054[127 90 36 79 1 0 1; 63 88 34 72 2 0 1; 5 79 31 80 12 0 1; ]
0600100055[126 91 36 79 1 0 1; 62 89 35 72 2 0 1; 4 82 31 80 12 0 1; ]
0600100056[125 91 35 80 1 0 1; 62 88 34 73 2 0 1; 4 82 31 81 12 0 1; ]
0600100057[124 91 34 80 1 0 1; 61 88 34 74 2 0 1; 3 82 31 81 12 0 1; ]
0600100058[123 90 32 80 1 0 1; 60 89 34 74 2 0 1; 3 82 31 81 12 0 1; ]
0600100059[122 90 31 80 1 0 1; 59 90 35 73 2 0 1; 2 82 31 82 12 0 1; ]
0600100060[121 90 31 81 1 0 1; 58 90 35 73 2 0 1; 1 81 32 82 12 0 1; ]
0600100061[120 90 32 81 1 0 1; 57 90 34 74 2 0 1; 0 81 32 82 12 0 1; ]
0600100062[118 90 32 81 1 0 1; 57 89 33 75 2 0 1; ]
0600100063[117 90 33 82 1 0 1; 56 89 32 76 2 0 1; ]
0600100064[115 90 33 83 1 0 1; 55 89 33 76 2 0 1; ]
0600100065[114 91 33 84 1 0 1; 53 90 34 77 2 0 1; ]
0600100066[113 92 32 84 1 0 1; 51 92 34 78 2 0 1; ]
0600100067[112 92 32 84 1 0 1; 50 92 35 78 2 0 1; ]
0600100068[111 94 32 83 1 0 1; 49 93 35 78 2 0 1; ]
0600100069[111 96 33 82 1 0 1; 49 93 35 78 2 0 1; ]
0600100070[110 95 33 83 1 0 1; 49 93 35 78 2 0 1; ]
0600100071[110 95 34 84 1 0 1; 49 94 35 78 2 0 1; ]
0600100072[109 95 34 85 1 0 1; 48 94 35 78 2 0 1; ]
0600100073[109 95 34 86 1 0 1; 48 94 35 78 2 0 1; ]
0600100074[109 95 34 88 1 0 1; 48 95 36 79 2 0 1; ]
0600100075[109 96 35 89 1 0 1; 47 95 37 79 2 0 1; 1 89 34 89 12 0 1; ]
0600100076[109 96 36 89 1 0 1; 48 96 37 80 2 0 1; 3 88 34 89 12 0 1; ]
0600100077[110 95 37 89 1 0 1; 48 96 37 80 2 0 1; 4 87 34 89 12 0 1; ]
0600100078[111 95 37 89 1 0 1; 50 96 37 80 2 0 1; 6 88 34 90 12 0 1; ]
0600100079[112 95 38 89 1 0 1; 51 96 37 80 2 0 1; 9 88 34 90 12 0 1; ]
0600100080[113 94 38 89 1 0 1; 53 96 37 81 2 0 1; 12 87 34 90 12 0 1; ]
0600100081[115 94 39 89 1 0 1; 55 94 36 81 2 0 1; 15 85 34 90 12 0 1; ]
0600100082[118 94 39 89 1 0 1; 58 93 36 81 2 0 1; 19 84 34 90 12 0 1; ]
0600100083[120 93 39 89 1 0 1; 61 92 36 82 2 0 1; 24 84 34 90 12 0 1; ]
0600100084[123 93 39 89 1 0 1; 63 92 36 82 2 0 1; 28 84 34 90 12 0 1; ]
0600100085[126 93 39 89 1 0 1; 66 92 36 82 2 0 1; 32 84 34 91 12 0 1; ]
0600100086[129 93 39 89 1 0 1; 68 91 37 82 2 0 1; 35 84 35 92 12 0 1; ]
0600100087[132 93 38 89 1 0 1; 70 91 38 82 2 0 1; 39 84 36 92 12 0 1; ]
0600100088[137 93 38 90 1 0 1; 76 92 37 82 2 0 1; 44 84 37 93 12 0 1; ]
0600100089[141 93 38 90 1 0 1; 81 93 36 82 2 1 1; 48 85 38 94 12 0 1; ]
0600100090[145 93 38 91 1 0 1; 86 94 36 82 2 1 1; 53 86 38 94 12 0 1; ]
0600100091[149 93 38 91 1 0 1; 90 95 36 82 2 1 1; 58 86 38 95 12 0 1; 2 102 29 65 15 0 1; ]
0600100092[153 94 38 92 1 0 1; 95 96 36 82 2 1 1; 63 87 38 96 12 0 1; 6 103 29 64 15 0 1; ]
0600100093[157 95 38 92 1 0 1; 99 98 36 82 2 1 1; 68 87 38 96 12 0 1; 11 103 29 64 15 0 1; ]
0600100094[161 96 38 93 1 0 1; 102 99 36 82 2 1 1; 74 87 38 97 12 0 1; 15 105 29 65 15 0 1; ]
0600100095[165 97 38 93 1 0 1; 106 100 36 82 2 1 1; 79 88 38 97 12 0 1; 19 106 29 66 15 0 1; ]
0600100096[169 97 38 93 1 0 1; 111 100 36 82 2 1 1; 84 88 38 97 12 0 1; 24 106 28 66 15 0 1; ]
0600100097[174 98 38 93 1 0 1; 115 99 36 82 2 1 1; 89 88 38 97 12 0 1; 29 106 28 67 15 0 1; ]
0600100098[178 98 38 93 1 0 1; 120 98 36 82 2 1 1; 94 88 38 97 12 0 1; 34 105 27 67 15 0 1; ]
0600100099[182 98 38 93 1 0 1; 124 97 36 83 2 1 1; 98 88 38 97 12 1 1; 39 105 27 67 15 0 1; ]
0600100100[187 98 38 93 1 0 1; 130 99 35 83 2 1 1; 104 88 38 97 12 1 1; 45 105 26 67 15 0 1; ]
0600100101[191 98 38 93 1 0 1; 135 100 33 83 2 1 1; 109 88 38 98 12 1 1; 50 106 26 65 15 0 1; ]
0600100102[196 98 38 93 1 0 1; 140 101 33 83 2 1 1; 115 88 38 98 12 1 1; 55 106 26 64 15 0 1; 81 115 20 44 63 1 1; ]
0600100103[200 98 38 93 1 0 1; 145 101 32 83 2 1 1; 121 89 38 99 12 1 1; 60 107 26 64 15 0 1; 86 116 20 44 63 1 1; ]
0600100104[205 98 38 93 1 0 1; 128 89 54 100 3 1 2; 65 107 25 64 15 0 1; 90 116 20 44 63 1 1; ]
0600100105[209 98 38 94 1 0 1; 134 89 54 100 3 1 2; 70 108 25 64 15 0 1; 95 117 20 44 63 1 1; ]
0600100106[213 98 38 94 1 0 1; 139 89 53 100 3 1 2; 74 108 25 64 15 0 1; 100 117 20 44 63 1 1; ]
0600100107[217 98 38 95 1 0 1; 144 90 53 99 3 1 2; 79 108 24 65 15 0 1; 104 116 20 45 63 1 1; ]
0600100108[221 98 38 96 1 0 1; 150 90 52 99 3 1 2; 84 108 25 65 15 0 1; 108 115 20 45 63 1 1; ]
0600100109[225 98 39 96 1 0 1; 156 89 51 100 3 1 2; 88 106 25 66 15 0 1; 113 115 20 46 63 1 1; ]
0600100110[229 97 40 97 1 0 1; 162 88 50 101 3 1 2; 93 105 25 67 15 0 1; 117 114 20 47 63 1 1; ]
0600100111[232 96 41 97 1 0 1; 168 88 47 101 3 1 2; 97 105 26 67 15 0 1; 121 114 20 46 63 1 1; ]
0600100112[237 97 41 97 1 0 1; 175 89 44 101 3 1 2; 101 105 26 67 15 0 1; 125 115 20 46 63 1 1; ]
0600100113[241 97 41 97 1 0 1; 180 91 44 101 3 1 2; 105 105 27 67 15 0 1; 129 116 21 45 63 1 1; ]
0600100114[245 97 41 97 1 0 1; 185 94 44 101 3 1 2; 109 105 29 67 15 0 1; 2 102 47 92 24 0 2; 134 117 21 44 63 1 1; ]
0600100115[249 97 41 97 1 0 1; 188 93 44 97 3 1 2; 113 106 29 67 15 0 1; 6 104 48 93 24 0 2; 138 117 21 44 63 1 1; ]
0600100116[253 97 41 98 1 0 1; 194 91 45 99 4 1 1; 118 106 29 67 15 0 1; 9 106 48 93 24 0 2; 142 117 20 45 63 1 1; ]
0600100117[257 96 41 98 1 0 1; 200 91 45 99 4 1 1; 122 106 28 67 15 0 1; 13 105 49 93 24 0 2; 146 117 19 45 63 1 1; ]
0600100118[261 96 41 99 1 0 1; 205 90 45 99 4 1 1; 127 107 27 67 15 0 1; 16 103 50 94 24 0 2; 151 117 19 45 63 1 1; ]
0600100119[265 95 41 100 1 0 1; 209 88 45 99 4 1 1; 132 107 26 67 15 0 1; 19 102 51 94 24 0 2; 154 116 19 45 63 1 1; ]
0600100120[269 94 42 100 1 0 1; 213 85 45 99 4 1 1; 136 104 26 68 15 0 1; 23 100 39 96 25 0 1; 51 115 19 45 35 0 1; 158 116 19 45 63 1 1; ]
0600100121[273 93 42 101 1 0 1; 219 82 45 102 5 1 2; 140 102 26 68 15 0 1; 27 99 38 94 25 0 1; 54 114 19 49 35 0 1; 162 115 20 45 63 1 1; ]
0600100122[276 91 42 102 1 0 1; 223 80 45 102 5 1 2; 145 102 25 68 15 0 1; 30 98 37 94 25 0 1; 57 114 20 51 35 1 1; 165 114 20 45 63 1 1; ]
0600100123[280 90 43 102 1 0 1; 227 78 46 103 5 1 2; 149 102 24 67 15 0 1; 34 98 37 94 25 0 1; 60 112 20 51 35 1 1; 169 114 20 45 63 1 1; ]
0600100124[284 90 42 102 1 0 1; 230 78 47 104 5 1 2; 153 102 24 67 15 0 1; 37 98 37 94 25 0 1; 63 112 21 51 35 1 1; 172 113 20 45 63 1 1; ]
0600100125[288 90 42 102 1 0 1; 233 78 48 105 5 1 2; 157 101 24 68 15 0 1; 40 97 37 94 25 0 1; 67 112 20 51 35 1 1; 176 112 21 45 63 1 1; ]
0600100126[292 90 41 102 1 0 1; 234 79 52 108 5 1 2; 160 101 24 68 15 0 1; 43 97 37 94 25 0 1; 72 112 19 51 35 1 1; 179 112 21 45 63 1 1; ]
0600100127[296 90 41 102 1 0 1; 258 80 35 103 6 1 1; 238 92 32 91 13 1 1; 164 101 24 68 15 0 1; 45 97 37 94 25 0 1; 2 102 29 67 34 0 1; 76 113 18 51 35 1 1; 182 112 21 47 63 1 1; ]
0600100128[299 90 42 102 1 0 1; 262 80 36 107 6 1 1; 242 93 33 90 13 1 1; 168 101 24 68 15 0 1; 47 97 36 95 25 0 1; 7 102 29 68 34 0 1; 79 113 18 51 35 1 1; 186 111 21 48 63 1 1; ]
0600100129[303 89 42 103 1 0 1; 266 80 36 110 6 1 1; 245 93 34 89 13 1 1; 172 101 24 68 15 0 1; 49 97 36 96 25 0 1; 12 102 30 69 34 0 1; 82 113 18 51 35 1 1; 189 111 21 49 63 1 1; ]
0600100130[306 87 43 104 1 0 1; 271 80 37 113 6 1 1; 248 94 34 89 13 1 1; 176 101 24 68 15 0 1; 51 97 36 96 25 0 1; 14 100 32 70 34 0 1; 84 113 18 51 35 1 1; 193 111 21 49 63 1 1; ]
0600100131[309 86 44 105 1 0 1; 275 79 38 115 6 1 1; 251 94 34 89 13 1 1; 180 100 24 67 15 0 1; 52 96 39 97 25 0 1; 16 100 34 71 34 0 1; 86 113 19 51 35 1 1; 196 109 21 49 63 1 1; ]
0600100132[312 86 44 105 1 0 1; 280 78 39 118 6 1 1; 254 93 34 89 13 1 1; 182 100 38 68 16 0 2; 53 95 41 97 25 0 1; 19 100 34 71 34 0 1; 88 113 20 51 35 1 1; ]
0600100133[315 85 45 106 1 0 1; 284 76 40 121 6 1 1; 257 92 34 91 13 1 1; 185 97 36 70 16 0 2; 54 94 43 97 25 0 1; 22 100 34 71 34 0 1; 90 113 21 51 35 1 1; ]
0600100134[317 84 45 106 1 0 1; 289 74 41 123 6 1 1; 260 91 34 92 13 0 1; 188 96 36 71 16 0 2; 55 94 45 97 25 0 1; 25 100 34 71 34 0 1; 92 112 23 49 35 1 1; ]
0600100135[319 84 46 107 1 0 1; 293 73 41 124 6 1 1; 262 90 34 94 13 0 1; 191 97 37 72 16 0 2; 57 94 46 97 25 0 1; 28 100 34 71 34 0 1; 95 112 25 47 35 1 1; ]
0600100136[325 84 40 107 1 0 1; 299 73 41 124 6 0 1; 265 90 35 94 13 0 1; 194 97 38 73 16 0 2; 59 94 47 97 25 0 1; 32 101 34 71 34 0 1; 97 112 26 47 35 1 1; ]
0600100137[303 76 69 124 7 0 2; 267 90 36 95 13 0 1; 197 98 38 73 16 0 2; 61 95 48 97 25 0 1; 36 102 34 71 34 0 1; 100 113 25 47 35 1 1; ]
0600100138[309 75 67 125 7 0 2; 270 91 38 96 13 0 1; 201 99 37 73 16 0 2; 63 96 48 97 25 0 1; 41 103 34 71 34 0 1; 103 115 24 47 35 1 1; ]
0600100139[314 75 65 126 7 0 2; 272 91 39 96 13 0 1; 205 99 35 73 16 0 2; 67 98 47 97 25 0 1; 45 103 34 71 34 0 1; 106 115 24 47 35 1 1; ]
0600100140[319 75 63 127 7 0 2; 274 92 39 96 13 0 1; 208 100 34 73 16 0 2; 70 100 46 97 25 0 1; 47 103 35 71 34 0 1; 109 115 23 47 35 1 1; ]
0600100141[323 74 61 129 7 0 2; 276 93 39 96 13 0 1; 211 100 33 73 16 0 2; 51 100 67 96 26 0 2; 111 115 23 47 35 1 1; ]
0600100142[327 74 59 130 7 0 2; 278 93 39 95 13 0 1; 213 100 32 73 16 0 2; 54 99 64 97 26 0 2; 112 114 23 47 35 1 1; ]
0600100143[330 73 56 132 7 0 2; 280 94 39 95 13 0 1; 216 100 31 72 16 0 2; 57 98 61 99 26 0 2; 114 113 22 47 35 1 1; ]
0600100144[334 72 54 133 7 0 2; 281 92 39 95 13 0 1; 218 100 31 72 16 0 2; 60 95 58 100 26 0 2; 115 113 22 47 35 1 1; ]
0600100145[337 71 52 135 7 0 2; 283 90 39 95 13 0 1; 220 99 31 72 16 0 2; 62 94 56 101 26 0 2; 117 113 22 47 35 1 1; ]
0600100146[343 67 49 138 8 0 1; 284 90 39 95 13 0 1; 222 99 31 72 16 0 2; 65 94 54 101 26 0 2; 119 113 22 47 35 1 1; ]
0600100147[345 66 52 140 8 0 1; 285 90 39 95 13 0 1; 224 98 31 73 16 0 2; 66 94 52 101 26 0 2; 120 113 22 47 35 1 1; ]
0600100148[348 65 54 142 8 0 1; 287 90 39 95 13 0 1; 226 97 31 73 16 0 2; 68 94 51 101 26 0 2; 121 113 22 47 35 1 1; ]
0600100149[350 65 55 143 8 0 1; 288 90 39 96 13 0 1; 226 96 32 73 17 0 1; 70 94 48 101 26 0 2; 122 113 22 47 35 1 1; ]
0600100150[352 65 55 143 8 0 1; 290 89 38 97 13 0 1; 228 98 32 73 17 0 1; 72 94 44 102 26 0 2; 123 113 22 48 35 1 1; ]
0600100151[354 65 55 143 8 0 1; 291 89 38 97 13 0 1; 230 99 31 73 17 0 1; 73 94 40 102 26 0 2; 123 114 22 49 35 1 1; ]
0600100152[355 65 55 143 8 0 1; 292 89 38 98 13 0 1; 232 100 30 73 17 0 1; 75 96 40 101 27 0 1; 123 114 22 50 35 1 1; ]
0600100153[359 63 56 146 9 0 2; 292 89 39 98 13 0 1; 233 100 30 73 17 0 1; 75 95 41 102 27 0 1; 124 114 23 51 35 1 1; ]
0600100154[359 63 64 146 9 0 2; 292 90 40 98 13 0 1; 234 98 29 74 17 0 1; 75 95 41 102 27 0 1; 124 113 23 52 35 1 1; ]
0600100155[359 63 70 146 9 0 2; 292 90 40 99 13 0 1; 234 96 28 75 17 0 1; 75 95 41 102 27 0 1; 124 112 24 52 35 1 1; ]
0600100156[359 63 74 147 9 0 2; 292 90 41 99 13 0 1; 235 96 28 75 17 0 1; 74 94 42 105 28 0 2; 124 112 24 53 35 1 1; ]
0600100157[359 63 77 148 9 0 2; 292 90 41 99 13 0 1; 235 96 27 76 17 0 1; 70 94 47 106 28 0 2; 124 112 24 53 35 1 1; ]
0600100158[360 63 77 150 9 0 2; 291 90 41 99 13 0 1; 235 96 27 76 17 0 1; 67 94 51 107 28 0 2; 124 112 24 54 35 1 1; ]
0600100159[360 62 78 152 9 1 2; 291 90 41 99 13 0 1; 235 96 28 76 17 0 1; 65 94 54 106 28 0 2; 123 113 23 54 35 1 1; ]
0600100160[360 61 84 154 9 1 2; 291 89 41 99 13 0 1; 234 97 28 75 17 0 1; 63 94 56 105 28 0 2; 122 113 23 55 35 1 1; ]
0600100161[388 57 55 158 10 0 1; 360 77 43 123 11 1 1; 291 87 41 99 13 0 1; 233 98 29 75 17 0 1; 62 94 58 106 28 0 2; 121 113 23 56 35 1 1; ]
0600100162[391 56 59 159 10 0 1; 358 75 46 123 11 1 1; 290 86 41 100 13 0 1; 233 97 29 76 17 0 1; 60 94 59 107 28 0 2; 121 112 24 57 35 1 1; ]
0600100163[393 54 62 160 10 0 1; 358 75 47 123 11 1 1; 290 85 41 101 13 0 1; 233 97 29 76 17 0 1; 59 94 61 106 28 0 2; 120 112 25 58 35 1 1; ]
0600100164[395 53 65 161 10 0 1; 360 75 45 123 11 1 1; 290 85 41 101 13 0 1; 233 96 29 76 17 0 1; 58 94 63 105 28 0 2; 119 111 26 59 35 1 1; ]
0600100165[398 51 66 163 10 0 1; 361 76 43 123 11 1 1; 290 85 41 101 13 0 1; 233 96 29 77 17 0 1; 56 92 65 106 28 0 2; 118 109 26 59 35 1 1; ]
0600100166[400 50 67 164 10 0 1; 357 75 46 123 11 1 1; 289 84 41 101 13 0 1; 230 92 32 78 18 0 2; 54 91 66 107 28 0 2; 117 108 26 59 35 1 1; ]
0600100167[403 48 68 165 10 0 1; 354 75 50 123 11 1 1; 289 84 41 101 13 0 1; 230 91 32 78 18 0 2; 52 90 49 108 29 0 1; 116 106 26 59 35 1 1; 85 94 36 82 42 0 1; ]
0600100168[405 46 68 167 10 0 1; 355 75 48 123 11 1 1; 288 83 42 101 13 0 1; 230 90 32 78 18 0 2; 50 88 49 108 29 0 1; 115 106 26 59 35 1 1; 85 93 36 81 42 0 1; ]
0600100169[408 45 69 169 10 0 1; 356 74 46 123 11 1 1; 286 82 42 102 13 0 1; 230 89 32 78 18 0 2; 49 86 48 108 29 0 1; 114 105 26 59 35 1 1; 85 93 35 81 42 0 1; ]
0600100170[411 45 69 170 10 0 1; 356 74 46 123 11 1 1; 284 81 42 103 13 0 1; 230 89 32 78 18 0 2; 47 86 47 109 29 0 1; 113 105 26 59 35 1 1; 85 93 38 81 42 0 1; ]
0600100171[415 44 69 172 10 0 1; 355 73 46 123 11 1 1; 283 80 43 103 13 0 1; 230 89 32 78 18 0 2; 45 85 46 111 29 0 1; 112 105 26 59 35 0 1; 85 92 40 80 42 0 1; ]
0600100172[420 44 69 175 10 0 1; 353 73 49 123 11 1 1; 283 79 43 104 13 0 1; 229 89 32 78 18 0 2; 43 84 46 111 29 0 1; 111 105 26 59 35 0 1; 85 92 40 81 42 0 1; ]
0600100173[424 43 69 177 10 0 1; 351 72 51 124 11 1 1; 282 79 43 104 13 0 1; 228 89 32 78 18 0 2; 41 84 45 111 29 0 1; 110 105 26 59 35 0 1; 86 90 38 82 42 0 1; ]
0600100174[427 41 69 180 10 0 1; 350 69 50 126 11 1 1; 282 77 43 104 13 0 1; 228 89 32 78 18 0 2; 39 83 45 111 29 0 1; 110 105 26 59 35 0 1; 87 89 37 83 42 0 1; ]
0600100175[430 38 69 185 10 0 1; 349 66 50 129 11 1 1; 282 77 43 105 13 0 1; 228 89 32 78 18 0 2; 37 83 45 111 29 0 1; 110 105 26 59 35 0 1; 87 89 37 84 42 0 1; ]
0600100176[433 35 69 189 10 0 1; 348 65 48 128 11 1 1; 282 77 43 105 13 0 1; 228 89 32 78 18 0 2; 36 83 44 111 29 0 1; 86 88 47 84 36 0 2; ]
0600100177[436 33 69 192 10 0 1; 348 65 46 128 11 1 1; 281 77 43 106 13 0 1; 228 89 32 78 18 0 2; 35 83 44 111 29 0 1; 87 87 46 84 36 0 2; ]
0600100178[440 32 69 193 10 0 1; 347 65 46 128 11 1 1; 280 77 44 107 13 0 1; 228 89 32 78 18 0 2; 33 83 43 112 29 0 1; 87 86 45 84 36 0 2; ]
0600100179[346 65 47 129 11 1 1; 280 77 44 107 13 0 1; 228 88 31 80 18 0 2; 33 84 43 113 29 0 1; 87 86 44 84 36 0 2; ]
0600100180[346 65 48 130 11 1 1; 280 77 44 107 13 0 1; 227 88 31 82 18 0 2; 30 83 45 114 29 0 1; 87 85 42 84 36 0 2; ]
0600100181[346 65 49 131 11 1 1; 280 78 44 107 13 0 1; 225 86 28 80 19 0 1; 27 82 47 115 29 0 1; 87 85 38 83 37 0 1; ]
0600100182[346 65 50 132 11 1 1; 280 78 44 107 13 0 1; 225 87 28 81 19 0 1; 24 82 49 115 29 0 1; 89 85 38 84 37 0 1; ]
0600100183[346 66 51 132 11 1 1; 280 79 44 107 13 0 1; 225 87 28 81 19 0 1; 22 82 51 115 29 0 1; 89 85 38 85 37 0 1; ]
0600100184[346 67 51 133 11 0 1; 280 80 44 107 13 0 1; 225 88 29 82 19 0 1; 21 82 52 115 29 0 1; 90 85 38 86 37 0 1; ]
0600100185[346 68 52 134 11 0 1; 280 80 44 108 13 0 1; 225 89 30 82 19 0 1; 19 84 54 115 29 0 1; 90 85 38 86 37 0 1; ]
0600100186[346 68 52 135 11 0 1; 280 80 44 109 13 0 1; 224 90 31 81 19 0 1; 18 86 55 115 29 0 1; 89 86 38 87 37 0 1; ]
0600100187[346 68 52 136 11 0 1; 280 79 44 109 13 0 1; 222 91 33 81 19 0 1; 17 86 55 115 29 0 1; 88 87 39 87 37 0 1; ]
0600100188[346 68 52 138 11 0 1; 280 79 44 110 13 0 1; 221 93 34 80 19 0 1; 16 86 55 116 29 0 1; 87 87 39 87 37 0 1; ]
0600100189[346 68 52 140 11 0 1; 279 79 44 112 13 0 1; 220 92 35 80 20 0 2; 15 86 55 116 29 0 1; 87 88 40 88 37 0 1; ]
0600100190[346 67 53 141 11 0 1; 279 79 45 113 13 0 1; 220 92 35 80 20 0 2; 14 86 55 117 29 0 1; 87 88 40 88 37 0 1; ]
0600100191[346 65 55 143 11 0 1; 279 79 45 113 13 0 1; 221 92 35 80 20 0 2; 13 86 55 118 29 0 1; 88 88 40 89 37 0 1; ]
0600100192[346 64 55 142 11 0 1; 279 79 45 113 13 0 1; 221 92 35 80 20 0 2; 14 86 55 119 29 0 1; 89 88 40 89 37 0 1; ]
0600100193[347 63 55 141 11 0 1; 280 79 45 112 13 0 1; 221 91 35 80 20 0 2; 14 85 55 120 29 0 1; 89 88 40 90 37 0 1; ]
0600100194[348 64 55 140 11 0 1; 281 78 45 111 13 0 1; 222 88 35 82 20 0 2; 14 84 55 120 29 0 1; 89 86 40 91 37 0 1; ]
0600100195[349 64 55 140 11 0 1; 282 78 45 111 13 0 1; 222 86 36 83 20 0 2; 14 84 55 120 29 0 1; 89 84 40 91 37 0 1; ]
0600100196[350 66 55 140 11 0 1; 283 79 45 111 13 0 1; 223 87 38 83 20 0 2; 15 84 54 120 29 0 1; 90 84 40 91 37 0 1; ]
0600100197[352 67 55 140 11 0 1; 284 79 45 112 13 0 1; 223 89 39 83 20 0 2; 15 84 52 120 29 0 1; 92 85 41 91 37 0 1; ]
0600100198[354 67 55 140 11 0 1; 285 79 46 113 13 0 1; 224 90 40 83 20 0 2; 16 84 50 120 29 0 1; 93 86 41 91 37 0 1; ]
0600100199[357 67 55 140 11 0 1; 287 79 46 114 13 0 1; 226 90 41 83 20 0 2; 17 84 48 120 29 0 1; 94 86 42 92 37 0 1; ]
0600100200[359 67 56 141 11 0 1; 288 80 47 115 13 0 1; 228 91 41 83 20 0 2; 18 86 48 121 29 0 1; 96 86 43 92 37 0 1; ]
0600100201[361 67 56 142 11 0 1; 290 80 47 115 13 0 1; 230 91 41 84 20 0 2; 19 88 47 121 29 0 1; 98 86 43 92 37 0 1; ]
0600100202[364 66 57 143 11 0 1; 292 81 48 115 13 0 1; 233 91 42 85 20 0 2; 21 88 47 122 29 0 1; 101 87 43 93 37 0 1; ]
0600100203[367 65 59 145 11 0 1; 295 82 48 115 13 0 1; 236 91 44 85 20 1 2; 22 88 47 123 29 0 1; 105 87 43 93 37 0 1; ]
0600100204[370 63 61 146 11 0 1; 299 81 48 117 13 0 1; 239 90 45 86 20 1 2; 25 87 48 124 29 0 1; 110 87 43 93 37 0 1; ]
0600100205[373 62 62 147 11 0 1; 303 80 48 118 13 0 1; 242 90 46 86 20 1 2; 27 86 49 124 29 0 1; 114 88 43 94 37 0 1; ]
0600100206[376 62 62 147 11 0 1; 306 79 48 118 13 0 1; 245 89 47 86 20 1 2; 29 87 51 126 29 0 1; 117 88 43 94 37 0 1; ]
0600100207[379 62 62 148 11 0 1; 308 79 48 118 13 0 1; 248 89 47 86 20 1 2; 30 88 53 126 29 0 1; 119 89 43 94 37 0 1; ]
0600100208[383 62 62 148 11 0 1; 311 79 48 118 13 0 1; 250 87 48 86 20 1 2; 32 88 54 126 29 0 1; 122 87 43 95 37 0 1; ]
0600100209[386 62 62 148 11 0 1; 314 80 49 118 13 0 1; 253 86 48 86 20 1 2; 35 89 55 126 29 0 1; 124 86 44 95 37 0 1; ]
0600100210[390 63 62 148 11 0 1; 317 81 50 118 13 0 1; 258 87 48 89 20 1 2; 38 89 56 126 29 0 1; 127 86 46 96 37 0 1; ]
0600100211[394 65 62 148 11 0 1; 321 82 51 118 13 0 1; 263 86 48 91 20 1 2; 41 90 56 126 29 0 1; 129 86 47 97 37 0 1; ]
0600100212[399 66 62 148 11 0 1; 324 81 51 118 13 0 1; 263 94 48 88 20 1 2; 43 91 56 126 29 0 1; 132 88 48 100 38 0 2; ]
0600100213[403 67 62 148 11 0 1; 327 80 51 119 13 0 1; 283 94 32 88 21 0 1; 46 91 56 126 29 0 1; 135 90 48 98 38 0 2; ]
0600100214[408 67 62 149 11 0 1; 331 80 51 120 13 0 1; 286 94 33 88 21 0 1; 49 92 56 126 29 0 1; 139 91 49 98 38 0 2; ]
0600100215[414 66 62 150 11 0 1; 335 79 51 121 13 0 1; 290 95 33 88 21 0 1; 52 92 56 126 29 0 1; 143 92 49 97 38 0 2; ]
0600100216[420 66 62 151 11 0 1; 341 80 51 124 13 0 1; 294 95 33 88 21 0 1; 56 92 57 127 29 0 1; 146 92 49 97 38 0 2; ]
0600100217[425 65 62 153 11 0 1; 346 80 51 125 13 0 1; 299 95 34 89 21 0 1; 60 92 58 127 29 0 1; 150 92 49 98 38 0 2; ]
0600100218[430 63 62 154 11 0 1; 351 81 51 123 13 0 1; 304 95 34 88 21 0 1; 64 92 57 127 29 0 1; 154 91 50 100 38 0 2; ]
0600100219[435 62 62 156 11 0 1; 355 82 52 121 13 0 1; 308 95 34 87 21 0 1; 67 92 56 128 29 0 1; 158 89 51 102 38 0 2; ]
0600100220[440 60 63 159 11 0 1; 358 81 52 121 13 0 1; 312 95 34 86 21 0 1; 69 90 55 130 29 0 1; 161 88 52 103 38 0 2; ]
0600100221[444 57 63 160 11 0 1; 362 80 51 122 13 0 1; 316 95 34 85 21 0 1; 71 88 54 133 29 0 1; 163 87 53 104 38 0 2; ]
0600100222[447 55 63 160 11 0 1; 364 79 50 122 13 0 1; 320 95 34 85 21 0 1; 73 88 54 133 29 0 1; 165 85 53 105 38 0 2; ]
0600100223[367 77 49 123 13 0 1; 324 94 34 85 21 0 1; 75 88 53 132 29 0 1; 169 85 52 105 38 0 2; 296 94 27 80 43 1 1; ]
0600100224[372 75 49 124 13 0 1; 327 93 34 86 21 0 1; 77 87 52 132 29 0 1; 172 83 52 105 38 0 2; 299 92 28 78 43 1 1; ]
0600100225[378 73 49 125 13 0 1; 331 92 35 86 21 0 1; 80 87 51 132 29 0 1; 175 82 52 106 38 0 2; 302 91 29 77 43 1 1; ]
0600100226[380 70 49 126 13 0 1; 334 90 34 88 21 0 1; 84 86 50 131 29 0 1; 178 81 52 107 38 0 2; 305 89 30 79 43 1 1; ]
0600100227[383 68 49 128 13 0 1; 338 87 34 88 21 0 1; 87 85 49 131 29 0 1; 181 79 53 109 38 0 2; 308 88 31 80 43 1 1; ]
0600100228[388 67 49 129 13 0 1; 342 85 34 89 21 0 1; 90 84 50 131 29 0 1; 185 78 54 109 38 0 2; 312 84 31 80 43 1 1; ]
0600100229[392 66 50 130 13 0 1; 347 84 34 89 21 1 1; 92 83 51 132 29 0 1; 188 77 55 110 38 0 2; 313 82 32 80 43 1 1; ]
0600100230[396 65 50 131 13 0 1; 351 83 34 88 21 1 1; 95 82 52 133 29 0 1; 191 76 57 110 38 0 2; 315 82 34 80 43 0 1; ]
0600100231[399 65 51 131 13 0 1; 356 83 34 88 21 1 1; 97 80 53 134 29 0 1; 194 75 59 110 38 0 2; 319 82 34 80 43 0 1; ]
0600100232[403 65 51 131 13 0 1; 361 83 34 87 21 1 1; 100 79 54 135 29 0 1; 197 74 61 111 38 0 2; 324 82 35 80 43 0 1; ]
0600100233[408 65 52 131 13 0 1; 366 83 34 86 21 1 1; 103 77 57 136 29 0 1; 215 74 48 109 39 0 1; 328 82 34 80 43 0 1; 201 100 28 77 50 0 1; ]
0600100234[414 65 52 131 13 0 1; 370 84 33 86 21 1 1; 106 76 58 137 29 0 1; 219 74 48 109 39 0 1; 332 82 32 80 43 0 1; 204 101 28 76 50 0 1; ]
0600100235[419 65 53 131 13 0 1; 374 84 33 86 21 1 1; 109 76 60 137 29 0 1; 222 73 48 109 39 0 1; 336 82 33 80 43 0 1; 320 108 22 39 44 1 0; 207 101 28 76 50 0 1; ]
0600100236[423 64 53 131 13 0 1; 379 84 32 86 21 1 1; 111 76 60 137 29 0 1; 226 72 48 109 39 0 1; 339 83 34 80 43 0 1; 320 108 23 39 44 1 0; 210 100 28 76 50 0 1; ]
0600100237[427 62 54 132 13 0 1; 384 84 31 86 21 1 1; 113 76 60 137 29 0 1; 230 71 48 109 39 0 1; 341 81 33 80 43 0 1; 320 108 23 39 44 1 0; 213 100 28 76 50 0 1; ]
0600100238[430 60 54 134 13 0 1; 388 82 31 86 21 1 1; 115 76 61 137 29 0 1; 234 69 48 110 39 0 1; 344 79 33 80 43 0 1; 320 107 24 39 44 0 0; 215 99 28 76 50 0 1; ]
0600100239[434 59 55 135 13 0 1; 117 76 61 137 29 0 1; 238 68 47 113 39 0 1; 348 79 33 80 43 0 1; 321 107 24 39 44 0 0; 217 98 29 76 50 0 1; ]
0600100240[438 57 56 136 13 0 1; 120 75 61 138 29 0 1; 242 67 47 115 39 0 1; 351 79 34 80 43 0 1; 322 106 25 40 44 0 0; 221 98 29 77 50 0 1; ]
0600100241[443 55 56 138 13 0 1; 124 75 62 138 29 0 1; 246 66 47 117 39 0 1; 355 79 34 81 43 0 1; 323 106 26 40 44 0 0; 224 97 29 78 50 0 1; ]
0600100242[448 54 57 139 13 0 1; 127 75 62 138 29 0 1; 251 65 46 118 39 0 1; 358 78 34 81 43 0 1; 323 105 26 41 44 0 0; 227 97 29 78 50 0 1; ]
0600100243[452 53 57 140 13 0 1; 130 75 62 138 29 0 1; 256 65 44 118 39 0 1; 361 76 35 82 43 0 1; 324 105 27 42 44 0 0; 230 96 29 79 50 0 1; ]
0600100244[133 74 62 138 29 0 1; 261 65 43 119 39 0 1; 365 76 35 83 43 0 1; 326 105 27 42 44 0 0; 232 95 30 79 50 0 1; ]
0600100245[413 88 28 62 22 1 1; 135 73 62 137 29 0 1; 265 65 43 119 39 0 1; 368 75 35 84 43 0 1; 326 102 27 41 44 0 0; 234 95 30 79 50 0 1; ]
0600100246[417 88 29 67 22 1 1; 136 72 61 141 29 0 1; 269 65 43 119 39 0 1; 372 74 34 84 43 0 1; 326 102 27 42 44 0 0; 238 95 30 79 50 0 1; ]
0600100247[421 89 30 71 22 1 1; 138 71 60 144 29 0 1; 272 65 44 119 39 0 1; 376 75 34 83 43 0 1; 241 95 30 79 50 0 1; ]
0600100248[425 89 31 74 22 1 1; 142 70 56 144 29 0 1; 275 66 45 119 39 0 1; 380 76 34 83 43 0 1; 245 96 30 79 50 0 1; ]
0600100249[429 89 32 77 22 1 1; 147 70 53 144 29 0 1; 279 66 46 119 39 0 1; 383 75 33 83 43 0 1; 248 96 30 79 50 0 1; ]
0600100250[433 88 32 79 22 1 1; 149 70 53 144 29 0 1; 282 66 47 119 39 0 1; 387 74 33 84 43 0 1; 251 96 30 79 50 0 1; ]
0600100251[437 86 33 81 22 1 1; 152 70 53 144 29 0 1; 285 65 47 119 39 0 1; 390 72 33 87 43 0 1; 254 95 30 80 50 0 1; ]
0600100252[440 84 34 82 22 1 1; 154 70 53 144 29 0 1; 289 64 48 120 39 0 1; 393 71 32 89 43 0 1; 256 94 30 81 50 0 1; ]
0600100253[444 83 35 83 22 0 1; 156 69 53 145 29 0 1; 292 63 48 120 39 1 1; 397 70 32 90 43 0 1; 259 94 30 82 50 0 1; ]
0600100254[448 81 35 83 22 0 1; 159 69 53 145 29 0 1; 296 63 48 121 39 1 1; 400 69 33 90 43 0 1; 263 92 30 82 50 0 1; ]
0600100255[452 80 36 83 22 0 1; 161 68 54 146 29 0 1; 301 63 48 121 39 1 1; 403 67 33 93 43 0 1; 266 91 30 83 50 0 1; ]
0600100256[455 82 37 82 22 0 1; 162 68 56 147 29 0 1; 305 63 48 123 39 1 1; 407 65 34 95 43 0 1; 268 91 31 82 50 0 1; ]
0600100257[459 83 37 82 22 0 1; 164 67 59 148 29 0 1; 310 62 48 124 39 1 1; 410 66 35 94 43 0 1; 271 91 32 82 50 0 1; ]
0600100258[464 83 37 82 22 0 1; 166 66 63 150 29 0 1; 316 60 48 126 39 1 1; 414 67 36 92 43 0 1; 274 91 33 82 50 0 1; ]
0600100259[469 84 37 82 22 0 1; 169 65 66 152 29 0 1; 322 57 49 128 39 1 1; 417 67 39 92 43 0 1; 277 91 33 83 50 0 1; ]
0600100260[473 84 37 82 22 0 1; 171 65 67 152 29 0 1; 326 56 49 131 39 1 1; 420 67 40 92 43 0 1; 280 91 33 83 50 0 1; ]
0600100261[174 65 67 152 29 0 1; 330 54 49 134 39 1 1; 424 67 40 92 43 0 1; 283 91 34 84 50 0 1; ]
0600100262[177 65 67 151 29 0 1; 336 53 47 134 39 1 1; 427 67 40 92 43 0 1; 286 91 34 85 50 0 1; ]
0600100263[180 65 68 150 29 0 1; 341 53 47 134 39 1 1; 431 66 39 92 43 0 1; 329 100 24 48 45 1 0; 288 90 35 86 50 0 1; ]
0600100264[182 65 69 150 29 0 1; 344 52 48 134 39 1 1; 434 66 39 92 43 0 1; 291 89 36 86 50 0 1; ]
0600100265[185 65 69 150 29 0 1; 347 51 49 135 39 1 1; 437 66 39 98 43 0 1; 329 96 24 49 46 1 0; 293 89 36 86 50 0 1; ]
0600100266[187 65 70 150 29 0 1; 351 51 50 137 39 1 1; 440 65 40 104 43 0 1; 328 99 27 51 46 1 0; 297 89 35 86 50 0 1; ]
0600100267[190 65 70 150 29 0 1; 355 50 50 140 39 1 1; 443 65 41 106 43 0 1; 325 99 30 54 46 0 0; 301 89 35 86 50 0 1; ]
0600100268[193 64 69 152 29 0 1; 360 49 50 140 39 1 1; 446 65 41 107 43 0 1; 327 98 28 56 46 0 0; 302 89 35 86 50 0 1; ]
0600100269[197 63 68 154 29 0 1; 366 49 51 140 39 1 1; 449 64 41 109 43 0 1; 304 88 51 91 47 0 2; ]
0600100270[200 64 65 155 29 0 1; 371 49 51 140 39 1 1; 452 63 41 112 43 0 1; 309 88 46 91 47 0 2; ]
0600100271[204 65 63 155 29 0 1; 376 50 51 141 39 1 1; 456 63 41 115 43 0 1; 310 88 44 91 47 0 2; ]
0600100272[207 65 61 156 29 0 1; 380 53 52 142 39 1 1; 459 62 41 117 43 0 1; 317 90 34 92 48 0 1; ]
0600100273[210 66 60 156 29 0 1; 384 54 53 143 39 1 1; 463 63 41 117 43 0 1; 320 91 34 92 48 0 1; ]
0600100274[212 67 59 157 29 0 1; 389 53 58 146 39 1 1; 467 63 41 118 43 0 1; 323 93 34 92 48 0 1; ]
0600100275[214 68 58 158 29 0 1; 393 52 64 149 39 1 1; 325 94 34 92 48 0 1; ]
0600100276[217 69 58 158 29 0 1; 398 48 66 154 39 1 1; 324 94 40 94 49 0 2; ]
0600100277[220 69 58 158 29 0 1; 403 45 66 158 39 1 1; 321 94 46 95 49 0 2; ]
0600100278[224 69 58 159 29 0 1; 410 45 64 159 39 1 1; 337 95 34 91 51 0 1; 318 107 31 55 52 0 0; ]
0600100279[227 69 58 159 29 0 1; 417 44 62 159 39 1 1; 340 96 34 92 51 0 1; 317 107 32 57 52 0 0; ]
0600100280[229 69 60 160 29 0 1; 423 45 63 159 39 1 1; 343 96 34 93 51 0 1; 315 107 32 58 52 0 0; ]
0600100281[230 69 65 161 29 0 1; 428 46 64 159 39 1 1; 346 97 35 94 51 0 1; 314 108 32 59 52 0 0; ]
0600100282[232 69 69 162 29 0 1; 436 49 63 159 39 1 1; 349 97 35 95 51 0 1; 314 108 32 60 52 0 0; ]
0600100283[234 69 71 164 29 0 1; 443 50 63 159 39 1 1; 352 98 35 96 51 0 1; 313 109 32 60 52 0 0; ]
0600100284[237 70 71 165 29 0 1; 356 98 35 96 51 0 1; 313 110 32 60 52 0 0; ]
0600100285[241 70 71 166 29 0 1; 360 98 35 97 51 0 1; 313 111 32 60 52 0 0; ]
0600100286[245 71 71 167 29 0 1; 364 98 35 97 51 0 1; 313 111 32 60 52 0 0; ]
0600100287[249 72 71 167 29 0 1; 367 98 35 98 51 0 1; 312 110 32 60 52 0 0; ]
0600100288[252 72 71 167 29 0 1; 371 98 35 99 51 0 1; 310 109 32 60 52 0 0; ]
0600100289[255 72 71 167 29 0 1; 374 97 36 99 51 0 1; 309 109 32 60 52 0 0; ]
0600100290[262 71 84 167 30 0 2; 377 96 37 100 51 0 1; ]
0600100291[267 71 75 167 30 0 2; 380 96 39 100 51 0 1; ]
0600100292[269 71 73 167 30 0 2; 384 96 41 100 51 0 1; ]
0600100293[274 68 74 167 31 0 1; 387 96 42 100 51 0 1; ]
0600100294[275 68 73 169 31 0 1; 390 96 43 100 51 0 1; ]
0600100295[278 68 72 170 31 0 1; 393 96 43 100 51 0 1; ]
0600100296[280 68 71 171 31 0 1; 396 96 43 101 51 0 1; ]
0600100297[283 68 70 172 31 0 1; 399 96 43 102 51 0 1; ]
0600100298[286 68 70 173 31 0 1; 402 96 43 103 51 0 1; ]
0600100299[291 68 70 175 31 0 1; 406 96 42 104 51 0 1; ]
0600100300[295 67 70 175 31 0 1; 409 95 42 106 51 0 1; ]
0600100301[296 67 70 176 31 0 1; 413 93 42 107 51 0 1; ]
0600100302[291 66 73 178 32 0 2; 417 91 41 108 51 0 1; ]
0600100303[289 64 83 180 32 0 2; 420 90 43 109 51 0 1; ]
0600100304[289 63 87 181 32 0 2; 423 89 45 110 51 0 1; ]
0600100305[426 89 46 110 51 0 1; 286 103 42 73 53 0 0; 309 61 72 181 55 0 1; ]
0600100306[429 89 46 111 51 0 1; 285 104 40 73 53 0 0; 312 61 76 181 55 0 1; ]
0600100307[434 89 45 111 51 0 1; 284 104 38 72 53 0 0; 316 62 79 181 55 0 1; ]
0600100308[438 91 44 111 51 0 1; 282 104 37 72 53 0 0; 320 63 81 182 55 0 1; ]
0600100309[443 93 43 111 51 0 1; 281 105 37 72 53 0 0; 324 63 82 182 55 0 1; ]
0600100310[448 94 43 111 51 0 1; 279 105 37 72 53 0 0; 327 65 81 182 55 0 1; ]
0600100311[451 94 43 111 51 0 1; 277 106 37 72 53 0 0; 331 66 81 182 55 0 1; ]
0600100312[455 94 44 113 51 0 1; 275 107 37 72 53 0 0; 335 67 81 183 55 0 1; ]
0600100313[458 95 45 115 51 0 1; 273 107 37 72 53 0 0; 339 68 80 183 55 0 1; ]
0600100314[461 95 47 118 51 0 1; 271 107 37 72 53 0 0; 344 69 80 184 55 0 1; ]
0600100315[268 107 37 73 53 0 0; 348 69 80 184 55 0 1; ]
0600100316[266 107 38 73 53 0 0; 352 69 80 185 55 0 1; ]
0600100317[263 107 38 74 53 0 0; 356 69 80 185 55 0 1; ]
0600100318[262 104 39 76 53 0 0; 361 65 80 189 55 0 1; ]
0600100319[260 102 39 77 53 0 0; 366 60 80 191 55 0 1; ]
0600100320[257 100 40 78 53 0 0; 370 57 80 193 55 0 1; ]
0600100321[254 100 40 78 53 0 0; 373 56 80 195 55 0 1; ]
0600100322[249 100 41 78 53 0 0; 377 56 80 196 55 0 1; ]
0600100323[243 100 42 78 53 0 0; 379 57 80 198 55 0 1; ]
0600100324[237 101 43 78 53 0 0; 382 57 79 198 55 0 1; ]
0600100325[232 101 44 78 53 0 0; 385 57 78 199 55 0 1; ]
0600100326[229 101 44 78 53 0 0; 388 58 77 199 55 0 1; ]
0600100327[226 100 44 79 53 0 0; 391 58 77 199 55 0 1; ]
0600100328[224 99 44 81 53 0 0; 394 59 76 199 55 0 1; ]
0600100329[221 98 44 82 53 0 0; 397 60 75 199 55 0 1; ]
0600100330[218 97 44 82 53 0 0; 399 57 78 201 55 0 1; ]
0600100331[213 95 45 83 53 0 0; 402 54 81 202 55 0 1; ]
0600100332[207 94 45 83 53 0 0; 405 52 84 203 55 0 1; ]
0600100333[202 92 46 84 53 0 0; 407 51 85 204 55 0 1; ]
0600100334[196 92 48 86 53 0 0; 411 50 86 205 55 0 1; ]
0600100335[191 91 50 88 53 0 0; 414 50 86 205 55 0 1; ]
0600100336[186 90 52 90 53 0 0; 418 50 86 205 55 0 1; ]
0600100337[180 90 53 91 53 0 0; 422 50 87 205 55 0 1; ]
0600100338[174 90 53 92 53 0 0; ]
0600100339[168 90 53 93 53 0 0; ]
0600100340[161 90 53 93 53 0 0; ]
0600100341[154 90 53 94 53 0 0; ]
0600100342[146 90 55 95 53 0 0; ]
0600100343[139 90 56 98 53 0 0; ]
0600100344[131 90 58 100 53 0 0; ]
0600100345[123 90 59 102 53 0 0; ]
0600100346[116 89 60 105 53 0 0; ]
0600100347[108 88 61 108 53 0 0; ]
0600100348[100 87 61 111 53 0 0; ]
0600100349[92 85 62 114 53 0 0; ]
0600100350[83 84 63 118 53 0 0; ]
0600100351[74 83 64 122 53 0 0; ]
0600100352[64 82 66 127 53 0 0; ]
0600100353[54 82 67 131 53 0 0; ]
0600100354[44 81 67 133 53 0 0; ]
0600100355[34 79 67 134 53 0 0; ]
0600100356[23 78 67 135 53 0 0; ]
0600100357[11 77 67 137 53 0 0; ]
0600100358[]
0600100359[]
0600100360[]
0600100361[]
0600100362[]
0600100363[]
0600100364[]
0600100365[]
0600100366[]
0600100367[]
0600100368[]
0600100369[]
0600100370[]
0600100371[]
0600100372[]
0600100373[]
0600100374[]
0600100375[]
0600100376[]
0600100377[]
0600100378[]
0600100379[]
0600100380[]
0600100381[]
0600100382[]
0600100383[]
0600100384[]
0600100385[]
0600100386[]
0600100387[]
0600100388[]
0600100389[]
0600100390[]
0600100391[]
0600100392[]
0600100393[]
0600100394[]
0600100395[]
0600100396[]
0600100397[]
0600100398[]
0600100399[]
0600100400[]
0600100401[]
0600100402[]
0600100403[]
0600100404[]
0600100405[]
0600100406[]
0600100407[]
0600100408[]
0600100409[]
0600100410[]
0600100411[]
0600100412[]
0600100413[]
0600100414[]
0600100415[]
0600100416[]
0600100417[]
0600100418[]
0600100419[]
0600100420[]
0600100421[]
0600100422[]
0600100423[]
0600100424[]
0600100425[]
0600100426[]
0600100427[]
0600100428[]
0600100429[]
0600100430[]
0600100431[]
0600100432[]
0600100433[]
0600100434[]
0600100435[452 103 49 105 67 0 0; ]
0600100436[445 103 50 101 67 0 0; ]
0600100437[439 103 50 97 67 0 0; ]
0600100438[433 103 49 93 67 0 0; ]
0600100439[427 103 49 90 67 0 0; ]
0600100440[420 103 49 90 67 0 0; ]
0600100441[411 102 51 91 67 0 0; ]
0600100442[403 100 54 93 67 0 0; ]
0600100443[394 98 56 95 67 0 0; ]
0600100444[387 97 56 96 67 0 0; ]
0600100445[379 96 56 97 67 0 0; ]
0600100446[373 95 56 97 67 0 0; ]
0600100447[366 94 56 97 67 0 0; ]
0600100448[359 93 56 98 67 0 0; ]
0600100449[351 93 56 98 67 0 0; ]
0600100450[343 93 56 98 67 0 0; ]
0600100451[335 92 56 99 67 0 0; ]
0600100452[327 90 56 100 67 0 0; ]
0600100453[319 89 57 102 67 0 0; ]
0600100454[310 89 57 102 67 0 0; ]
0600100455[301 89 57 102 67 0 0; ]
0600100456[292 87 58 105 67 0 0; ]
0600100457[283 85 58 109 67 0 0; ]
0600100458[274 84 58 112 67 0 0; ]
0600100459[265 83 58 114 67 0 0; ]
0600100460[256 83 59 116 67 0 0; ]
0600100461[247 83 59 117 67 0 0; ]
0600100462[238 83 60 118 67 0 0; ]
0600100463[228 83 61 119 67 0 0; ]
0600100464[217 83 62 121 67 0 0; ]
0600100465[206 82 63 124 67 0 0; ]
0600100466[194 82 65 127 67 0 0; ]
0600100467[182 82 66 130 67 0 0; ]
0600100468[170 81 68 132 67 0 0; ]
0600100469[158 79 70 135 67 0 0; ]
0600100470[145 76 73 137 67 0 0; ]
0600100471[131 73 75 140 67 0 0; ]
0600100472[119 73 76 140 67 0 0; ]
0600100473[106 72 77 140 67 0 0; ]
0600100474[92 71 78 140 67 0 0; ]
0600100475[78 69 79 141 67 0 0; ]
0600100476[64 68 80 143 67 0 0; ]
0600100477[49 67 81 149 67 0 0; ]
0600100478[33 65 83 155 67 0 0; ]
0600100479[17 62 86 161 67 0 0; ]
0600100480[]
0600100481[]
0600100482[]
0600100483[]
0600100484[]
0600100485[]
0600100486[]
0600100487[]
0600100488[]
0600100489[476 114 32 60 68 0 0; ]
0600100490[469 115 32 60 68 0 0; ]
0600100491[461 115 32 60 68 0 0; ]
0600100492[453 116 33 60 68 0 0; ]
0600100493[446 117 33 60 68 0 0; ]
0600100494[438 118 34 60 68 0 0; ]
0600100495[431 118 35 60 68 0 0; ]
0600100496[423 118 36 60 68 0 0; ]
0600100497[416 117 37 60 68 0 0; ]
0600100498[409 117 38 60 68 0 0; ]
0600100499[402 117 38 60 68 0 0; ]
0600100500[395 116 38 60 68 0 0; ]
0600100501[389 115 38 60 68 0 0; ]
0600100502[382 114 37 60 68 0 0; ]
0600100503[375 113 36 60 68 0 0; ]
0600100504[]
0600100505[367 111 34 60 69 0 0; ]
0600100506[362 109 34 60 69 0 0; ]
0600100507[357 108 34 60 69 0 0; ]
0600100508[350 107 34 60 69 0 0; ]
0600100509[342 106 35 61 69 0 0; ]
0600100510[335 105 36 61 69 0 0; ]
0600100511[327 103 37 62 69 0 0; ]
0600100512[321 102 37 63 69 0 0; ]
0600100513[315 101 38 64 69 0 0; ]
0600100514[421 44 87 192 62 0 0; 309 100 38 65 69 0 0; ]
0600100515[418 43 86 191 62 0 0; 304 98 38 67 69 0 0; ]
0600100516[416 42 84 189 62 0 0; 298 97 38 71 69 0 0; ]
0600100517[414 41 83 187 62 0 0; 292 96 39 75 69 0 0; ]
0600100518[410 41 83 183 62 0 0; 286 96 40 76 69 0 0; ]
0600100519[406 41 82 181 62 0 0; 280 95 40 77 69 0 0; ]
0600100520[403 41 82 184 62 0 0; 274 94 40 78 69 0 0; ]
0600100521[399 42 81 187 62 0 0; 269 93 40 81 69 0 0; ]
0600100522[395 42 82 187 62 0 0; 263 92 40 83 69 0 0; ]
0600100523[391 42 83 186 62 0 0; 258 91 40 86 69 0 0; ]
0600100524[387 42 85 185 62 0 0; 253 91 41 90 69 0 0; ]
0600100525[384 42 86 184 62 0 0; 249 90 41 94 69 0 0; ]
0600100526[381 44 86 178 62 0 0; 244 89 42 98 69 0 0; ]
0600100527[379 47 85 172 62 0 0; 240 89 44 103 69 0 0; ]
0600100528[377 47 84 175 62 0 0; 236 89 44 99 69 0 0; ]
0600100529[375 47 83 177 62 0 0; 232 89 44 96 69 0 0; ]
0600100530[372 48 84 178 62 0 0; 228 89 44 95 69 0 0; ]
0600100531[368 50 85 179 62 0 0; 223 89 44 95 69 0 0; ]
0600100532[366 48 85 179 62 0 0; 218 88 44 97 69 0 0; ]
0600100533[365 47 83 179 62 0 0; 213 85 45 103 69 0 0; ]
0600100534[363 47 81 178 62 0 0; 208 82 47 109 69 0 0; ]
0600100535[360 47 79 176 62 0 0; 203 80 48 114 69 0 0; ]
0600100536[357 47 80 172 62 0 0; 197 79 50 118 69 0 0; ]
0600100537[355 47 81 169 62 0 0; 192 79 52 121 69 0 0; ]
0600100538[354 47 80 171 62 0 0; 187 78 55 124 69 0 0; ]
0600100539[354 48 79 173 62 0 0; 181 78 57 126 69 0 0; ]
0600100540[351 50 81 174 62 0 0; 177 78 58 126 69 0 0; ]
0600100541[350 51 81 175 62 0 0; 172 78 58 126 69 0 0; ]
0600100542[350 53 80 172 62 0 0; 167 78 59 126 69 0 0; ]
0600100543[350 55 78 167 62 0 0; 162 78 60 125 69 0 0; ]
0600100544[350 56 76 161 62 0 0; 156 78 61 124 69 0 0; ]
0600100545[350 57 75 159 62 0 0; 150 78 63 122 69 0 0; ]
0600100546[350 58 75 161 62 0 0; 144 78 65 121 69 0 0; ]
0600100547[349 58 75 164 62 0 0; 138 78 66 120 69 0 0; ]
0600100548[348 58 75 168 62 0 0; 132 78 68 121 69 0 0; ]
0600100549[347 59 75 170 62 0 0; 125 76 70 123 69 0 0; ]
0600100550[346 59 75 169 62 0 0; 118 75 72 126 69 0 0; ]
0600100551[345 60 75 168 62 0 0; 111 73 73 130 69 0 0; ]
0600100552[345 61 75 166 62 0 0; 103 72 77 140 69 0 0; ]
0600100553[344 62 74 163 62 0 0; 95 71 81 149 69 0 0; ]
0600100554[344 64 74 159 62 0 0; 87 70 84 157 69 0 0; ]
0600100555[344 65 74 157 62 0 0; 79 69 86 164 69 0 0; ]
0600100556[344 67 74 159 62 0 0; 71 68 86 170 69 0 0; ]
0600100557[344 68 74 161 62 0 0; 62 67 87 176 69 0 0; ]
0600100558[344 68 74 161 62 0 0; 53 66 87 180 69 0 0; ]
0600100559[344 68 74 160 62 0 0; 44 65 88 182 69 0 0; ]
0600100560[344 68 74 159 62 0 0; 34 63 89 182 69 0 0; ]
0600100561[344 68 74 158 62 0 0; 24 60 91 182 69 0 0; ]
0600100562[344 68 74 153 62 0 0; 14 57 94 180 69 0 0; ]
0600100563[344 68 74 149 62 0 0; 3 54 97 179 69 0 0; ]
0600100564[344 68 73 150 62 0 0; ]
0600100565[344 68 72 150 62 0 0; ]
0600100566[346 68 71 154 62 0 0; ]
0600100567[347 68 70 158 62 0 0; ]
0600100568[346 68 71 158 62 0 0; ]
0600100569[344 68 72 158 62 0 0; ]
0600100570[345 68 72 156 62 0 0; ]
0600100571[347 66 70 153 62 0 0; ]
0600100572[349 64 69 150 62 0 0; ]
0600100573[351 63 68 148 62 0 0; ]
0600100574[353 63 67 148 62 0 0; ]
0600100575[354 63 66 149 62 0 0; ]
0600100576[356 63 65 151 62 0 0; ]
0600100577[357 63 64 152 62 0 0; ]
0600100578[359 64 64 150 62 0 0; ]
0600100579[360 66 64 147 62 0 0; ]
0600100580[362 68 64 145 62 0 0; ]
0600100581[364 68 64 143 62 0 0; ]
0600100582[365 68 64 143 62 0 0; ]
0600100583[366 68 64 143 62 0 0; ]
0600100584[367 68 64 143 62 0 0; ]
0600100585[368 68 64 143 62 0 0; ]
0600100586[370 68 64 144 62 0 0; ]
0600100587[371 68 64 145 62 0 0; ]
0600100588[373 67 64 146 62 0 0; ]
0600100589[375 66 64 148 62 0 0; ]
0600100590[377 67 64 142 62 0 0; ]
0600100591[378 68 64 139 62 0 0; ]
0600100592[380 69 64 140 62 0 0; ]
0600100593[382 69 64 142 62 0 0; ]
0600100594[384 67 64 143 62 0 0; ]
0600100595[385 64 65 144 62 0 0; ]
0600100596[385 60 66 144 62 0 0; ]
0600100597[385 57 66 144 62 0 0; ]
0600100598[386 58 66 144 62 0 0; ]
0600100599[388 60 66 141 62 0 0; ]
0600100600[391 63 66 138 62 0 0; ]
0600100601[394 68 65 134 62 0 0; ]
0600100602[398 72 64 137 62 0 0; ]
0600100603[402 75 62 139 62 0 0; ]
0600100604[405 77 61 140 62 0 0; ]
0600100605[407 78 61 141 62 0 0; ]
0600100606[408 78 61 139 62 0 0; ]
0600100607[409 78 61 136 62 0 0; ]
0600100608[409 78 62 133 62 0 0; ]
0600100609[410 78 62 131 62 0 0; ]
0600100610[413 77 61 134 62 0 0; ]
0600100611[415 77 60 137 62 0 0; ]
0600100612[415 77 61 139 62 0 0; ]
0600100613[416 77 62 140 62 0 0; ]
0600100614[416 77 62 139 62 0 0; ]
0600100615[417 76 62 139 62 0 0; ]
0600100616[418 78 62 137 62 0 0; ]
0600100617[418 79 62 135 62 0 0; ]
0600100618[418 79 62 129 62 0 0; ]
0600100619[418 79 62 125 62 0 0; ]
0600100620[417 78 62 126 62 0 0; ]
0600100621[417 77 62 128 62 0 0; ]
0600100622[417 77 60 126 62 0 0; ]
0600100623[417 77 59 124 62 0 0; ]
0600100624[413 77 61 121 62 0 0; ]
0600100625[409 77 62 120 62 0 0; ]
0600100626[406 77 62 121 62 0 0; ]
0600100627[404 77 61 123 62 0 0; ]
0600100628[402 78 60 126 62 0 0; ]
0600100629[400 78 60 128 62 0 0; ]
0600100630[397 78 60 129 62 0 0; ]
0600100631[395 79 60 130 62 0 0; ]
0600100632[392 80 60 129 62 0 0; ]
0600100633[389 80 60 128 62 0 0; ]
0600100634[385 80 59 126 62 0 0; ]
0600100635[381 80 59 124 62 0 0; ]
0600100636[375 80 59 121 62 0 0; ]
0600100637[371 80 58 120 62 0 0; ]
0600100638[367 80 58 120 62 0 0; ]
0600100639[364 79 57 121 62 0 0; ]
0600100640[361 78 56 121 62 0 0; ]
0600100641[358 78 56 121 62 0 0; ]
0600100642[354 78 56 118 62 0 0; ]
0600100643[349 78 56 114 62 0 0; ]
0600100644[343 79 56 114 62 0 0; ]
0600100645[338 79 56 114 62 0 0; ]
0600100646[333 80 56 116 62 0 0; ]
0600100647[328 81 56 118 62 0 0; ]
0600100648[325 82 55 119 62 0 0; ]
0600100649[321 83 54 119 62 0 0; ]
0600100650[316 83 53 119 62 0 0; ]
0600100651[312 82 53 118 62 0 0; ]
0600100652[307 83 53 117 62 0 0; ]
0600100653[301 84 53 115 62 0 0; ]
0600100654[296 84 53 112 62 0 0; ]
0600100655[292 83 52 110 62 0 0; ]
0600100656[287 82 52 112 62 0 0; ]
0600100657[282 80 52 114 62 0 0; ]
0600100658[277 83 52 111 62 0 0; ]
0600100659[273 86 52 108 62 0 0; ]
0600100660[269 87 52 108 62 0 0; ]
0600100661[264 88 52 108 62 0 0; ]
0600100662[259 88 51 108 62 0 0; ]
0600100663[254 88 51 108 62 0 0; ]
0600100664[249 89 51 107 62 0 0; ]
0600100665[244 89 51 107 62 0 0; ]
0600100666[239 89 51 106 62 0 0; ]
0600100667[234 88 51 105 62 0 0; ]
0600100668[229 88 51 104 62 0 0; ]
0600100669[224 88 51 103 62 0 0; ]
0600100670[219 87 51 103 62 0 0; ]
0600100671[215 87 51 102 62 0 0; ]
0600100672[210 86 52 101 62 0 0; ]
0600100673[205 85 53 101 62 0 0; ]
0600100674[201 84 52 101 62 0 0; ]
0600100675[196 83 52 101 62 0 0; ]
0600100676[192 82 51 102 62 0 0; ]
0600100677[188 80 51 102 62 0 0; ]
0600100678[183 79 51 102 62 0 0; ]
0600100679[179 79 51 103 62 0 0; ]
0600100680[174 78 51 103 62 0 0; ]
0600100681[170 77 51 103 62 0 0; ]
0600100682[165 76 50 104 62 0 0; ]
0600100683[161 74 49 105 62 0 0; ]
0600100684[157 73 49 107 62 0 0; ]
0600100685[153 72 49 108 62 0 0; ]
0600100686[148 71 49 107 62 0 0; ]
0600100687[142 71 49 105 62 0 0; ]
0600100688[137 71 49 103 62 0 0; ]
0600100689[131 71 49 102 62 0 0; ]
0600100690[126 71 49 102 62 0 0; ]
0600100691[121 73 49 102 62 0 0; ]
0600100692[117 74 49 102 62 0 0; ]
0600100693[112 74 49 102 62 0 0; ]
0600100694[107 74 49 102 62 0 0; ]
0600100695[103 74 49 102 62 0 0; ]
0600100696[99 72 49 103 62 0 0; ]
0600100697[94 71 49 103 62 0 0; ]
0600100698[88 71 49 103 62 0 0; ]
0600100699[82 71 49 103 62 0 0; ]
0600100700[76 71 49 103 62 0 0; ]
0600100701[70 71 49 103 62 0 0; ]
0600100702[65 72 49 103 62 0 0; ]
0600100703[61 72 49 103 62 0 0; ]
0600100704[57 72 49 103 62 0 0; ]
0600100705[52 73 49 103 62 0 0; ]
0600100706[47 72 49 103 62 0 0; ]
0600100707[42 71 49 102 62 0 0; ]
0600100708[36 70 49 102 62 0 0; ]
0600100709[30 68 49 101 62 0 0; ]
0600100710[25 65 49 101 62 0 0; ]
0600100711[20 62 49 100 62 0 0; ]
0600100712[15 61 49 100 62 0 0; ]
0600100713[10 60 49 100 62 0 0; ]
0600100714[5 60 49 100 62 0 0; ]
0600100715[]
0600100716[]
0600100717[]
0600100718[]
0600100719[]
0600100720[]
0600100721[]
0600100722[]
0600100723[]
0600100724[]
0600100725[]
0600100726[]
0600100727[]
0600100728[]
0600100729[]
0600100730[]
0600100731[]
0600100732[]
0600100733[]
0600100734[]
0600100735[]
0600100736[]
0600100737[]
0600100738[]
0600100739[]
0600100740[]
0600100741[]
0600100742[]
0600100743[]
0600100744[]
0600100745[]
0600100746[]
0600100747[]
0600100748[]
0600100749[]
0600100750[]
0600100751[]
0600100752[]
0600100753[]
0600100754[]
0600100755[]
0600100756[]
0600100757[]
0600100758[]
0600100759[]
0600100760[]
0600100761[]
0600100762[]
0600100763[]
0600100764[]
0600100765[]
0600100766[]
0600100767[]
0600100768[]
0600100769[]
0600100770[]
0600100771[]
0600100772[]
0600100773[]
0600100774[]
0600100775[]
0600100776[]
0600100777[]
0600100778[]
0600100779[]
0600100780[]
0600100781[]
0600100782[]
0600100783[]
0600100784[]
0600100785[]
0600100786[]
0600100787[]
0600100788[]
0600100789[]
0600100790[]
0600100791[]
0600100792[]
0600100793[4 53 46 88 62 0 0; ]
0600100794[11 53 46 87 62 0 0; ]
0600100795[17 55 46 86 62 0 0; ]
0600100796[23 57 46 85 62 0 0; ]
0600100797[30 57 46 84 62 0 0; ]
0600100798[38 57 46 84 62 0 0; ]
0600100799[45 56 45 85 62 0 0; ]
0600100800[54 54 45 85 62 0 0; ]
0600100801[62 51 44 86 62 0 0; ]
0600100802[69 50 43 86 62 0 0; ]
0600100803[77 49 42 85 62 0 0; ]
0600100804[85 48 42 85 62 0 0; ]
0600100805[93 48 41 84 62 0 0; ]
0600100806[101 48 42 83 62 0 0; ]
0600100807[109 50 42 81 62 0 0; ]
0600100808[118 51 42 80 62 0 0; ]
0600100809[127 53 43 79 62 0 0; ]
0600100810[135 53 43 79 62 0 0; ]
0600100811[144 54 43 79 62 0 0; ]
0600100812[153 55 43 79 62 0 0; ]
0600100813[162 55 43 79 62 0 0; ]
0600100814[171 55 43 80 62 0 0; ]
0600100815[180 55 43 82 62 0 0; ]
0600100816[190 55 43 83 62 0 0; ]
0600100817[199 55 43 84 62 0 0; ]
0600100818[209 55 43 84 62 0 0; ]
0600100819[218 55 43 84 62 0 0; ]
0600100820[227 55 43 84 62 0 0; ]
0600100821[237 55 43 84 62 0 0; ]
0600100822[246 55 43 84 62 1 0; ]
0600100823[256 56 43 84 62 1 0; ]
0600100824[266 57 43 84 62 1 0; ]
0600100825[275 57 43 84 62 1 0; ]
0600100826[285 56 43 82 62 1 0; ]
0600100827[295 54 43 80 62 1 0; ]
0600100828[305 53 43 79 62 1 0; ]
0600100829[315 53 43 78 62 1 0; ]
0600100830[325 53 43 78 62 1 0; ]
0600100831[335 53 43 78 62 1 0; ]
0600100832[345 53 43 78 62 1 0; ]
0600100833[355 53 43 78 62 1 0; ]
0600100834[]
0600100835[]
0600100836[]
0600100837[]
0600100838[]
0600100839[]
0600100840[]
0600100841[]
0600100842[]
0600100843[]
0600100844[]
0600100845[]
0600100846[]
0600100847[]
0600100848[]
0600100849[]
0600100850[]
0600100851[]
0600100852[]
0600100853[]
0600100854[]
0600100855[]
0600100856[]
0600100857[]
0600100858[]
0600100859[]
0600100860[]
0600100861[]
0600100862[]
0600100863[]
0600100864[]
0600100865[]
0600100866[]
0600100867[]
0600100868[]
0600100869[]
0600100870[]
0600100871[]
0600100872[]
0600100873[]
0600100874[]
0600100875[]
0600100876[]
0600100877[]
0600100878[]
0600100879[]
0600100880[]
0600100881[]
0600100882[]
0600100883[]
0600100884[]
0600100885[]
0600100886[]
0600100887[]
0600100888[]
0600100889[]
0600100890[]
0600100891[]
0600100892[]
0600100893[]
0600100894[]
0600100895[]
0600100896[]
0600100897[]
0600100898[]
0600100899[]
0600100900[]
0600100901[]
0600100902[]
0600100903[]
0600100904[]
0600100905[]
0600100906[]
0600100907[]
0600100908[]
0600100909[]
0600100910[]
0600100911[]
0600100912[]
0600100913[]
0600100914[]
0600100915[]
0600100916[]
0600100917[]
0600100918[]
0600100919[]
0600100920[]
0600100921[]
0600100922[]
0600100923[]
0600100924[]
0600100925[]
0600100926[]
0600100927[]
0600100928[]
0600100929[]
0600100930[]
0600100931[]
0600100932[]
0600100933[]
0600100934[]
0600100935[]
0600100936[]
0600100937[]
0600100938[]
0600100939[]
0600100940[]
0600100941[]
0600100942[]
0600100943[]
0600100944[]
0600100945[]
0600100946[]
0600100947[]
0600100948[]
0600100949[]
0600100950[]
0600100951[]
0600100952[]
0600100953[]
0600100954[]
0600100955[]
0600100956[]
0600100957[]
0600100958[]
0600100959[]
0600100960[]
0600100961[]
0600100962[]
0600100963[]
0600100964[]
0600100965[]
0600100966[]
0600100967[]
0600100968[]
0600100969[]
0600100970[]
0600100971[]
0600100972[]
0600100973[]
0600100974[]
0600100975[]
0600100976[]
0600100977[]
0600100978[]
0600100979[]
0600100980[]
0600100981[]
0600100982[]
0600100983[]
0600100984[]
0600100985[]
0600100986[]
0600100987[]
0600100988[]
0600100989[]
0600100990[]
0600100991[]
0600100992[]
0600100993[]
0600100994[]
0600100995[]
0600100996[]
0600100997[]
0600100998[]
0600100999[]
0600101000[]
0600101001[]
0600101002[]
0600101003[]
0600101004[]
0600101005[]
0600101006[]
0600101007[]
0600101008[]
0600101009[]
0600101010[]
0600101011[]
0600101012[]
0600101013[]
0600101014[]
0600101015[]
0600101016[]
0600101017[]
0600101018[]
0600101019[]
0600101020[]
0600101021[]
0600101022[]
0600101023[]
0600101024[]
0600101025[]
0600101026[]
0600101027[]
0600101028[]
0600101029[]
0600101030[]
0600101031[]
0600101032[]
0600101033[]
0600101034[]
0600101035[]
0600101036[]
0600101037[]
0600101038[]
0600101039[]
0600101040[]
0600101041[]
0600101042[]
0600101043[]
0600101044[]
0600101045[]
0600101046[]
0600101047[]
0600101048[]
0600101049[]
0600101050[]
0600101051[]
0600101052[]
0600101053[]
0600101054[]
0600101055[]
0600101056[]
0600101057[]
0600101058[]
0600101059[]
0600101060[]
0600101061[]
0600101062[]
0600101063[]
0600101064[]
0600101065[]
0600101066[]
0600101067[]
0600101068[]
0600101069[]
0600101070[]
0600101071[]
0600101072[]
0600101073[]
0600101074[]
0600101075[]
0600101076[]
0600101077[]
0600101078[]
0600101079[]
0600101080[]
0600101081[]
0600101082[]
0600101083[]
0600101084[]
0600101085[]
0600101086[]
0600101087[]
0600101088[]
0600101089[]
0600101090[]
0600101091[]
0600101092[]
0600101093[]
0600101094[]
0600101095[]
0600101096[]
0600101097[]
0600101098[]
0600101099[]
0600101100[]
0600101101[]
0600101102[]
0600101103[]
0600101104[]
0600101105[]
0600101106[]
0600101107[]
0600101108[]
0600101109[]
0600101110[]
0600101111[]
0600101112[]
0600101113[]
0600101114[]
0600101115[]
0600101116[]
0600101117[]
0600101118[]
0600101119[]
0600101120[]
0600101121[]
0600101122[]
0600101123[]
0600101124[]
0600101125[]
0600101126[]
0600101127[]
0600101128[]
0600101129[]
0600101130[]
0600101131[]
0600101132[]
0600101133[]
0600101134[]
0600101135[]
0600101136[]
0600101137[]
0600101138[]
0600101139[]
0600101140[]
0600101141[]
0600101142[]
0600101143[]
0600101144[]
0600101145[]
0600101146[]
0600101147[]
0600101148[]
0600101149[]
0600101150[]
0600101151[]
0600101152[]
0600101153[]
0600101154[]
0600101155[]
0600101156[]
0600101157[]
0600101158[]
0600101159[]
0600101160[]
0600101161[]
0600101162[]
0600101163[]
0600101164[]
0600101165[]
0600101166[]
0600101167[]
0600101168[]
0600101169[]
0600101170[]
0600101171[]
0600101172[]
0600101173[]
0600101174[]
0600101175[]
0600101176[]
0600101177[]
0600101178[]
0600101179[]
0600101180[]
0600101181[]
0600101182[]
0600101183[]
0600101184[]
0600101185[]
0600101186[]
0600101187[]
0600101188[]
0600101189[]
0600101190[]
0600101191[]
0600101192[]
0600101193[]
0600101194[]
0600101195[]
0600101196[]
0600101197[]
0600101198[]
0600101199[]
0600101200[]
0600101201[]
0600101202[]
0600101203[]
0600101204[]
0600101205[]
0600101206[]
0600101207[]
0600101208[]
0600101209[]
0600101210[]
0600101211[]
0600101212[]
0600101213[]
0600101214[]
0600101215[]
0600101216[]
0600101217[]
0600101218[]
0600101219[]
0600101220[]
0600101221[]
0600101222[]
0600101223[]
0600101224[]
0600101225[]
0600101226[]
0600101227[]
0600101228[]
0600101229[]
0600101230[]
0600101231[]
0600101232[]
0600101233[]
0600101234[]
0600101235[]
0600101236[]
0600101237[]
0600101238[]
0600101239[]
0600101240[]
0600101241[]
0600101242[]
0600101243[]
0600101244[]
0600101245[]
0600101246[]
0600101247[]
0600101248[]
0600101249[]
0600101250[]
0600101251[]
0600101252[]
0600101253[]
0600101254[]
0600101255[]
0600101256[]
0600101257[]
0600101258[]
0600101259[]
0600101260[]
0600101261[]
0600101262[]
0600101263[]
0600101264[]
0600101265[]
0600101266[]
0600101267[]
0600101268[]
0600101269[]
0600101270[]
0600101271[]
0600101272[]
0600101273[]
0600101274[]
0600101275[]
0600101276[]
0600101277[]
0600101278[]
0600101279[]
0600101280[]
0600101281[]
0600101282[]
0600101283[]
0600101284[]
0600101285[]
0600101286[]
0600101287[]
0600101288[]
0600101289[]
0600101290[]
0600101291[]
0600101292[]
0600101293[]
0600101294[]
0600101295[]
0600101296[]
0600101297[]
0600101298[]
0600101299[]
0600101300[]
0600101301[]
0600101302[]
0600101303[]
0600101304[]
