0600300001[]
0600300002[]
0600300003[]
0600300004[]
0600300005[]
0600300006[]
0600300007[]
0600300008[]
0600300009[]
0600300010[]
0600300011[]
0600300012[]
0600300013[]
0600300014[]
0600300015[]
0600300016[]
0600300017[]
0600300018[]
0600300019[]
0600300020[]
0600300021[]
0600300022[]
0600300023[]
0600300024[]
0600300025[]
0600300026[]
0600300027[]
0600300028[]
0600300029[]
0600300030[]
0600300031[]
0600300032[]
0600300033[]
0600300034[]
0600300035[]
0600300036[]
0600300037[]
0600300038[]
0600300039[]
0600300040[]
0600300041[]
0600300042[]
0600300043[]
0600300044[]
0600300045[]
0600300046[]
0600300047[]
0600300048[]
0600300049[]
0600300050[]
0600300051[]
0600300052[]
0600300053[]
0600300054[]
0600300055[]
0600300056[]
0600300057[]
0600300058[]
0600300059[]
0600300060[]
0600300061[]
0600300062[]
0600300063[]
0600300064[]
0600300065[]
0600300066[]
0600300067[]
0600300068[]
0600300069[]
0600300070[]
0600300071[]
0600300072[]
0600300073[]
0600300074[]
0600300075[]
0600300076[]
0600300077[]
0600300078[]
0600300079[]
0600300080[]
0600300081[]
0600300082[]
0600300083[]
0600300084[]
0600300085[]
0600300086[]
0600300087[]
0600300088[]
0600300089[]
0600300090[]
0600300091[]
0600300092[]
0600300093[]
0600300094[]
0600300095[]
0600300096[]
0600300097[]
0600300098[]
0600300099[]
0600300100[]
0600300101[]
0600300102[]
0600300103[]
0600300104[]
0600300105[]
0600300106[]
0600300107[]
0600300108[]
0600300109[]
0600300110[]
0600300111[]
0600300112[]
0600300113[]
0600300114[]
0600300115[]
0600300116[]
0600300117[]
0600300118[]
0600300119[]
0600300120[]
0600300121[]
0600300122[]
0600300123[]
0600300124[]
0600300125[]
0600300126[]
0600300127[]
0600300128[]
0600300129[]
0600300130[]
0600300131[]
0600300132[]
0600300133[]
0600300134[]
0600300135[]
0600300136[]
0600300137[]
0600300138[]
0600300139[]
0600300140[]
0600300141[]
0600300142[]
0600300143[]
0600300144[]
0600300145[]
0600300146[]
0600300147[]
0600300148[]
0600300149[]
0600300150[]
0600300151[]
0600300152[]
0600300153[]
0600300154[]
0600300155[]
0600300156[]
0600300157[]
0600300158[]
0600300159[]
0600300160[]
0600300161[]
0600300162[]
0600300163[]
0600300164[]
0600300165[]
0600300166[]
0600300167[]
0600300168[]
0600300169[]
0600300170[]
0600300171[]
0600300172[]
0600300173[]
0600300174[]
0600300175[]
0600300176[]
0600300177[]
0600300178[]
0600300179[]
0600300180[]
0600300181[]
0600300182[]
0600300183[]
0600300184[]
0600300185[]
0600300186[]
0600300187[]
0600300188[]
0600300189[]
0600300190[]
0600300191[]
0600300192[]
0600300193[]
0600300194[]
0600300195[]
0600300196[]
0600300197[]
0600300198[]
0600300199[]
0600300200[]
0600300201[]
0600300202[]
0600300203[]
0600300204[]
0600300205[]
0600300206[]
0600300207[]
0600300208[]
0600300209[]
0600300210[]
0600300211[]
0600300212[]
0600300213[]
0600300214[]
0600300215[]
0600300216[]
0600300217[]
0600300218[]
0600300219[]
0600300220[]
0600300221[]
0600300222[]
0600300223[]
0600300224[]
0600300225[]
0600300226[]
0600300227[]
0600300228[]
0600300229[]
0600300230[]
0600300231[]
0600300232[]
0600300233[]
0600300234[]
0600300235[]
0600300236[]
0600300237[]
0600300238[]
0600300239[249 120 18 36 2 1 1; ]
0600300240[252 122 18 34 2 1 1; ]
0600300241[255 124 17 33 2 1 1; ]
0600300242[258 126 16 35 2 1 1; ]
0600300243[260 128 16 35 2 1 1; ]
0600300244[263 130 16 34 2 1 1; ]
0600300245[265 132 16 34 2 1 1; ]
0600300246[268 133 15 34 2 1 1; ]
0600300247[271 134 16 33 2 1 1; ]
0600300248[274 135 16 33 2 1 1; ]
0600300249[]
0600300250[]
0600300251[]
0600300252[]
0600300253[]
0600300254[]
0600300255[]
0600300256[]
0600300257[]
0600300258[]
0600300259[]
0600300260[365 154 32 31 5 1 -1; ]
0600300261[368 154 33 33 5 1 -1; ]
0600300262[370 153 33 35 5 1 -1; ]
0600300263[372 153 33 36 5 1 -1; ]
0600300264[375 152 33 36 5 1 -1; ]
0600300265[377 151 33 37 5 1 -1; ]
0600300266[379 151 33 37 5 1 -1; ]
0600300267[381 150 33 38 5 1 -1; ]
0600300268[384 149 33 38 5 1 -1; ]
0600300269[386 149 33 38 5 1 -1; ]
0600300270[388 149 34 38 5 1 -1; ]
0600300271[390 149 34 38 5 1 -1; ]
0600300272[392 148 35 38 5 1 -1; ]
0600300273[394 148 35 38 5 1 -1; ]
0600300274[396 148 36 38 5 1 -1; ]
0600300275[398 147 37 42 5 1 -1; ]
0600300276[369 127 20 33 4 1 1; 400 146 37 45 5 1 -1; ]
0600300277[372 128 20 33 4 1 1; 404 147 34 49 7 1 1; ]
0600300278[375 129 20 32 4 1 1; 407 147 33 50 7 1 1; ]
0600300279[378 130 19 31 4 1 1; 409 147 33 51 7 1 1; ]
0600300280[381 132 19 31 4 1 1; 411 148 32 52 7 1 1; ]
0600300281[413 148 32 53 7 1 1; ]
0600300282[415 148 32 53 7 1 1; ]
0600300283[417 149 32 53 7 1 1; ]
0600300284[419 149 32 53 7 1 1; ]
0600300285[420 149 32 54 7 1 1; ]
0600300286[421 150 32 53 7 1 1; ]
0600300287[422 151 33 53 7 1 1; ]
0600300288[423 152 34 52 7 1 1; ]
0600300289[423 153 36 51 7 1 1; ]
0600300290[]
0600300291[]
0600300292[]
0600300293[]
0600300294[]
0600300295[]
0600300296[]
0600300297[]
0600300298[]
0600300299[]
0600300300[]
0600300301[]
0600300302[]
0600300303[]
0600300304[]
0600300305[]
0600300306[]
0600300307[]
0600300308[404 162 35 52 8 1 1; ]
0600300309[403 161 36 52 8 1 1; ]
0600300310[401 160 36 52 8 1 1; ]
0600300311[399 160 37 52 8 1 1; ]
0600300312[397 159 38 52 8 1 1; ]
0600300313[396 158 38 52 8 1 1; ]
0600300314[394 157 39 53 8 1 1; ]
0600300315[392 156 39 53 8 1 1; ]
0600300316[390 156 40 53 8 1 1; ]
0600300317[388 155 40 54 8 1 1; ]
0600300318[386 154 40 54 8 1 1; ]
0600300319[383 153 41 55 8 1 1; ]
0600300320[381 153 41 55 8 1 1; ]
0600300321[379 152 41 56 8 1 1; ]
0600300322[377 152 41 56 8 1 1; ]
0600300323[375 151 42 57 8 1 1; ]
0600300324[374 151 42 57 8 1 1; ]
0600300325[373 150 42 57 8 1 1; ]
0600300326[372 150 42 57 8 1 1; ]
0600300327[371 150 42 57 8 1 1; ]
0600300328[370 150 42 57 8 1 1; ]
0600300329[370 150 43 57 8 1 1; ]
0600300330[369 149 43 57 8 1 1; ]
0600300331[369 149 43 57 8 1 1; ]
0600300332[369 149 43 57 8 1 1; ]
0600300333[369 149 43 57 8 1 1; ]
0600300334[369 148 43 57 8 1 1; ]
0600300335[369 148 43 58 8 1 1; ]
0600300336[369 147 43 58 8 1 1; ]
0600300337[369 147 43 59 8 1 1; ]
0600300338[369 146 44 59 8 1 1; ]
0600300339[369 146 44 60 8 1 1; ]
0600300340[369 145 44 60 8 1 1; ]
0600300341[370 145 45 61 8 1 1; ]
0600300342[371 144 47 61 8 1 1; ]
0600300343[372 144 48 62 8 1 1; ]
0600300344[373 143 49 63 8 1 1; ]
0600300345[375 143 49 63 8 1 1; ]
0600300346[377 143 49 64 8 1 1; ]
0600300347[379 142 49 64 8 1 1; ]
0600300348[382 142 48 65 8 1 1; 91 107 14 31 10 0 1; ]
0600300349[384 141 48 65 8 1 1; 91 107 15 32 10 0 1; ]
0600300350[387 141 48 66 8 1 1; 91 106 17 33 10 0 1; ]
0600300351[390 141 48 67 8 1 1; 92 106 17 34 10 0 1; ]
0600300352[393 141 48 67 8 1 1; 93 106 18 34 10 0 1; ]
0600300353[397 141 48 68 8 1 1; 94 106 17 34 10 0 1; ]
0600300354[400 141 48 68 8 1 1; 96 108 17 33 10 0 1; ]
0600300355[404 141 48 69 8 1 1; 99 109 17 32 10 0 1; ]
0600300356[407 142 48 70 8 1 1; 101 110 16 32 10 0 1; ]
0600300357[411 142 48 70 8 1 1; 103 110 16 32 10 0 1; ]
0600300358[416 142 49 71 8 1 1; 105 110 15 32 10 0 1; ]
0600300359[420 143 49 71 8 1 1; 107 110 15 32 10 0 1; ]
0600300360[424 143 49 72 8 1 1; 109 110 15 32 10 0 1; ]
0600300361[429 144 50 73 8 1 1; 112 111 15 32 10 0 1; ]
0600300362[434 144 51 73 8 1 1; 116 112 15 32 10 0 1; ]
0600300363[439 145 51 74 8 1 1; 119 112 15 31 10 0 1; ]
0600300364[444 146 52 75 8 1 1; 122 113 15 31 10 0 1; ]
0600300365[450 147 53 75 8 1 1; 126 114 15 31 10 0 1; ]
0600300366[455 148 53 76 8 1 1; 129 114 14 30 10 0 1; ]
0600300367[132 115 13 30 10 0 1; ]
0600300368[136 115 13 30 10 0 1; ]
0600300369[139 115 13 30 10 0 1; ]
0600300370[141 115 14 31 10 0 1; ]
0600300371[144 115 15 31 10 0 1; ]
0600300372[147 115 15 32 10 0 1; ]
0600300373[151 115 15 31 10 0 1; ]
0600300374[155 115 15 31 10 0 1; ]
0600300375[158 116 15 30 10 0 1; ]
0600300376[162 116 14 30 10 0 1; ]
0600300377[165 116 14 30 10 0 1; ]
0600300378[169 117 14 30 10 0 1; ]
0600300379[172 118 14 31 10 0 1; ]
0600300380[176 118 14 31 10 0 1; ]
0600300381[179 117 14 32 10 0 1; ]
0600300382[183 114 14 33 10 0 1; ]
0600300383[187 111 14 34 10 0 1; ]
0600300384[190 109 14 34 10 0 1; ]
0600300385[194 107 15 34 10 0 1; ]
0600300386[197 106 16 34 10 0 1; ]
0600300387[200 104 17 33 10 0 1; ]
0600300388[204 103 18 33 10 0 1; ]
0600300389[208 104 17 33 10 0 1; ]
0600300390[211 107 16 33 10 0 1; ]
0600300391[215 110 15 33 10 0 1; ]
0600300392[219 113 15 33 10 0 1; ]
0600300393[222 115 15 33 10 0 1; ]
0600300394[225 118 15 33 10 0 1; ]
0600300395[228 120 14 33 10 0 1; ]
0600300396[231 122 14 33 10 0 1; ]
0600300397[234 124 15 32 10 0 1; ]
0600300398[238 124 16 32 10 0 1; ]
0600300399[242 124 16 32 10 0 1; ]
0600300400[247 123 15 33 10 0 1; ]
0600300401[251 119 15 33 10 0 1; ]
0600300402[254 116 15 33 10 0 1; ]
0600300403[258 114 15 33 10 0 1; ]
0600300404[261 114 15 33 10 0 1; ]
0600300405[265 114 15 33 10 0 1; ]
0600300406[269 115 15 33 10 0 1; ]
0600300407[272 116 15 33 10 0 1; ]
0600300408[276 117 16 33 10 0 1; ]
0600300409[281 118 15 33 10 0 1; ]
0600300410[286 119 15 33 10 0 1; ]
0600300411[291 120 15 33 10 0 1; ]
0600300412[296 121 14 33 10 0 1; ]
0600300413[300 122 15 33 10 0 1; ]
0600300414[304 123 16 32 10 0 1; ]
0600300415[309 123 16 32 10 0 1; ]
0600300416[314 123 16 32 10 0 1; ]
0600300417[319 123 16 32 10 0 1; ]
0600300418[325 123 16 33 10 0 1; ]
0600300419[331 123 16 33 10 0 1; ]
0600300420[336 123 16 33 10 0 1; ]
0600300421[341 122 17 33 10 0 1; ]
0600300422[345 121 18 33 10 0 1; ]
0600300423[352 120 17 33 10 1 1; ]
0600300424[357 120 17 33 10 1 1; ]
0600300425[363 119 17 33 10 1 1; ]
0600300426[368 119 17 34 10 1 1; ]
0600300427[373 118 18 34 10 1 1; ]
0600300428[377 117 20 35 10 1 1; ]
0600300429[]
0600300430[]
0600300431[]
0600300432[]
0600300433[]
0600300434[]
0600300435[]
0600300436[]
0600300437[]
0600300438[]
0600300439[]
0600300440[]
0600300441[]
0600300442[]
0600300443[]
0600300444[]
0600300445[]
0600300446[]
0600300447[]
0600300448[]
0600300449[]
0600300450[]
0600300451[]
0600300452[]
0600300453[]
0600300454[]
0600300455[]
0600300456[]
0600300457[]
0600300458[]
0600300459[]
0600300460[]
0600300461[]
0600300462[]
0600300463[]
0600300464[]
0600300465[]
0600300466[]
0600300467[]
0600300468[]
0600300469[]
0600300470[]
0600300471[]
0600300472[]
0600300473[]
0600300474[]
0600300475[]
0600300476[]
0600300477[]
0600300478[]
0600300479[]
0600300480[]
0600300481[]
0600300482[]
0600300483[]
0600300484[]
0600300485[]
0600300486[]
0600300487[]
0600300488[]
0600300489[]
0600300490[]
0600300491[]
0600300492[]
0600300493[]
0600300494[]
0600300495[]
0600300496[]
0600300497[]
0600300498[]
0600300499[]
0600300500[]
0600300501[]
0600300502[]
0600300503[]
0600300504[]
0600300505[]
0600300506[]
0600300507[]
0600300508[]
0600300509[]
0600300510[]
0600300511[]
0600300512[]
0600300513[]
0600300514[]
0600300515[]
0600300516[]
0600300517[]
0600300518[]
0600300519[]
0600300520[]
0600300521[]
0600300522[]
0600300523[]
0600300524[]
0600300525[]
0600300526[]
0600300527[]
0600300528[]
0600300529[]
0600300530[]
0600300531[]
0600300532[]
0600300533[]
0600300534[]
0600300535[]
0600300536[]
0600300537[]
0600300538[]
0600300539[]
0600300540[]
0600300541[]
0600300542[]
0600300543[]
0600300544[]
0600300545[]
0600300546[]
0600300547[]
0600300548[]
0600300549[]
0600300550[]
0600300551[]
0600300552[]
0600300553[]
0600300554[]
0600300555[]
0600300556[]
0600300557[]
0600300558[]
0600300559[]
0600300560[]
0600300561[]
0600300562[]
0600300563[]
0600300564[]
0600300565[]
0600300566[]
0600300567[]
0600300568[]
0600300569[]
0600300570[]
0600300571[]
0600300572[]
0600300573[]
0600300574[]
0600300575[]
0600300576[]
0600300577[]
0600300578[]
0600300579[]
0600300580[]
0600300581[]
0600300582[]
0600300583[]
0600300584[]
0600300585[]
0600300586[]
0600300587[]
0600300588[]
0600300589[]
0600300590[]
0600300591[0 115 28 52 11 1 1; ]
0600300592[2 114 28 52 11 1 1; ]
0600300593[4 114 28 51 11 1 1; ]
0600300594[7 113 29 51 11 1 1; ]
0600300595[10 113 28 51 11 1 1; ]
0600300596[13 112 28 51 11 1 1; ]
0600300597[16 112 28 51 11 1 1; ]
0600300598[18 112 27 51 11 1 1; ]
0600300599[20 112 28 51 11 1 1; ]
0600300600[22 112 28 51 11 1 1; ]
0600300601[24 112 29 51 11 1 1; ]
0600300602[25 112 30 51 11 1 1; ]
0600300603[28 111 29 52 11 1 1; ]
0600300604[31 111 29 52 11 1 1; ]
0600300605[34 111 29 52 11 1 1; ]
0600300606[36 111 29 53 11 1 1; 436 96 23 44 15 1 1; ]
0600300607[39 111 29 53 11 1 1; 439 97 24 44 15 1 1; ]
0600300608[42 111 28 53 11 1 1; 442 97 24 44 15 1 1; ]
0600300609[45 111 28 54 11 1 1; 445 97 24 44 15 1 1; ]
0600300610[47 111 28 54 11 1 1; 449 97 24 44 15 1 1; ]
0600300611[50 111 28 54 11 1 1; 454 97 24 44 15 1 1; ]
0600300612[52 111 28 54 11 1 1; 458 97 24 44 15 1 1; ]
0600300613[54 112 28 54 11 1 1; 460 97 24 44 15 1 1; 480 95 22 45 18 1 1; ]
0600300614[56 113 29 54 11 1 1; 462 97 24 44 15 1 1; 483 95 23 45 18 1 1; ]
0600300615[58 114 29 54 11 1 1; 466 98 24 44 15 1 1; 486 95 23 45 18 1 1; ]
0600300616[60 114 29 54 11 1 1; ]
0600300617[62 115 29 54 11 1 1; ]
0600300618[64 115 29 54 11 1 1; ]
0600300619[67 116 29 54 11 1 1; 483 98 22 39 16 1 1; ]
0600300620[69 117 30 54 11 1 1; 485 99 22 39 16 1 1; ]
0600300621[71 117 30 54 11 1 1; ]
0600300622[73 118 30 54 11 1 1; ]
0600300623[76 118 30 54 11 1 1; ]
0600300624[78 119 30 53 11 1 1; ]
0600300625[80 120 30 53 11 1 1; ]
0600300626[83 120 30 53 11 1 1; ]
0600300627[85 119 31 53 11 1 1; ]
0600300628[88 118 31 53 11 1 1; ]
0600300629[91 118 31 53 11 1 1; ]
0600300630[94 118 31 53 11 1 1; ]
0600300631[97 118 31 53 11 1 1; ]
0600300632[99 119 31 54 11 1 1; ]
0600300633[102 119 31 55 11 1 1; ]
0600300634[105 120 31 55 11 1 1; ]
0600300635[109 121 31 55 11 1 1; ]
0600300636[113 122 31 55 11 1 1; ]
0600300637[117 123 30 55 11 1 1; ]
0600300638[122 124 29 55 11 1 1; ]
0600300639[126 124 29 55 11 1 1; ]
0600300640[130 124 29 55 11 1 1; ]
0600300641[134 124 29 55 11 1 1; ]
0600300642[138 124 29 55 11 1 1; ]
0600300643[143 124 29 55 11 1 1; ]
0600300644[147 124 30 56 11 1 1; ]
0600300645[152 125 30 56 11 1 1; ]
0600300646[157 125 30 56 11 1 1; ]
0600300647[163 126 30 56 11 1 1; ]
0600300648[168 128 30 56 11 1 1; ]
0600300649[173 128 29 56 11 1 1; ]
0600300650[179 129 29 56 11 1 1; ]
0600300651[184 128 29 56 11 1 1; ]
0600300652[190 127 29 56 11 1 1; ]
0600300653[195 124 29 56 11 1 1; ]
0600300654[200 123 29 56 11 1 1; ]
0600300655[205 123 29 56 11 1 1; ]
0600300656[210 123 30 56 11 1 1; ]
0600300657[215 123 30 56 11 1 1; ]
0600300658[220 123 30 56 11 1 1; ]
0600300659[225 123 30 56 11 1 1; ]
0600300660[230 124 30 56 11 1 1; ]
0600300661[235 126 30 56 11 1 1; ]
0600300662[240 126 30 56 11 1 1; ]
0600300663[245 126 30 56 11 1 1; ]
0600300664[251 125 30 57 11 1 1; ]
0600300665[256 124 31 58 11 1 1; ]
0600300666[262 123 31 59 11 1 1; ]
0600300667[267 124 32 59 11 1 1; ]
0600300668[271 124 33 59 11 1 1; 1 110 38 71 14 0 1; ]
0600300669[276 125 33 59 11 1 1; 5 111 37 71 14 0 1; ]
0600300670[281 125 34 59 11 1 1; 10 111 37 71 14 0 1; ]
0600300671[286 125 33 59 11 1 1; 14 112 37 71 14 0 1; ]
0600300672[291 125 32 60 11 1 1; 19 114 37 71 14 0 1; ]
0600300673[295 125 32 61 11 1 1; 22 114 37 71 14 0 1; ]
0600300674[299 125 31 61 11 1 1; 26 114 37 71 14 0 1; ]
0600300675[303 125 31 61 11 1 1; 29 113 37 71 14 0 1; ]
0600300676[306 124 31 61 11 1 1; 32 112 37 72 14 0 1; ]
0600300677[309 124 31 61 11 1 1; 35 112 37 72 14 0 1; ]
0600300678[312 123 31 61 11 1 1; 37 111 37 72 14 0 1; ]
0600300679[315 123 31 61 11 1 1; 39 111 37 72 14 0 1; ]
0600300680[318 124 31 61 11 1 1; 40 111 37 72 14 0 1; ]
0600300681[321 124 31 61 11 1 1; 42 111 37 72 14 0 1; ]
0600300682[323 124 31 61 11 1 1; 43 110 37 72 14 0 1; ]
0600300683[325 123 31 61 11 1 1; 44 110 37 72 14 0 1; ]
0600300684[327 123 30 61 11 1 1; 45 110 37 72 14 0 1; ]
0600300685[328 122 29 61 11 1 1; 46 109 37 72 14 0 1; ]
0600300686[329 121 29 61 11 1 1; 45 110 38 72 14 0 1; ]
0600300687[329 121 29 61 11 1 1; 44 110 38 73 14 0 1; ]
0600300688[329 122 29 62 11 1 1; 43 111 38 73 14 0 1; ]
0600300689[329 122 29 63 11 1 1; 42 111 38 73 14 0 1; ]
0600300690[329 123 29 65 11 1 1; 40 110 38 74 14 0 1; ]
0600300691[326 122 30 65 11 1 1; 38 109 38 74 14 0 1; ]
0600300692[323 122 31 66 11 1 1; 35 107 38 74 14 0 1; ]
0600300693[321 122 32 66 11 1 1; 33 107 38 74 14 0 1; ]
0600300694[318 121 32 66 11 1 1; 30 107 38 74 14 0 1; ]
0600300695[316 121 32 66 11 1 1; 27 107 38 74 14 0 1; ]
0600300696[314 121 32 66 11 1 1; 24 107 38 74 14 0 1; ]
0600300697[312 121 32 66 11 1 1; 20 108 38 73 14 0 1; ]
0600300698[309 121 32 66 11 1 1; 17 108 38 73 14 0 1; ]
0600300699[307 121 32 66 11 1 1; 14 108 38 73 14 0 1; ]
0600300700[305 121 33 66 11 1 1; 10 108 38 73 14 0 1; ]
0600300701[302 121 33 66 11 1 1; 7 108 38 73 14 0 1; ]
0600300702[300 120 34 66 11 1 1; 3 108 39 73 14 0 1; ]
0600300703[297 119 34 66 11 1 1; ]
0600300704[294 119 34 66 11 1 1; ]
0600300705[291 118 34 66 11 1 1; ]
0600300706[289 118 34 66 11 1 1; ]
0600300707[287 117 34 66 11 1 1; ]
0600300708[284 117 34 66 11 1 1; ]
0600300709[282 117 34 66 11 1 1; ]
0600300710[280 117 34 66 11 1 1; ]
0600300711[277 116 34 66 11 1 1; ]
0600300712[274 116 34 66 11 1 1; ]
0600300713[272 116 34 66 11 1 1; ]
0600300714[268 115 34 66 11 1 1; ]
0600300715[266 115 34 66 11 1 1; ]
0600300716[264 115 34 66 11 1 1; ]
0600300717[262 115 34 66 11 1 1; ]
0600300718[259 115 34 66 11 1 1; ]
0600300719[257 116 34 66 11 1 1; ]
0600300720[255 116 34 66 11 1 1; ]
0600300721[253 116 34 66 11 1 1; ]
0600300722[251 117 34 66 11 1 1; ]
0600300723[250 117 34 66 11 1 1; ]
0600300724[248 117 34 66 11 1 1; ]
0600300725[246 117 34 66 11 1 1; ]
0600300726[245 117 34 66 11 1 1; ]
0600300727[243 116 34 68 11 1 1; ]
0600300728[241 115 34 70 11 1 1; ]
0600300729[239 114 34 71 11 1 1; ]
0600300730[238 114 34 72 11 1 1; ]
0600300731[236 114 34 72 11 1 1; ]
0600300732[235 114 34 72 11 1 1; ]
0600300733[234 114 35 72 11 1 1; ]
0600300734[232 114 36 72 11 1 1; ]
0600300735[231 114 36 72 11 1 1; ]
0600300736[229 113 36 72 11 1 1; ]
0600300737[228 112 37 73 11 1 1; ]
0600300738[227 111 37 73 11 1 1; ]
0600300739[226 109 38 74 11 1 1; ]
0600300740[226 109 38 76 11 1 1; ]
0600300741[225 108 39 76 11 1 1; ]
0600300742[225 108 39 77 11 1 1; ]
0600300743[225 108 39 77 11 1 1; ]
0600300744[226 109 39 77 11 1 1; ]
0600300745[226 110 39 77 11 1 1; ]
0600300746[227 111 39 77 11 1 1; ]
0600300747[227 111 39 77 11 1 1; ]
0600300748[227 112 39 78 11 1 1; ]
0600300749[228 112 39 78 11 1 1; ]
0600300750[229 113 39 79 11 1 1; ]
0600300751[230 114 39 80 11 1 1; ]
0600300752[231 114 39 81 11 1 1; ]
0600300753[232 114 39 81 11 1 1; ]
0600300754[233 114 39 82 11 1 1; ]
0600300755[235 114 39 82 11 1 1; ]
0600300756[236 113 39 82 11 1 1; ]
0600300757[238 113 39 82 11 1 1; ]
0600300758[240 112 39 82 11 1 1; ]
0600300759[242 111 39 82 11 1 1; ]
0600300760[244 110 39 83 11 1 1; ]
0600300761[246 108 39 84 11 1 1; ]
0600300762[248 107 39 85 11 1 1; ]
0600300763[251 107 40 85 11 1 1; ]
0600300764[254 107 40 85 11 1 1; ]
0600300765[257 107 40 85 11 1 1; ]
0600300766[261 107 40 85 11 1 1; ]
0600300767[265 107 40 86 11 1 1; ]
0600300768[269 108 40 86 11 1 1; ]
0600300769[274 109 40 87 11 1 1; ]
0600300770[279 111 40 88 11 1 1; ]
0600300771[283 112 40 88 11 1 1; ]
0600300772[288 113 40 88 11 1 1; ]
0600300773[292 114 40 89 11 1 1; ]
0600300774[297 115 40 89 11 1 1; ]
0600300775[302 112 40 90 11 1 1; ]
0600300776[308 110 40 90 11 1 1; ]
0600300777[313 108 40 91 11 1 1; ]
0600300778[318 107 40 91 11 1 1; ]
0600300779[324 107 40 92 11 1 1; ]
0600300780[329 107 40 92 11 1 1; ]
0600300781[334 107 40 92 11 1 1; ]
0600300782[340 107 40 92 11 1 1; ]
0600300783[346 107 40 93 11 1 1; ]
0600300784[352 108 40 94 11 1 1; ]
0600300785[358 108 40 95 11 1 1; ]
0600300786[365 109 40 96 11 1 1; ]
0600300787[370 112 40 97 11 1 1; ]
0600300788[375 113 40 97 11 1 1; ]
0600300789[381 115 40 98 11 1 1; ]
0600300790[386 115 40 99 11 1 1; ]
0600300791[393 115 40 99 11 1 1; ]
0600300792[399 115 41 100 11 1 1; ]
0600300793[406 115 41 101 11 1 1; ]
0600300794[412 115 41 101 11 1 1; ]
0600300795[418 115 42 101 11 1 1; ]
0600300796[424 113 43 101 11 1 1; ]
0600300797[429 112 44 101 11 1 1; ]
0600300798[434 109 45 101 11 1 1; ]
0600300799[441 109 45 101 11 1 1; ]
0600300800[448 109 46 102 11 1 1; ]
0600300801[454 109 46 102 11 1 1; ]
0600300802[460 109 46 102 11 1 1; ]
0600300803[]
0600300804[]
0600300805[]
0600300806[]
0600300807[]
0600300808[]
0600300809[]
0600300810[]
0600300811[]
0600300812[]
0600300813[]
0600300814[]
0600300815[]
0600300816[]
0600300817[]
0600300818[]
0600300819[]
0600300820[]
0600300821[]
0600300822[]
0600300823[]
0600300824[]
0600300825[]
0600300826[]
0600300827[]
0600300828[]
0600300829[]
0600300830[]
0600300831[]
0600300832[]
0600300833[]
0600300834[]
0600300835[]
0600300836[]
0600300837[]
0600300838[]
0600300839[]
0600300840[]
0600300841[]
0600300842[]
0600300843[]
0600300844[]
0600300845[]
0600300846[]
0600300847[]
0600300848[]
0600300849[]
0600300850[]
0600300851[]
0600300852[]
0600300853[]
0600300854[]
0600300855[]
0600300856[]
0600300857[]
0600300858[]
0600300859[]
0600300860[]
0600300861[]
0600300862[]
0600300863[]
0600300864[]
0600300865[]
0600300866[]
0600300867[]
0600300868[]
0600300869[]
0600300870[]
0600300871[]
0600300872[]
0600300873[]
0600300874[]
0600300875[]
0600300876[]
0600300877[]
0600300878[]
0600300879[]
0600300880[]
0600300881[]
0600300882[]
0600300883[]
0600300884[]
0600300885[]
0600300886[]
0600300887[]
0600300888[]
0600300889[]
0600300890[]
0600300891[]
0600300892[]
0600300893[]
0600300894[]
0600300895[]
0600300896[]
0600300897[]
0600300898[]
0600300899[]
0600300900[]
0600300901[]
0600300902[]
0600300903[]
0600300904[]
0600300905[]
0600300906[]
0600300907[]
0600300908[]
0600300909[]
0600300910[]
0600300911[]
0600300912[]
0600300913[]
0600300914[]
0600300915[]
0600300916[]
0600300917[]
0600300918[]
0600300919[]
0600300920[]
0600300921[]
0600300922[]
0600300923[]
0600300924[]
0600300925[]
0600300926[]
0600300927[]
0600300928[]
0600300929[]
0600300930[]
0600300931[]
0600300932[]
0600300933[]
0600300934[]
0600300935[]
0600300936[]
0600300937[]
0600300938[]
0600300939[]
0600300940[]
0600300941[]
0600300942[]
0600300943[]
0600300944[]
0600300945[]
0600300946[]
0600300947[]
0600300948[]
0600300949[]
0600300950[]
0600300951[]
0600300952[]
0600300953[]
0600300954[]
0600300955[]
0600300956[]
0600300957[]
0600300958[]
0600300959[]
0600300960[]
0600300961[]
0600300962[]
0600300963[]
0600300964[]
0600300965[]
0600300966[]
0600300967[]
0600300968[]
0600300969[]
0600300970[]
0600300971[]
0600300972[]
0600300973[]
0600300974[]
0600300975[]
0600300976[]
0600300977[]
0600300978[]
0600300979[]
0600300980[]
0600300981[]
0600300982[]
0600300983[]
0600300984[]
0600300985[]
0600300986[]
0600300987[]
0600300988[]
0600300989[]
0600300990[]
0600300991[]
0600300992[]
0600300993[]
0600300994[]
0600300995[]
0600300996[]
0600300997[]
0600300998[]
0600300999[]
0600301000[]
0600301001[]
0600301002[]
0600301003[]
0600301004[]
0600301005[]
0600301006[]
0600301007[]
0600301008[]
0600301009[]
0600301010[]
0600301011[]
0600301012[]
0600301013[]
0600301014[]
0600301015[]
0600301016[]
0600301017[]
0600301018[]
0600301019[]
0600301020[]
0600301021[]
0600301022[]
0600301023[]
0600301024[]
0600301025[]
0600301026[]
0600301027[]
0600301028[]
0600301029[]
0600301030[]
0600301031[]
0600301032[]
0600301033[]
0600301034[]
0600301035[]
0600301036[]
0600301037[]
0600301038[]
0600301039[]
0600301040[]
0600301041[]
0600301042[]
0600301043[]
0600301044[]
0600301045[]
0600301046[]
0600301047[]
0600301048[]
0600301049[]
0600301050[]
0600301051[]
0600301052[]
0600301053[]
0600301054[]
0600301055[5 120 22 45 22 0 1; ]
0600301056[12 120 22 45 22 0 1; ]
0600301057[18 119 22 45 22 0 1; 5 123 17 37 27 1 1; ]
0600301058[25 119 22 45 22 0 1; 11 123 17 37 27 1 1; ]
0600301059[31 119 22 46 22 0 1; 18 123 17 37 27 1 1; ]
0600301060[38 118 23 46 22 0 1; 25 123 17 37 27 1 1; ]
0600301061[45 118 23 47 22 0 1; 32 123 18 36 27 1 1; ]
0600301062[52 118 23 48 22 0 1; 38 123 18 36 27 1 1; ]
0600301063[58 119 24 48 22 0 1; 45 124 17 36 27 1 1; ]
0600301064[64 119 24 48 22 0 1; 52 125 16 35 27 1 1; ]
0600301065[70 120 25 48 22 0 1; 58 126 15 35 27 1 1; ]
0600301066[76 120 26 48 22 0 1; 65 126 15 35 27 1 1; ]
0600301067[82 120 26 48 22 0 1; 71 126 16 35 27 1 1; ]
0600301068[88 120 27 48 22 0 1; 77 126 17 36 27 1 1; ]
0600301069[95 120 28 49 22 0 1; 83 126 18 37 27 1 1; ]
0600301070[101 120 28 49 22 0 1; 89 126 19 37 27 1 1; ]
0600301071[107 120 28 49 22 0 1; 95 125 19 37 27 1 1; ]
0600301072[113 119 27 50 22 0 1; 101 124 18 38 27 1 1; ]
0600301073[119 117 27 51 22 0 1; 107 123 17 38 27 1 1; ]
0600301074[125 115 26 51 22 0 1; 113 123 17 38 27 1 1; ]
0600301075[130 117 26 51 22 0 1; 118 123 18 38 27 1 1; ]
0600301076[135 118 26 50 22 0 1; 123 123 19 38 27 1 1; ]
0600301077[141 119 27 49 22 0 1; 127 124 21 38 27 1 1; ]
0600301078[146 119 27 49 22 0 1; 132 124 21 38 27 1 1; ]
0600301079[151 119 26 49 22 0 1; 137 124 21 38 27 1 1; ]
0600301080[156 119 26 49 22 0 1; 142 124 21 38 27 1 1; ]
0600301081[161 118 25 49 22 0 1; 146 124 21 38 27 1 1; ]
0600301082[166 118 24 49 22 0 1; 151 124 21 38 27 1 1; ]
0600301083[171 117 24 49 22 0 1; 155 124 21 38 27 1 1; ]
0600301084[176 117 24 49 22 0 1; 159 123 21 39 27 1 1; ]
0600301085[181 117 24 49 22 0 1; 163 122 21 39 27 1 1; ]
0600301086[186 117 24 49 22 0 1; 168 121 21 39 27 1 1; ]
0600301087[189 119 24 50 22 0 1; 171 124 21 40 27 1 1; ]
0600301088[192 120 24 50 22 0 1; 175 125 21 40 27 1 1; ]
0600301089[195 120 23 51 22 0 1; 179 126 21 40 27 1 1; ]
0600301090[198 120 23 51 22 0 1; 182 126 21 41 27 1 1; ]
0600301091[202 119 23 52 22 0 1; 186 125 21 41 27 1 1; ]
0600301092[206 117 24 54 22 0 1; 189 123 21 41 27 1 1; ]
0600301093[210 114 24 55 22 0 1; 192 120 21 41 27 1 1; ]
0600301094[213 112 24 55 22 0 1; 195 118 21 41 27 1 1; ]
0600301095[216 110 24 55 22 0 1; 197 116 21 41 27 1 1; ]
0600301096[218 109 24 55 22 0 1; 199 115 21 41 27 1 1; ]
0600301097[220 108 24 55 22 0 1; 200 114 21 41 27 1 1; ]
0600301098[222 107 23 55 22 0 1; 202 113 21 42 27 1 1; ]
0600301099[224 111 23 54 22 0 1; 203 117 21 42 27 1 1; ]
0600301100[225 115 23 54 22 0 1; 205 120 21 43 27 1 1; ]
0600301101[226 117 23 53 22 0 1; 206 122 21 43 27 1 1; ]
0600301102[228 119 23 53 22 0 1; 207 124 21 43 27 1 1; ]
0600301103[229 120 24 52 22 0 1; 208 125 21 43 27 1 1; ]
0600301104[230 120 25 52 22 0 1; 209 125 20 42 27 1 1; ]
0600301105[231 121 25 52 22 0 1; 210 126 20 42 27 1 1; ]
0600301106[231 121 26 51 22 0 1; 211 126 20 42 27 1 1; ]
0600301107[231 122 25 51 22 0 1; 211 127 20 42 27 1 1; ]
0600301108[230 122 24 51 22 0 1; 211 128 20 42 27 1 1; ]
0600301109[230 122 24 51 22 0 1; 210 129 20 42 27 1 1; ]
0600301110[230 123 23 51 22 0 1; 210 130 20 42 27 1 1; ]
0600301111[230 124 23 51 22 0 1; 209 133 20 41 27 1 1; ]
0600301112[230 127 23 51 22 0 1; 209 134 21 41 27 1 1; ]
0600301113[230 128 23 50 22 0 1; 209 136 21 41 27 1 1; ]
0600301114[230 129 23 50 22 0 1; 208 136 21 41 27 1 1; ]
0600301115[229 127 24 50 22 0 1; 208 135 21 41 27 1 1; ]
0600301116[228 124 24 51 22 0 1; 207 132 21 41 27 1 1; ]
0600301117[227 122 25 51 22 0 1; 207 130 21 41 27 1 1; ]
0600301118[225 120 26 51 22 0 1; 206 129 21 41 27 1 1; ]
0600301119[225 121 25 51 22 0 1; 205 129 21 41 27 1 1; ]
0600301120[224 121 25 51 22 0 1; 204 129 21 41 27 1 1; ]
0600301121[224 122 25 51 22 0 1; 203 130 21 41 27 1 1; ]
0600301122[223 123 24 51 22 0 1; 202 131 21 41 27 1 1; ]
0600301123[223 123 25 52 22 0 1; 201 132 21 41 27 1 1; ]
0600301124[222 123 25 52 22 0 1; 201 132 21 41 27 1 1; ]
0600301125[221 124 26 53 22 0 1; 201 132 21 42 27 1 1; ]
0600301126[221 124 27 54 22 0 1; 200 132 21 42 27 1 1; ]
0600301127[220 123 27 54 22 0 1; 200 131 21 42 27 1 1; ]
0600301128[219 122 27 54 22 0 1; 198 130 21 42 27 1 1; ]
0600301129[218 121 27 54 22 0 1; 196 127 21 42 27 1 1; ]
0600301130[217 120 27 54 22 0 1; 195 126 21 42 27 1 1; ]
0600301131[217 119 27 54 22 0 1; 193 126 21 42 27 1 1; ]
0600301132[216 118 26 54 22 0 1; 192 125 21 42 27 1 1; ]
0600301133[215 117 26 54 22 0 1; 191 125 21 43 27 1 1; ]
0600301134[214 117 26 54 22 0 1; 189 125 21 43 27 1 1; ]
0600301135[213 116 26 54 22 0 1; 188 125 21 43 27 1 1; ]
0600301136[212 116 26 54 22 0 1; 187 125 21 44 27 1 1; ]
0600301137[211 115 26 54 22 0 1; 186 124 21 44 27 1 1; ]
0600301138[210 115 26 54 22 0 1; 185 124 21 44 27 1 1; ]
0600301139[208 114 27 55 22 0 1; 183 123 21 44 27 1 1; ]
0600301140[206 112 28 56 22 0 1; 182 122 20 44 27 1 1; ]
0600301141[205 111 28 56 22 0 1; 180 121 20 44 27 1 1; ]
0600301142[203 111 28 56 22 0 1; 179 120 20 44 27 1 1; ]
0600301143[202 111 28 56 22 0 1; 178 120 20 44 27 1 1; ]
0600301144[202 111 28 56 22 0 1; 176 121 20 44 27 1 1; ]
0600301145[201 111 28 56 22 0 1; 175 121 20 44 27 1 1; ]
0600301146[200 111 28 56 22 0 1; 174 123 20 44 27 1 1; ]
0600301147[198 110 29 57 22 0 1; 172 122 20 43 27 1 1; ]
0600301148[197 109 29 57 22 0 1; 171 122 20 42 27 1 1; ]
0600301149[195 107 30 59 22 0 1; 169 122 20 41 27 1 1; ]
0600301150[193 106 31 60 22 0 1; 168 121 20 41 27 1 1; ]
0600301151[192 105 30 60 22 0 1; 166 121 20 41 27 1 1; ]
0600301152[191 105 28 61 22 0 1; 165 120 19 41 27 1 1; ]
0600301153[190 105 27 61 22 0 1; 164 119 19 41 27 1 1; ]
0600301154[189 105 27 61 22 0 1; 163 119 19 41 27 1 1; ]
0600301155[188 105 27 61 22 0 1; 162 119 19 41 27 1 1; ]
0600301156[188 105 27 61 22 0 1; 161 119 19 41 27 1 1; ]
0600301157[187 105 27 61 22 0 1; 160 119 19 42 27 1 1; ]
0600301158[186 105 27 61 22 0 1; 160 119 19 43 27 1 1; 138 115 18 47 33 1 1; ]
0600301159[184 105 27 61 22 0 1; 158 119 19 43 27 1 1; 138 115 18 47 33 1 1; ]
0600301160[183 105 27 61 22 0 1; 157 120 20 43 27 1 1; 137 115 18 47 33 1 1; ]
0600301161[181 105 27 62 22 0 1; 155 120 20 43 27 1 1; 137 115 18 47 33 1 1; ]
0600301162[179 105 28 62 22 0 1; 154 120 20 43 27 1 1; 136 115 18 47 33 1 1; ]
0600301163[178 105 28 63 22 0 1; 153 121 20 43 27 1 1; 136 116 18 47 33 1 1; ]
0600301164[176 105 28 63 22 0 1; 151 121 20 43 27 1 1; 135 116 19 47 33 1 1; ]
0600301165[175 105 28 63 22 0 1; 150 121 20 43 27 1 1; 135 116 19 47 33 1 1; ]
0600301166[173 105 28 64 22 0 1; 148 121 20 43 27 1 1; 134 117 20 47 33 1 1; ]
0600301167[172 104 28 64 22 0 1; 147 121 20 43 27 1 1; 133 117 19 47 33 1 1; ]
0600301168[170 104 28 64 22 0 1; 145 121 20 43 27 1 1; 132 117 19 47 33 1 1; ]
0600301169[168 104 29 64 22 0 1; 143 121 20 43 27 1 1; 131 117 18 47 33 1 1; ]
0600301170[166 103 29 64 22 0 1; 141 120 20 43 27 1 1; 131 117 17 47 33 1 1; ]
0600301171[164 103 29 64 22 0 1; 140 120 20 43 27 1 1; 129 116 17 47 33 1 1; ]
0600301172[162 103 29 64 22 0 1; 138 119 20 43 27 1 1; 128 116 17 47 33 1 1; ]
0600301173[160 102 29 64 22 0 1; 136 119 20 43 27 1 1; 127 115 17 47 33 1 1; ]
0600301174[157 102 29 65 22 0 1; 124 113 30 54 28 1 2; ]
0600301175[155 102 29 65 22 0 1; 122 113 30 54 28 1 2; ]
0600301176[154 102 29 66 22 0 1; 121 113 29 54 28 1 2; ]
0600301177[152 102 29 66 22 0 1; 120 113 28 54 28 1 2; ]
0600301178[149 102 29 66 22 0 1; 119 113 28 54 28 1 2; ]
0600301179[147 103 29 66 22 0 1; 117 114 29 55 29 1 1; ]
0600301180[145 104 29 66 22 0 1; 116 116 28 55 29 1 1; ]
0600301181[143 105 29 66 22 0 1; 114 117 28 54 29 1 1; ]
0600301182[140 106 29 66 22 0 1; 113 118 26 54 29 1 1; ]
0600301183[138 105 29 66 22 0 1; 111 118 25 54 29 1 1; ]
0600301184[136 104 29 67 22 0 1; 110 118 23 54 29 1 1; ]
0600301185[134 103 29 67 22 0 1; 108 117 22 54 29 1 1; ]
0600301186[131 101 29 68 22 0 1; 106 116 22 54 29 1 1; ]
0600301187[129 100 29 69 22 0 1; 104 115 23 54 29 1 1; ]
0600301188[126 99 29 70 22 0 1; 102 114 24 54 29 1 1; ]
0600301189[122 98 30 70 22 0 1; 100 114 25 54 29 1 1; ]
0600301190[119 97 30 71 22 0 1; 98 113 26 54 29 1 1; ]
0600301191[115 96 31 71 22 0 1; 95 112 27 54 29 1 1; ]
0600301192[110 95 31 72 22 0 1; 92 112 27 54 29 1 1; ]
0600301193[106 94 32 73 22 0 1; 90 112 24 53 23 1 2; ]
0600301194[103 92 32 73 22 0 1; 86 111 26 54 23 1 2; ]
0600301195[101 91 32 73 22 0 1; 83 109 27 54 23 1 2; ]
0600301196[99 90 31 73 22 0 1; 81 108 28 55 23 1 2; ]
0600301197[97 90 30 73 22 0 1; 79 107 30 56 23 1 2; ]
0600301198[77 90 49 74 23 1 2; ]
0600301199[74 89 49 75 23 1 2; ]
0600301200[70 89 49 75 23 1 2; ]
0600301201[67 89 49 75 23 1 2; ]
0600301202[63 89 48 76 23 1 2; ]
0600301203[60 89 48 76 23 1 2; ]
0600301204[57 90 47 76 23 1 2; ]
0600301205[54 91 47 76 23 1 2; ]
0600301206[51 92 46 77 23 1 2; ]
0600301207[48 92 45 77 23 1 2; ]
0600301208[46 91 44 77 23 1 2; ]
0600301209[43 91 43 77 23 1 2; ]
0600301210[41 91 43 77 23 1 2; ]
0600301211[38 92 42 77 23 1 2; ]
0600301212[35 94 42 77 23 1 2; ]
0600301213[31 95 42 77 23 1 2; ]
0600301214[28 96 41 78 23 1 2; ]
0600301215[24 96 41 79 23 1 2; ]
0600301216[21 96 41 81 23 1 2; ]
0600301217[18 94 41 82 23 1 2; ]
0600301218[16 94 41 83 23 1 2; ]
0600301219[13 95 41 83 23 1 2; ]
0600301220[10 97 41 83 23 1 2; ]
0600301221[7 99 41 83 23 1 2; ]
0600301222[4 100 41 83 23 1 2; ]
0600301223[1 99 42 83 23 1 2; ]
0600301224[]
0600301225[]
0600301226[]
0600301227[]
0600301228[]
0600301229[]
0600301230[]
0600301231[]
0600301232[]
0600301233[]
0600301234[]
0600301235[]
0600301236[]
0600301237[]
0600301238[]
0600301239[]
0600301240[]
0600301241[]
0600301242[]
0600301243[]
0600301244[]
0600301245[]
0600301246[]
0600301247[]
0600301248[]
0600301249[]
0600301250[]
0600301251[]
0600301252[]
0600301253[]
0600301254[]
0600301255[]
0600301256[]
0600301257[]
0600301258[]
0600301259[]
0600301260[]
0600301261[]
0600301262[]
0600301263[]
0600301264[]
0600301265[]
0600301266[]
0600301267[]
0600301268[]
0600301269[]
0600301270[]
0600301271[]
0600301272[]
0600301273[]
0600301274[]
0600301275[]
0600301276[]
0600301277[]
0600301278[]
0600301279[]
0600301280[]
0600301281[]
0600301282[]
0600301283[]
0600301284[]
0600301285[]
0600301286[]
0600301287[]
0600301288[]
0600301289[]
0600301290[]
0600301291[]
0600301292[]
0600301293[]
0600301294[]
0600301295[]
0600301296[]
0600301297[]
0600301298[]
0600301299[]
0600301300[]
0600301301[]
0600301302[]
0600301303[]
0600301304[]
0600301305[]
0600301306[]
0600301307[]
0600301308[]
0600301309[]
0600301310[]
0600301311[]
0600301312[]
0600301313[]
0600301314[]
0600301315[]
0600301316[]
0600301317[]
0600301318[]
0600301319[]
0600301320[]
0600301321[]
0600301322[]
0600301323[]
0600301324[]
0600301325[]
0600301326[]
0600301327[]
0600301328[]
0600301329[]
0600301330[]
0600301331[]
0600301332[]
0600301333[]
0600301334[]
0600301335[]
0600301336[]
0600301337[]
0600301338[]
0600301339[]
0600301340[]
0600301341[]
0600301342[]
0600301343[]
0600301344[]
0600301345[]
0600301346[]
0600301347[]
0600301348[]
0600301349[]
0600301350[]
0600301351[]
0600301352[]
0600301353[]
0600301354[]
0600301355[]
0600301356[]
0600301357[]
0600301358[]
0600301359[]
0600301360[]
0600301361[]
0600301362[]
0600301363[]
0600301364[]
0600301365[]
0600301366[]
0600301367[]
0600301368[]
0600301369[]
0600301370[]
0600301371[]
0600301372[]
0600301373[]
0600301374[]
0600301375[]
0600301376[]
0600301377[]
0600301378[]
0600301379[]
0600301380[]
0600301381[]
0600301382[]
0600301383[]
0600301384[]
0600301385[]
0600301386[]
0600301387[]
0600301388[]
0600301389[]
0600301390[]
0600301391[]
0600301392[]
0600301393[]
0600301394[]
0600301395[]
0600301396[]
0600301397[]
0600301398[]
0600301399[]
0600301400[]
0600301401[]
0600301402[]
0600301403[]
0600301404[]
0600301405[]
0600301406[]
0600301407[]
0600301408[]
0600301409[]
0600301410[]
0600301411[]
0600301412[]
0600301413[]
0600301414[]
0600301415[]
0600301416[]
0600301417[]
0600301418[]
0600301419[]
0600301420[]
0600301421[]
0600301422[]
0600301423[]
0600301424[]
0600301425[]
0600301426[]
0600301427[]
0600301428[]
0600301429[]
0600301430[]
0600301431[]
0600301432[]
0600301433[]
0600301434[]
0600301435[]
0600301436[]
0600301437[]
0600301438[]
0600301439[]
0600301440[]
0600301441[]
0600301442[]
0600301443[]
0600301444[]
0600301445[]
0600301446[]
0600301447[]
0600301448[]
0600301449[]
0600301450[]
0600301451[]
0600301452[]
0600301453[]
0600301454[]
0600301455[]
0600301456[]
0600301457[]
0600301458[]
0600301459[]
0600301460[]
0600301461[]
0600301462[]
0600301463[]
0600301464[]
0600301465[]
0600301466[]
0600301467[]
0600301468[]
0600301469[]
0600301470[]
0600301471[]
0600301472[]
0600301473[]
0600301474[]
0600301475[]
0600301476[]
0600301477[]
0600301478[]
0600301479[]
0600301480[]
0600301481[]
0600301482[]
0600301483[]
0600301484[]
0600301485[]
0600301486[]
0600301487[]
0600301488[]
0600301489[]
0600301490[]
0600301491[]
0600301492[]
0600301493[]
0600301494[]
0600301495[]
0600301496[]
0600301497[]
0600301498[6 87 44 89 35 0 1; ]
0600301499[13 83 44 89 35 0 1; ]
0600301500[20 80 44 89 35 0 1; ]
0600301501[27 77 44 90 35 0 1; ]
0600301502[34 75 44 90 35 0 1; ]
0600301503[41 74 44 90 35 0 1; ]
0600301504[47 76 44 90 35 0 1; ]
0600301505[53 80 43 90 35 0 1; ]
0600301506[59 86 42 90 35 0 1; ]
0600301507[64 94 41 90 35 0 1; ]
0600301508[70 95 42 91 35 0 1; ]
0600301509[75 95 43 92 35 0 1; ]
0600301510[80 96 44 92 35 0 1; ]
0600301511[86 96 44 92 35 0 1; ]
0600301512[92 96 44 92 35 0 1; ]
0600301513[98 95 44 92 35 0 1; ]
0600301514[103 95 44 92 35 0 1; ]
0600301515[109 95 44 92 35 0 1; ]
0600301516[114 96 44 93 35 0 1; ]
0600301517[118 98 44 93 35 0 1; ]
0600301518[123 102 44 94 35 0 1; ]
0600301519[127 106 45 95 35 0 1; ]
0600301520[133 104 45 95 35 0 1; ]
0600301521[139 102 45 96 35 0 1; ]
0600301522[145 98 45 96 35 0 1; 4 101 35 64 36 0 0; ]
0600301523[149 94 45 96 35 0 1; 8 97 35 64 36 0 0; ]
0600301524[154 91 45 96 35 0 1; 11 95 35 64 36 0 0; ]
0600301525[158 89 44 96 35 0 1; 15 94 35 64 36 0 0; ]
0600301526[162 88 44 96 35 0 1; 19 94 35 64 36 0 0; ]
0600301527[166 88 44 96 35 0 1; 23 94 34 64 36 0 0; ]
0600301528[171 88 43 96 35 0 1; 28 95 34 64 36 0 0; ]
0600301529[176 90 43 96 35 0 1; 32 96 33 64 36 0 0; ]
0600301530[181 93 42 96 35 0 1; 37 98 32 65 36 0 0; ]
0600301531[186 96 41 96 35 0 1; 39 99 32 64 36 0 0; ]
0600301532[189 96 42 97 35 0 1; 42 100 32 64 36 0 0; ]
0600301533[192 95 42 98 35 0 1; 44 100 32 64 36 0 0; ]
0600301534[195 94 42 98 35 0 1; 47 100 32 64 36 0 0; ]
0600301535[198 94 43 99 35 0 1; 51 99 32 64 36 0 0; ]
0600301536[202 93 43 99 35 0 1; 55 98 32 64 36 0 0; ]
0600301537[206 92 43 99 35 0 1; 59 96 31 65 36 0 0; ]
0600301538[210 91 43 99 35 0 1; 62 95 31 66 36 0 0; ]
0600301539[213 90 43 99 35 0 1; 65 94 31 67 36 0 0; ]
0600301540[215 89 43 98 35 0 1; 67 93 31 68 36 0 0; ]
0600301541[217 87 44 98 35 0 1; 68 92 32 69 36 0 0; ]
0600301542[219 86 45 98 35 0 1; 70 91 32 70 36 0 0; ]
0600301543[220 84 46 97 35 0 1; 72 90 32 70 36 0 0; ]
0600301544[222 83 47 98 35 0 1; 74 89 32 70 36 0 0; ]
0600301545[225 82 48 98 35 0 1; 75 88 32 70 36 0 0; ]
0600301546[227 82 48 98 35 0 1; 77 88 32 70 36 0 0; ]
0600301547[229 82 48 99 35 0 1; 78 88 32 70 36 0 0; ]
0600301548[231 82 48 99 35 0 1; 79 88 33 70 36 0 0; ]
0600301549[232 84 48 100 35 0 1; 80 89 33 71 36 0 0; ]
0600301550[234 85 48 100 35 0 1; 81 90 34 71 36 0 0; ]
0600301551[236 86 48 101 35 0 1; 82 91 34 71 36 0 0; ]
0600301552[237 87 48 102 35 0 1; 83 92 34 71 36 0 0; ]
0600301553[239 87 48 102 35 0 1; 84 93 35 71 36 0 0; ]
0600301554[241 88 48 103 35 0 1; 85 94 36 71 36 0 0; ]
0600301555[242 88 47 103 35 0 1; 86 94 35 71 36 0 0; ]
0600301556[244 88 46 105 35 0 1; 86 94 34 71 36 0 0; ]
0600301557[246 88 45 106 35 0 1; 87 94 34 72 36 0 0; ]
0600301558[247 88 45 107 35 0 1; 87 94 34 72 36 0 0; ]
0600301559[248 88 45 107 35 0 1; 87 94 34 73 36 0 0; ]
0600301560[249 88 45 107 35 0 1; 87 94 34 74 36 0 0; ]
0600301561[249 89 46 107 35 0 1; 87 94 34 75 36 0 0; ]
0600301562[250 90 47 107 35 0 1; 87 94 34 76 36 0 0; ]
0600301563[250 90 47 107 35 0 1; 87 94 34 76 36 0 0; ]
0600301564[251 90 47 107 35 0 1; 88 94 34 77 36 0 0; ]
0600301565[251 90 47 107 35 0 1; 88 94 34 77 36 0 0; ]
0600301566[252 90 47 107 35 0 1; 89 94 34 74 36 0 0; 211 120 19 37 41 1 1; ]
0600301567[253 90 47 107 35 0 1; 90 93 34 73 36 0 0; 213 120 19 37 41 1 1; ]
0600301568[253 89 47 110 35 0 1; 90 93 34 73 36 0 0; 214 120 19 37 41 1 1; ]
0600301569[254 87 48 112 35 0 1; 90 92 35 72 36 0 0; 216 119 19 37 41 1 1; ]
0600301570[254 85 48 114 35 0 1; 90 91 35 72 36 0 0; 217 119 19 37 41 1 1; ]
0600301571[255 84 48 114 35 0 1; 91 89 35 72 36 0 0; 218 118 19 37 41 1 1; ]
0600301572[256 82 49 114 35 0 1; 91 86 35 73 36 0 0; 219 116 19 38 41 1 1; ]
0600301573[257 80 49 114 35 0 1; 91 83 35 74 36 0 0; 220 112 19 38 41 1 1; ]
0600301574[258 79 49 114 35 0 1; 92 82 35 74 36 0 0; ]
0600301575[258 78 49 114 35 0 1; 92 82 35 75 36 0 0; ]
0600301576[259 79 50 114 35 0 1; 92 83 35 76 36 0 0; ]
0600301577[259 81 50 114 35 0 1; 92 85 35 76 36 0 0; ]
0600301578[259 84 50 114 35 0 1; 93 88 35 77 36 0 0; ]
0600301579[259 88 51 114 35 0 1; 91 91 36 77 36 0 0; ]
0600301580[259 90 51 115 35 0 1; 90 94 37 78 36 0 0; ]
0600301581[259 92 51 116 35 0 1; 90 96 38 79 36 0 0; ]
0600301582[259 93 51 117 35 0 1; 89 97 38 80 36 0 0; ]
0600301583[259 94 51 118 35 0 1; 89 97 38 82 36 0 0; 53 113 22 50 39 1 1; ]
0600301584[259 94 51 119 35 0 1; 89 97 37 84 36 0 0; 53 113 22 50 39 1 1; ]
0600301585[259 94 51 121 35 0 1; 89 97 37 85 36 0 0; 53 113 22 50 39 1 1; ]
0600301586[259 94 51 123 35 0 1; 89 97 37 86 36 0 0; 53 113 22 50 39 1 1; 158 127 20 42 42 1 1; ]
0600301587[259 94 51 124 35 0 1; 89 97 37 87 36 0 0; 53 113 22 50 39 1 1; 159 126 21 42 42 1 1; ]
0600301588[259 94 51 124 35 0 1; 89 97 37 87 36 0 0; 53 113 23 51 39 1 1; 161 126 21 42 42 1 1; ]
0600301589[259 94 51 123 35 0 1; 89 96 37 88 36 0 0; 52 112 23 51 39 1 1; 162 125 21 42 42 1 1; ]
0600301590[259 94 51 122 35 0 1; 89 95 37 88 36 0 0; 52 111 23 52 39 1 1; 162 125 21 42 42 1 1; ]
0600301591[259 94 51 120 35 0 1; 88 95 38 89 36 0 0; 52 111 24 53 39 1 1; 162 125 21 42 42 1 1; ]
0600301592[259 94 51 121 35 0 1; 87 95 38 90 36 0 0; 52 111 24 53 39 1 1; ]
0600301593[259 93 51 122 35 0 1; 86 94 39 91 36 0 0; 52 111 24 53 39 1 1; ]
0600301594[259 93 51 122 35 0 1; 85 94 39 91 36 0 0; 52 111 24 53 39 1 1; ]
0600301595[259 92 51 123 35 0 1; 84 92 39 91 36 0 0; 52 111 24 53 39 1 1; ]
0600301596[259 89 51 122 35 0 1; 84 88 39 91 36 0 0; 51 105 24 53 39 1 1; ]
0600301597[258 84 51 122 35 0 1; 83 84 39 91 36 0 0; 50 101 24 53 39 1 1; 170 117 19 42 43 1 1; ]
0600301598[257 78 51 122 35 0 1; 83 82 39 91 36 0 0; 50 97 24 53 39 1 1; 170 113 19 42 43 1 1; ]
0600301599[256 76 51 121 35 0 1; 82 80 39 91 36 0 0; 50 96 24 53 39 1 1; 171 110 19 42 43 1 1; ]
0600301600[256 76 51 121 35 0 1; 81 78 39 91 36 0 0; 50 96 24 53 39 1 1; 171 109 19 42 43 1 1; ]
0600301601[255 76 51 121 35 0 1; 80 77 39 91 36 0 0; 50 96 24 53 39 1 1; 171 108 19 42 43 1 1; ]
0600301602[255 77 51 121 35 0 1; 79 77 39 91 36 0 0; 50 96 24 53 39 1 1; 173 109 19 42 43 1 1; ]
0600301603[255 78 52 121 35 0 1; 78 82 39 91 36 0 0; 50 96 24 53 39 1 1; 174 111 19 42 43 1 1; ]
0600301604[253 81 52 121 35 0 1; 77 86 39 91 36 0 0; 49 97 24 53 39 1 1; 175 114 19 42 43 1 1; ]
0600301605[252 84 53 121 35 0 1; 75 89 39 91 36 0 0; 48 101 24 53 39 1 1; 176 118 19 42 43 1 1; ]
0600301606[250 87 53 121 35 0 1; 73 91 39 91 36 0 0; 46 106 25 54 39 1 1; 176 121 19 42 43 1 1; ]
0600301607[248 89 54 121 35 0 1; 71 93 39 93 36 0 0; 44 112 26 55 39 1 1; 175 124 19 42 43 1 1; ]
0600301608[246 91 55 122 35 0 1; 69 94 40 96 36 0 0; 42 113 26 55 39 1 1; 173 126 19 42 43 1 1; ]
0600301609[243 93 55 122 35 0 1; 66 95 40 99 36 0 0; 40 114 27 55 39 1 1; 171 129 19 42 43 1 1; ]
0600301610[241 94 56 122 35 0 1; 63 95 40 101 36 0 0; 38 115 27 56 39 1 1; 171 128 19 42 43 1 1; ]
0600301611[239 95 56 123 35 0 1; 61 95 40 102 36 0 0; 36 115 28 56 39 1 1; 171 128 19 42 43 1 1; ]
0600301612[237 95 56 123 35 0 1; 59 94 40 103 36 0 0; 34 115 28 57 39 1 1; 171 127 19 42 43 1 1; ]
0600301613[236 95 55 123 35 0 1; 57 93 40 103 36 0 0; 32 114 29 60 39 1 1; 171 127 19 42 43 1 1; ]
0600301614[234 95 55 123 35 0 1; 55 92 40 103 36 0 0; 30 113 29 61 39 1 1; 171 128 19 42 43 1 1; ]
0600301615[233 95 53 123 35 0 1; 52 93 41 103 36 0 0; 28 113 29 62 39 1 1; 170 129 19 42 43 1 1; ]
0600301616[231 95 53 126 35 0 1; 49 94 41 103 36 0 0; 26 113 29 62 39 1 1; 169 130 19 42 43 1 1; ]
0600301617[229 95 53 129 35 0 1; 46 94 43 103 36 0 0; 25 114 29 62 39 1 1; 168 131 19 42 43 1 1; ]
0600301618[227 95 53 130 35 0 1; 43 95 45 103 36 0 0; 23 115 29 62 39 1 1; 168 132 19 42 43 1 1; ]
0600301619[225 95 53 131 35 0 1; 40 96 47 103 36 0 0; 21 117 29 62 39 1 1; 167 133 19 42 43 1 1; ]
0600301620[222 95 54 131 35 0 1; 37 96 48 103 36 0 0; 19 115 29 62 39 1 1; 167 135 19 42 43 1 1; ]
0600301621[219 94 55 130 35 0 1; 34 95 48 105 36 0 0; 17 114 29 62 39 1 1; 167 136 19 42 43 1 1; ]
0600301622[216 93 56 129 35 0 1; 31 92 48 107 36 0 0; 15 113 29 62 39 1 1; 163 133 30 42 45 1 2; ]
0600301623[213 91 57 129 35 0 1; 28 89 48 107 36 0 0; 13 112 29 62 39 1 1; 162 131 29 42 45 1 2; ]
0600301624[211 89 57 129 35 0 1; 8 85 64 107 37 1 2; 161 129 28 42 45 1 2; ]
0600301625[209 87 57 129 35 0 1; 7 79 63 107 37 1 2; ]
0600301626[206 83 57 129 35 0 1; 6 74 62 107 37 1 2; ]
0600301627[204 79 57 129 35 0 1; 4 70 62 108 37 1 2; ]
0600301628[202 77 55 130 35 0 1; 2 68 62 108 37 1 2; ]
0600301629[200 76 54 131 35 0 1; 0 68 62 109 37 1 2; ]
0600301630[198 75 54 132 35 0 1; ]
0600301631[195 74 54 132 35 0 1; ]
0600301632[191 75 55 133 35 0 1; ]
0600301633[188 76 57 134 35 0 1; ]
0600301634[184 77 59 135 35 0 1; ]
0600301635[180 78 60 135 35 0 1; ]
0600301636[177 78 60 135 35 0 1; ]
0600301637[174 79 60 135 35 0 1; ]
0600301638[170 79 60 135 35 0 1; ]
0600301639[168 79 60 135 35 0 1; ]
0600301640[164 77 60 138 35 0 1; ]
0600301641[160 76 60 141 35 0 1; ]
0600301642[157 75 60 142 35 0 1; ]
0600301643[154 74 60 143 35 0 1; ]
0600301644[151 74 60 143 35 0 1; ]
0600301645[148 74 61 143 35 0 1; ]
0600301646[145 74 62 143 35 0 1; ]
0600301647[143 74 62 143 35 0 1; ]
0600301648[140 75 62 143 35 0 1; ]
0600301649[138 75 62 143 35 0 1; ]
0600301650[136 77 62 143 35 0 1; ]
0600301651[135 78 62 143 35 0 1; ]
0600301652[134 77 61 145 35 0 1; ]
0600301653[132 75 60 146 35 0 1; ]
0600301654[131 74 60 147 35 0 1; 83 119 28 43 47 1 2; ]
0600301655[130 73 60 148 35 0 1; 83 119 28 43 47 1 2; ]
0600301656[129 72 60 149 35 0 1; 84 118 28 44 46 1 1; ]
0600301657[128 71 60 150 35 0 1; 84 117 26 44 46 1 1; ]
0600301658[127 70 61 151 35 0 1; 85 117 25 44 46 1 1; ]
0600301659[126 69 62 152 35 0 1; 85 117 25 44 46 1 1; ]
0600301660[124 70 63 152 35 0 1; 85 117 24 44 46 1 1; ]
0600301661[122 71 65 152 35 0 1; ]
0600301662[121 73 67 152 35 0 1; ]
0600301663[120 73 68 152 35 0 1; ]
0600301664[120 73 68 152 35 0 1; 98 125 19 36 40 1 1; 84 120 19 41 44 1 1; ]
