0600500001[169 106 22 60 0 0 1; 345 92 31 88 1 0 1; 402 84 35 110 2 0 1; ]
0600500002[169 107 22 60 0 0 1; 349 92 31 89 1 0 1; 404 84 36 111 2 0 1; ]
0600500003[170 107 22 59 0 0 1; 352 92 32 91 1 0 1; 407 84 37 112 2 0 1; ]
0600500004[170 107 22 59 0 0 1; 356 92 32 92 1 0 1; 410 84 38 113 2 0 1; ]
0600500005[171 107 22 59 0 0 1; 359 92 32 94 1 0 1; 412 83 38 114 2 0 1; ]
0600500006[172 107 22 59 0 0 1; 363 91 33 96 1 0 1; 416 82 39 116 2 0 1; ]
0600500007[173 106 22 59 0 0 1; 367 89 34 98 1 0 1; 419 80 40 119 2 0 1; ]
0600500008[174 105 22 59 0 0 1; 371 87 35 100 1 0 1; 423 79 40 121 2 0 1; ]
0600500009[174 104 22 59 0 0 1; 375 86 35 101 1 0 1; 426 77 40 123 2 0 1; ]
0600500010[174 103 22 59 0 0 1; 379 85 35 101 1 0 1; 430 76 40 124 2 0 1; ]
0600500011[174 102 23 59 0 0 1; 383 84 35 101 1 0 1; 433 75 40 125 2 0 1; ]
0600500012[174 101 24 60 0 0 1; 387 83 35 101 1 0 1; 437 74 40 125 2 0 1; ]
0600500013[174 100 24 60 0 0 1; 391 82 35 101 1 0 1; 440 73 40 126 2 0 1; ]
0600500014[176 100 25 61 0 0 1; 396 82 34 99 1 0 1; 444 72 40 127 2 0 1; ]
0600500015[177 100 25 62 0 0 1; 400 81 34 99 1 0 1; 447 70 39 128 2 0 1; ]
0600500016[177 100 25 62 0 0 1; 405 81 34 99 1 0 1; 451 70 39 129 2 0 1; ]
0600500017[178 100 26 62 0 0 1; 409 80 34 100 1 0 1; 455 70 39 130 2 0 1; ]
0600500018[178 100 26 62 0 0 1; 414 79 36 103 1 0 1; 458 70 39 131 2 0 1; ]
0600500019[178 100 26 62 0 0 1; 418 79 37 107 1 0 1; 462 70 39 132 2 0 1; ]
0600500020[178 100 26 62 0 0 1; 423 78 38 111 1 0 1; 465 70 39 133 2 0 1; ]
0600500021[178 100 26 62 0 0 1; 428 78 38 114 1 0 1; 469 70 39 134 2 0 1; ]
0600500022[178 100 26 62 0 0 1; 433 78 38 117 1 0 1; ]
0600500023[178 101 26 62 0 0 1; 437 79 38 119 1 0 1; ]
0600500024[178 102 26 62 0 0 1; 442 79 38 120 1 0 1; ]
0600500025[178 104 26 61 0 0 1; 447 79 38 120 1 0 1; ]
0600500026[179 105 26 61 0 0 1; 452 79 38 120 1 0 1; ]
0600500027[179 106 26 61 0 0 1; 457 80 38 120 1 0 1; ]
0600500028[180 107 26 61 0 0 1; 462 81 38 121 1 0 1; ]
0600500029[180 107 26 61 0 0 1; ]
0600500030[180 107 25 61 0 0 1; ]
0600500031[179 107 24 62 0 0 1; ]
0600500032[179 106 24 63 0 0 1; ]
0600500033[179 105 23 64 0 0 1; ]
0600500034[179 104 23 64 0 0 1; ]
0600500035[179 103 24 65 0 0 1; ]
0600500036[180 102 25 66 0 0 1; ]
0600500037[180 101 26 67 0 0 1; ]
0600500038[180 101 26 67 0 0 1; ]
0600500039[180 101 26 67 0 0 1; ]
0600500040[180 101 26 67 0 0 1; ]
0600500041[180 101 26 67 0 0 1; ]
0600500042[180 102 26 67 0 0 1; ]
0600500043[180 103 26 67 0 0 1; ]
0600500044[180 104 26 67 0 0 1; ]
0600500045[180 105 26 67 0 0 1; ]
0600500046[180 105 26 67 0 0 1; ]
0600500047[180 106 26 67 0 0 1; ]
0600500048[180 106 26 67 0 0 1; ]
0600500049[180 106 26 67 0 0 1; ]
0600500050[178 106 26 66 0 0 1; ]
0600500051[177 106 27 66 0 0 1; ]
0600500052[177 106 27 66 0 0 1; ]
0600500053[177 105 27 67 0 0 1; ]
0600500054[177 103 27 69 0 0 1; ]
0600500055[177 101 27 71 0 0 1; ]
0600500056[177 99 27 73 0 0 1; ]
0600500057[176 97 27 73 0 0 1; ]
0600500058[175 94 27 74 0 0 1; ]
0600500059[173 92 27 74 0 0 1; ]
0600500060[172 92 27 75 0 0 1; ]
0600500061[172 92 28 74 0 0 1; ]
0600500062[171 93 28 74 0 0 1; ]
0600500063[170 94 29 73 0 0 1; ]
0600500064[170 95 29 73 0 0 1; ]
0600500065[169 97 29 73 0 0 1; ]
0600500066[168 98 29 73 0 0 1; ]
0600500067[168 100 29 73 0 0 1; ]
0600500068[167 100 29 73 0 0 1; ]
0600500069[166 100 28 73 0 0 1; ]
0600500070[165 100 28 74 0 0 1; ]
0600500071[164 100 27 74 0 0 1; ]
0600500072[164 100 26 75 0 0 1; ]
0600500073[163 99 26 76 0 0 1; ]
0600500074[162 99 27 77 0 0 1; ]
0600500075[161 98 28 78 0 0 1; ]
0600500076[161 96 28 79 0 0 1; ]
0600500077[161 95 28 81 0 0 1; ]
0600500078[161 94 29 81 0 0 1; ]
0600500079[161 94 29 82 0 0 1; ]
0600500080[161 94 29 82 0 0 1; ]
0600500081[161 94 30 82 0 0 1; ]
0600500082[162 94 30 82 0 0 1; ]
0600500083[162 94 30 82 0 0 1; ]
0600500084[163 95 31 81 0 0 1; ]
0600500085[164 96 31 81 0 0 1; ]
0600500086[165 97 32 80 0 0 1; ]
0600500087[166 98 32 80 0 0 1; ]
0600500088[167 98 32 80 0 0 1; ]
0600500089[168 98 32 81 0 0 1; ]
0600500090[169 98 32 82 0 0 1; ]
0600500091[170 97 31 82 0 0 1; ]
0600500092[172 97 31 82 0 0 1; ]
0600500093[173 96 30 83 0 0 1; ]
0600500094[173 96 30 83 0 0 1; ]
0600500095[173 97 30 83 0 0 1; ]
0600500096[173 97 30 84 0 0 1; ]
0600500097[173 97 31 84 0 0 1; ]
0600500098[173 98 31 84 0 0 1; ]
0600500099[173 98 32 85 0 0 1; ]
0600500100[174 97 33 85 0 0 1; ]
0600500101[175 97 33 85 0 0 1; ]
0600500102[175 96 34 86 0 0 1; ]
0600500103[177 95 32 86 0 0 1; ]
0600500104[178 93 31 86 0 0 1; ]
0600500105[179 93 30 87 0 0 1; ]
0600500106[180 93 30 87 0 0 1; ]
0600500107[181 93 30 87 0 0 1; ]
0600500108[182 93 30 87 0 0 1; ]
0600500109[183 93 30 87 0 0 1; ]
0600500110[183 93 31 87 0 0 1; ]
0600500111[184 93 32 87 0 0 1; ]
0600500112[185 93 33 88 0 0 1; ]
0600500113[186 93 34 88 0 0 1; ]
0600500114[186 93 33 88 0 0 1; ]
0600500115[187 93 33 88 0 0 1; ]
0600500116[188 93 32 88 0 0 1; ]
0600500117[188 93 32 88 0 0 1; ]
0600500118[188 93 32 88 0 0 1; ]
0600500119[188 93 32 88 0 0 1; ]
0600500120[188 93 32 88 0 0 1; ]
0600500121[188 93 32 88 0 0 1; ]
0600500122[188 93 32 89 0 0 1; ]
0600500123[188 93 32 89 0 0 1; ]
0600500124[188 93 32 89 0 0 1; ]
0600500125[188 93 32 89 0 0 1; ]
0600500126[188 93 32 89 0 0 1; ]
0600500127[188 93 32 90 0 0 1; ]
0600500128[188 93 32 90 0 0 1; ]
0600500129[188 92 32 91 0 0 1; ]
0600500130[188 91 32 93 0 0 1; ]
0600500131[188 89 32 95 0 0 1; ]
0600500132[187 88 32 96 0 0 1; ]
0600500133[187 87 32 97 0 0 1; ]
0600500134[187 86 33 98 0 0 1; ]
0600500135[186 85 33 99 0 0 1; ]
0600500136[185 84 34 99 0 0 1; ]
0600500137[185 84 36 100 0 0 1; ]
0600500138[184 83 37 101 0 0 1; ]
0600500139[183 82 38 101 0 0 1; ]
0600500140[182 82 38 101 0 0 1; ]
0600500141[182 82 37 101 0 0 1; ]
0600500142[181 82 35 101 0 0 1; ]
0600500143[181 82 33 101 0 0 1; ]
0600500144[180 82 32 101 0 0 1; ]
0600500145[179 83 33 100 0 0 1; ]
0600500146[177 85 33 99 0 0 1; ]
0600500147[175 86 34 97 0 0 1; ]
0600500148[173 87 35 97 0 0 1; ]
0600500149[172 86 34 97 0 0 1; ]
0600500150[171 86 34 98 0 0 1; ]
0600500151[170 86 34 99 0 0 1; ]
0600500152[168 86 34 99 0 0 1; ]
0600500153[167 86 34 100 0 0 1; ]
0600500154[165 86 34 101 0 0 1; ]
0600500155[164 86 34 101 0 0 1; ]
0600500156[162 86 34 102 0 0 1; ]
0600500157[160 86 35 102 0 0 1; ]
0600500158[158 86 36 103 0 0 1; ]
0600500159[156 86 36 104 0 0 1; ]
0600500160[154 86 38 104 0 0 1; ]
0600500161[152 86 39 104 0 0 1; ]
0600500162[150 86 40 105 0 0 1; ]
0600500163[147 86 40 106 0 0 1; ]
0600500164[145 85 40 108 0 0 1; ]
0600500165[142 83 39 110 0 0 1; ]
0600500166[139 80 37 112 0 0 1; ]
0600500167[136 80 37 113 0 0 1; ]
0600500168[132 80 38 113 0 0 1; ]
0600500169[127 80 39 113 0 0 1; ]
0600500170[123 80 41 112 0 0 1; ]
0600500171[119 80 42 112 0 0 1; ]
0600500172[117 80 42 110 0 0 1; ]
0600500173[114 81 42 109 0 0 1; ]
0600500174[111 81 41 108 0 0 1; ]
0600500175[107 80 41 109 0 0 1; ]
0600500176[103 79 39 112 0 0 1; ]
0600500177[98 77 37 114 0 0 1; ]
0600500178[94 76 36 116 0 0 1; ]
0600500179[89 75 37 116 0 0 1; ]
0600500180[85 74 38 117 0 0 1; ]
0600500181[80 73 40 117 0 0 1; ]
0600500182[75 73 42 117 0 0 1; ]
0600500183[70 73 45 117 0 0 1; ]
0600500184[65 72 46 118 0 0 1; ]
0600500185[60 72 48 118 0 0 1; ]
0600500186[54 71 48 118 0 0 1; ]
0600500187[49 70 48 119 0 0 1; ]
0600500188[43 67 47 121 0 0 1; ]
0600500189[37 65 47 123 0 0 1; ]
0600500190[31 63 46 125 0 0 1; ]
0600500191[25 61 46 126 0 0 1; ]
0600500192[19 61 45 126 0 0 1; ]
0600500193[13 61 45 125 0 0 1; ]
0600500194[6 61 45 125 0 0 1; ]
0600500195[0 60 45 124 0 0 1; ]
0600500196[]
0600500197[]
0600500198[]
0600500199[]
0600500200[]
0600500201[]
0600500202[]
0600500203[]
0600500204[]
0600500205[]
0600500206[]
0600500207[]
0600500208[]
0600500209[]
0600500210[]
0600500211[]
0600500212[]
0600500213[]
0600500214[]
0600500215[]
0600500216[]
0600500217[]
0600500218[]
0600500219[]
0600500220[]
0600500221[]
0600500222[]
0600500223[]
0600500224[]
0600500225[]
0600500226[]
0600500227[]
0600500228[]
0600500229[]
0600500230[]
0600500231[]
0600500232[]
0600500233[]
0600500234[]
0600500235[]
0600500236[]
0600500237[]
0600500238[]
0600500239[]
0600500240[]
0600500241[]
0600500242[]
0600500243[]
0600500244[]
0600500245[]
0600500246[]
0600500247[]
0600500248[]
0600500249[]
0600500250[]
0600500251[]
0600500252[]
0600500253[]
0600500254[]
0600500255[]
0600500256[]
0600500257[]
0600500258[]
0600500259[]
0600500260[]
0600500261[]
0600500262[]
0600500263[]
0600500264[]
0600500265[]
0600500266[]
0600500267[]
0600500268[]
0600500269[]
0600500270[]
0600500271[]
0600500272[]
0600500273[]
0600500274[]
0600500275[]
0600500276[]
0600500277[]
0600500278[]
0600500279[]
0600500280[]
0600500281[]
0600500282[]
0600500283[]
0600500284[]
0600500285[]
0600500286[]
0600500287[]
0600500288[]
0600500289[]
0600500290[]
0600500291[]
0600500292[]
0600500293[]
0600500294[]
0600500295[]
0600500296[]
0600500297[]
0600500298[]
0600500299[]
0600500300[]
0600500301[]
0600500302[]
0600500303[]
0600500304[]
0600500305[]
0600500306[]
0600500307[]
0600500308[]
0600500309[]
0600500310[]
0600500311[]
0600500312[]
0600500313[]
0600500314[]
0600500315[]
0600500316[]
0600500317[]
0600500318[]
0600500319[]
0600500320[]
0600500321[]
0600500322[]
0600500323[]
0600500324[]
0600500325[]
0600500326[]
0600500327[]
0600500328[]
0600500329[]
0600500330[]
0600500331[]
0600500332[]
0600500333[]
0600500334[]
0600500335[]
0600500336[]
0600500337[]
0600500338[]
0600500339[]
0600500340[]
0600500341[]
0600500342[]
0600500343[]
0600500344[]
0600500345[]
0600500346[]
0600500347[]
0600500348[]
0600500349[]
0600500350[]
0600500351[]
0600500352[]
0600500353[]
0600500354[]
0600500355[]
0600500356[]
0600500357[]
0600500358[]
0600500359[]
0600500360[]
0600500361[]
0600500362[]
0600500363[]
0600500364[]
0600500365[]
0600500366[]
0600500367[]
0600500368[]
0600500369[]
0600500370[]
0600500371[]
0600500372[]
0600500373[]
0600500374[481 116 26 66 5 0 1; ]
0600500375[468 115 26 66 5 0 1; ]
0600500376[455 114 26 66 5 0 1; ]
0600500377[442 108 26 68 5 0 1; ]
0600500378[429 106 26 70 5 0 1; ]
0600500379[417 106 25 70 5 0 1; ]
0600500380[405 107 24 70 5 0 1; ]
0600500381[393 108 25 69 5 0 1; ]
0600500382[381 108 25 69 5 0 1; ]
0600500383[370 108 25 69 5 0 1; ]
0600500384[358 109 26 68 5 0 1; ]
0600500385[345 109 26 69 5 0 1; ]
0600500386[332 108 26 69 5 0 1; ]
0600500387[320 108 26 69 5 0 1; ]
0600500388[308 108 27 69 5 0 1; ]
0600500389[297 107 27 70 5 0 1; ]
0600500390[286 107 27 70 5 0 1; ]
0600500391[276 106 28 71 5 0 1; ]
0600500392[266 106 29 70 5 0 1; ]
0600500393[256 106 29 68 5 0 1; ]
0600500394[246 106 29 68 5 0 1; ]
0600500395[237 106 29 67 5 0 1; ]
0600500396[227 106 28 67 5 0 1; ]
0600500397[218 106 27 67 5 0 1; ]
0600500398[209 106 26 67 5 0 1; ]
0600500399[201 106 25 67 5 0 1; ]
0600500400[192 106 26 68 5 0 1; ]
0600500401[184 106 27 70 5 0 1; ]
0600500402[175 106 28 71 5 0 1; ]
0600500403[167 106 28 72 5 0 1; ]
0600500404[159 106 28 72 5 0 1; ]
0600500405[151 106 28 71 5 0 1; ]
0600500406[144 106 28 71 5 0 1; ]
0600500407[137 106 28 71 5 0 1; ]
0600500408[131 104 27 71 5 0 1; ]
0600500409[126 103 27 71 5 0 1; ]
0600500410[120 103 27 71 5 0 1; ]
0600500411[114 103 27 71 5 0 1; ]
0600500412[107 103 27 71 5 0 1; ]
0600500413[101 103 28 71 5 0 1; ]
0600500414[95 103 28 71 5 0 1; ]
0600500415[89 103 28 72 5 0 1; ]
0600500416[83 103 28 73 5 0 1; ]
0600500417[78 103 28 73 5 0 1; ]
0600500418[72 103 28 73 5 0 1; ]
0600500419[67 103 28 73 5 0 1; ]
0600500420[62 103 28 72 5 0 1; ]
0600500421[57 103 28 71 5 0 1; ]
0600500422[53 103 28 71 5 0 1; ]
0600500423[48 103 27 71 5 0 1; ]
0600500424[44 103 27 71 5 0 1; 373 40 103 226 7 0 2; ]
0600500425[39 103 27 71 5 0 1; 375 38 103 228 7 0 2; ]
0600500426[35 103 27 71 5 0 1; 377 36 103 230 7 0 2; ]
0600500427[32 103 27 72 5 0 1; 379 35 103 231 7 0 2; ]
0600500428[28 103 27 73 5 0 1; 381 33 104 233 7 0 2; ]
0600500429[24 103 27 73 5 0 1; 382 32 104 233 7 0 2; ]
0600500430[19 102 26 73 5 0 1; 382 30 107 239 7 0 2; ]
0600500431[14 102 26 72 5 0 1; 382 29 109 244 7 0 2; ]
0600500432[9 101 26 71 5 0 1; 383 27 111 248 7 0 2; ]
0600500433[5 100 26 71 5 0 1; 383 27 112 250 7 0 2; ]
0600500434[2 100 26 71 5 0 1; 384 26 113 251 7 0 2; ]
0600500435[387 26 113 251 7 0 2; ]
0600500436[393 26 113 251 7 0 2; ]
0600500437[398 26 113 251 7 0 2; ]
0600500438[]
0600500439[]
0600500440[]
0600500441[]
0600500442[]
0600500443[]
0600500444[]
0600500445[]
0600500446[]
0600500447[]
0600500448[]
0600500449[]
0600500450[]
0600500451[]
0600500452[]
0600500453[]
0600500454[]
0600500455[]
0600500456[]
0600500457[]
0600500458[]
0600500459[]
0600500460[]
0600500461[]
0600500462[]
0600500463[]
0600500464[]
0600500465[]
0600500466[]
0600500467[]
0600500468[]
0600500469[]
0600500470[]
0600500471[]
0600500472[]
0600500473[]
0600500474[]
0600500475[]
0600500476[]
0600500477[]
0600500478[]
0600500479[]
0600500480[]
0600500481[]
0600500482[]
0600500483[]
0600500484[]
0600500485[]
0600500486[]
0600500487[]
0600500488[]
0600500489[]
0600500490[]
0600500491[]
0600500492[]
0600500493[]
0600500494[]
0600500495[]
0600500496[]
0600500497[]
0600500498[]
0600500499[]
0600500500[]
0600500501[]
0600500502[]
0600500503[]
0600500504[]
0600500505[]
0600500506[]
0600500507[]
0600500508[]
0600500509[]
0600500510[]
0600500511[]
0600500512[]
0600500513[]
0600500514[]
0600500515[]
0600500516[]
0600500517[]
0600500518[]
0600500519[]
0600500520[]
0600500521[]
0600500522[]
0600500523[]
0600500524[]
0600500525[]
0600500526[]
0600500527[]
0600500528[]
0600500529[]
0600500530[]
0600500531[]
0600500532[]
0600500533[]
0600500534[]
0600500535[]
0600500536[]
0600500537[]
0600500538[]
0600500539[]
0600500540[]
0600500541[]
0600500542[]
0600500543[]
0600500544[]
0600500545[]
0600500546[]
0600500547[]
0600500548[]
0600500549[]
0600500550[]
0600500551[]
0600500552[]
0600500553[]
0600500554[]
0600500555[]
0600500556[]
0600500557[]
0600500558[]
0600500559[]
0600500560[]
0600500561[]
0600500562[]
0600500563[]
0600500564[]
0600500565[]
0600500566[]
0600500567[]
0600500568[]
0600500569[]
0600500570[]
0600500571[]
0600500572[]
0600500573[]
0600500574[]
0600500575[]
0600500576[]
0600500577[]
0600500578[]
0600500579[]
0600500580[]
0600500581[]
0600500582[]
0600500583[]
0600500584[]
0600500585[]
0600500586[]
0600500587[]
0600500588[]
0600500589[]
0600500590[]
0600500591[]
0600500592[]
0600500593[]
0600500594[]
0600500595[]
0600500596[]
0600500597[]
0600500598[]
0600500599[]
0600500600[]
0600500601[]
0600500602[]
0600500603[]
0600500604[]
0600500605[]
0600500606[]
0600500607[]
0600500608[]
0600500609[]
0600500610[]
0600500611[]
0600500612[]
0600500613[]
0600500614[]
0600500615[]
0600500616[]
0600500617[]
0600500618[1 65 53 145 9 0 1; ]
0600500619[3 64 53 147 9 0 1; ]
0600500620[5 61 53 150 9 0 1; ]
0600500621[7 58 53 154 9 0 1; ]
0600500622[8 55 53 157 9 0 1; ]
0600500623[9 53 53 159 9 0 1; ]
0600500624[10 52 53 160 9 0 1; ]
0600500625[11 52 53 161 9 0 1; ]
0600500626[12 52 53 161 9 0 1; ]
0600500627[13 52 53 161 9 0 1; ]
0600500628[13 54 54 160 9 0 1; ]
0600500629[14 56 54 159 9 0 1; ]
0600500630[14 57 54 159 9 0 1; ]
0600500631[15 56 54 160 9 0 1; ]
0600500632[16 56 54 163 9 0 1; ]
0600500633[17 56 55 167 9 0 1; ]
0600500634[18 55 55 170 9 0 1; ]
0600500635[19 54 56 173 9 0 1; ]
0600500636[20 53 58 176 9 0 1; ]
0600500637[21 51 59 178 9 0 1; ]
0600500638[22 50 60 179 9 0 1; ]
0600500639[25 50 60 179 9 0 1; ]
0600500640[28 50 60 179 9 0 1; ]
0600500641[31 50 60 179 9 0 1; ]
0600500642[34 49 61 180 9 0 1; ]
0600500643[37 49 61 180 9 0 1; ]
0600500644[40 48 62 182 9 0 1; ]
0600500645[44 47 63 183 9 0 1; ]
0600500646[47 46 64 185 9 0 1; ]
0600500647[51 44 65 188 9 0 1; ]
0600500648[54 41 66 193 9 0 1; ]
0600500649[58 38 68 197 9 0 1; ]
0600500650[62 36 70 201 9 0 1; ]
0600500651[66 35 72 205 9 0 1; ]
0600500652[70 34 75 208 9 0 1; ]
0600500653[75 34 77 211 9 0 1; ]
0600500654[79 32 79 214 9 0 1; ]
0600500655[84 31 80 217 9 0 1; ]
0600500656[89 30 82 220 9 0 1; ]
0600500657[95 29 84 222 9 0 1; ]
0600500658[100 29 85 223 9 0 1; ]
0600500659[106 30 86 224 9 0 1; ]
0600500660[112 30 86 225 9 0 1; ]
0600500661[118 30 87 227 9 0 1; ]
0600500662[123 26 90 232 9 0 1; ]
0600500663[130 23 92 237 9 0 1; ]
0600500664[137 20 93 242 9 0 1; ]
0600500665[145 17 94 246 9 0 1; ]
0600500666[154 14 93 251 9 0 1; ]
0600500667[165 11 91 255 9 0 1; ]
0600500668[177 9 89 259 9 0 1; ]
0600500669[188 7 88 264 9 0 1; ]
0600500670[198 5 88 268 9 0 1; ]
0600500671[208 3 89 272 9 0 1; ]
0600500672[217 1 90 275 9 0 1; ]
0600500673[]
0600500674[]
0600500675[]
0600500676[]
0600500677[]
0600500678[]
0600500679[]
0600500680[]
0600500681[]
0600500682[]
0600500683[]
0600500684[]
0600500685[]
0600500686[]
0600500687[]
0600500688[]
0600500689[]
0600500690[4 93 20 55 10 1 1; ]
0600500691[12 94 20 54 10 1 1; ]
0600500692[20 95 20 54 10 0 1; ]
0600500693[]
0600500694[]
0600500695[]
0600500696[]
0600500697[]
0600500698[]
0600500699[]
0600500700[]
0600500701[]
0600500702[]
0600500703[]
0600500704[]
0600500705[]
0600500706[]
0600500707[]
0600500708[]
0600500709[]
0600500710[]
0600500711[]
0600500712[]
0600500713[]
0600500714[]
0600500715[]
0600500716[2 107 25 82 11 0 1; ]
0600500717[10 107 25 83 11 0 1; ]
0600500718[18 107 26 83 11 0 1; ]
0600500719[26 108 26 83 11 0 1; 0 104 28 84 13 0 1; ]
0600500720[33 111 26 84 11 0 1; 8 107 28 84 13 0 1; ]
0600500721[41 114 26 84 11 0 1; 16 108 28 86 13 0 1; ]
0600500722[48 116 26 84 11 0 1; 24 109 28 87 13 0 1; ]
0600500723[56 117 27 85 11 0 1; 32 110 28 88 13 0 1; ]
0600500724[65 118 27 86 11 0 1; 39 111 28 89 13 0 1; ]
0600500725[73 120 27 87 11 0 1; 47 112 28 90 13 0 1; ]
0600500726[80 121 28 88 11 0 1; 54 113 29 92 13 0 1; ]
0600500727[87 122 28 89 11 0 1; 61 114 30 93 13 0 1; ]
0600500728[94 123 29 90 11 0 1; 68 115 30 94 13 0 1; ]
0600500729[100 124 29 90 11 0 1; 74 116 30 95 13 0 1; ]
0600500730[106 126 29 90 11 0 1; 80 118 31 96 13 0 1; ]
0600500731[112 127 29 90 11 0 1; 86 119 31 97 13 0 1; ]
0600500732[117 130 29 88 11 0 1; 91 120 31 97 13 0 1; ]
0600500733[123 132 29 87 11 0 1; 96 122 31 99 13 0 1; ]
0600500734[128 133 29 87 11 0 1; 101 124 31 100 13 0 1; ]
0600500735[132 133 29 87 11 0 1; 105 124 31 100 13 0 1; ]
0600500736[137 132 29 88 11 0 1; 110 124 31 100 13 0 1; ]
0600500737[141 131 29 89 11 0 1; 114 123 31 99 13 0 1; 1 142 19 58 17 0 1; ]
0600500738[146 130 28 90 11 0 1; 118 121 31 99 13 0 1; 3 140 19 59 17 0 1; ]
0600500739[150 127 28 92 11 0 1; 122 119 31 99 13 0 1; 5 139 20 60 17 0 1; ]
0600500740[154 124 28 94 11 0 1; 126 118 31 100 13 0 1; 7 137 20 60 17 0 1; ]
0600500741[157 123 28 96 11 0 1; 129 115 31 102 13 0 1; 9 136 21 61 17 0 1; ]
0600500742[161 123 28 98 11 0 1; 133 113 31 104 13 0 1; 10 134 21 61 17 0 1; ]
0600500743[164 122 28 99 11 0 1; 136 112 31 106 13 0 1; 11 134 21 61 17 0 1; ]
0600500744[168 122 28 100 11 0 1; 140 112 31 108 13 0 1; 13 134 22 62 17 0 1; ]
0600500745[171 122 28 101 11 0 1; 143 113 31 109 13 0 1; 14 135 22 64 17 0 1; ]
0600500746[174 122 28 102 11 0 1; 146 113 31 110 13 0 1; 15 136 22 65 17 0 1; ]
0600500747[177 123 28 103 11 0 1; 149 113 31 111 13 0 1; 16 137 23 66 17 0 1; ]
0600500748[180 124 28 104 11 0 1; 152 114 31 111 13 0 1; 16 140 23 65 17 0 1; ]
0600500749[183 125 29 105 11 0 1; 155 115 31 111 13 0 1; 17 143 23 65 17 0 1; ]
0600500750[186 126 29 104 11 0 1; 158 117 32 111 13 0 1; 18 144 23 65 17 0 1; ]
0600500751[188 127 29 104 11 0 1; 160 117 32 111 13 0 1; 18 144 23 66 17 0 1; ]
0600500752[191 129 30 103 11 0 1; 163 117 32 111 13 0 1; 19 144 23 67 17 0 1; ]
0600500753[194 132 30 102 11 0 1; 165 117 32 112 13 0 1; 19 143 23 69 17 0 1; ]
0600500754[196 129 30 105 11 0 1; 168 117 33 112 13 0 1; 20 143 23 70 17 0 1; ]
0600500755[199 127 30 108 11 0 1; 170 116 33 113 13 0 1; 20 143 23 70 17 0 1; ]
0600500756[202 126 30 110 11 0 1; 172 115 34 115 13 0 1; 21 142 23 70 17 0 1; ]
0600500757[205 124 30 111 11 0 1; 174 114 34 117 13 0 1; 21 142 23 71 17 0 1; ]
0600500758[208 122 31 113 11 0 1; 177 113 35 118 13 0 1; 21 141 23 71 17 0 1; ]
0600500759[210 121 32 114 11 0 1; 179 112 35 120 13 0 1; 22 140 23 71 17 0 1; ]
0600500760[213 120 33 115 11 0 1; 181 111 36 121 13 0 1; 22 138 22 71 17 0 1; ]
0600500761[216 118 34 116 11 0 1; 183 109 37 123 13 0 1; 22 137 22 71 17 0 1; ]
0600500762[219 117 34 117 11 0 1; 186 108 37 124 13 0 1; 22 135 22 71 17 0 1; ]
0600500763[222 115 33 118 11 0 1; 188 105 38 126 13 0 1; 378 115 29 95 14 1 1; 22 133 22 72 17 0 1; ]
0600500764[224 112 32 119 11 0 1; 190 101 39 129 13 0 1; 383 111 27 99 14 1 1; 22 130 22 73 17 0 1; ]
0600500765[227 110 32 121 11 0 1; 193 98 40 131 13 0 1; 388 109 26 101 14 1 1; 22 128 23 75 17 0 1; ]
0600500766[230 107 31 122 11 0 1; 195 95 41 133 13 0 1; 391 105 26 102 14 1 1; 21 126 23 76 17 0 1; ]
0600500767[233 105 31 124 11 0 1; 197 94 42 134 13 0 1; 394 103 26 102 14 1 1; 21 124 23 76 17 0 1; ]
0600500768[236 103 31 125 11 0 1; 200 92 44 135 13 0 1; 397 101 27 102 14 1 1; 20 122 24 76 17 0 1; ]
0600500769[238 100 31 128 11 0 1; 202 91 45 136 13 0 1; 400 101 27 102 14 1 1; 19 121 24 77 17 0 1; ]
0600500770[240 98 32 131 11 0 1; 205 89 45 137 13 0 1; 403 101 26 102 14 1 1; 18 120 25 77 17 0 1; ]
0600500771[242 96 32 134 11 0 1; 208 88 45 139 13 0 1; 406 101 26 102 14 1 1; 17 119 26 77 17 0 1; ]
0600500772[245 95 32 136 11 0 1; 211 86 44 141 13 0 1; 406 101 25 102 14 1 1; 15 118 27 77 17 0 1; ]
0600500773[247 95 33 138 11 0 1; 213 85 43 143 13 0 1; 407 101 25 102 14 1 1; 14 118 28 77 17 0 1; ]
0600500774[250 96 34 139 11 0 1; 216 84 43 145 13 0 1; 14 119 28 77 17 0 1; ]
0600500775[253 96 35 141 11 0 1; 219 84 43 146 13 0 1; 14 121 28 77 17 0 1; ]
0600500776[257 96 36 142 11 0 1; 222 85 43 148 13 0 1; 14 122 28 78 17 0 1; ]
0600500777[260 99 37 142 11 0 1; 225 85 43 150 13 0 1; 14 123 28 78 17 0 1; ]
0600500778[264 101 38 143 11 0 1; 227 85 44 152 13 0 1; 14 123 28 79 17 0 1; ]
0600500779[268 102 40 144 11 0 1; 230 86 44 153 13 0 1; 14 123 28 81 17 0 1; ]
0600500780[272 103 41 145 11 0 1; 233 87 45 155 13 0 1; 14 123 28 82 17 0 1; ]
0600500781[276 102 43 146 11 0 1; 236 87 46 157 13 0 1; 14 122 28 82 17 0 1; ]
0600500782[280 100 45 149 11 0 1; 239 86 47 159 13 0 1; 14 122 28 82 17 0 1; ]
0600500783[284 98 47 152 11 0 1; 243 84 49 163 13 0 1; 425 100 30 111 15 1 1; 14 121 28 81 17 0 1; ]
0600500784[289 96 48 155 11 0 1; 247 82 51 167 13 0 1; 428 99 34 116 15 1 1; 14 120 28 81 17 0 1; ]
0600500785[294 95 50 158 11 0 1; 251 80 52 171 13 0 1; 432 97 37 120 15 1 1; 14 118 28 81 17 0 1; ]
0600500786[300 92 52 161 11 0 1; 255 76 54 175 13 0 1; 435 95 39 124 15 1 1; 15 117 28 81 17 0 1; ]
0600500787[306 90 54 163 11 0 1; 260 71 55 180 13 0 1; 439 93 41 127 15 1 1; 15 115 28 82 17 0 1; ]
0600500788[313 88 55 166 11 0 1; 265 66 56 185 13 0 1; 443 91 43 130 15 1 1; 15 113 28 83 17 0 1; ]
0600500789[320 85 58 169 11 0 1; 271 63 57 188 13 0 1; 446 88 44 131 15 1 1; 16 111 28 83 17 0 1; ]
0600500790[328 82 60 172 11 0 1; 276 61 57 190 13 0 1; 451 85 44 135 15 1 1; 17 109 27 84 17 0 1; ]
0600500791[335 80 61 175 11 0 1; 282 59 58 192 13 0 1; 455 83 44 139 15 1 1; 19 107 27 84 17 0 1; ]
0600500792[342 77 61 178 11 0 1; 288 57 59 194 13 0 1; 460 81 44 142 15 1 1; 21 105 26 85 17 0 1; ]
0600500793[349 75 61 182 11 0 1; 295 55 60 197 13 0 1; 464 80 45 145 15 1 1; 22 104 26 85 17 0 1; ]
0600500794[356 73 62 186 11 0 1; 301 53 61 200 13 0 1; 22 103 26 86 17 0 1; ]
0600500795[364 71 62 190 11 0 1; 307 51 62 204 13 0 1; 22 102 26 87 17 0 1; ]
0600500796[372 69 62 194 11 0 1; 314 49 64 209 13 0 1; 22 101 27 88 17 0 1; ]
0600500797[380 67 63 199 11 0 1; 320 46 66 214 13 0 1; 22 101 27 88 17 0 1; ]
0600500798[388 66 65 203 11 0 1; 327 44 67 219 13 0 1; 23 100 27 89 17 0 1; ]
0600500799[397 64 66 208 11 0 1; 333 42 70 225 13 0 1; 23 100 28 89 17 0 1; ]
0600500800[406 63 67 213 11 0 1; 340 39 72 231 13 0 1; 23 100 28 90 17 0 1; ]
0600500801[415 62 69 219 11 0 1; 347 36 74 238 13 0 1; 23 99 28 90 17 0 1; ]
0600500802[425 60 71 224 11 0 1; 354 33 78 242 13 0 1; 24 99 29 90 17 0 1; ]
0600500803[435 59 73 229 11 0 1; 361 31 81 248 13 0 1; 24 99 29 91 17 0 1; ]
0600500804[368 28 83 254 13 0 1; 25 98 29 91 17 1 1; ]
0600500805[376 24 86 260 13 0 1; 26 98 29 91 17 1 1; ]
0600500806[385 21 88 268 13 0 1; 27 98 30 91 17 1 1; ]
0600500807[394 17 90 276 13 0 1; 27 98 30 91 17 1 1; ]
0600500808[28 98 30 91 17 1 1; ]
0600500809[29 98 30 91 17 1 1; ]
0600500810[29 98 31 91 17 1 1; ]
0600500811[30 98 31 91 17 1 1; ]
0600500812[31 98 31 91 17 1 1; ]
0600500813[31 98 31 91 17 1 1; ]
0600500814[32 98 31 91 17 1 1; ]
0600500815[32 98 32 91 17 1 1; ]
0600500816[33 98 32 91 17 1 1; ]
0600500817[33 98 32 91 17 1 1; ]
0600500818[33 98 32 91 17 1 1; ]
0600500819[34 98 32 91 17 1 1; ]
0600500820[34 98 32 92 17 1 1; ]
0600500821[35 97 32 92 17 1 1; ]
0600500822[37 97 32 92 17 1 1; ]
0600500823[38 97 32 93 17 1 1; ]
0600500824[1 98 33 99 16 1 1; 39 97 32 94 17 1 1; ]
0600500825[3 98 33 100 16 1 1; 41 98 32 96 17 1 1; ]
0600500826[4 99 32 100 16 1 1; 43 99 32 99 17 1 1; ]
0600500827[5 99 32 101 16 1 1; 45 99 32 100 17 1 1; ]
0600500828[6 99 32 102 16 1 1; 48 97 32 100 17 1 1; ]
0600500829[7 98 32 103 16 1 1; 50 96 32 101 17 1 1; ]
0600500830[8 97 32 105 16 1 1; 53 94 32 101 17 1 1; ]
0600500831[9 96 32 106 16 1 1; 55 94 32 101 17 1 1; ]
0600500832[10 96 33 107 16 1 1; 58 94 32 101 17 1 1; ]
0600500833[11 94 33 108 16 1 1; 60 94 33 101 17 1 1; ]
0600500834[13 93 34 110 16 1 1; 63 94 33 101 17 1 1; ]
0600500835[14 92 35 111 16 1 1; 65 94 33 101 17 1 1; ]
0600500836[16 92 35 111 16 1 1; 68 94 33 101 17 1 1; ]
0600500837[18 92 35 111 16 1 1; 70 94 33 101 17 1 1; ]
0600500838[20 92 35 111 16 1 1; 73 94 34 101 17 1 1; ]
0600500839[22 92 35 111 16 1 1; 75 94 34 101 17 1 1; ]
0600500840[24 92 35 111 16 1 1; 78 94 35 101 17 1 1; ]
0600500841[26 92 36 111 16 1 1; 80 94 35 101 17 1 1; ]
0600500842[28 93 37 112 16 1 1; 83 94 36 101 17 1 1; ]
0600500843[30 93 38 112 16 1 1; 86 94 36 101 17 1 1; ]
0600500844[31 95 37 110 16 1 1; 89 94 35 101 17 1 1; ]
0600500845[33 96 36 109 16 1 1; 92 94 35 101 17 1 1; ]
0600500846[35 96 35 108 16 1 1; 96 94 35 101 17 1 1; ]
0600500847[38 96 35 107 16 1 1; 101 94 35 101 17 1 1; ]
0600500848[41 96 35 107 16 1 1; 106 94 35 101 17 1 1; ]
0600500849[44 96 35 107 16 1 1; 109 94 35 101 17 1 1; ]
0600500850[49 94 35 107 16 1 1; ]
0600500851[54 92 36 107 16 1 1; ]
0600500852[59 90 36 107 16 1 1; ]
0600500853[64 89 36 108 16 1 1; ]
0600500854[69 87 35 108 16 1 1; ]
0600500855[75 84 35 110 16 1 1; ]
0600500856[80 82 35 114 16 1 1; ]
0600500857[85 79 35 117 16 1 1; ]
0600500858[89 77 36 119 16 1 1; ]
0600500859[94 75 38 120 16 1 1; ]
0600500860[97 73 41 121 16 1 1; ]
0600500861[102 72 45 122 16 1 1; ]
0600500862[106 71 46 123 16 1 1; ]
0600500863[112 71 46 125 16 1 1; ]
0600500864[119 72 46 127 16 1 1; 199 83 31 124 18 1 1; ]
0600500865[127 73 46 129 16 1 1; 205 83 33 125 18 1 1; ]
0600500866[135 73 46 130 16 1 1; 213 83 34 126 18 1 1; ]
0600500867[144 74 47 130 16 1 1; 221 83 35 127 18 1 1; ]
0600500868[153 75 49 130 16 1 1; 230 83 35 127 18 1 1; ]
0600500869[157 76 49 129 16 1 1; 240 83 35 127 18 1 1; ]
0600500870[163 76 50 130 16 1 1; 251 83 35 127 18 1 1; ]
0600500871[169 77 50 131 16 1 1; 261 83 35 128 18 1 1; ]
0600500872[176 77 51 131 16 1 1; 270 82 35 129 18 1 1; ]
0600500873[183 77 51 131 16 1 1; 278 80 36 132 18 1 1; ]
0600500874[193 77 50 131 16 1 1; 287 78 37 134 18 1 1; ]
0600500875[202 77 49 131 16 1 1; 296 76 38 136 18 1 1; ]
0600500876[212 77 48 131 16 1 1; 305 75 40 136 18 1 1; ]
0600500877[222 77 47 131 16 1 1; 315 75 41 136 18 1 1; 293 96 28 88 20 1 1; ]
0600500878[233 77 46 132 16 1 1; 325 74 42 137 18 1 1; 302 96 28 87 20 1 1; ]
0600500879[244 77 46 133 16 1 1; 335 73 43 137 18 1 1; 311 97 28 86 20 1 1; ]
0600500880[255 77 45 134 16 1 1; 346 73 43 139 18 1 1; 320 97 29 86 20 0 1; ]
0600500881[266 77 45 135 16 1 1; 357 72 43 141 18 1 1; 329 98 29 85 20 0 1; 257 98 28 83 22 1 1; ]
0600500882[278 77 44 136 16 1 1; 368 70 43 144 18 1 1; 338 98 29 85 20 0 1; 266 98 27 83 22 1 1; ]
0600500883[289 76 43 136 16 1 1; 380 69 44 148 18 1 1; 347 98 30 85 20 0 1; 276 98 27 83 22 1 1; ]
0600500884[300 76 43 137 16 1 1; 391 68 46 153 18 1 1; 356 98 30 85 20 0 1; 285 98 27 83 22 1 1; ]
0600500885[312 75 43 137 16 1 1; 403 66 48 160 18 1 1; 365 98 30 85 20 1 1; 295 98 28 83 22 1 1; ]
0600500886[322 72 43 139 16 1 1; 414 65 50 163 18 1 1; 381 97 31 86 20 1 1; 304 98 30 83 22 1 1; ]
0600500887[333 69 43 142 16 1 1; 426 63 49 163 18 1 1; 386 96 31 87 20 1 1; 313 98 31 83 22 0 1; ]
0600500888[343 64 44 146 16 1 1; 438 61 48 163 18 1 1; 395 94 32 87 20 1 1; 322 92 32 87 22 0 1; ]
0600500889[354 59 44 150 16 1 1; 450 59 48 163 18 1 1; 404 91 33 87 20 1 1; 331 87 32 90 22 0 1; ]
0600500890[365 55 44 154 16 1 1; 462 57 48 162 18 1 1; 341 86 32 93 22 0 1; ]
0600500891[376 52 44 158 16 1 1; 351 86 32 94 22 0 1; ]
0600500892[388 50 45 162 16 1 1; 362 86 32 96 22 0 1; ]
0600500893[399 50 47 165 16 0 1; 373 86 32 97 22 0 1; ]
0600500894[410 50 50 168 16 0 1; 384 86 32 98 22 0 1; ]
0600500895[421 50 53 170 16 0 1; 460 93 30 93 21 1 1; 394 86 33 98 22 0 1; ]
0600500896[433 50 56 173 16 0 1; 404 86 33 99 22 0 1; ]
0600500897[445 50 58 174 16 0 1; 414 86 34 100 22 0 1; ]
0600500898[424 86 35 100 22 1 1; ]
0600500899[432 86 37 103 22 1 1; ]
0600500900[440 86 39 106 22 1 1; ]
0600500901[449 86 40 109 22 1 1; ]
0600500902[458 86 40 111 22 1 1; ]
0600500903[469 85 40 112 22 1 1; ]
0600500904[]
0600500905[]
0600500906[]
0600500907[]
0600500908[]
0600500909[]
0600500910[]
0600500911[]
0600500912[]
0600500913[]
0600500914[]
0600500915[]
0600500916[]
0600500917[]
0600500918[]
0600500919[]
0600500920[]
0600500921[]
0600500922[]
0600500923[]
0600500924[]
0600500925[]
0600500926[]
0600500927[]
0600500928[]
0600500929[]
0600500930[]
0600500931[]
0600500932[]
0600500933[]
0600500934[]
0600500935[]
0600500936[]
0600500937[]
0600500938[]
0600500939[]
0600500940[]
0600500941[]
0600500942[]
0600500943[]
0600500944[]
0600500945[]
0600500946[]
0600500947[]
0600500948[]
0600500949[]
0600500950[]
0600500951[]
0600500952[]
0600500953[]
0600500954[]
0600500955[]
0600500956[]
0600500957[]
0600500958[]
0600500959[]
0600500960[]
0600500961[]
0600500962[]
0600500963[]
0600500964[]
0600500965[]
0600500966[]
0600500967[]
0600500968[]
0600500969[]
0600500970[]
0600500971[]
0600500972[]
0600500973[]
0600500974[]
0600500975[]
0600500976[]
0600500977[]
0600500978[]
0600500979[]
0600500980[]
0600500981[]
0600500982[]
0600500983[]
0600500984[]
0600500985[]
0600500986[]
0600500987[]
0600500988[]
0600500989[]
0600500990[]
0600500991[]
0600500992[]
0600500993[]
0600500994[]
0600500995[]
0600500996[]
0600500997[]
0600500998[]
0600500999[]
0600501000[]
0600501001[]
0600501002[]
0600501003[]
0600501004[]
0600501005[]
0600501006[]
0600501007[]
0600501008[]
0600501009[]
0600501010[]
0600501011[]
0600501012[]
0600501013[]
0600501014[]
0600501015[]
0600501016[]
0600501017[]
0600501018[]
0600501019[]
0600501020[]
0600501021[]
0600501022[]
0600501023[]
0600501024[]
0600501025[]
0600501026[]
0600501027[]
0600501028[]
0600501029[]
0600501030[]
0600501031[]
0600501032[]
0600501033[]
0600501034[]
0600501035[]
0600501036[]
0600501037[]
0600501038[]
0600501039[]
0600501040[437 75 66 156 23 0 0; ]
0600501041[419 75 68 158 23 0 0; ]
0600501042[399 74 69 161 23 0 0; ]
0600501043[380 74 70 163 23 0 0; ]
0600501044[361 73 72 165 23 0 0; ]
0600501045[341 72 73 167 23 0 0; ]
0600501046[322 71 75 169 23 0 0; ]
0600501047[302 68 77 170 23 0 0; ]
0600501048[282 65 80 171 23 0 0; ]
0600501049[262 61 82 173 23 0 0; ]
0600501050[240 57 85 177 23 0 0; ]
0600501051[217 51 88 183 23 0 0; ]
0600501052[194 44 91 191 23 0 0; ]
0600501053[171 37 94 199 23 0 0; ]
0600501054[147 31 98 207 23 0 0; ]
0600501055[122 24 101 216 23 0 0; ]
0600501056[96 16 105 226 23 0 0; ]
0600501057[70 9 110 237 23 0 0; ]
0600501058[44 1 115 248 23 0 0; ]
0600501059[]
0600501060[]
0600501061[]
0600501062[]
0600501063[]
0600501064[]
0600501065[]
0600501066[]
0600501067[]
0600501068[]
0600501069[]
0600501070[]
0600501071[]
0600501072[]
0600501073[]
0600501074[]
0600501075[]
0600501076[]
0600501077[]
0600501078[]
0600501079[]
0600501080[]
0600501081[]
0600501082[]
0600501083[]
0600501084[]
0600501085[]
0600501086[]
0600501087[]
0600501088[]
0600501089[]
0600501090[]
0600501091[482 92 26 68 24 0 1; ]
0600501092[478 92 26 68 24 0 1; ]
0600501093[474 92 26 68 24 0 1; ]
0600501094[470 92 26 67 24 0 1; ]
0600501095[467 91 25 68 24 0 1; ]
0600501096[463 91 25 68 24 0 1; ]
0600501097[459 91 25 68 24 0 1; ]
0600501098[456 90 25 69 24 0 1; ]
0600501099[452 89 25 70 24 0 1; ]
0600501100[449 88 25 71 24 0 1; ]
0600501101[445 87 24 72 24 0 1; ]
0600501102[442 86 24 72 24 0 1; ]
0600501103[439 84 24 72 24 0 1; ]
0600501104[436 83 25 72 24 0 1; ]
0600501105[433 82 25 72 24 0 1; ]
0600501106[430 81 25 72 24 0 1; ]
0600501107[428 80 25 72 24 0 1; ]
0600501108[425 79 27 71 24 0 1; ]
0600501109[423 77 28 71 24 0 1; ]
0600501110[420 76 28 71 24 0 1; ]
0600501111[418 74 28 71 24 0 1; ]
0600501112[416 73 28 72 24 0 1; ]
0600501113[414 72 28 72 24 0 1; ]
0600501114[411 72 28 73 24 0 1; ]
0600501115[409 71 29 73 24 0 1; ]
0600501116[407 71 29 74 24 0 1; ]
0600501117[405 71 29 75 24 0 1; ]
0600501118[403 72 29 75 24 0 1; ]
0600501119[401 73 29 75 24 0 1; ]
0600501120[399 74 29 75 24 0 1; ]
0600501121[397 76 29 75 24 0 1; ]
0600501122[396 81 29 76 24 0 1; ]
0600501123[394 84 29 76 24 0 1; ]
0600501124[392 87 29 76 24 0 1; ]
0600501125[390 89 29 76 24 0 1; ]
0600501126[388 90 29 76 24 0 1; ]
0600501127[385 91 29 75 24 0 1; ]
0600501128[383 91 29 75 24 0 1; ]
0600501129[381 92 29 75 24 0 1; ]
0600501130[378 91 29 75 24 0 1; ]
0600501131[376 88 29 78 24 0 1; ]
0600501132[373 85 29 80 24 0 1; ]
0600501133[370 83 29 81 24 0 1; ]
0600501134[367 82 30 80 24 0 1; ]
0600501135[364 81 30 80 24 0 1; ]
0600501136[361 80 30 79 24 0 1; ]
0600501137[359 78 30 79 24 0 1; ]
0600501138[357 77 30 79 24 0 1; ]
0600501139[355 76 30 79 24 0 1; ]
0600501140[352 76 30 79 24 0 1; ]
0600501141[350 76 31 80 24 0 1; ]
0600501142[348 77 31 81 24 0 1; ]
0600501143[346 77 31 83 24 0 1; ]
0600501144[344 78 31 83 24 0 1; ]
0600501145[342 80 32 83 24 0 1; ]
0600501146[340 82 32 83 24 0 1; ]
0600501147[338 84 32 83 24 0 1; ]
0600501148[337 86 32 83 24 0 1; ]
0600501149[335 87 32 83 24 0 1; ]
0600501150[333 89 31 84 24 0 1; ]
0600501151[331 90 31 85 24 0 1; ]
0600501152[329 90 30 85 24 0 1; ]
0600501153[326 90 30 86 24 0 1; ]
0600501154[324 90 31 87 24 0 1; ]
0600501155[322 90 31 87 24 0 1; ]
0600501156[320 90 32 88 24 0 1; ]
0600501157[318 90 34 88 24 0 1; ]
0600501158[316 90 35 89 24 0 1; ]
0600501159[314 90 36 89 24 0 1; ]
0600501160[312 90 35 90 24 0 1; ]
0600501161[310 88 34 90 24 0 1; ]
0600501162[309 86 32 91 24 0 1; ]
0600501163[307 84 31 91 24 0 1; ]
0600501164[305 82 31 92 24 0 1; ]
0600501165[303 80 32 92 24 0 1; ]
0600501166[301 78 33 92 24 0 1; ]
0600501167[298 77 33 93 24 0 1; ]
0600501168[296 77 35 93 24 0 1; ]
0600501169[293 77 36 94 24 0 1; ]
0600501170[291 78 37 94 24 0 1; ]
0600501171[288 78 37 95 24 0 1; ]
0600501172[285 79 36 96 24 0 1; ]
0600501173[282 81 35 96 24 0 1; ]
0600501174[278 83 34 97 24 0 1; ]
0600501175[275 86 34 98 24 0 1; ]
0600501176[271 88 34 98 24 0 1; ]
0600501177[267 91 34 100 24 0 1; ]
0600501178[264 93 34 101 24 0 1; ]
0600501179[260 94 35 101 24 0 1; ]
0600501180[255 94 36 101 24 0 1; ]
0600501181[251 94 36 101 24 0 1; ]
0600501182[247 94 37 101 24 0 1; ]
0600501183[243 92 37 102 24 0 1; ]
0600501184[238 88 37 105 24 0 1; ]
0600501185[234 84 38 107 24 0 1; ]
0600501186[229 81 38 108 24 0 1; ]
0600501187[224 79 38 108 24 0 1; ]
0600501188[220 77 39 108 24 0 1; ]
0600501189[215 76 39 108 24 0 1; ]
0600501190[210 76 40 108 24 0 1; ]
0600501191[205 77 40 110 24 0 1; ]
0600501192[200 78 40 111 24 0 1; ]
0600501193[195 78 40 112 24 0 1; ]
0600501194[190 78 40 113 24 0 1; ]
0600501195[186 78 40 114 24 0 1; ]
0600501196[181 78 39 114 24 0 1; ]
0600501197[177 78 39 115 24 0 1; ]
0600501198[172 78 39 116 24 0 1; ]
0600501199[167 78 39 117 24 0 1; ]
0600501200[162 78 39 118 24 0 1; 492 101 17 34 25 0 1; ]
0600501201[156 78 39 119 24 0 1; 487 102 17 34 25 0 1; ]
0600501202[151 78 40 120 24 0 1; 482 103 17 33 25 0 1; ]
0600501203[145 78 41 121 24 0 1; 477 102 17 33 25 0 1; ]
0600501204[139 78 42 123 24 0 1; 472 102 17 33 25 0 1; ]
0600501205[132 78 43 124 24 0 1; 467 101 17 33 25 0 1; ]
0600501206[126 77 43 125 24 0 1; 462 100 17 33 25 0 1; ]
0600501207[120 74 44 126 24 0 1; 457 99 17 33 25 0 1; ]
0600501208[113 71 45 127 24 0 1; 452 97 17 33 25 0 1; ]
0600501209[107 67 45 128 24 0 1; 448 94 17 33 25 1 1; ]
0600501210[100 64 46 129 24 0 1; 443 89 16 35 25 1 1; ]
0600501211[93 59 46 131 24 0 1; 439 86 16 36 25 1 1; ]
0600501212[87 55 47 132 24 0 1; ]
0600501213[80 52 47 134 24 0 1; ]
0600501214[72 49 47 136 24 0 1; ]
0600501215[65 48 48 138 24 0 1; ]
0600501216[58 47 48 139 24 0 1; ]
0600501217[52 47 48 140 24 0 1; ]
0600501218[46 48 48 140 24 0 1; ]
0600501219[40 51 48 140 24 0 1; ]
0600501220[35 54 48 141 24 0 1; ]
0600501221[29 55 47 141 24 0 1; ]
0600501222[23 55 48 142 24 0 1; ]
0600501223[17 53 50 145 24 0 1; 381 87 19 37 26 0 1; ]
0600501224[10 51 51 147 24 0 1; 379 86 18 37 26 0 1; ]
0600501225[4 49 53 150 24 0 1; 375 85 18 37 26 0 1; ]
0600501226[372 83 17 37 26 0 1; ]
0600501227[369 82 17 37 26 0 1; ]
0600501228[365 80 17 37 26 0 1; ]
0600501229[360 78 18 37 26 0 1; ]
0600501230[356 77 18 37 26 0 1; ]
0600501231[352 76 19 37 26 0 1; ]
0600501232[349 76 19 37 26 0 1; ]
0600501233[346 76 19 37 26 0 1; ]
0600501234[343 76 19 38 26 0 1; ]
0600501235[340 76 20 38 26 0 1; ]
0600501236[338 76 20 39 26 0 1; ]
0600501237[335 76 20 39 26 0 1; ]
0600501238[333 76 20 39 26 1 1; ]
0600501239[331 77 20 39 26 1 1; ]
0600501240[328 79 19 38 26 1 1; ]
0600501241[326 81 18 37 26 1 1; ]
0600501242[324 82 18 37 26 1 1; ]
0600501243[321 80 18 38 26 1 1; ]
0600501244[319 79 18 39 26 1 1; ]
0600501245[317 78 18 39 26 1 1; ]
0600501246[314 77 18 39 26 1 1; ]
0600501247[312 77 18 39 26 1 1; ]
0600501248[310 76 18 39 26 1 1; ]
0600501249[307 76 18 39 26 1 1; ]
0600501250[305 76 18 39 26 1 1; ]
0600501251[302 76 18 39 26 1 1; ]
0600501252[301 76 18 39 26 1 1; ]
0600501253[]
0600501254[]
0600501255[]
0600501256[]
0600501257[]
0600501258[]
0600501259[]
0600501260[]
0600501261[]
0600501262[]
0600501263[]
0600501264[]
0600501265[]
0600501266[]
0600501267[]
0600501268[]
0600501269[]
0600501270[]
0600501271[]
0600501272[]
0600501273[]
0600501274[]
0600501275[]
0600501276[]
0600501277[]
0600501278[]
0600501279[]
0600501280[]
0600501281[]
0600501282[]
0600501283[]
0600501284[333 77 17 35 27 1 1; ]
0600501285[337 79 17 35 27 1 1; ]
0600501286[341 81 17 35 27 1 1; ]
0600501287[344 83 18 36 27 1 1; ]
0600501288[346 83 18 36 27 1 1; ]
0600501289[350 85 17 36 27 1 1; ]
0600501290[354 86 17 36 27 1 1; ]
0600501291[357 86 17 36 27 1 1; ]
0600501292[360 87 17 36 27 1 1; ]
0600501293[363 87 17 36 27 1 1; ]
0600501294[366 87 18 36 27 1 1; ]
0600501295[368 87 18 37 27 1 1; ]
0600501296[369 87 19 37 27 1 1; ]
0600501297[]
0600501298[]
0600501299[]
0600501300[]
0600501301[]
0600501302[]
0600501303[]
0600501304[]
0600501305[]
0600501306[]
0600501307[]
0600501308[]
0600501309[]
0600501310[]
0600501311[]
0600501312[]
0600501313[]
0600501314[410 90 22 48 28 1 1; ]
0600501315[412 91 22 47 28 1 1; ]
0600501316[414 91 21 47 28 1 1; ]
0600501317[416 92 21 47 28 1 1; ]
0600501318[418 92 21 47 28 1 1; ]
0600501319[420 91 21 47 28 0 1; ]
0600501320[422 88 21 49 28 0 1; ]
0600501321[424 85 21 50 28 0 1; ]
0600501322[426 83 21 50 28 0 1; ]
0600501323[428 82 21 50 28 0 1; ]
0600501324[429 81 21 49 28 0 1; ]
0600501325[431 80 21 47 28 1 1; ]
0600501326[432 80 21 47 28 1 1; ]
0600501327[434 80 22 49 28 1 1; ]
0600501328[435 81 22 51 28 1 1; ]
0600501329[436 81 22 52 28 1 1; ]
0600501330[438 81 22 52 28 1 1; ]
0600501331[439 81 22 52 28 1 1; ]
0600501332[440 81 22 52 28 1 1; ]
0600501333[442 81 22 52 28 1 1; ]
0600501334[443 81 22 51 28 1 1; ]
0600501335[445 81 22 51 28 1 1; ]
0600501336[446 82 22 51 28 1 1; ]
0600501337[448 82 22 50 28 1 1; ]
0600501338[450 82 22 50 28 1 1; ]
0600501339[451 83 21 50 28 1 1; ]
0600501340[453 83 21 49 28 1 1; ]
0600501341[454 83 21 49 28 1 1; ]
0600501342[455 83 21 49 28 0 1; ]
0600501343[457 83 21 49 28 0 1; ]
0600501344[458 83 22 49 28 0 1; ]
0600501345[459 83 22 49 28 0 1; ]
0600501346[461 83 22 49 28 0 1; ]
0600501347[463 81 22 50 28 0 1; ]
0600501348[464 80 22 51 28 0 1; ]
0600501349[466 78 22 52 28 0 1; ]
0600501350[467 77 22 53 28 0 1; ]
0600501351[468 75 22 54 28 0 1; ]
0600501352[469 73 22 55 28 0 1; ]
0600501353[470 71 22 55 28 0 1; ]
0600501354[471 69 23 55 28 0 1; ]
0600501355[472 68 23 54 28 0 1; ]
0600501356[473 67 23 54 28 0 1; ]
0600501357[473 68 23 54 28 0 1; ]
0600501358[474 70 23 53 28 0 1; ]
0600501359[475 72 22 53 28 0 1; ]
0600501360[476 73 22 53 28 0 1; ]
0600501361[477 76 22 53 28 0 1; ]
0600501362[478 78 22 53 28 0 1; ]
0600501363[479 80 22 54 28 0 1; ]
0600501364[480 82 22 54 28 0 1; ]
0600501365[481 84 22 54 28 0 1; ]
0600501366[482 86 22 54 28 0 1; ]
0600501367[483 87 22 54 28 0 1; ]
0600501368[484 87 22 54 28 0 1; ]
0600501369[485 86 22 54 28 0 1; ]
0600501370[486 84 22 54 28 1 1; ]
0600501371[486 82 22 55 28 1 1; ]
0600501372[487 81 22 55 28 1 1; ]
0600501373[489 80 22 56 28 1 1; ]
0600501374[]
0600501375[]
0600501376[]
0600501377[]
0600501378[]
0600501379[]
0600501380[]
0600501381[]
0600501382[]
0600501383[]
0600501384[]
0600501385[]
0600501386[]
0600501387[]
0600501388[]
0600501389[]
0600501390[]
0600501391[]
0600501392[]
0600501393[]
0600501394[]
0600501395[]
0600501396[]
0600501397[]
0600501398[]
0600501399[]
0600501400[]
0600501401[]
0600501402[]
0600501403[]
0600501404[]
0600501405[]
0600501406[]
0600501407[]
0600501408[]
0600501409[]
0600501410[]
0600501411[]
0600501412[]
0600501413[]
0600501414[]
0600501415[]
0600501416[]
0600501417[]
0600501418[]
0600501419[]
0600501420[]
0600501421[]
0600501422[]
0600501423[]
0600501424[]
0600501425[]
0600501426[]
0600501427[]
0600501428[]
0600501429[]
0600501430[]
0600501431[]
0600501432[]
0600501433[]
0600501434[]
0600501435[]
0600501436[]
0600501437[]
0600501438[]
0600501439[]
0600501440[]
0600501441[]
0600501442[]
0600501443[]
0600501444[]
0600501445[]
0600501446[]
0600501447[]
0600501448[]
0600501449[]
0600501450[]
0600501451[]
0600501452[]
0600501453[]
0600501454[]
0600501455[]
0600501456[]
0600501457[]
0600501458[]
0600501459[]
0600501460[]
0600501461[]
0600501462[]
0600501463[]
0600501464[]
0600501465[]
0600501466[]
0600501467[]
0600501468[]
0600501469[]
0600501470[]
0600501471[]
0600501472[]
0600501473[]
0600501474[]
0600501475[]
0600501476[]
0600501477[]
0600501478[]
0600501479[]
0600501480[]
0600501481[]
0600501482[]
0600501483[]
0600501484[]
0600501485[]
0600501486[]
0600501487[]
0600501488[]
0600501489[]
0600501490[]
0600501491[]
0600501492[]
0600501493[]
0600501494[]
0600501495[]
0600501496[]
0600501497[]
0600501498[]
0600501499[]
0600501500[]
0600501501[]
0600501502[]
0600501503[]
0600501504[]
0600501505[]
0600501506[]
0600501507[]
0600501508[]
0600501509[]
0600501510[]
0600501511[]
0600501512[]
0600501513[]
0600501514[]
0600501515[]
0600501516[]
0600501517[]
0600501518[]
0600501519[]
0600501520[]
0600501521[]
0600501522[]
0600501523[]
0600501524[]
0600501525[]
0600501526[]
0600501527[]
0600501528[]
0600501529[]
0600501530[]
0600501531[]
0600501532[]
0600501533[]
0600501534[]
0600501535[]
0600501536[]
0600501537[]
0600501538[]
0600501539[]
0600501540[]
0600501541[]
0600501542[]
0600501543[]
0600501544[]
0600501545[]
0600501546[]
0600501547[]
0600501548[]
0600501549[]
0600501550[]
0600501551[]
0600501552[]
0600501553[]
0600501554[]
0600501555[]
0600501556[]
0600501557[]
0600501558[]
0600501559[]
0600501560[]
0600501561[]
0600501562[]
0600501563[]
0600501564[]
0600501565[]
0600501566[]
0600501567[]
0600501568[]
0600501569[]
0600501570[]
0600501571[]
0600501572[]
0600501573[]
0600501574[]
0600501575[]
0600501576[]
0600501577[]
0600501578[]
0600501579[]
0600501580[]
0600501581[]
0600501582[]
0600501583[]
0600501584[]
0600501585[]
0600501586[]
0600501587[]
0600501588[]
0600501589[]
0600501590[]
0600501591[]
0600501592[]
0600501593[]
0600501594[]
0600501595[]
0600501596[]
0600501597[]
0600501598[]
0600501599[]
0600501600[]
0600501601[]
0600501602[]
0600501603[]
0600501604[]
0600501605[]
0600501606[]
0600501607[]
0600501608[]
0600501609[]
0600501610[]
0600501611[]
0600501612[]
0600501613[]
0600501614[]
0600501615[]
0600501616[]
0600501617[]
0600501618[]
0600501619[]
0600501620[]
0600501621[]
0600501622[]
0600501623[]
0600501624[]
0600501625[]
0600501626[]
0600501627[]
0600501628[]
0600501629[]
0600501630[]
0600501631[]
0600501632[]
0600501633[]
0600501634[]
0600501635[]
0600501636[]
0600501637[]
0600501638[]
0600501639[]
0600501640[]
0600501641[]
0600501642[]
0600501643[]
0600501644[]
0600501645[]
0600501646[]
0600501647[]
0600501648[]
0600501649[]
0600501650[]
0600501651[]
0600501652[]
0600501653[]
0600501654[]
0600501655[]
0600501656[]
0600501657[]
0600501658[]
0600501659[]
0600501660[]
0600501661[]
0600501662[]
0600501663[]
0600501664[]
0600501665[]
0600501666[]
0600501667[]
0600501668[]
0600501669[]
0600501670[]
0600501671[]
0600501672[]
0600501673[]
0600501674[]
0600501675[]
0600501676[]
0600501677[]
0600501678[]
0600501679[]
0600501680[]
0600501681[]
0600501682[]
0600501683[]
0600501684[]
0600501685[]
0600501686[]
0600501687[]
0600501688[]
0600501689[]
0600501690[]
0600501691[]
0600501692[]
0600501693[]
0600501694[]
0600501695[]
0600501696[]
0600501697[]
0600501698[]
0600501699[]
0600501700[]
0600501701[]
0600501702[]
0600501703[]
0600501704[]
0600501705[]
0600501706[]
0600501707[]
0600501708[]
0600501709[]
0600501710[]
0600501711[]
0600501712[]
0600501713[]
0600501714[]
0600501715[]
0600501716[]
0600501717[]
0600501718[]
0600501719[]
0600501720[]
0600501721[]
0600501722[]
0600501723[]
0600501724[]
0600501725[]
0600501726[]
0600501727[]
0600501728[]
0600501729[]
0600501730[]
0600501731[]
0600501732[]
0600501733[]
0600501734[]
0600501735[]
0600501736[]
0600501737[]
0600501738[]
0600501739[]
0600501740[]
0600501741[]
0600501742[]
0600501743[]
0600501744[]
0600501745[]
0600501746[]
0600501747[]
0600501748[]
0600501749[]
0600501750[]
0600501751[]
0600501752[]
0600501753[]
0600501754[]
0600501755[]
0600501756[]
0600501757[]
0600501758[]
0600501759[]
0600501760[]
0600501761[]
0600501762[]
0600501763[]
0600501764[]
0600501765[]
0600501766[]
0600501767[]
0600501768[]
0600501769[]
0600501770[]
0600501771[]
0600501772[]
0600501773[]
0600501774[]
0600501775[]
0600501776[]
0600501777[]
0600501778[]
0600501779[]
0600501780[]
0600501781[]
0600501782[]
0600501783[]
0600501784[]
0600501785[]
0600501786[]
0600501787[]
0600501788[]
0600501789[]
0600501790[]
0600501791[]
0600501792[]
0600501793[]
0600501794[]
0600501795[]
0600501796[]
0600501797[]
0600501798[]
0600501799[]
0600501800[]
0600501801[430 69 80 135 30 0 2; ]
0600501802[425 69 81 137 30 0 2; ]
0600501803[420 68 82 139 30 0 2; ]
0600501804[415 68 83 140 30 0 2; ]
0600501805[409 68 84 142 30 0 2; ]
0600501806[403 67 85 142 30 0 2; ]
0600501807[397 67 85 143 30 0 2; ]
0600501808[390 66 85 143 30 0 2; ]
0600501809[383 65 85 143 30 0 2; ]
0600501810[376 63 85 144 30 0 2; ]
0600501811[368 61 87 149 30 0 2; ]
0600501812[360 59 89 153 30 0 2; ]
0600501813[351 58 91 157 30 0 2; ]
0600501814[342 56 94 161 30 0 2; ]
0600501815[333 54 96 164 30 0 2; ]
0600501816[324 53 98 167 30 0 2; ]
0600501817[315 52 100 169 30 0 2; ]
0600501818[307 52 100 169 30 0 2; ]
0600501819[299 52 101 169 30 0 2; ]
0600501820[290 52 101 169 30 0 2; ]
0600501821[281 52 102 169 30 0 2; ]
0600501822[270 50 106 171 30 0 2; ]
0600501823[258 48 109 175 30 0 2; ]
0600501824[246 45 112 179 30 0 2; ]
0600501825[234 43 115 183 30 0 2; ]
0600501826[223 41 117 190 30 0 2; ]
0600501827[211 39 119 198 30 0 2; ]
0600501828[199 36 121 206 30 0 2; ]
0600501829[186 34 122 212 30 0 2; ]
0600501830[172 31 124 216 30 0 2; ]
0600501831[158 28 127 220 30 0 2; ]
0600501832[143 26 129 223 30 0 2; ]
0600501833[128 23 132 225 30 0 2; ]
0600501834[113 21 133 225 30 0 2; ]
0600501835[97 18 136 226 30 0 2; ]
0600501836[79 14 140 228 30 0 2; ]
0600501837[60 10 146 236 30 0 2; ]
0600501838[39 5 153 249 30 0 2; ]
0600501839[18 0 161 267 30 0 2; ]
0600501840[]
0600501841[]
0600501842[]
0600501843[]
0600501844[]
0600501845[]
0600501846[]
0600501847[]
0600501848[]
0600501849[]
0600501850[]
0600501851[]
0600501852[]
0600501853[]
0600501854[]
0600501855[]
0600501856[]
0600501857[]
0600501858[]
0600501859[]
0600501860[]
0600501861[]
0600501862[]
0600501863[]
0600501864[]
0600501865[]
0600501866[]
0600501867[]
0600501868[]
0600501869[]
0600501870[]
0600501871[]
0600501872[]
0600501873[]
0600501874[]
0600501875[]
0600501876[]
0600501877[]
0600501878[]
0600501879[]
0600501880[]
0600501881[]
0600501882[]
0600501883[]
0600501884[]
0600501885[]
0600501886[]
0600501887[]
0600501888[]
0600501889[]
0600501890[]
0600501891[]
0600501892[]
0600501893[]
0600501894[]
0600501895[]
0600501896[]
0600501897[]
0600501898[]
0600501899[]
0600501900[]
0600501901[]
0600501902[]
0600501903[]
0600501904[]
0600501905[]
0600501906[]
0600501907[]
0600501908[]
0600501909[]
0600501910[]
0600501911[]
0600501912[]
0600501913[]
0600501914[]
0600501915[]
0600501916[]
0600501917[]
0600501918[]
0600501919[]
0600501920[]
0600501921[]
0600501922[]
0600501923[]
0600501924[]
0600501925[]
0600501926[]
0600501927[]
0600501928[]
0600501929[]
0600501930[]
0600501931[]
0600501932[]
0600501933[]
0600501934[]
0600501935[]
0600501936[]
0600501937[]
0600501938[]
0600501939[]
0600501940[]
0600501941[]
0600501942[]
0600501943[]
0600501944[]
0600501945[]
0600501946[]
0600501947[]
0600501948[]
0600501949[]
0600501950[]
0600501951[]
0600501952[]
0600501953[]
0600501954[]
0600501955[]
0600501956[]
0600501957[]
0600501958[]
0600501959[]
0600501960[]
0600501961[]
0600501962[]
0600501963[]
0600501964[]
0600501965[]
0600501966[]
0600501967[]
0600501968[]
0600501969[]
0600501970[]
0600501971[]
0600501972[]
0600501973[]
0600501974[]
0600501975[]
0600501976[]
0600501977[]
0600501978[]
0600501979[]
0600501980[]
0600501981[]
0600501982[]
0600501983[]
0600501984[]
0600501985[]
0600501986[]
0600501987[]
0600501988[]
0600501989[]
0600501990[]
0600501991[]
0600501992[]
0600501993[]
0600501994[]
0600501995[]
0600501996[]
0600501997[]
0600501998[]
0600501999[]
0600502000[]
0600502001[]
0600502002[]
0600502003[477 83 21 53 31 0 1; ]
0600502004[464 84 21 53 31 0 1; ]
0600502005[450 85 21 54 31 0 1; 469 83 30 58 35 0 1; ]
0600502006[437 85 21 54 31 0 1; 456 83 31 58 35 0 1; ]
0600502007[424 86 21 54 31 0 1; 443 83 32 58 35 0 1; 479 84 24 58 36 1 1; ]
0600502008[412 86 22 53 31 0 1; 430 83 33 58 35 0 1; 467 84 24 58 36 1 1; ]
0600502009[400 86 23 52 31 0 1; 418 83 34 58 35 1 1; 455 84 24 58 36 1 1; ]
0600502010[389 86 23 52 31 0 1; 407 82 34 59 35 1 1; 443 84 25 57 36 1 1; ]
0600502011[378 86 23 52 31 0 1; 397 81 35 60 35 1 1; 432 83 25 57 36 1 1; ]
0600502012[368 85 23 52 31 0 1; 388 81 35 60 35 1 1; 421 83 24 56 36 1 1; ]
0600502013[359 84 23 53 31 0 1; 378 80 34 60 35 1 1; 412 83 23 55 36 1 1; ]
0600502014[349 82 22 54 31 0 1; 370 80 33 60 35 1 1; 402 82 22 54 36 1 1; ]
0600502015[340 81 22 56 31 0 1; 361 79 32 60 35 1 1; 393 81 22 54 36 1 1; ]
0600502016[331 80 22 56 31 0 1; 353 78 32 60 35 1 1; 384 81 23 55 36 1 1; ]
0600502017[323 79 23 57 31 0 1; 344 78 33 60 35 1 1; 375 80 25 56 36 1 1; ]
0600502018[315 78 23 58 31 0 1; 335 77 34 60 35 1 1; 366 80 27 58 36 1 1; ]
0600502019[307 77 24 58 31 0 1; 326 76 35 59 35 1 1; 359 77 27 59 36 1 1; ]
0600502020[298 76 25 59 31 0 1; 318 76 36 59 35 1 1; 352 75 27 60 36 1 1; ]
0600502021[291 75 26 59 31 0 1; 312 75 36 59 35 1 1; 346 74 28 61 36 1 1; ]
0600502022[284 75 27 60 31 0 1; 306 74 35 58 35 1 1; 340 73 28 61 36 1 1; ]
0600502023[279 74 27 61 31 0 1; 300 74 35 58 35 1 1; 334 73 28 61 36 1 1; ]
0600502024[274 73 26 61 31 0 1; 296 73 35 58 35 1 1; 328 74 28 62 36 1 1; ]
0600502025[270 73 25 62 31 0 1; 292 73 34 58 35 1 1; 323 74 28 62 36 1 1; ]
0600502026[266 72 25 62 31 0 1; 288 73 33 58 35 1 1; 318 74 28 62 36 1 1; ]
0600502027[262 72 24 63 31 0 1; 285 73 31 58 35 1 1; 315 74 28 62 36 1 1; ]
0600502028[258 72 24 63 31 0 1; 281 73 31 58 35 1 1; 311 74 28 62 36 1 1; ]
0600502029[254 72 23 64 31 0 1; 278 73 31 59 35 1 1; 308 74 28 62 36 1 1; ]
0600502030[251 73 23 64 31 0 1; 274 73 31 60 35 1 1; 306 75 27 62 36 1 1; ]
0600502031[249 73 23 64 31 0 1; 271 73 31 60 35 1 1; 303 75 27 62 36 1 1; ]
0600502032[248 74 23 64 31 0 1; 270 73 31 61 35 1 1; 301 76 27 62 36 1 1; ]
0600502033[246 75 23 65 31 0 1; 269 73 31 63 35 1 1; 300 76 27 62 36 1 1; ]
0600502034[246 75 23 65 31 0 1; 268 73 31 64 35 1 1; 300 76 27 63 36 1 1; ]
0600502035[246 75 23 65 31 0 1; 267 73 31 65 35 1 1; 300 76 27 63 36 1 1; ]
0600502036[246 75 23 65 31 0 1; 267 73 31 65 35 1 1; 300 76 27 63 36 1 1; ]
0600502037[246 74 23 66 31 0 1; 267 73 31 66 35 1 1; 300 76 27 63 36 1 1; ]
0600502038[246 74 23 66 31 0 1; 268 73 31 66 35 1 1; 301 76 27 63 36 1 1; ]
0600502039[246 74 24 67 31 0 1; 268 73 31 66 35 1 1; 301 75 27 64 36 1 1; ]
0600502040[246 73 24 67 31 0 1; 268 73 31 66 35 1 1; 302 75 27 64 36 1 1; ]
0600502041[246 73 24 68 31 0 1; 268 72 31 67 35 1 1; 303 75 27 64 36 1 1; ]
0600502042[247 72 24 68 31 0 1; 269 72 30 67 35 1 1; 303 74 27 65 36 1 1; ]
0600502043[247 71 24 69 31 0 1; 270 71 30 67 35 1 1; 305 74 27 65 36 1 1; ]
0600502044[248 70 24 69 31 0 1; 271 71 30 67 35 1 1; 306 73 27 66 36 1 1; ]
0600502045[248 69 24 70 31 0 1; 273 70 29 67 35 1 1; 307 72 27 66 36 1 1; ]
0600502046[249 68 24 70 31 0 1; 274 69 29 67 35 1 1; 308 72 27 66 36 1 1; ]
0600502047[250 67 24 70 31 0 1; 274 69 29 67 35 1 1; 309 71 27 67 36 1 1; ]
0600502048[251 67 24 71 31 0 1; 274 68 29 67 35 1 1; 309 70 27 67 36 1 1; ]
0600502049[251 66 24 71 31 0 1; 274 67 29 67 35 1 1; 309 69 27 67 36 1 1; ]
0600502050[251 65 24 71 31 0 1; 273 67 29 67 35 1 1; 309 68 27 68 36 1 1; ]
0600502051[251 65 23 71 31 0 1; 273 66 29 67 35 1 1; 308 68 27 69 36 1 1; ]
0600502052[250 64 22 72 31 0 1; 272 65 29 67 35 1 1; 308 67 27 70 36 1 1; ]
0600502053[248 63 22 72 31 0 1; 271 65 29 67 35 1 1; 307 66 27 70 36 1 1; ]
0600502054[246 61 23 72 31 0 1; 270 64 29 67 35 1 1; 305 64 27 69 36 1 1; ]
0600502055[244 59 23 72 31 0 1; 268 63 29 67 35 1 1; 303 63 28 69 36 1 1; ]
0600502056[241 58 24 72 31 0 1; 266 62 30 67 35 1 1; 301 63 28 68 36 1 1; ]
0600502057[239 58 24 72 31 0 1; 264 62 30 67 35 1 1; 299 63 28 69 36 1 1; ]
0600502058[237 58 25 72 31 0 1; 262 61 30 67 35 1 1; 297 64 28 69 36 1 1; ]
0600502059[234 59 25 72 31 0 1; 260 62 30 67 35 1 1; 295 65 28 69 36 1 1; ]
0600502060[232 61 25 71 31 0 1; 257 63 30 67 35 1 1; 293 65 28 70 36 1 1; ]
0600502061[230 62 25 71 31 0 1; 255 64 31 67 35 1 1; 291 65 28 70 36 1 1; ]
0600502062[228 63 25 71 31 0 1; 253 65 31 67 35 1 1; 289 65 28 70 36 1 1; ]
0600502063[225 62 25 71 31 0 1; 251 64 31 68 35 1 1; 287 65 28 70 36 1 1; ]
0600502064[223 61 25 72 31 0 1; 249 63 31 69 35 1 1; 285 65 28 70 36 1 1; ]
0600502065[221 60 25 73 31 0 1; 246 62 31 70 35 1 1; 282 64 28 70 36 1 1; ]
0600502066[219 60 25 74 31 0 1; 244 61 31 70 35 1 1; 280 64 28 71 36 1 1; ]
0600502067[216 59 26 75 31 0 1; 242 61 31 69 35 1 1; 277 63 28 71 36 1 1; ]
0600502068[214 58 26 76 31 0 1; 240 61 31 68 35 1 1; 275 63 28 71 36 1 1; ]
0600502069[212 57 26 77 31 0 1; 238 61 31 67 35 1 1; 273 62 28 72 36 1 1; ]
0600502070[209 55 26 77 31 0 1; 236 61 31 67 35 1 1; 271 61 28 73 36 1 1; ]
0600502071[206 54 26 78 31 0 1; 233 60 31 68 35 1 1; 269 59 28 74 36 1 1; ]
0600502072[204 52 26 78 31 0 1; 231 58 32 70 35 1 1; 267 58 28 75 36 1 1; ]
0600502073[201 50 26 78 31 0 1; 228 55 32 73 35 1 1; 265 56 28 76 36 1 1; ]
0600502074[198 49 26 78 31 0 1; 225 52 32 74 35 1 1; 263 55 28 77 36 1 1; ]
0600502075[195 46 26 77 31 0 1; 222 49 32 76 35 1 1; 260 53 28 77 36 1 1; ]
0600502076[192 44 26 77 31 0 1; 219 47 32 77 35 1 1; 258 51 28 78 36 1 1; ]
0600502077[188 40 27 79 31 0 1; 215 45 32 77 35 1 1; 255 48 29 78 36 1 1; ]
0600502078[185 37 27 81 31 0 1; 212 43 32 78 35 1 1; 252 45 29 78 36 1 1; ]
0600502079[182 34 27 82 31 0 1; 209 39 34 79 35 1 1; 249 43 29 78 36 1 1; ]
0600502080[179 34 28 83 31 0 1; 206 37 34 79 35 1 1; 247 42 29 79 36 1 1; ]
0600502081[176 34 28 83 31 0 1; 204 36 35 79 35 1 1; 244 40 29 81 36 1 1; ]
0600502082[173 34 29 83 31 0 1; 201 36 34 79 35 1 1; 242 39 30 82 36 1 1; ]
0600502083[170 34 29 83 31 0 1; 199 36 33 79 35 1 1; 240 38 30 83 36 1 1; ]
0600502084[168 34 29 83 31 0 1; 197 36 32 79 35 1 1; 238 38 30 83 36 1 1; ]
0600502085[165 34 30 83 31 0 1; 194 36 32 79 35 1 1; 236 39 31 83 36 1 1; ]
0600502086[162 34 30 83 31 0 1; 192 36 32 79 35 1 1; 234 39 31 83 36 1 1; ]
0600502087[160 34 30 83 31 0 1; 190 36 32 79 35 1 1; 232 39 31 82 36 1 1; ]
0600502088[157 34 30 83 31 0 1; 188 36 32 79 35 1 1; 230 40 32 81 36 1 1; ]
0600502089[155 34 31 83 31 0 1; 186 36 32 79 35 1 1; 228 41 32 79 36 1 1; ]
0600502090[153 34 31 83 31 0 1; 183 36 33 79 35 1 1; 227 42 32 79 36 1 1; ]
0600502091[151 34 31 83 31 0 1; 181 36 34 79 35 1 1; 225 43 32 78 36 1 1; ]
0600502092[149 34 31 83 31 0 1; 180 36 34 79 35 1 1; 224 44 32 78 36 0 1; ]
0600502093[147 34 30 83 31 0 1; 178 36 35 79 35 1 1; 223 44 32 78 36 0 1; ]
0600502094[146 34 28 83 31 0 1; 176 36 35 79 35 1 1; 222 45 32 78 36 0 1; ]
0600502095[145 34 28 84 31 0 1; 175 36 35 79 35 1 1; 221 45 32 78 36 0 1; ]
0600502096[144 35 28 84 31 0 1; 173 37 35 79 35 1 1; 220 46 32 78 36 0 1; ]
0600502097[143 36 28 84 31 0 1; 172 37 35 79 35 1 1; 219 46 32 78 36 0 1; ]
0600502098[141 38 28 84 31 0 1; 171 38 35 80 35 1 1; 218 46 32 78 36 0 1; ]
0600502099[140 38 28 84 31 0 1; 170 39 36 81 35 1 1; 217 46 31 78 36 0 1; ]
0600502100[140 38 28 86 31 0 1; 169 40 36 81 35 1 1; 217 47 31 78 36 0 1; ]
0600502101[139 38 28 87 31 0 1; 168 41 36 82 35 1 1; 216 47 30 78 36 0 1; ]
0600502102[138 38 28 88 31 0 1; 167 42 36 81 35 1 1; 215 47 30 78 36 0 1; ]
0600502103[137 38 28 88 31 0 1; 166 43 36 80 35 1 1; 214 47 30 78 36 0 1; ]
0600502104[136 38 28 88 31 0 1; 165 43 36 79 35 1 1; 214 47 30 78 36 0 1; ]
0600502105[135 38 28 88 31 0 1; 165 43 36 79 35 1 1; 213 47 30 78 36 0 1; ]
0600502106[134 38 29 88 31 0 1; 165 43 36 79 35 1 1; 212 47 30 78 36 0 1; ]
0600502107[133 38 29 88 31 0 1; 165 43 36 79 35 1 1; 211 47 30 78 36 0 1; ]
0600502108[132 38 30 88 31 0 1; 165 43 36 79 35 1 1; 211 47 30 78 36 0 1; ]
0600502109[]
0600502110[131 38 34 94 32 1 1; 210 46 30 90 33 1 1; 162 40 38 87 34 1 2; ]
0600502111[130 38 32 95 32 1 1; 210 46 30 90 33 1 1; 162 39 38 87 34 1 2; ]
0600502112[130 37 31 95 32 1 1; 210 45 30 91 33 1 1; 162 39 38 87 34 1 2; ]
0600502113[130 36 30 96 32 1 1; 209 45 30 91 33 1 1; 162 39 38 87 34 1 2; ]
0600502114[130 36 30 96 32 1 1; 209 45 30 91 33 1 1; 162 39 38 88 34 1 2; ]
0600502115[129 36 30 96 32 1 1; 209 44 31 92 33 1 1; 162 38 38 88 34 1 2; ]
0600502116[129 36 30 96 32 1 1; 209 42 31 94 33 1 1; 162 38 38 88 34 1 2; ]
0600502117[129 35 30 96 32 1 1; 209 40 31 96 33 1 1; 162 38 37 88 34 1 2; ]
0600502118[128 35 30 96 32 1 1; 209 40 31 96 33 1 1; 162 38 37 89 34 1 2; ]
0600502119[128 35 30 96 32 1 1; 208 40 30 96 33 1 1; 162 37 37 89 34 1 2; ]
0600502120[128 35 30 96 32 1 1; 208 40 30 96 33 1 1; 161 37 37 89 34 1 2; ]
0600502121[128 35 30 95 32 1 1; 208 40 29 96 33 1 1; 161 37 37 89 34 1 2; ]
0600502122[127 35 31 95 32 1 1; 208 40 28 96 33 1 1; 161 37 37 90 34 1 2; ]
0600502123[127 35 32 95 32 1 1; 208 41 30 95 33 1 1; 161 36 37 90 34 1 2; ]
0600502124[127 35 32 95 32 1 1; 207 42 31 94 33 1 1; 161 36 37 90 34 1 2; ]
0600502125[127 35 32 95 32 1 1; 207 42 31 94 33 1 1; 161 36 37 90 34 1 2; ]
0600502126[127 35 32 95 32 1 1; 207 42 31 94 33 1 1; 161 36 37 90 34 1 2; ]
0600502127[127 35 32 95 32 1 1; 207 42 31 94 33 1 1; 161 36 37 90 34 1 2; ]
0600502128[127 35 32 95 32 1 1; 207 42 31 94 33 1 1; 161 36 37 90 34 1 2; ]
0600502129[127 35 32 95 32 1 1; 207 42 31 94 33 1 1; 161 36 37 90 34 1 2; ]
0600502130[127 35 32 95 32 1 1; 207 42 31 94 33 1 1; 160 36 37 90 34 1 2; ]
0600502131[127 35 32 95 32 1 1; 207 42 31 94 33 1 1; 160 37 37 90 34 1 2; ]
0600502132[127 35 32 95 32 1 1; 207 42 31 94 33 1 1; 160 37 37 89 34 1 2; ]
0600502133[127 35 32 95 32 1 1; 207 42 31 94 33 1 1; 160 37 37 89 34 1 2; ]
0600502134[127 35 32 95 32 1 1; 207 42 31 94 33 1 1; 160 37 37 89 34 1 2; ]
0600502135[127 35 32 95 32 1 1; 207 42 31 94 33 1 1; 160 37 37 89 34 1 2; ]
0600502136[127 35 32 95 32 1 1; 207 42 31 94 33 1 1; 160 37 37 89 34 1 2; ]
0600502137[127 35 32 95 32 1 1; 207 42 31 94 33 1 1; 160 37 37 89 34 1 2; ]
0600502138[127 35 32 95 32 1 1; 207 42 31 94 33 1 1; 160 37 37 89 34 1 2; ]
0600502139[127 35 32 95 32 1 1; 207 42 31 94 33 1 1; 160 37 37 89 34 1 2; ]
0600502140[127 35 32 95 32 1 1; 207 42 31 94 33 1 1; 160 37 37 89 34 1 2; ]
0600502141[127 35 32 95 32 1 1; 207 42 31 94 33 1 1; 160 37 37 89 34 1 2; ]
0600502142[127 35 32 95 32 1 1; 207 42 31 94 33 1 1; 160 37 37 89 34 1 2; ]
0600502143[127 35 32 95 32 1 1; 207 42 31 94 33 1 1; 160 37 37 89 34 1 2; ]
0600502144[127 35 32 95 32 1 1; 207 42 31 94 33 1 1; 160 37 37 89 34 1 2; ]
