0600600001[]
0600600002[]
0600600003[60 78 40 98 0 1 1; 86 75 39 101 1 1 1; 112 75 39 103 2 0 1; 396 85 42 108 3 0 1; 359 86 37 105 4 0 1; 329 96 41 79 5 1 1; 190 90 25 54 6 0 1; ]
0600600004[64 78 41 100 0 1 1; 90 76 38 102 1 1 1; 116 76 39 105 2 0 1; 402 86 42 108 3 0 1; 364 86 38 106 4 0 1; 334 96 42 80 5 1 1; 194 90 25 54 6 0 1; ]
0600600005[67 78 42 103 0 1 1; 94 78 38 103 1 1 1; 120 76 39 107 2 0 1; 407 88 42 108 3 0 1; 368 87 39 106 4 0 1; 338 97 44 80 5 1 1; 197 91 25 55 6 0 1; ]
0600600006[69 79 43 104 0 1 1; 97 79 38 105 1 1 1; 123 76 39 109 2 0 1; 412 89 42 108 3 0 1; 373 87 40 107 4 0 1; 342 98 45 81 5 1 1; 201 92 24 55 6 0 1; ]
0600600007[71 79 43 106 0 1 1; 99 79 38 106 1 1 1; 126 77 39 110 2 0 1; 417 90 42 108 3 0 1; 376 88 40 108 4 0 1; 345 99 46 81 5 1 1; 203 93 24 55 6 0 1; ]
0600600008[72 80 44 107 0 1 1; 101 80 37 107 1 1 1; 128 77 39 112 2 0 1; 421 91 42 108 3 0 1; 380 88 41 108 4 0 1; 348 99 46 82 5 1 1; 206 94 24 55 6 0 1; ]
0600600009[73 80 44 108 0 1 1; 103 81 37 108 1 1 1; 129 77 39 113 2 0 1; 425 92 42 108 3 0 1; 383 88 41 109 4 0 1; 350 100 46 82 5 1 1; 207 94 24 55 6 0 1; ]
0600600010[72 81 44 108 0 0 1; 104 81 37 109 1 1 1; 130 77 39 114 2 0 1; 427 93 42 109 3 0 1; 385 88 42 110 4 0 1; 352 100 46 82 5 1 1; 209 95 24 55 6 0 1; ]
0600600011[72 81 44 108 0 0 1; 104 81 37 110 1 1 1; 131 78 40 115 2 0 1; 429 93 42 109 3 0 1; 386 88 42 111 4 0 1; 354 101 45 83 5 1 1; 209 95 24 55 6 0 1; ]
0600600012[71 82 44 108 0 0 1; 104 81 37 111 1 1 1; 130 78 40 116 2 0 1; 429 93 42 109 3 0 1; 387 88 42 111 4 0 1; 355 101 45 83 5 1 1; 210 96 24 55 6 0 1; ]
0600600013[69 82 44 108 0 0 1; 103 81 38 112 1 1 1; 130 78 40 116 2 0 1; 429 93 42 109 3 0 1; 387 88 42 112 4 0 1; 357 101 45 84 5 1 1; 210 96 24 55 6 0 1; ]
0600600014[67 83 44 108 0 0 1; 102 81 38 113 1 1 1; 128 78 40 117 2 0 1; 429 93 42 110 3 0 1; 388 88 42 113 4 0 1; 357 101 44 84 5 1 1; 209 96 25 55 6 0 1; ]
0600600015[65 83 44 108 0 0 1; 100 81 39 113 1 1 1; 126 78 40 118 2 0 1; 429 93 42 112 3 0 1; 388 88 42 114 4 0 1; 358 101 44 85 5 1 1; 208 96 26 55 6 0 1; ]
0600600016[63 84 44 109 0 0 1; 98 81 39 114 1 1 1; 124 79 40 118 2 0 1; 429 93 42 113 3 0 1; 388 88 41 115 4 0 1; 358 101 44 86 5 1 1; 206 97 27 55 6 0 1; ]
0600600017[61 84 44 109 0 0 1; 96 81 40 114 1 1 1; 121 79 41 118 2 0 1; 429 93 42 115 3 0 1; 388 88 41 116 4 0 1; 358 101 44 86 5 1 1; 204 97 28 55 6 0 1; ]
0600600018[57 80 44 113 0 0 1; 93 81 41 115 1 1 1; 117 79 41 119 2 0 1; 429 93 42 116 3 0 1; 388 88 41 117 4 0 1; 357 101 43 87 5 1 1; 202 97 30 55 6 0 1; ]
0600600019[52 79 44 114 0 0 1; 88 80 41 116 1 1 1; 112 78 42 119 2 0 1; 428 93 42 116 3 0 1; 387 88 41 117 4 0 1; 357 101 43 88 5 1 1; 201 99 27 53 6 0 1; ]
0600600020[47 78 45 115 0 0 1; 83 80 41 117 1 1 1; 107 77 44 120 2 0 1; 426 92 43 116 3 0 1; 385 87 41 118 4 0 1; 356 100 43 89 5 1 1; 199 99 28 53 6 0 1; ]
0600600021[42 77 45 116 0 0 1; 78 79 41 118 1 1 1; 102 77 45 121 2 0 1; 424 91 44 117 3 0 1; 383 86 41 118 4 0 1; 354 99 43 90 5 1 1; 196 99 28 53 6 0 1; ]
0600600022[37 76 45 118 0 0 1; 73 78 41 118 1 1 1; 97 76 46 122 2 0 1; 422 91 44 117 3 0 1; 382 86 42 118 4 0 1; 351 99 43 90 5 1 1; 194 98 28 53 6 0 1; ]
0600600023[32 75 46 119 0 0 1; 69 77 41 119 1 1 1; 92 75 47 123 2 0 1; 420 90 45 117 3 0 1; 380 85 42 118 4 0 1; 349 98 44 90 5 1 1; 191 98 28 54 6 0 1; ]
0600600024[27 74 46 120 0 0 1; 64 76 41 120 1 1 1; 87 75 48 124 2 0 1; 418 89 45 117 3 0 1; 378 85 42 118 4 0 1; 346 97 45 90 5 1 1; 188 97 28 55 6 0 1; ]
0600600025[22 73 46 121 0 0 1; 59 76 41 121 1 1 1; 82 74 49 125 2 0 1; 416 89 45 117 3 0 1; 376 84 43 119 4 0 1; 343 96 46 90 5 1 1; 186 96 27 55 6 0 1; ]
0600600026[17 72 46 123 0 0 1; 54 75 41 122 1 1 1; 77 73 49 125 2 0 1; 414 88 45 117 3 0 1; 374 83 43 119 4 0 1; 340 96 46 90 5 1 1; 183 96 27 56 6 0 1; ]
0600600027[12 71 47 124 0 0 1; 49 74 41 123 1 1 1; 72 72 50 126 2 0 1; 411 87 46 118 3 0 1; 371 83 43 119 4 0 1; 338 95 47 90 5 1 1; 180 95 27 56 6 0 1; ]
0600600028[7 70 47 125 0 0 1; 44 73 41 124 1 1 1; 67 72 50 127 2 0 1; 409 87 46 118 3 0 1; 369 82 44 119 4 0 1; 335 94 47 90 5 1 1; 176 95 27 56 6 0 1; ]
0600600029[1 69 47 127 0 0 1; 40 73 42 125 1 1 1; 62 71 51 128 2 0 1; 406 86 46 118 3 0 1; 366 81 44 120 4 0 1; 333 94 48 90 5 1 1; 173 94 26 56 6 0 1; ]
0600600030[35 72 42 125 1 1 1; 57 70 51 129 2 0 1; 403 86 46 118 3 0 1; 364 81 45 120 4 0 1; 331 93 48 91 5 1 1; 169 94 26 56 6 0 1; ]
0600600031[30 71 42 126 1 1 1; 53 70 52 130 2 0 1; 401 85 46 118 3 0 1; 361 80 45 120 4 0 1; 329 92 48 91 5 1 1; 165 93 25 56 6 0 1; ]
0600600032[25 70 42 127 1 1 1; 48 69 52 131 2 0 1; 398 84 46 118 3 0 1; 358 80 46 121 4 0 1; 326 91 48 92 5 1 1; 161 93 25 55 6 0 1; ]
0600600033[20 69 42 128 1 1 1; 43 68 52 132 2 0 1; 395 84 46 119 3 0 1; 355 79 46 121 4 0 1; 325 91 49 92 5 1 1; 157 92 24 55 6 0 1; ]
0600600034[14 69 43 130 1 1 1; 37 66 53 134 2 0 1; 393 84 47 119 3 0 1; 352 79 46 121 4 0 1; 323 91 48 93 5 1 1; 154 93 24 55 6 0 1; ]
0600600035[9 68 45 132 1 1 1; 31 65 54 136 2 0 1; 391 84 47 119 3 0 1; 350 79 45 122 4 0 1; 321 91 48 93 5 1 1; 151 93 24 55 6 0 1; ]
0600600036[3 67 46 134 1 1 1; 25 63 55 138 2 0 1; 389 84 47 120 3 0 1; 348 79 45 122 4 0 1; 319 92 48 93 5 1 1; 148 93 24 55 6 0 1; ]
0600600037[20 63 56 140 2 0 1; 387 84 48 120 3 0 1; 346 79 44 123 4 0 1; 318 92 48 93 5 1 1; 145 93 24 55 6 0 1; ]
0600600038[14 62 57 141 2 0 1; 385 84 48 121 3 0 1; 344 79 44 123 4 0 1; 316 92 48 94 5 1 1; 141 93 24 55 6 0 1; ]
0600600039[8 62 58 142 2 0 1; 384 84 49 121 3 0 1; 342 79 44 124 4 0 1; 314 93 48 94 5 1 1; 138 94 24 55 6 0 1; ]
0600600040[3 63 58 144 2 0 1; 382 84 49 122 3 0 1; 341 79 44 124 4 0 1; 313 93 48 94 5 1 1; 135 94 24 55 6 0 1; ]
0600600041[380 84 49 122 3 0 1; 339 79 44 125 4 0 1; 311 93 48 94 5 1 1; 132 94 24 55 6 0 1; ]
0600600042[378 84 50 123 3 0 1; 337 79 44 125 4 0 1; 309 94 48 94 5 1 1; 129 94 24 55 6 0 1; ]
0600600043[376 84 50 123 3 0 1; 336 79 44 126 4 0 1; 307 94 48 95 5 1 1; 127 94 24 54 6 0 1; ]
0600600044[374 84 50 124 3 0 1; 334 79 45 126 4 0 1; 306 94 48 95 5 1 1; 124 95 25 54 6 0 1; ]
0600600045[372 84 51 124 3 0 1; 333 79 45 127 4 0 1; 304 95 48 95 5 1 1; 121 95 25 54 6 0 1; ]
0600600046[371 84 51 125 3 0 1; 331 79 45 127 4 0 1; 302 95 48 95 5 1 1; 118 95 26 54 6 0 1; ]
0600600047[369 84 52 125 3 0 1; 330 79 46 128 4 0 1; 301 95 48 96 5 1 1; 115 95 27 54 6 0 1; ]
0600600048[367 84 52 126 3 0 1; 329 79 46 128 4 0 1; 299 96 47 96 5 1 1; 113 96 27 54 6 0 1; ]
0600600049[367 83 51 126 3 0 1; 329 78 46 129 4 0 1; 297 93 48 98 5 1 1; 111 94 27 55 6 0 1; ]
0600600050[367 82 50 126 3 0 1; 329 76 46 130 4 0 1; 296 91 49 99 5 1 1; 110 92 28 56 6 0 1; ]
0600600051[367 81 49 126 3 0 1; 329 75 46 130 4 0 1; 295 89 49 99 5 1 1; 109 90 28 56 6 0 1; ]
0600600052[367 80 49 127 3 0 1; 329 74 46 130 4 0 1; 294 87 50 99 5 1 1; 107 89 28 56 6 0 1; ]
0600600053[367 79 49 127 3 0 1; 328 73 46 130 4 0 1; 293 85 50 99 5 1 1; 106 87 28 57 6 0 1; ]
0600600054[367 77 49 127 3 0 1; 328 72 46 130 4 0 1; 292 84 51 99 5 1 1; 105 86 28 57 6 0 1; ]
0600600055[367 74 49 127 3 0 1; 328 71 46 130 4 0 1; 292 82 51 98 5 1 1; 103 85 28 58 6 0 1; ]
0600600056[366 71 49 127 3 0 1; 328 69 46 131 4 0 1; 291 81 51 98 5 1 1; 102 84 28 58 6 0 1; ]
0600600057[366 68 49 128 3 0 1; 327 68 47 131 4 0 1; 291 80 52 98 5 1 1; 101 83 28 58 6 0 1; ]
0600600058[366 67 49 128 3 0 1; 326 67 47 132 4 0 1; 291 79 52 99 5 1 1; 99 82 28 59 6 0 1; ]
0600600059[366 67 49 128 3 0 1; 326 66 48 132 4 0 1; 291 78 53 99 5 1 1; 98 82 28 59 6 0 1; ]
0600600060[366 67 50 129 3 0 1; 325 65 48 133 4 0 1; 291 78 53 100 5 1 1; 97 81 28 59 6 0 1; ]
0600600061[366 67 51 130 3 0 1; 324 63 49 134 4 0 1; 291 77 53 101 5 1 1; 95 81 28 60 6 0 1; ]
0600600062[366 67 52 131 3 0 1; 323 62 50 134 4 0 1; 291 77 54 103 5 1 1; 94 80 27 60 6 0 1; ]
0600600063[367 67 54 132 3 0 1; 322 61 51 135 4 0 1; 291 76 54 104 5 1 1; 93 80 27 60 6 0 1; ]
0600600064[368 67 54 132 3 0 1; 323 61 51 136 4 0 1; 292 77 49 105 5 1 1; 92 80 27 60 6 0 1; ]
0600600065[370 67 54 133 3 0 1; 324 61 51 137 4 0 1; 293 77 47 105 5 1 1; 91 80 27 60 6 0 1; ]
0600600066[371 67 54 134 3 0 1; 324 61 51 138 4 0 1; 294 77 47 105 5 1 1; 90 80 27 60 6 0 1; ]
0600600067[372 67 54 134 3 0 1; 325 61 51 138 4 0 1; 295 77 48 105 5 1 1; 89 80 27 60 6 0 1; ]
0600600068[374 67 54 135 3 0 1; 326 61 51 139 4 0 1; 296 77 46 106 5 1 1; 89 81 27 60 6 0 1; ]
0600600069[375 67 54 136 3 0 1; 326 61 51 140 4 0 1; 297 77 46 106 5 1 1; 88 81 26 60 6 0 1; ]
0600600070[376 67 54 137 3 0 1; 327 62 51 141 4 0 1; 298 78 46 106 5 1 1; 88 83 26 61 6 0 1; ]
0600600071[378 67 54 137 3 0 1; 328 62 51 142 4 0 1; 299 78 46 107 5 1 1; 87 84 26 62 6 0 1; ]
0600600072[379 67 54 138 3 0 1; 328 62 51 142 4 0 1; 300 78 46 107 5 1 1; 87 85 26 63 6 0 1; ]
0600600073[380 67 54 139 3 0 1; 329 62 52 143 4 0 1; 301 78 46 107 5 1 1; 87 86 26 64 6 0 1; ]
0600600074[382 67 54 139 3 0 1; 330 62 52 144 4 0 1; 302 78 47 108 5 1 1; 87 86 26 64 6 0 1; ]
0600600075[383 67 54 140 3 0 1; 330 62 52 145 4 0 1; 303 78 49 108 5 1 1; 87 86 26 64 6 0 1; ]
0600600076[384 67 54 141 3 0 1; 331 62 52 145 4 0 1; 304 79 46 108 5 1 1; 87 86 26 64 6 0 1; ]
0600600077[386 67 54 142 3 0 1; 332 62 52 146 4 0 1; 306 79 47 109 5 1 1; 87 86 26 64 6 0 1; ]
0600600078[387 67 54 142 3 0 1; 332 62 52 147 4 0 1; 307 79 48 109 5 1 1; 87 86 26 64 6 0 1; ]
0600600079[389 66 55 143 3 0 1; 335 62 52 148 4 0 1; 308 79 49 110 5 1 1; 88 85 26 65 6 0 1; ]
0600600080[392 66 55 144 3 0 1; 337 61 52 148 4 0 1; 309 79 49 111 5 1 1; 89 84 26 66 6 0 1; ]
0600600081[394 66 55 144 3 0 1; 339 61 52 149 4 0 1; 311 79 50 112 5 1 1; 90 84 26 67 6 0 1; ]
0600600082[396 65 56 145 3 0 1; 341 61 52 149 4 0 1; 312 79 50 113 5 1 1; 90 84 26 67 6 0 1; ]
0600600083[399 65 56 146 3 0 1; 343 60 52 150 4 0 1; 314 79 51 113 5 1 1; 91 84 26 67 6 0 1; ]
0600600084[401 64 57 147 3 0 1; 346 60 52 150 4 0 1; 316 79 51 113 5 1 1; 93 85 26 67 6 0 1; ]
0600600085[404 64 57 147 3 0 1; 348 59 52 151 4 0 1; 318 79 46 113 5 1 1; 94 87 25 67 6 0 1; ]
0600600086[406 63 58 148 3 0 1; 350 59 52 152 4 0 1; 320 80 49 113 5 1 1; 95 88 25 66 6 0 1; ]
0600600087[408 63 58 149 3 0 1; 352 59 52 152 4 0 1; 323 81 50 112 5 1 1; 96 88 25 66 6 0 1; ]
0600600088[411 62 59 149 3 0 1; 355 58 52 153 4 0 1; 327 81 48 111 5 1 1; 97 88 25 66 6 0 1; ]
0600600089[413 62 59 150 3 0 1; 357 58 52 153 4 0 1; 331 82 45 111 5 1 1; 98 88 25 65 6 0 1; ]
0600600090[415 61 59 151 3 0 1; 359 57 53 154 4 0 1; 335 82 43 110 5 1 1; 99 88 25 64 6 0 1; ]
0600600091[418 61 60 152 3 0 1; 361 57 53 154 4 0 1; 338 82 43 110 5 1 1; 101 88 26 63 6 0 1; ]
0600600092[420 60 60 152 3 0 1; 364 57 54 155 4 0 1; 341 82 43 110 5 1 1; 102 87 26 62 6 0 1; ]
0600600093[423 60 61 153 3 0 1; 366 56 54 155 4 0 1; 344 82 43 111 5 1 1; 103 86 26 61 6 0 1; ]
0600600094[426 59 61 154 3 0 1; 368 56 55 156 4 0 1; 347 82 43 111 5 1 1; 104 86 29 64 6 0 1; ]
0600600095[430 59 62 156 3 0 1; 371 56 55 157 4 0 1; 350 82 43 111 5 1 1; 105 86 29 65 6 0 1; ]
0600600096[434 59 62 157 3 0 1; 374 55 56 159 4 0 1; 353 81 44 112 5 1 1; 105 86 29 66 6 0 1; ]
0600600097[438 58 62 159 3 0 1; 377 55 56 160 4 0 1; 356 81 45 113 5 1 1; 106 86 29 66 6 0 1; ]
0600600098[443 58 63 161 3 0 1; 381 54 56 162 4 0 1; 358 80 46 113 5 1 1; 107 86 28 67 6 0 1; ]
0600600099[448 58 63 163 3 0 1; 384 54 57 164 4 0 1; 361 79 47 114 5 1 1; 108 86 28 68 6 0 1; ]
0600600100[388 54 57 166 4 0 1; 363 78 48 116 5 1 1; 110 86 29 68 6 0 1; ]
0600600101[392 53 58 167 4 0 1; 366 78 49 116 5 1 1; 113 86 29 69 6 0 1; ]
0600600102[395 53 58 168 4 0 1; 369 78 49 117 5 1 1; 115 86 30 70 6 0 1; ]
0600600103[399 53 59 169 4 0 1; 373 78 50 117 5 1 1; 117 86 30 70 6 0 1; ]
0600600104[403 52 59 170 4 0 1; 376 78 50 117 5 1 1; 118 86 30 70 6 0 1; ]
0600600105[408 52 60 170 4 0 1; 379 78 51 118 5 1 1; 120 86 30 69 6 0 1; ]
0600600106[412 52 60 170 4 0 1; 383 78 51 118 5 1 1; 121 86 30 69 6 0 1; ]
0600600107[417 51 61 168 4 0 1; 386 78 52 119 5 1 1; 123 86 30 69 6 0 1; ]
0600600108[421 50 61 171 4 0 1; 389 75 54 121 5 1 1; 124 85 30 69 6 0 1; ]
0600600109[425 49 61 174 4 0 1; 393 73 56 122 5 1 1; 125 84 31 69 6 0 1; ]
0600600110[429 48 62 176 4 0 1; 396 72 58 124 5 1 1; 126 83 32 70 6 0 1; ]
0600600111[433 47 62 179 4 0 1; 399 71 59 125 5 1 1; 127 82 32 70 6 0 1; ]
0600600112[437 46 63 181 4 0 1; 403 71 61 126 5 1 1; 129 82 33 71 6 0 1; ]
0600600113[441 45 64 183 4 0 1; 406 71 62 127 5 1 1; 130 81 33 71 6 0 1; ]
0600600114[445 44 64 184 4 0 1; 409 71 63 127 5 1 1; 131 80 33 72 6 0 1; ]
0600600115[413 72 64 127 5 1 1; 132 80 34 72 6 0 1; ]
0600600116[416 73 65 128 5 1 1; 134 79 34 72 6 0 1; ]
0600600117[419 73 65 128 5 1 1; 135 79 34 73 6 0 1; ]
0600600118[423 73 66 128 5 1 1; 137 78 34 73 6 0 1; ]
0600600119[426 72 66 129 5 1 1; 138 78 34 73 6 0 1; ]
0600600120[429 68 67 132 5 1 1; 140 78 34 74 6 0 1; ]
0600600121[433 68 67 131 5 1 1; 141 78 34 74 6 0 1; ]
0600600122[436 67 66 130 5 1 1; 143 78 34 74 6 0 1; ]
0600600123[440 65 67 133 5 1 1; 145 78 33 75 6 0 1; ]
0600600124[147 78 33 75 6 0 1; ]
0600600125[149 78 32 76 6 0 1; ]
0600600126[150 78 32 76 6 0 1; ]
0600600127[152 78 32 76 6 0 1; ]
0600600128[153 78 32 76 6 0 1; ]
0600600129[154 78 32 76 6 0 1; ]
0600600130[156 78 32 76 6 0 1; ]
0600600131[157 78 32 76 6 0 1; ]
0600600132[158 78 32 76 6 0 1; ]
0600600133[159 78 32 76 6 0 1; ]
0600600134[160 78 32 76 6 0 1; ]
0600600135[161 78 32 76 6 0 1; ]
0600600136[161 78 33 76 6 0 1; ]
0600600137[162 78 33 78 6 0 1; ]
0600600138[162 78 33 78 6 0 1; ]
0600600139[163 78 34 78 6 0 1; ]
0600600140[164 79 34 78 6 0 1; ]
0600600141[164 79 34 78 6 0 1; ]
0600600142[165 80 34 79 6 0 1; ]
0600600143[165 76 36 83 6 0 1; ]
0600600144[166 81 34 79 6 0 1; ]
0600600145[167 83 34 80 6 0 1; ]
0600600146[167 84 34 82 6 0 1; ]
0600600147[168 85 34 83 6 0 1; ]
0600600148[168 86 34 84 6 0 1; ]
0600600149[170 89 33 83 6 0 1; ]
0600600150[171 93 32 82 6 0 1; ]
0600600151[172 94 32 81 6 0 1; ]
0600600152[172 94 32 81 6 0 1; ]
0600600153[172 94 32 83 6 0 1; ]
0600600154[172 94 33 85 6 0 1; ]
0600600155[172 93 34 87 6 0 1; ]
0600600156[172 93 34 88 6 0 1; ]
0600600157[171 93 34 89 6 0 1; ]
0600600158[172 95 34 88 6 0 1; ]
0600600159[172 96 34 87 6 0 1; ]
0600600160[172 97 33 87 6 0 1; ]
0600600161[172 97 33 87 6 0 1; ]
0600600162[172 98 33 86 6 0 1; ]
0600600163[172 98 33 86 6 0 1; ]
0600600164[172 98 33 86 6 0 1; ]
0600600165[172 97 33 87 6 0 1; ]
0600600166[172 96 34 87 6 0 1; ]
0600600167[172 94 34 88 6 0 1; ]
0600600168[172 92 35 92 6 0 1; ]
0600600169[172 92 36 93 6 0 1; ]
0600600170[172 91 37 94 6 0 1; ]
0600600171[172 91 37 95 6 0 1; ]
0600600172[171 91 38 95 6 0 1; ]
0600600173[171 91 38 95 6 0 1; ]
0600600174[171 90 38 94 6 0 1; ]
0600600175[171 89 38 93 6 0 1; ]
0600600176[171 87 39 93 6 0 1; ]
0600600177[170 85 39 94 6 0 1; ]
0600600178[169 83 39 96 6 0 1; ]
0600600179[168 81 39 98 6 0 1; ]
0600600180[167 80 39 99 6 0 1; ]
0600600181[167 81 39 98 6 0 1; ]
0600600182[167 82 40 97 6 0 1; ]
0600600183[167 83 40 98 6 0 1; ]
0600600184[166 83 40 99 6 0 1; ]
0600600185[165 83 40 100 6 0 1; ]
0600600186[164 84 40 100 6 0 1; ]
0600600187[163 84 40 101 6 0 1; ]
0600600188[162 83 40 101 6 0 1; ]
0600600189[160 83 40 101 6 0 1; ]
0600600190[158 82 40 102 6 0 1; ]
0600600191[157 82 40 102 6 0 1; ]
0600600192[155 81 40 102 6 0 1; ]
0600600193[153 80 40 103 6 0 1; ]
0600600194[152 79 41 103 6 0 1; ]
0600600195[151 75 40 107 6 0 1; ]
0600600196[151 79 41 103 6 0 1; ]
0600600197[151 79 41 103 6 0 1; ]
0600600198[150 79 41 104 6 0 1; ]
0600600199[148 78 42 105 6 0 1; ]
0600600200[146 73 42 112 6 0 1; ]
0600600201[143 74 43 113 6 0 1; ]
0600600202[140 75 44 114 6 0 1; ]
0600600203[137 76 45 115 6 0 1; ]
0600600204[135 76 46 115 6 0 1; ]
0600600205[132 77 46 116 6 0 1; ]
0600600206[129 77 47 117 6 0 1; ]
0600600207[126 77 48 118 6 0 1; ]
0600600208[123 77 48 118 6 0 1; ]
0600600209[120 77 49 119 6 0 1; ]
0600600210[117 77 49 120 6 0 1; ]
0600600211[114 77 49 120 6 0 1; ]
0600600212[111 77 50 121 6 0 1; ]
0600600213[108 77 50 122 6 0 1; ]
0600600214[105 77 50 123 6 0 1; ]
0600600215[102 77 50 123 6 0 1; ]
0600600216[100 78 50 123 6 0 1; ]
0600600217[96 78 51 124 6 0 1; ]
0600600218[92 76 51 126 6 0 1; ]
0600600219[88 74 52 128 6 0 1; ]
0600600220[84 72 52 130 6 0 1; ]
0600600221[80 71 52 132 6 0 1; ]
0600600222[76 70 53 132 6 0 1; ]
0600600223[72 69 53 133 6 0 1; ]
0600600224[68 69 54 133 6 0 1; ]
0600600225[64 68 55 134 6 0 1; ]
0600600226[60 68 56 134 6 0 1; ]
0600600227[56 68 56 134 6 0 1; ]
0600600228[51 66 56 136 6 0 1; ]
0600600229[47 63 57 138 6 0 1; ]
0600600230[42 60 57 142 6 0 1; ]
0600600231[37 55 58 147 6 0 1; ]
0600600232[32 52 59 151 6 0 1; ]
0600600233[26 50 60 153 6 0 1; ]
0600600234[21 51 61 153 6 0 1; ]
0600600235[15 54 62 153 6 0 1; ]
0600600236[9 55 63 153 6 0 1; ]
0600600237[3 56 64 154 6 0 1; ]
0600600238[]
0600600239[]
0600600240[]
0600600241[]
0600600242[]
0600600243[483 132 27 38 9 0 2; ]
0600600244[481 133 28 38 9 0 2; ]
0600600245[478 134 28 38 9 0 2; ]
0600600246[476 135 28 38 9 0 2; ]
0600600247[473 136 28 39 9 0 2; ]
0600600248[471 136 28 39 9 0 2; ]
0600600249[468 136 29 40 9 0 2; ]
0600600250[466 136 29 40 9 0 2; ]
0600600251[464 135 30 41 9 0 2; ]
0600600252[462 135 30 41 9 0 2; ]
0600600253[461 135 31 41 9 0 2; ]
0600600254[459 134 31 41 9 0 2; ]
0600600255[457 134 31 42 9 0 2; ]
0600600256[455 133 31 42 9 0 2; ]
0600600257[454 132 30 42 9 0 2; ]
0600600258[452 131 30 42 9 0 2; ]
0600600259[450 130 30 42 9 0 2; ]
0600600260[449 129 30 42 9 0 2; ]
0600600261[447 128 29 42 9 0 2; ]
0600600262[446 126 28 42 9 0 2; ]
0600600263[444 126 29 41 9 0 2; ]
0600600264[442 126 30 41 9 0 2; ]
0600600265[441 126 30 40 9 0 2; ]
0600600266[439 125 30 39 9 0 2; ]
0600600267[437 125 31 39 9 0 2; ]
0600600268[436 125 31 39 9 0 2; ]
0600600269[435 124 31 39 9 0 2; ]
0600600270[434 124 31 39 9 0 2; ]
0600600271[433 124 30 39 9 0 2; ]
0600600272[432 123 30 39 9 0 2; ]
0600600273[431 123 30 39 9 0 2; ]
0600600274[430 123 29 40 9 0 2; ]
0600600275[429 122 28 41 9 0 2; ]
0600600276[429 122 27 41 9 0 2; ]
0600600277[428 122 26 42 9 0 2; ]
0600600278[427 121 26 43 9 0 2; ]
0600600279[426 121 27 43 9 0 2; ]
0600600280[425 120 27 44 9 0 2; ]
0600600281[423 120 27 44 9 0 2; ]
0600600282[422 120 27 44 9 0 2; ]
0600600283[421 119 27 44 9 0 2; ]
0600600284[420 119 27 44 9 0 2; ]
0600600285[419 119 28 44 9 0 2; ]
0600600286[419 119 28 44 9 0 2; ]
0600600287[418 120 28 44 9 0 2; ]
0600600288[417 120 28 43 9 0 2; ]
0600600289[416 120 28 43 9 0 2; ]
0600600290[415 121 28 42 9 0 2; ]
0600600291[414 121 28 41 9 0 2; ]
0600600292[414 122 28 41 9 0 2; ]
0600600293[413 122 27 42 9 0 2; ]
0600600294[413 122 27 44 9 0 2; ]
0600600295[413 122 29 44 9 0 2; ]
0600600296[412 122 30 45 9 0 2; ]
0600600297[412 122 29 45 9 0 2; ]
0600600298[411 124 29 45 9 0 2; ]
0600600299[411 126 28 45 9 0 2; ]
0600600300[410 126 27 45 9 0 2; ]
0600600301[410 126 26 45 9 0 2; ]
0600600302[410 126 26 44 9 0 2; ]
0600600303[409 126 26 44 9 0 2; ]
0600600304[409 126 26 43 9 0 2; ]
0600600305[409 125 26 42 9 0 2; ]
0600600306[408 125 29 42 9 0 2; ]
0600600307[407 125 30 42 9 0 2; ]
0600600308[405 125 31 43 9 0 2; ]
0600600309[404 125 32 44 9 0 2; ]
0600600310[404 125 31 44 9 0 2; ]
0600600311[404 123 29 45 9 0 2; ]
0600600312[404 122 27 45 9 0 2; ]
0600600313[404 121 26 45 9 0 2; ]
0600600314[404 120 26 45 9 0 2; ]
0600600315[404 119 26 45 9 0 2; ]
0600600316[403 119 26 45 9 0 2; ]
0600600317[403 119 26 45 9 0 2; ]
0600600318[402 119 26 45 9 0 2; ]
0600600319[402 118 27 45 9 0 2; ]
0600600320[401 118 27 45 9 0 2; ]
0600600321[400 118 28 45 9 0 2; ]
0600600322[399 118 28 45 9 0 2; ]
0600600323[399 118 29 45 9 0 2; ]
0600600324[398 118 29 45 9 0 2; ]
0600600325[398 118 29 46 9 0 2; ]
0600600326[397 118 29 46 9 0 2; ]
0600600327[397 117 29 46 9 0 2; ]
0600600328[397 117 29 47 9 0 2; ]
0600600329[396 117 30 47 9 0 2; ]
0600600330[396 117 30 47 9 0 2; ]
0600600331[395 117 30 48 9 0 2; ]
0600600332[395 117 30 48 9 0 2; ]
0600600333[394 116 30 48 9 0 2; ]
0600600334[394 116 30 49 9 0 2; ]
0600600335[393 116 31 46 9 0 2; ]
0600600336[393 116 31 48 9 0 2; ]
0600600337[393 116 31 49 9 0 2; ]
0600600338[392 122 31 46 9 0 2; ]
0600600339[392 126 31 42 9 0 2; ]
0600600340[392 126 31 43 9 0 2; ]
0600600341[392 124 30 45 9 0 2; ]
0600600342[392 122 29 48 9 0 2; ]
0600600343[392 121 29 49 9 0 2; ]
0600600344[391 122 29 48 9 0 2; ]
0600600345[391 122 29 47 9 0 2; ]
0600600346[391 122 29 46 9 0 2; ]
0600600347[391 120 29 47 9 0 2; ]
0600600348[391 116 30 48 9 0 2; ]
0600600349[391 112 30 48 9 0 2; ]
0600600350[391 109 30 48 9 0 2; ]
0600600351[390 106 29 48 9 0 2; ]
0600600352[390 105 28 48 9 0 2; ]
0600600353[390 105 29 48 9 0 2; ]
0600600354[389 104 30 48 9 0 2; ]
0600600355[388 104 31 48 9 0 2; ]
0600600356[387 104 32 48 9 0 2; ]
0600600357[386 104 33 48 9 0 2; ]
0600600358[385 104 33 48 9 0 2; ]
0600600359[385 104 33 49 9 0 2; ]
0600600360[384 105 33 49 9 0 2; ]
0600600361[384 106 32 50 9 0 2; ]
0600600362[384 106 32 51 9 0 2; ]
0600600363[384 107 31 52 9 0 2; ]
0600600364[383 110 31 50 9 0 2; ]
0600600365[383 112 31 48 9 0 2; ]
0600600366[383 114 31 47 9 0 2; ]
0600600367[382 115 31 46 9 0 2; ]
0600600368[382 116 31 46 9 0 2; ]
0600600369[381 116 31 46 9 0 2; ]
0600600370[381 115 31 47 9 0 2; ]
0600600371[381 113 31 48 9 0 2; ]
0600600372[380 111 31 50 9 0 2; ]
0600600373[380 110 31 51 9 0 2; ]
0600600374[380 110 31 51 9 0 2; ]
0600600375[379 110 31 50 9 0 2; ]
0600600376[379 110 31 50 9 0 2; ]
0600600377[378 110 31 49 9 0 2; ]
0600600378[378 111 31 48 9 0 2; ]
0600600379[377 113 32 48 9 0 2; ]
0600600380[376 114 32 49 9 0 2; ]
0600600381[375 114 33 49 9 0 2; ]
0600600382[373 115 33 49 9 0 2; ]
0600600383[372 114 33 50 9 0 2; ]
0600600384[370 113 33 51 9 0 2; ]
0600600385[369 115 33 51 9 0 2; ]
0600600386[368 117 32 52 9 0 2; ]
0600600387[367 118 31 52 9 0 2; ]
0600600388[366 118 31 52 9 0 2; ]
0600600389[365 118 31 51 9 0 2; ]
0600600390[364 117 31 51 9 0 2; ]
0600600391[363 116 31 50 9 0 2; ]
0600600392[362 114 31 49 9 0 2; ]
0600600393[360 111 31 48 9 0 2; ]
0600600394[358 109 31 49 9 0 2; ]
0600600395[356 106 32 51 9 0 2; ]
0600600396[355 104 34 53 9 0 2; ]
0600600397[353 105 33 53 9 0 2; ]
0600600398[351 108 32 53 9 0 2; ]
0600600399[349 110 32 53 9 0 2; ]
0600600400[347 110 32 53 9 0 2; ]
0600600401[345 111 32 53 9 0 2; ]
0600600402[343 111 32 53 9 0 2; ]
0600600403[342 112 33 53 9 0 2; ]
0600600404[340 112 33 52 9 0 2; ]
0600600405[338 112 33 52 9 0 2; ]
0600600406[336 112 33 51 9 0 2; ]
0600600407[334 112 33 51 9 0 2; ]
0600600408[332 112 32 48 9 0 2; ]
0600600409[330 114 31 50 9 0 2; ]
0600600410[328 114 31 52 9 0 2; ]
0600600411[326 115 31 54 9 0 2; ]
0600600412[323 115 31 54 9 0 2; ]
0600600413[321 111 31 53 9 0 2; ]
0600600414[319 108 31 52 9 0 2; ]
0600600415[317 106 31 52 9 0 2; ]
0600600416[315 105 31 52 9 0 2; ]
0600600417[312 105 31 54 9 0 2; ]
0600600418[310 105 31 54 9 0 2; ]
0600600419[307 104 31 53 9 0 2; ]
0600600420[303 103 31 52 9 0 2; ]
0600600421[300 102 32 52 9 0 2; ]
0600600422[298 101 32 51 9 0 2; ]
0600600423[296 100 32 51 9 0 2; ]
0600600424[294 100 32 51 9 0 2; ]
0600600425[292 100 31 51 9 0 2; ]
0600600426[291 99 31 52 9 0 2; ]
0600600427[290 99 31 53 9 0 2; ]
0600600428[287 98 32 53 9 0 2; ]
0600600429[284 98 33 54 9 0 2; ]
0600600430[281 97 34 54 9 0 2; ]
0600600431[279 97 35 54 9 0 2; ]
0600600432[276 97 36 54 9 0 2; ]
0600600433[274 97 36 54 9 0 2; ]
0600600434[271 97 36 54 9 0 2; ]
0600600435[269 97 36 54 9 0 2; ]
0600600436[266 97 36 54 9 0 2; ]
0600600437[264 98 36 53 9 0 2; ]
0600600438[263 98 35 53 9 0 2; ]
0600600439[261 97 35 53 9 0 2; ]
0600600440[259 97 34 53 9 0 2; ]
0600600441[258 97 34 53 9 0 2; ]
0600600442[257 97 33 53 9 0 2; ]
0600600443[255 97 33 58 9 0 2; ]
0600600444[253 97 34 60 9 0 2; ]
0600600445[251 97 34 60 9 0 2; ]
0600600446[249 97 34 59 9 0 2; ]
0600600447[247 98 35 59 9 0 2; ]
0600600448[245 98 35 58 9 0 2; ]
0600600449[243 98 36 58 9 0 2; ]
0600600450[241 98 36 58 9 0 2; ]
0600600451[239 98 36 58 9 0 2; ]
0600600452[237 98 37 58 9 0 2; ]
0600600453[235 98 37 58 9 0 2; ]
0600600454[233 99 37 58 9 0 2; ]
0600600455[231 99 38 58 9 0 2; ]
0600600456[230 99 38 58 9 0 2; ]
0600600457[228 99 39 58 9 0 2; ]
0600600458[227 98 38 55 9 0 2; ]
0600600459[226 97 38 53 9 0 2; ]
0600600460[225 94 37 53 9 0 2; ]
0600600461[224 91 36 55 9 0 2; ]
0600600462[222 90 37 58 9 0 2; ]
0600600463[219 90 39 59 9 0 2; ]
0600600464[216 90 40 60 9 0 2; ]
0600600465[215 89 40 60 9 0 2; ]
0600600466[214 88 39 59 9 0 2; ]
0600600467[213 87 39 58 9 0 2; ]
0600600468[212 87 39 58 9 0 2; ]
0600600469[210 87 38 58 9 0 2; ]
0600600470[208 87 38 58 9 0 2; ]
0600600471[206 88 37 58 9 0 2; ]
0600600472[203 88 36 59 9 0 2; ]
0600600473[201 87 39 60 9 0 2; ]
0600600474[199 85 42 61 9 0 2; ]
0600600475[197 85 43 61 9 0 2; ]
0600600476[195 85 43 61 9 0 2; ]
0600600477[193 85 42 61 9 0 2; ]
0600600478[191 85 42 61 9 0 2; ]
0600600479[190 85 41 61 9 0 2; ]
0600600480[189 86 41 61 9 0 2; ]
0600600481[187 86 40 61 9 0 2; ]
0600600482[186 86 40 61 9 0 2; ]
0600600483[185 86 39 61 9 0 2; ]
0600600484[185 87 38 61 9 0 2; ]
0600600485[184 87 38 61 9 0 2; ]
0600600486[183 88 37 61 9 0 2; ]
0600600487[183 88 36 58 9 0 2; ]
0600600488[181 90 37 59 9 0 2; ]
0600600489[179 90 37 61 9 0 2; ]
0600600490[177 91 37 61 9 0 2; ]
0600600491[176 91 38 61 9 0 2; ]
0600600492[174 90 39 61 9 0 2; ]
0600600493[172 89 39 61 9 0 2; ]
0600600494[171 88 40 61 9 0 2; ]
0600600495[169 87 40 62 9 0 2; ]
0600600496[168 85 40 64 9 0 2; ]
0600600497[166 84 40 65 9 0 2; ]
0600600498[165 82 40 63 9 0 2; ]
0600600499[163 81 40 64 9 0 2; ]
0600600500[162 81 40 63 9 0 2; ]
0600600501[160 80 40 64 9 0 2; ]
0600600502[158 80 41 65 9 0 2; ]
0600600503[157 79 41 64 9 0 2; ]
0600600504[155 79 41 64 9 0 2; ]
0600600505[156 81 25 58 13 0 1; 171 84 23 56 14 1 1; ]
0600600506[154 81 25 58 13 0 1; 167 81 27 58 14 1 1; ]
0600600507[152 80 26 59 13 0 1; 165 81 27 59 14 1 1; ]
0600600508[150 80 26 59 13 0 1; 162 80 27 59 14 1 1; ]
0600600509[149 80 26 60 13 0 1; 160 80 27 59 14 1 1; ]
0600600510[147 79 27 61 13 0 1; 158 79 27 59 14 1 1; ]
0600600511[145 79 27 61 13 0 1; 156 79 27 59 14 1 1; ]
0600600512[143 78 27 62 13 0 1; 155 79 27 59 14 1 1; ]
0600600513[141 78 28 62 13 0 1; 153 79 27 59 14 1 1; ]
0600600514[139 78 28 63 13 0 1; 151 79 27 59 14 1 1; ]
0600600515[137 77 28 63 13 0 1; 150 79 27 59 14 1 1; ]
0600600516[135 77 28 64 13 0 1; 148 79 27 60 14 1 1; ]
0600600517[133 76 29 64 13 0 1; 147 79 26 60 14 1 1; ]
0600600518[131 76 29 65 13 0 1; 146 79 26 60 14 1 1; ]
0600600519[129 76 29 66 13 0 1; 145 79 26 61 14 1 1; ]
0600600520[127 75 30 66 13 0 1; 144 79 25 61 14 1 1; ]
0600600521[125 78 29 65 13 0 1; 142 81 25 61 14 1 1; ]
0600600522[124 80 29 65 13 0 1; 139 83 25 61 14 1 1; ]
0600600523[122 82 29 64 13 0 1; 137 85 25 61 14 1 1; ]
0600600524[120 83 29 63 13 0 1; 136 86 26 61 14 1 1; ]
0600600525[119 85 29 63 13 0 1; 134 87 26 61 14 1 1; ]
0600600526[117 86 29 63 13 0 1; 132 87 26 61 14 1 1; ]
0600600527[116 86 28 63 13 0 1; 131 87 26 61 14 1 1; ]
0600600528[115 86 28 63 13 0 1; 129 87 26 62 14 1 1; ]
0600600529[114 86 29 63 13 0 1; 128 86 26 62 14 1 1; ]
0600600530[112 86 29 63 13 0 1; 127 85 26 63 14 1 1; ]
0600600531[111 86 29 63 13 0 1; 126 84 26 64 14 1 1; ]
0600600532[110 86 29 63 13 0 1; 125 84 26 64 14 1 1; ]
0600600533[109 86 29 64 13 0 1; 124 84 26 64 14 1 1; ]
0600600534[108 86 29 64 13 0 1; 124 85 26 64 14 1 1; ]
0600600535[107 86 30 65 13 0 1; 123 85 26 64 14 1 1; ]
0600600536[107 86 29 67 13 0 1; 123 86 26 64 14 1 1; ]
0600600537[107 87 29 68 13 0 1; 122 88 26 64 14 1 1; ]
0600600538[106 87 29 69 13 0 1; 122 90 26 63 14 1 1; ]
0600600539[106 87 29 70 13 0 1; 122 91 26 63 14 1 1; ]
0600600540[106 87 28 70 13 0 1; 122 92 25 63 14 1 1; ]
0600600541[105 87 28 70 13 0 1; 121 92 25 63 14 1 1; ]
0600600542[105 87 28 69 13 0 1; 121 92 25 63 14 1 1; ]
0600600543[105 87 28 69 13 0 1; 121 92 25 63 14 1 1; ]
0600600544[105 87 28 70 13 0 1; 121 92 25 62 14 1 1; ]
0600600545[105 87 27 72 13 0 1; 121 92 25 62 14 1 1; ]
0600600546[105 84 30 73 13 0 1; 120 92 25 62 14 1 1; ]
0600600547[104 79 30 72 13 0 1; 120 91 26 62 14 1 1; ]
0600600548[103 76 30 71 13 0 1; 120 89 26 62 14 1 1; ]
0600600549[103 76 31 71 13 0 1; 120 87 27 61 14 1 1; ]
0600600550[103 75 32 72 13 0 1; 119 85 27 61 14 1 1; ]
0600600551[103 73 33 73 13 0 1; 119 83 27 62 14 1 1; ]
0600600552[103 71 33 74 13 0 1; 118 82 27 63 14 1 1; ]
0600600553[102 70 34 74 13 0 1; 118 82 28 64 14 1 1; ]
0600600554[102 69 34 74 13 0 1; 118 81 28 64 14 1 1; ]
0600600555[102 70 35 74 13 0 1; 117 81 28 64 14 1 1; ]
0600600556[102 72 35 74 13 0 1; 117 81 29 64 14 1 1; ]
0600600557[102 74 35 73 13 0 1; 117 82 30 63 14 1 1; ]
0600600558[101 75 35 73 13 0 1; 116 84 31 62 14 1 1; ]
0600600559[101 76 35 73 13 0 1; 116 85 32 62 14 1 1; ]
0600600560[100 77 35 73 13 0 1; 116 86 32 62 14 1 1; ]
0600600561[99 77 35 74 13 0 1; 115 87 27 62 14 1 1; ]
0600600562[98 78 35 74 13 0 1; 115 88 28 62 14 1 1; ]
0600600563[97 78 35 74 13 0 1; 114 89 28 62 14 1 1; ]
0600600564[96 79 35 75 13 0 1; 113 90 28 63 14 1 1; ]
0600600565[95 79 35 76 13 0 1; 113 90 28 63 14 1 1; ]
0600600566[94 80 35 74 13 0 1; 112 91 28 63 14 1 1; ]
0600600567[93 80 35 73 13 0 1; 111 91 28 63 14 1 1; ]
0600600568[92 80 36 72 13 0 1; 110 91 28 63 14 1 1; ]
0600600569[91 80 36 72 13 0 1; 109 91 28 63 14 1 1; ]
0600600570[90 79 36 73 13 0 1; 108 90 28 63 14 1 1; ]
0600600571[89 77 36 74 13 0 1; 107 90 28 63 14 1 1; ]
0600600572[88 75 36 76 13 0 1; 106 90 28 64 14 1 1; ]
0600600573[87 72 36 78 13 0 1; 105 89 28 64 14 1 1; ]
0600600574[86 70 36 80 13 0 1; 104 88 28 64 14 1 1; ]
0600600575[85 69 36 80 13 0 1; 103 87 28 65 14 1 1; ]
0600600576[84 69 36 80 13 0 1; 102 86 28 65 14 1 1; ]
0600600577[83 69 36 80 13 0 1; 101 86 28 65 14 1 1; ]
0600600578[82 69 36 80 13 0 1; 100 85 28 66 14 1 1; ]
0600600579[81 69 35 80 13 0 1; 99 84 28 66 14 1 1; ]
0600600580[80 69 35 80 13 0 1; 97 83 28 66 14 1 1; ]
0600600581[78 68 36 83 13 0 1; 96 83 29 67 14 1 1; ]
0600600582[76 67 36 85 13 0 1; 95 83 29 67 14 1 1; ]
0600600583[74 67 37 86 13 0 1; 93 83 29 68 14 1 1; ]
0600600584[72 68 37 86 13 0 1; 92 83 29 69 14 1 1; ]
0600600585[70 69 37 87 13 0 1; 90 83 30 69 14 1 1; ]
0600600586[68 70 38 87 13 0 1; 88 83 30 70 14 1 1; ]
0600600587[67 71 37 87 13 0 1; 87 83 30 72 14 1 1; ]
0600600588[64 72 38 87 13 0 1; 85 83 31 73 14 1 1; ]
0600600589[62 73 38 88 13 0 1; 83 83 31 74 14 1 1; ]
0600600590[60 73 39 88 13 0 1; 81 83 32 75 14 1 1; ]
0600600591[59 73 38 88 13 0 1; 79 83 32 77 14 1 1; ]
0600600592[57 72 38 88 13 0 1; 78 82 32 75 14 1 1; ]
0600600593[56 72 38 88 13 0 1; 76 80 30 75 14 1 1; ]
0600600594[54 71 37 88 13 0 1; 74 80 31 75 14 1 1; ]
0600600595[53 69 36 88 13 0 1; 73 80 31 75 14 1 1; ]
0600600596[51 67 37 88 13 0 1; 71 79 31 75 14 1 1; ]
0600600597[48 65 37 88 13 0 1; 69 79 32 75 14 1 1; ]
0600600598[43 64 41 88 13 0 1; 67 79 32 75 14 1 1; ]
0600600599[39 63 44 89 13 0 1; 66 79 32 75 14 1 1; ]
0600600600[38 63 44 89 13 0 1; 64 78 33 75 14 1 1; ]
0600600601[38 63 43 90 13 0 1; 63 78 33 75 14 1 1; ]
0600600602[37 63 43 90 13 0 1; 61 78 30 75 14 1 1; ]
0600600603[36 63 43 91 13 0 1; 60 77 31 77 14 1 1; ]
0600600604[35 64 42 91 13 0 1; 59 76 32 78 14 1 1; ]
0600600605[34 64 42 92 13 0 1; 57 76 33 80 14 1 1; ]
0600600606[33 65 42 93 13 0 1; 56 75 34 81 14 1 1; ]
0600600607[31 65 41 93 13 0 1; 55 78 33 79 14 1 1; ]
0600600608[30 66 41 94 13 0 1; 53 78 34 83 14 1 1; ]
0600600609[29 67 40 95 13 0 1; 51 78 35 85 14 1 1; ]
0600600610[27 68 40 96 13 0 1; 50 78 35 88 14 1 1; ]
0600600611[20 69 45 96 13 0 1; 48 78 36 90 14 1 1; ]
0600600612[18 69 44 97 13 0 1; 47 78 37 90 14 1 1; ]
0600600613[16 70 44 98 13 0 1; 45 78 37 93 14 1 1; ]
0600600614[15 71 44 99 13 0 1; 43 78 37 91 14 1 1; ]
0600600615[14 71 43 99 13 0 1; 42 78 37 94 14 1 1; ]
0600600616[12 72 43 99 13 0 1; 40 79 37 97 14 1 1; ]
0600600617[11 73 43 99 13 0 1; 38 79 37 98 14 1 1; ]
0600600618[9 75 43 99 13 0 1; 37 80 37 98 14 1 1; ]
0600600619[8 77 43 99 13 0 1; 35 82 37 98 14 1 1; ]
0600600620[6 78 43 99 13 0 1; 33 84 37 98 14 1 1; ]
0600600621[4 80 43 98 13 0 1; 32 85 37 98 14 1 1; ]
0600600622[3 80 43 98 13 0 1; 30 86 37 98 14 1 1; ]
0600600623[1 80 42 99 13 0 1; 28 86 37 98 14 1 1; ]
0600600624[0 79 42 101 13 0 1; 26 86 37 99 14 1 1; ]
0600600625[25 85 37 99 14 1 1; ]
0600600626[23 84 37 99 14 1 1; ]
0600600627[21 83 36 100 14 1 1; ]
0600600628[20 82 36 100 14 1 1; ]
0600600629[18 80 35 100 14 1 1; ]
0600600630[16 77 35 101 14 1 1; ]
0600600631[15 74 35 102 14 1 1; ]
0600600632[13 72 35 103 14 1 1; ]
0600600633[11 70 34 104 14 1 1; ]
0600600634[9 68 34 104 14 1 1; ]
0600600635[8 67 34 105 14 1 1; ]
0600600636[6 66 37 105 14 1 1; ]
0600600637[4 65 37 106 14 1 1; ]
0600600638[2 65 36 106 14 1 1; ]
0600600639[1 64 36 107 14 1 1; ]
0600600640[]
0600600641[]
0600600642[]
0600600643[]
0600600644[]
0600600645[]
0600600646[]
0600600647[]
0600600648[]
0600600649[]
0600600650[]
0600600651[]
0600600652[]
0600600653[]
0600600654[]
0600600655[]
0600600656[]
0600600657[]
0600600658[]
0600600659[]
0600600660[]
0600600661[]
0600600662[]
0600600663[]
0600600664[]
0600600665[]
0600600666[]
0600600667[]
0600600668[]
0600600669[]
0600600670[]
0600600671[]
0600600672[]
0600600673[]
0600600674[]
0600600675[]
0600600676[]
0600600677[]
0600600678[]
0600600679[]
0600600680[]
0600600681[]
0600600682[]
0600600683[]
0600600684[]
0600600685[]
0600600686[]
0600600687[]
0600600688[]
0600600689[]
0600600690[]
0600600691[]
0600600692[]
0600600693[]
0600600694[]
0600600695[]
0600600696[]
0600600697[]
0600600698[]
0600600699[]
0600600700[]
0600600701[]
0600600702[]
0600600703[]
0600600704[]
0600600705[]
0600600706[]
0600600707[]
0600600708[]
0600600709[]
0600600710[]
0600600711[]
0600600712[]
0600600713[]
0600600714[]
0600600715[]
0600600716[]
0600600717[]
0600600718[]
0600600719[]
0600600720[]
0600600721[]
0600600722[]
0600600723[]
0600600724[]
0600600725[]
0600600726[]
0600600727[]
0600600728[]
0600600729[]
0600600730[]
0600600731[]
0600600732[]
0600600733[]
0600600734[]
0600600735[]
0600600736[]
0600600737[]
0600600738[]
0600600739[]
0600600740[]
0600600741[]
0600600742[]
0600600743[]
0600600744[]
0600600745[]
0600600746[]
0600600747[]
0600600748[]
0600600749[]
0600600750[]
0600600751[]
0600600752[]
0600600753[]
0600600754[]
0600600755[]
0600600756[]
0600600757[]
0600600758[]
0600600759[]
0600600760[]
0600600761[]
0600600762[]
0600600763[]
0600600764[]
0600600765[]
0600600766[]
0600600767[]
0600600768[]
0600600769[]
0600600770[]
0600600771[]
0600600772[]
0600600773[]
0600600774[]
0600600775[]
0600600776[]
0600600777[]
0600600778[]
0600600779[]
0600600780[]
0600600781[]
0600600782[]
0600600783[]
0600600784[]
0600600785[]
0600600786[]
0600600787[]
0600600788[]
0600600789[]
0600600790[]
0600600791[]
0600600792[]
0600600793[]
0600600794[]
0600600795[]
0600600796[]
0600600797[]
0600600798[]
0600600799[]
0600600800[]
0600600801[]
0600600802[]
0600600803[]
0600600804[]
0600600805[]
0600600806[]
0600600807[]
0600600808[]
0600600809[]
0600600810[]
0600600811[]
0600600812[]
0600600813[]
0600600814[]
0600600815[]
0600600816[]
0600600817[]
0600600818[]
0600600819[]
0600600820[]
0600600821[]
0600600822[]
0600600823[]
0600600824[]
0600600825[]
0600600826[]
0600600827[]
0600600828[]
0600600829[]
0600600830[]
0600600831[]
0600600832[]
0600600833[]
0600600834[]
0600600835[]
0600600836[]
0600600837[]
0600600838[]
0600600839[]
0600600840[]
0600600841[]
0600600842[]
0600600843[]
0600600844[]
0600600845[]
0600600846[]
0600600847[]
0600600848[]
0600600849[]
0600600850[]
0600600851[]
0600600852[]
0600600853[]
0600600854[]
0600600855[]
0600600856[]
0600600857[]
0600600858[]
0600600859[]
0600600860[]
0600600861[]
0600600862[]
0600600863[]
0600600864[]
0600600865[]
0600600866[]
0600600867[]
0600600868[]
0600600869[]
0600600870[]
0600600871[]
0600600872[]
0600600873[]
0600600874[]
0600600875[]
0600600876[]
0600600877[]
0600600878[]
0600600879[]
0600600880[]
0600600881[]
0600600882[]
0600600883[]
0600600884[]
0600600885[]
0600600886[]
0600600887[]
0600600888[]
0600600889[]
0600600890[]
0600600891[]
0600600892[]
0600600893[]
0600600894[]
0600600895[]
0600600896[]
0600600897[]
0600600898[]
0600600899[]
0600600900[]
0600600901[]
0600600902[]
0600600903[]
0600600904[]
0600600905[]
0600600906[]
0600600907[]
0600600908[]
0600600909[]
0600600910[]
0600600911[]
0600600912[]
0600600913[]
0600600914[]
0600600915[]
0600600916[]
0600600917[]
0600600918[]
0600600919[]
0600600920[]
0600600921[]
0600600922[]
0600600923[]
0600600924[]
0600600925[]
0600600926[]
0600600927[]
0600600928[]
0600600929[]
0600600930[]
0600600931[]
0600600932[]
0600600933[]
0600600934[]
0600600935[]
0600600936[]
0600600937[]
0600600938[]
0600600939[]
0600600940[]
0600600941[]
0600600942[]
0600600943[]
0600600944[]
0600600945[]
0600600946[]
0600600947[]
0600600948[]
0600600949[]
0600600950[]
0600600951[]
0600600952[]
0600600953[]
0600600954[]
0600600955[]
0600600956[]
0600600957[]
0600600958[]
0600600959[]
0600600960[]
0600600961[]
0600600962[]
0600600963[]
0600600964[]
0600600965[]
0600600966[]
0600600967[]
0600600968[]
0600600969[]
0600600970[]
0600600971[]
0600600972[]
0600600973[]
0600600974[]
0600600975[]
0600600976[]
0600600977[]
0600600978[]
0600600979[]
0600600980[]
0600600981[]
0600600982[]
0600600983[]
0600600984[]
0600600985[]
0600600986[]
0600600987[]
0600600988[]
0600600989[]
0600600990[]
0600600991[]
0600600992[]
0600600993[]
0600600994[]
0600600995[]
0600600996[]
0600600997[]
0600600998[]
0600600999[]
0600601000[]
0600601001[]
0600601002[]
0600601003[]
0600601004[]
0600601005[]
0600601006[]
0600601007[]
0600601008[]
0600601009[]
0600601010[]
0600601011[]
0600601012[]
0600601013[]
0600601014[]
0600601015[]
0600601016[]
0600601017[]
0600601018[]
0600601019[]
0600601020[]
0600601021[]
0600601022[]
0600601023[]
0600601024[]
0600601025[]
0600601026[]
0600601027[]
0600601028[]
0600601029[]
0600601030[]
0600601031[]
0600601032[]
0600601033[]
0600601034[]
0600601035[]
0600601036[]
0600601037[]
0600601038[]
0600601039[]
0600601040[]
0600601041[]
0600601042[]
0600601043[]
0600601044[]
0600601045[]
0600601046[]
0600601047[]
0600601048[]
0600601049[]
0600601050[]
0600601051[]
0600601052[]
0600601053[]
0600601054[]
0600601055[]
0600601056[]
0600601057[]
0600601058[]
0600601059[]
0600601060[]
0600601061[]
0600601062[]
0600601063[]
0600601064[]
0600601065[]
0600601066[]
0600601067[]
0600601068[]
0600601069[]
0600601070[]
0600601071[]
0600601072[]
0600601073[]
0600601074[]
0600601075[]
0600601076[]
0600601077[]
0600601078[]
0600601079[]
0600601080[]
0600601081[]
0600601082[]
0600601083[]
0600601084[]
0600601085[]
0600601086[]
0600601087[]
0600601088[]
0600601089[]
0600601090[]
0600601091[]
0600601092[]
0600601093[]
0600601094[]
0600601095[]
0600601096[]
0600601097[]
0600601098[]
0600601099[]
0600601100[]
0600601101[]
0600601102[]
0600601103[]
0600601104[]
0600601105[]
0600601106[]
0600601107[]
0600601108[]
0600601109[]
0600601110[]
0600601111[]
0600601112[]
0600601113[]
0600601114[]
0600601115[]
0600601116[]
0600601117[]
0600601118[]
0600601119[]
0600601120[]
0600601121[]
0600601122[]
0600601123[]
0600601124[]
0600601125[]
0600601126[]
0600601127[]
0600601128[]
0600601129[]
0600601130[]
0600601131[]
0600601132[]
0600601133[]
0600601134[]
0600601135[]
0600601136[]
0600601137[]
0600601138[]
0600601139[]
0600601140[]
0600601141[]
0600601142[]
0600601143[]
0600601144[]
0600601145[]
0600601146[]
0600601147[]
0600601148[]
0600601149[]
0600601150[]
0600601151[]
0600601152[]
0600601153[]
0600601154[]
0600601155[]
0600601156[]
