1700000001[]
1700000002[]
1700000003[]
1700000004[]
1700000005[436 2 20 33 31 1 3; ]
1700000006[423 5 20 35 31 1 3; ]
1700000007[409 7 20 36 31 1 3; ]
1700000008[395 8 19 36 31 1 3; ]
1700000009[381 9 18 37 31 1 3; ]
1700000010[271 0 22 48 29 1 3; 366 11 18 37 31 1 3; ]
1700000011[259 3 21 47 29 1 3; 351 13 18 35 31 1 3; ]
1700000012[247 6 20 47 29 1 3; 337 16 18 33 31 1 3; ]
1700000013[234 8 19 47 29 1 3; 322 19 19 31 31 1 3; ]
1700000014[221 9 19 47 29 1 3; 306 22 19 31 31 1 3; ]
1700000015[206 12 19 47 29 1 3; 290 24 20 33 31 1 3; ]
1700000016[190 18 20 46 29 1 3; 273 26 21 36 31 1 3; ]
1700000017[174 24 20 45 29 1 3; 258 31 21 37 31 1 3; ]
1700000018[157 30 21 44 29 1 3; 242 35 21 37 31 1 3; ]
1700000019[227 38 21 37 31 1 3; ]
1700000020[211 42 20 36 31 1 3; ]
1700000021[196 46 19 35 31 1 3; ]
1700000022[180 48 19 35 31 1 3; ]
1700000023[164 47 19 36 31 1 3; 476 57 23 33 33 0 -1; ]
1700000024[147 45 19 37 31 1 3; 462 57 24 33 33 0 -1; ]
1700000025[130 44 19 38 31 1 3; 447 57 24 33 33 0 -1; ]
1700000026[114 46 19 38 31 1 3; 432 57 24 33 33 0 -1; ]
1700000027[29 46 20 45 30 1 3; 99 49 20 36 31 1 3; 417 57 24 34 33 0 -1; ]
1700000028[14 42 20 49 30 1 3; 83 50 20 36 31 1 3; 402 59 24 35 33 0 -1; ]
1700000029[66 50 20 36 31 1 3; 386 61 24 35 33 0 -1; ]
1700000030[49 48 20 38 31 1 3; 370 62 25 35 33 0 -1; ]
1700000031[31 46 20 41 31 1 3; 353 63 27 34 33 0 -1; ]
1700000032[13 46 20 41 31 1 3; 336 64 31 33 33 0 -1; ]
1700000033[332 64 21 38 34 1 3; ]
1700000034[317 64 21 36 34 1 3; ]
1700000035[303 64 21 35 34 1 3; ]
1700000036[289 64 20 34 34 1 3; ]
1700000037[275 64 20 34 34 1 3; ]
1700000038[261 64 19 34 34 1 3; ]
1700000039[247 64 19 34 34 1 3; ]
1700000040[232 64 20 34 34 1 3; ]
1700000041[217 63 21 33 34 1 3; ]
1700000042[202 63 21 33 34 1 3; ]
1700000043[188 63 21 33 34 1 3; ]
1700000044[175 63 21 35 34 1 3; ]
1700000045[161 63 21 35 34 1 3; ]
1700000046[146 62 21 35 34 1 3; ]
1700000047[132 61 21 35 34 1 3; ]
1700000048[466 104 40 52 3 0 2; 117 59 21 34 34 1 3; ]
1700000049[450 106 40 50 3 0 2; 102 61 22 34 34 1 3; ]
1700000050[434 107 40 48 3 0 2; 87 62 22 34 34 1 3; ]
1700000051[419 107 39 48 3 0 2; 72 62 23 34 34 1 3; ]
1700000052[405 107 37 48 3 0 2; 57 61 23 34 34 1 3; ]
1700000053[389 107 39 48 3 0 2; 42 59 23 35 34 1 3; ]
1700000054[374 107 40 48 3 0 2; 27 58 23 35 34 1 3; ]
1700000055[359 107 40 48 3 0 2; 12 58 22 35 34 1 3; ]
1700000056[344 107 40 48 3 0 2; ]
1700000057[329 107 38 48 3 0 2; ]
1700000058[312 107 39 49 3 0 2; 459 115 38 37 5 0 2; ]
1700000059[296 107 40 50 3 0 2; 444 115 38 37 5 0 2; ]
1700000060[281 107 40 50 3 0 2; 429 115 38 37 5 0 2; ]
1700000061[266 107 41 50 3 0 2; 414 115 37 37 5 0 2; ]
1700000062[251 107 41 50 3 0 2; 399 115 37 37 5 0 2; ]
1700000063[237 107 41 50 3 0 2; 384 115 37 37 5 0 2; ]
1700000064[222 107 41 51 3 0 2; 368 115 38 37 5 0 2; ]
1700000065[208 107 40 53 3 0 2; 354 115 38 37 5 0 2; ]
1700000066[194 107 39 54 3 0 2; 339 115 37 38 5 0 2; 490 116 17 34 89 1 3; ]
1700000067[179 107 39 53 3 0 2; 326 115 36 40 5 0 2; 475 116 17 34 89 1 3; ]
1700000068[163 107 40 50 3 0 2; 312 115 36 41 5 0 2; 461 116 16 34 89 1 3; ]
1700000069[148 107 40 49 3 0 2; 297 115 36 41 5 0 2; 447 115 16 34 89 1 3; ]
1700000070[133 107 40 49 3 0 2; 282 115 37 40 5 0 2; 433 115 15 33 89 1 3; ]
1700000071[119 105 40 49 3 0 2; 267 115 39 39 5 0 2; 419 114 15 33 89 1 3; ]
1700000072[104 103 39 50 3 0 2; 255 113 38 39 5 0 2; 405 114 15 33 89 1 3; ]
1700000073[89 101 41 51 3 0 2; 241 111 38 38 5 0 2; 391 113 15 33 89 1 3; ]
1700000074[74 99 42 52 3 0 2; 228 111 38 38 5 0 2; 376 112 16 33 89 1 3; ]
1700000075[59 99 43 53 3 0 2; 213 112 38 39 5 0 2; 361 110 17 34 89 1 3; ]
1700000076[44 99 42 54 3 0 2; 198 114 39 39 5 0 2; 347 111 17 34 89 1 3; ]
1700000077[30 99 41 55 3 0 2; 183 115 40 39 5 0 2; 334 112 18 35 89 1 3; ]
1700000078[14 99 40 55 3 0 2; 169 115 41 39 5 0 2; 320 113 18 35 89 1 3; ]
1700000079[154 115 42 39 5 0 2; 306 114 18 35 89 1 3; ]
1700000080[140 115 43 39 5 0 2; 293 114 18 36 89 1 3; ]
1700000081[127 115 41 40 5 0 2; 280 115 18 36 89 1 3; ]
1700000082[114 116 39 40 5 0 2; 267 115 18 36 89 1 3; ]
1700000083[101 117 38 41 5 0 2; 253 115 18 36 89 1 3; ]
1700000084[87 118 38 41 5 0 2; 241 115 18 36 89 1 3; ]
1700000085[72 118 39 42 5 0 2; 228 115 18 36 89 1 3; ]
1700000086[58 118 40 43 5 0 2; 215 115 18 36 89 1 3; ]
1700000087[44 117 40 43 5 0 2; 203 115 18 36 89 1 3; ]
1700000088[31 116 40 43 5 0 2; 190 115 18 36 89 1 3; ]
1700000089[17 116 40 43 5 0 2; 178 115 18 36 89 1 3; ]
1700000090[3 116 41 43 5 0 2; 165 115 18 36 89 1 3; ]
1700000091[152 115 18 36 89 1 3; ]
1700000092[140 115 18 36 89 1 3; ]
1700000093[127 114 18 37 89 1 3; ]
1700000094[115 114 17 37 89 1 3; ]
1700000095[102 113 17 37 89 1 3; ]
1700000096[90 112 17 38 89 1 3; ]
1700000097[78 111 17 38 89 1 3; ]
1700000098[65 110 17 39 89 1 3; ]
1700000099[]
1700000100[]
1700000101[]
1700000102[]
1700000103[]
1700000104[]
1700000105[]
1700000106[]
1700000107[]
1700000108[]
1700000109[]
1700000110[]
1700000111[]
1700000112[]
1700000113[]
1700000114[]
1700000115[]
1700000116[]
1700000117[]
1700000118[]
1700000119[]
1700000120[459 109 49 53 8 0 2; ]
1700000121[454 109 49 53 8 0 2; ]
1700000122[450 109 48 53 8 0 2; ]
1700000123[445 109 47 54 8 0 2; ]
1700000124[439 109 48 56 8 0 2; ]
1700000125[435 111 49 58 8 0 2; ]
1700000126[449 113 31 56 8 0 2; ]
1700000127[447 113 31 56 8 0 2; 480 118 31 47 22 0 2; ]
1700000128[443 113 30 56 8 0 2; 476 118 31 47 22 0 2; ]
1700000129[439 113 29 54 8 0 2; 471 118 31 48 22 0 2; ]
1700000130[435 113 29 52 8 0 2; 467 118 32 48 22 0 2; ]
1700000131[431 113 29 52 8 0 2; 463 118 32 49 22 0 2; ]
1700000132[426 113 29 54 8 0 2; 459 118 32 50 22 0 2; ]
1700000133[420 113 29 58 8 0 2; 455 118 32 50 22 0 2; ]
1700000134[417 113 30 58 8 0 2; 451 118 32 50 22 0 2; ]
1700000135[413 113 31 58 8 0 2; 448 118 32 50 22 0 2; ]
1700000136[409 113 31 58 8 0 2; 445 118 31 50 22 0 2; ]
1700000137[405 113 32 58 8 0 2; 442 118 30 50 22 0 2; ]
1700000138[402 113 32 58 8 0 2; 439 118 28 50 22 0 2; ]
1700000139[398 113 32 58 8 0 2; 436 118 27 50 22 0 2; ]
1700000140[393 113 33 58 8 0 2; 432 118 27 50 22 0 2; ]
1700000141[388 113 34 58 8 0 2; 428 118 28 49 22 0 2; ]
1700000142[384 113 35 58 8 0 2; 424 118 29 49 22 0 2; ]
1700000143[380 113 35 58 8 0 2; 420 118 29 49 22 0 2; ]
1700000144[377 113 35 58 8 0 2; 417 118 29 49 22 0 2; ]
1700000145[373 113 35 58 8 0 2; 414 118 29 49 22 0 2; ]
1700000146[371 113 35 58 8 0 2; 411 117 29 50 22 0 2; ]
1700000147[367 113 36 57 8 0 2; 408 116 29 51 22 0 2; ]
1700000148[363 113 38 56 8 0 2; 405 115 29 51 22 0 2; ]
1700000149[359 113 40 56 8 0 2; 402 115 29 52 22 0 2; ]
1700000150[356 112 41 55 8 0 2; 399 115 29 52 22 0 2; ]
1700000151[351 111 24 54 9 0 1; 371 113 20 52 10 0 2; 396 115 29 52 22 0 2; ]
1700000152[349 111 24 52 9 0 1; 368 112 23 53 10 0 2; 393 115 28 52 22 0 2; ]
1700000153[346 111 24 51 9 0 1; 365 111 24 54 10 0 2; 390 115 28 52 22 0 2; ]
1700000154[343 111 23 50 9 0 1; 363 110 24 55 10 0 2; 386 115 28 52 22 0 2; ]
1700000155[340 111 22 50 9 0 1; 360 110 24 55 10 0 2; 382 114 29 51 22 0 2; ]
1700000156[336 111 22 50 9 0 1; 358 110 22 55 10 0 2; 378 113 30 50 22 0 2; ]
1700000157[333 111 21 50 9 0 1; 353 110 55 55 11 0 2; ]
1700000158[331 111 21 50 9 0 1; 349 110 54 55 11 0 2; ]
1700000159[329 111 22 49 9 0 1; 345 111 54 55 11 0 2; ]
1700000160[326 111 22 48 9 0 1; 342 112 53 55 11 0 2; ]
1700000161[323 111 21 50 9 0 1; 340 113 53 55 11 0 2; ]
1700000162[318 115 23 53 9 0 1; 339 115 53 55 11 0 2; ]
1700000163[317 121 23 53 9 0 1; 339 121 53 55 11 0 2; ]
1700000164[316 129 23 54 9 0 1; 339 132 53 56 11 0 2; ]
1700000165[316 140 22 54 9 0 1; 339 138 53 56 11 0 2; ]
1700000166[313 141 22 54 9 0 1; 337 138 52 57 11 0 2; ]
1700000167[310 141 21 53 9 0 1; 334 139 51 57 11 0 2; ]
1700000168[307 141 21 53 9 0 1; 330 139 51 58 11 0 2; ]
1700000169[304 136 21 52 9 0 1; 325 134 52 58 11 0 2; ]
1700000170[462 103 48 144 6 0 1; 301 127 21 52 9 0 1; 322 126 54 58 11 0 2; ]
1700000171[463 92 48 143 6 0 1; 300 118 21 52 9 0 1; 322 117 53 57 11 0 2; ]
1700000172[301 113 21 52 9 0 1; 323 107 52 56 11 0 2; ]
1700000173[302 108 22 52 9 0 1; 324 104 21 53 12 0 1; 342 106 21 52 17 0 1; 359 108 16 50 57 0 1; ]
1700000174[303 104 22 53 9 0 1; 323 104 20 53 12 0 1; 340 108 20 51 17 0 1; 360 108 16 52 57 0 1; ]
1700000175[304 103 22 53 9 0 1; 322 105 20 53 12 0 1; 339 111 19 51 17 0 1; 360 109 16 52 57 0 1; ]
1700000176[303 104 22 53 9 0 1; 321 106 20 53 12 0 1; 338 113 18 51 17 0 1; 358 111 16 52 57 0 1; ]
1700000177[300 108 22 52 9 0 1; 317 110 20 53 12 0 1; 337 116 18 50 17 0 1; 354 117 15 51 57 0 1; ]
1700000178[296 114 22 52 9 0 1; 313 116 21 54 12 0 1; 337 118 18 50 17 0 1; 352 122 15 51 57 0 1; ]
1700000179[291 123 22 52 9 0 1; 310 121 21 54 12 0 1; 337 123 18 51 17 0 1; 351 126 15 50 57 0 1; ]
1700000180[291 126 22 52 9 0 1; 310 124 21 54 12 0 1; 337 127 19 52 17 0 1; 351 130 15 49 57 0 1; ]
1700000181[291 128 21 52 9 0 1; 310 127 21 54 12 0 1; 337 129 19 53 17 0 1; 351 132 15 48 57 0 1; ]
1700000182[291 130 21 53 9 0 1; 310 129 21 54 12 0 1; 337 131 18 53 17 0 1; 350 132 15 48 57 0 1; ]
1700000183[291 130 21 53 9 0 1; 310 130 21 54 12 0 1; 337 132 18 54 17 0 1; 349 132 15 48 57 0 1; ]
1700000184[290 130 21 53 9 0 1; 310 130 21 54 12 0 1; 330 133 21 52 18 0 2; 348 131 14 49 57 0 1; ]
1700000185[289 128 21 52 9 0 1; 309 129 20 54 12 0 1; 330 130 22 52 18 0 2; 347 131 14 49 57 0 1; ]
1700000186[287 126 21 52 9 0 1; 308 127 20 54 12 0 1; 329 127 22 52 18 0 2; 347 130 14 50 57 0 1; ]
1700000187[287 124 21 52 9 0 1; 307 124 19 54 12 0 1; 329 124 23 52 18 0 2; 347 128 14 51 57 0 1; ]
1700000188[287 123 21 52 9 0 1; 307 124 19 54 12 0 1; 328 123 23 53 18 0 2; 346 125 15 52 57 0 1; ]
1700000189[287 122 22 52 9 0 1; 307 124 20 54 12 0 1; 327 122 24 53 18 0 2; 346 125 15 52 57 0 1; ]
1700000190[287 121 22 52 9 0 1; 307 124 20 54 12 0 1; 327 122 25 53 18 0 2; 346 125 16 52 57 0 1; ]
1700000191[287 121 23 53 9 0 1; 307 124 20 54 12 0 1; 326 122 26 53 18 0 2; 346 125 16 52 57 0 1; ]
1700000192[286 121 22 53 9 0 1; 307 124 20 54 12 0 1; 325 122 27 53 18 0 2; 346 125 17 53 57 0 1; ]
1700000193[286 121 21 53 9 0 1; 306 124 20 54 12 0 1; 324 122 28 53 18 0 2; 346 124 17 53 57 0 1; ]
1700000194[286 121 20 53 9 0 1; 305 123 20 54 12 0 1; 323 122 29 53 18 0 2; 346 124 18 53 57 0 1; ]
1700000195[285 121 20 53 9 0 1; 305 122 20 54 12 0 1; 321 122 43 55 19 0 2; ]
1700000196[461 98 49 141 6 0 1; 285 118 20 52 9 0 1; 305 119 20 54 12 0 1; 318 118 46 53 19 0 2; ]
1700000197[285 111 20 52 9 0 1; 305 112 20 54 12 0 1; 317 117 47 52 19 0 2; ]
1700000198[285 103 20 51 9 0 1; 305 104 20 55 12 0 1; 332 107 34 55 20 0 2; ]
1700000199[285 96 20 50 9 0 1; 305 94 20 55 12 0 1; 334 96 34 54 20 0 2; ]
1700000200[286 92 20 50 9 0 1; 305 84 32 56 13 0 2; 337 88 35 54 20 0 2; ]
1700000201[287 87 20 51 9 0 1; 306 84 32 56 13 0 2; 339 82 36 54 20 0 2; ]
1700000202[289 83 20 52 9 0 1; 306 84 31 56 13 0 2; 340 78 37 54 20 0 2; ]
1700000203[291 80 20 53 9 0 1; 306 84 30 56 13 0 2; 339 80 38 54 20 0 2; ]
1700000204[286 92 20 52 9 0 1; 306 84 30 56 13 0 2; 338 86 38 54 20 0 2; ]
1700000205[282 104 20 52 9 0 1; 302 92 30 58 13 0 2; 333 98 20 53 23 0 1; 349 99 22 53 24 0 1; ]
1700000206[467 81 43 137 6 0 1; 280 114 21 52 9 0 1; 297 105 30 59 13 0 2; 330 111 20 51 23 0 1; 349 110 22 54 24 0 1; ]
1700000207[465 94 41 135 6 0 1; 279 121 21 52 9 0 1; 296 117 30 59 13 0 2; 329 121 20 50 23 0 1; 349 119 23 55 24 0 1; ]
1700000208[461 104 48 142 6 0 1; 280 126 21 51 9 0 1; 296 126 30 59 13 0 2; 331 129 20 52 23 0 1; 349 128 23 55 24 0 1; ]
1700000209[283 131 22 51 9 0 1; 298 129 30 58 13 0 2; 334 135 20 54 23 0 1; 351 137 22 52 24 0 1; ]
1700000210[285 135 22 51 9 0 1; 302 132 28 57 13 0 2; 337 138 20 55 23 0 1; 354 143 21 48 24 0 1; ]
1700000211[287 136 22 50 9 0 1; 305 133 28 56 13 0 2; 337 135 20 55 23 0 1; 358 139 20 48 24 0 1; ]
1700000212[287 134 22 50 9 0 1; 305 131 28 56 13 0 2; 337 130 21 54 23 0 1; 360 133 20 47 24 0 1; ]
1700000213[286 129 21 50 9 0 1; 304 126 28 57 13 0 2; 337 124 21 54 23 0 1; 360 127 20 47 24 0 1; ]
1700000214[286 121 20 49 9 0 1; 302 118 28 57 13 0 2; 336 119 21 54 23 0 1; 359 121 20 48 24 0 1; ]
1700000215[284 110 19 49 9 0 1; 299 109 28 58 13 0 2; 336 114 21 54 23 0 1; 359 116 21 49 24 0 1; ]
1700000216[284 108 19 49 9 0 1; 300 105 27 58 13 0 2; 336 109 20 54 23 0 1; 358 110 23 52 24 0 1; ]
1700000217[284 107 19 50 9 0 1; 301 102 26 58 13 0 2; 335 104 20 54 23 0 1; 356 105 24 55 24 0 1; ]
1700000218[284 105 19 50 9 0 1; 301 101 26 59 13 0 2; 335 104 20 54 23 0 1; 358 106 23 55 24 0 1; ]
1700000219[284 104 19 50 9 0 1; 301 100 26 59 13 0 2; 335 105 20 55 23 0 1; 361 106 22 55 24 0 1; ]
1700000220[284 106 19 50 9 0 1; 301 101 26 59 13 0 2; 335 106 20 55 23 0 1; 363 107 21 55 24 0 1; ]
1700000221[283 108 19 49 9 0 1; 299 103 27 59 13 0 2; 335 106 20 55 23 0 1; 364 107 20 55 24 0 1; ]
1700000222[283 109 19 49 9 0 1; 298 104 27 59 13 0 2; 335 107 20 55 23 0 1; 365 107 20 55 24 0 1; ]
1700000223[282 110 19 49 9 0 1; 297 105 28 59 13 0 2; 334 107 20 55 23 0 1; 365 107 20 55 24 0 1; ]
1700000224[281 110 19 49 9 0 1; 297 105 28 59 13 0 2; 333 108 21 54 23 0 1; 365 107 21 55 24 0 1; ]
1700000225[280 110 19 50 9 0 1; 297 105 27 59 13 0 2; 332 108 21 54 23 0 1; 366 107 22 56 24 0 1; ]
1700000226[280 110 19 50 9 0 1; 297 105 26 59 13 0 2; 332 109 21 54 23 0 1; 366 107 23 56 24 0 1; ]
1700000227[279 110 19 50 9 0 1; 297 105 26 59 13 0 2; 332 109 21 54 23 0 1; 366 107 23 56 24 0 1; ]
1700000228[278 109 19 51 9 0 1; 297 105 25 59 13 0 2; 332 109 21 54 23 0 1; 366 107 24 57 24 0 1; ]
1700000229[277 108 19 51 9 0 1; 297 105 25 59 13 0 2; 332 109 21 54 23 0 1; 367 107 24 57 24 0 1; ]
1700000230[276 107 19 51 9 0 1; 297 105 24 59 13 0 2; 332 109 21 54 23 0 1; 367 106 24 58 24 0 1; ]
1700000231[275 105 20 52 9 0 1; 296 104 24 58 13 0 2; 331 107 21 54 23 0 1; 368 105 24 59 24 0 1; ]
1700000232[274 105 21 52 9 0 1; 294 104 24 58 13 0 2; 331 106 21 54 23 0 1; 368 104 24 60 24 0 1; ]
1700000233[273 105 21 52 9 0 1; 294 103 23 58 13 0 2; 330 105 21 55 23 0 1; 370 102 24 59 24 0 1; ]
1700000234[272 105 22 52 9 0 1; 293 103 23 58 13 0 2; 330 104 21 55 23 0 1; 371 101 24 58 24 0 1; ]
1700000235[271 105 22 52 9 0 1; 293 102 23 58 13 0 2; 329 103 21 56 23 0 1; 372 101 24 58 24 0 1; 252 121 15 30 35 0 3; ]
1700000236[270 104 23 52 9 0 1; 293 101 23 58 13 0 2; 329 102 21 56 23 0 1; 373 100 23 58 24 0 1; 252 119 15 32 35 0 3; ]
1700000237[269 103 23 52 9 0 1; 293 100 23 58 13 0 2; 329 102 20 57 23 0 1; 374 100 23 58 24 0 1; 252 119 15 33 35 0 3; ]
1700000238[268 102 23 53 9 0 1; 293 100 23 58 13 0 2; 329 101 20 57 23 0 1; 375 100 23 58 24 0 1; 252 118 15 33 35 0 3; ]
1700000239[267 101 23 53 9 0 1; 293 100 23 58 13 0 2; 329 101 20 58 23 0 1; 375 101 23 58 24 0 1; 251 119 15 32 35 0 3; ]
1700000240[267 101 23 53 9 0 1; 292 100 23 59 13 0 2; 328 102 20 57 23 0 1; 376 102 23 59 24 0 1; 250 121 15 30 35 0 3; ]
1700000241[266 102 23 53 9 0 1; 291 100 22 61 13 0 2; 328 102 20 57 23 0 1; 377 103 23 60 24 0 1; ]
1700000242[266 103 22 53 9 0 1; 290 100 22 61 13 0 2; 327 104 20 56 23 0 1; 377 104 23 60 24 0 1; 250 122 15 30 35 0 3; ]
1700000243[265 104 21 53 9 0 1; 290 100 22 61 13 0 2; 326 105 20 55 23 0 1; 378 105 23 60 24 0 1; 250 122 15 32 35 0 3; ]
1700000244[265 104 21 53 9 0 1; 290 101 22 60 13 0 2; 326 105 20 55 23 0 1; 379 106 24 59 24 0 1; 250 122 15 33 35 0 3; ]
1700000245[265 105 21 53 9 0 1; 290 103 22 59 13 0 2; 326 105 20 55 23 0 1; 379 106 24 58 24 0 1; 250 122 15 33 35 0 3; ]
1700000246[265 105 21 53 9 0 1; 289 103 22 59 13 0 2; 326 105 20 55 23 0 1; 380 108 24 57 24 0 1; 249 122 15 33 35 0 3; ]
1700000247[265 105 21 53 9 0 1; 288 103 22 59 13 0 2; 326 105 20 55 23 0 1; 381 109 24 55 24 0 1; 249 122 15 33 35 0 3; ]
1700000248[265 105 21 53 9 0 1; 288 103 22 59 13 0 2; 326 105 20 55 23 0 1; 382 107 24 56 24 0 1; 249 122 15 33 35 0 3; ]
1700000249[263 105 21 54 9 0 1; 288 103 22 59 13 0 2; 326 105 20 55 23 0 1; 384 106 24 57 24 0 1; 248 122 15 33 35 0 3; ]
1700000250[262 105 21 55 9 0 1; 288 103 22 59 13 0 2; 325 105 20 55 23 0 1; 385 106 24 58 24 0 1; 248 122 15 33 35 0 3; ]
1700000251[262 105 21 55 9 0 1; 288 103 22 60 13 0 2; 324 105 21 55 23 0 1; 386 105 23 59 24 0 1; 247 122 15 33 35 0 3; ]
1700000252[262 105 21 55 9 0 1; 288 103 22 61 13 0 2; 324 105 21 55 23 0 1; 388 105 23 59 24 0 1; 247 122 15 33 35 0 3; ]
1700000253[262 105 21 55 9 0 1; 288 103 22 61 13 0 2; 323 105 21 55 23 0 1; 389 105 23 59 24 0 1; 246 122 15 33 35 0 3; ]
1700000254[262 105 21 55 9 0 1; 287 103 23 61 13 0 2; 322 105 21 55 23 0 1; 389 106 23 58 24 0 1; 246 122 15 33 35 0 3; ]
1700000255[262 105 21 55 9 0 1; 285 103 23 61 13 0 2; 322 105 21 55 23 0 1; 390 107 24 57 24 0 1; 245 122 15 33 35 0 3; ]
1700000256[261 105 21 55 9 0 1; 283 103 24 61 13 0 2; 321 105 21 55 23 0 1; 391 107 24 57 24 0 1; 244 122 15 33 35 0 3; ]
1700000257[260 105 20 55 9 0 1; 282 103 24 61 13 0 2; 321 105 21 55 23 0 1; 392 107 24 56 24 0 1; 244 122 15 33 35 0 3; ]
1700000258[260 105 20 55 9 0 1; 282 103 24 61 13 0 2; 321 105 21 55 23 0 1; 393 107 24 57 24 0 1; 244 122 15 33 35 0 3; ]
1700000259[259 105 20 55 9 0 1; 282 103 24 61 13 0 2; 321 106 21 55 23 0 1; 394 107 24 57 24 0 1; 243 122 15 33 35 0 3; ]
1700000260[259 105 20 55 9 0 1; 282 103 24 61 13 0 2; 321 106 20 55 23 0 1; 395 107 24 58 24 0 1; 243 122 15 33 35 0 3; ]
1700000261[259 106 20 56 9 0 1; 281 103 25 61 13 0 2; 321 107 20 55 23 0 1; 396 107 24 59 24 0 1; 243 122 16 33 35 0 3; ]
1700000262[259 106 20 56 9 0 1; 281 103 25 61 13 0 2; 321 107 20 55 23 0 1; 397 107 24 60 24 0 1; 242 123 16 32 35 0 3; ]
1700000263[259 106 20 56 9 0 1; 280 103 25 61 13 0 2; 321 107 20 55 23 0 1; 398 108 24 60 24 0 1; 241 123 16 32 35 0 3; ]
1700000264[259 106 20 56 9 0 1; 279 103 26 61 13 0 2; 320 107 20 55 23 0 1; 400 108 23 60 24 0 1; 240 124 16 32 35 0 3; ]
1700000265[259 106 21 56 9 0 1; 278 103 26 61 13 0 2; 320 107 20 55 23 0 1; 401 108 22 60 24 0 1; 240 124 16 32 35 0 3; ]
1700000266[258 106 21 56 9 0 1; 276 104 27 60 13 0 2; 319 107 20 55 23 0 1; 402 109 22 60 24 0 1; 239 125 16 32 35 0 3; ]
1700000267[257 106 22 56 9 0 1; 275 105 28 59 13 0 2; 318 107 20 55 23 0 1; 402 110 22 60 24 0 1; 239 125 16 32 35 0 3; ]
1700000268[257 107 22 56 9 0 1; 274 106 28 59 13 0 2; 317 107 20 55 23 0 1; 403 111 23 60 24 0 1; 238 125 16 32 35 0 3; ]
1700000269[257 109 23 56 9 0 1; 274 107 28 60 13 0 2; 316 107 20 56 23 0 1; 403 113 23 59 24 0 1; 238 126 16 32 35 0 3; ]
1700000270[256 110 23 55 9 0 1; 274 107 27 61 13 0 2; 316 108 21 57 23 0 1; 403 114 24 58 24 0 1; 238 126 16 33 35 0 3; ]
1700000271[256 111 23 55 9 0 1; 273 108 27 63 13 0 2; 315 108 21 58 23 0 1; 403 116 25 57 24 0 1; 237 127 16 33 35 0 3; ]
1700000272[255 113 23 55 9 0 1; 273 109 27 64 13 0 2; 314 109 22 60 23 0 1; 403 117 26 56 24 0 1; 236 128 16 33 35 0 3; ]
1700000273[254 114 23 54 9 0 1; 272 110 26 63 13 0 2; 313 111 22 59 23 0 1; 404 118 26 56 24 0 1; 235 129 16 33 35 0 3; ]
1700000274[252 115 23 54 9 0 1; 272 112 25 61 13 0 2; 312 113 21 58 23 0 1; 405 118 26 57 24 0 1; 235 130 16 33 35 0 3; ]
1700000275[251 116 23 54 9 0 1; 271 115 24 59 13 0 2; 311 114 21 58 23 0 1; 406 119 25 57 24 0 1; 234 131 17 33 35 0 3; ]
1700000276[251 116 23 54 9 0 1; 270 115 25 59 13 0 2; 310 115 21 58 23 0 1; 407 119 25 58 24 0 1; 233 131 17 33 35 0 3; ]
1700000277[250 116 23 54 9 0 1; 269 115 26 59 13 0 2; 309 116 21 58 23 0 1; 408 119 24 59 24 0 1; 232 131 17 33 35 0 3; ]
1700000278[249 116 23 54 9 0 1; 267 115 26 59 13 0 2; 309 116 21 58 23 0 1; 409 118 25 60 24 0 1; 232 132 17 34 35 0 3; ]
1700000279[248 116 22 54 9 0 1; 266 115 27 59 13 0 2; 308 115 22 58 23 0 1; 409 117 26 61 24 0 1; 231 132 17 34 35 0 3; ]
1700000280[247 116 22 54 9 0 1; 265 113 27 60 13 0 2; 307 114 23 59 23 0 1; 410 117 26 62 24 0 1; 230 132 17 34 35 0 3; ]
1700000281[246 115 22 54 9 0 1; 265 112 27 60 13 0 2; 307 114 23 60 23 0 1; 411 116 27 62 24 0 1; 229 132 17 34 35 0 3; ]
1700000282[245 114 21 54 9 0 1; 264 111 27 61 13 0 2; 306 113 23 60 23 0 1; 411 116 27 62 24 0 1; 228 132 16 34 35 0 3; ]
1700000283[244 113 21 54 9 0 1; 263 111 27 61 13 0 2; 305 113 23 60 23 0 1; 412 116 27 62 24 0 1; 227 132 16 34 35 0 3; ]
1700000284[243 113 21 54 9 0 1; 262 111 27 61 13 0 2; 304 113 23 60 23 0 1; 413 116 26 62 24 0 1; 226 132 16 34 35 0 3; ]
1700000285[243 113 21 54 9 0 1; 261 111 27 61 13 0 2; 303 113 23 60 23 0 1; 413 116 26 62 24 0 1; 225 132 16 34 35 0 3; ]
1700000286[242 113 21 54 9 0 1; 260 111 27 61 13 0 2; 302 113 23 60 23 0 1; 414 116 26 62 24 0 1; 225 132 16 34 35 0 3; ]
1700000287[241 113 21 54 9 0 1; 259 111 27 61 13 0 2; 301 113 23 60 23 0 1; 415 116 26 62 24 0 1; 224 131 16 34 35 0 3; ]
1700000288[240 113 21 54 9 0 1; 259 111 27 61 13 0 2; 301 113 23 60 23 0 1; 415 116 25 62 24 0 1; 223 131 16 34 35 0 3; ]
1700000289[239 112 22 55 9 0 1; 258 111 26 61 13 0 2; 300 112 23 59 23 0 1; 416 116 25 62 24 0 1; 222 130 16 34 35 0 3; ]
1700000290[237 110 23 55 9 0 1; 257 111 26 60 13 0 2; 300 112 22 59 23 0 1; 416 116 24 62 24 0 1; 221 129 16 34 35 0 3; ]
1700000291[236 110 23 55 9 0 1; 256 111 26 60 13 0 2; 299 111 22 59 23 0 1; 417 116 24 62 24 0 1; 220 128 16 34 35 0 3; ]
1700000292[235 110 23 55 9 0 1; 255 110 25 60 13 0 2; 299 111 22 59 23 0 1; 417 116 23 62 24 0 1; 219 127 16 35 35 0 3; 132 128 17 30 38 0 3; ]
1700000293[234 110 23 55 9 0 1; 254 109 25 61 13 0 2; 299 111 22 59 23 0 1; 417 116 23 62 24 0 1; 218 126 16 35 35 0 3; 131 127 16 32 38 0 3; ]
1700000294[233 110 23 55 9 0 1; 253 108 25 61 13 0 2; 299 111 22 59 23 0 1; 417 116 23 62 24 0 1; 217 126 16 35 35 0 3; 130 126 16 32 38 0 3; ]
1700000295[232 110 22 55 9 0 1; 251 107 24 61 13 0 2; 299 111 22 59 23 0 1; 417 116 23 62 24 0 1; 217 126 16 35 35 0 3; 129 126 16 33 38 0 3; ]
1700000296[232 109 22 55 9 0 1; 250 107 25 61 13 0 2; 299 111 22 59 23 0 1; 417 116 23 62 24 0 1; 216 126 16 35 35 0 3; 128 126 15 33 38 0 3; ]
1700000297[457 83 53 154 6 0 1; 231 108 22 55 9 0 1; 249 107 25 61 13 0 2; 299 111 22 59 23 0 1; 417 116 23 62 24 0 1; 215 126 16 35 35 0 3; 127 126 15 33 38 0 3; ]
1700000298[456 81 52 155 6 0 1; 230 108 22 55 9 0 1; 248 107 26 61 13 0 2; 299 111 22 59 23 0 1; 417 116 23 62 24 0 1; 215 126 16 35 35 0 3; 126 126 15 33 38 0 3; ]
1700000299[455 80 51 156 6 0 1; 229 107 22 55 9 0 1; 247 107 26 61 13 0 2; 299 111 22 59 23 0 1; 417 116 23 62 24 0 1; 214 126 16 35 35 0 3; 125 126 15 33 38 0 3; ]
1700000300[454 80 51 157 6 0 1; 228 107 22 55 9 0 1; 246 107 27 61 13 0 2; 299 111 22 59 23 0 1; 417 116 23 62 24 0 1; 213 126 16 35 35 0 3; 124 126 15 32 38 0 3; ]
1700000301[453 80 50 157 6 0 1; 226 107 23 55 9 0 1; 245 107 27 61 13 0 2; 299 111 22 59 23 0 1; 417 116 23 62 24 0 1; 212 126 16 34 35 0 3; 122 126 15 32 38 0 3; ]
1700000302[452 80 50 157 6 0 1; 224 107 23 55 9 0 1; 244 107 27 61 13 0 2; 299 111 22 59 23 0 1; 417 116 23 62 24 0 1; 211 126 16 34 35 0 3; 120 126 15 31 38 0 3; ]
1700000303[451 80 49 157 6 0 1; 223 107 23 55 9 0 1; 243 107 27 61 13 0 2; 299 111 22 59 23 0 1; 417 116 24 62 24 0 1; 210 126 16 33 35 0 3; 118 126 16 30 38 0 3; ]
1700000304[450 80 49 157 6 0 1; 222 107 24 55 9 0 1; 242 107 27 61 13 0 2; 299 111 22 59 23 0 1; 417 115 24 62 24 0 1; 209 126 16 32 35 0 3; 117 125 16 30 38 0 3; ]
1700000305[450 80 49 156 6 0 1; 221 106 24 56 9 0 1; 242 106 26 62 13 0 2; 299 110 22 59 23 0 1; 417 115 25 62 24 0 1; 208 124 16 32 35 0 3; 116 123 16 31 38 0 3; ]
1700000306[450 80 49 155 6 0 1; 220 105 24 57 9 0 1; 241 105 25 62 13 0 2; 299 110 22 59 23 0 1; 417 115 26 61 24 0 1; 207 123 16 33 35 0 3; 115 121 16 32 38 0 3; ]
1700000307[450 80 49 155 6 0 1; 220 104 24 59 9 0 1; 240 104 25 62 13 0 2; 299 110 22 59 23 0 1; 417 113 25 62 24 0 1; 206 122 16 33 35 0 3; 114 120 15 31 38 0 3; ]
1700000308[450 80 49 154 6 0 1; 219 104 24 57 9 0 1; 239 103 24 62 13 0 2; 299 109 22 59 23 0 1; 417 112 24 63 24 0 1; 205 121 17 34 35 0 3; 112 120 15 31 38 0 3; ]
1700000309[450 79 49 155 6 0 1; 218 104 24 55 9 0 1; 238 102 24 63 13 0 2; 300 108 21 60 23 0 1; 417 111 24 64 24 0 1; 204 121 17 34 35 0 3; 111 120 15 31 38 0 3; ]
1700000310[449 78 49 155 6 0 1; 216 104 23 54 9 0 1; 237 101 24 63 13 0 2; 301 106 21 60 23 0 1; 417 110 23 65 24 0 1; 202 121 17 34 35 0 3; 110 120 15 30 38 0 3; ]
1700000311[449 77 49 156 6 0 1; 215 104 23 54 9 0 1; 236 100 24 63 13 0 2; 301 105 20 61 23 0 1; 417 110 23 65 24 0 1; 201 121 17 34 35 0 3; 109 120 15 30 38 0 3; ]
1700000312[448 76 49 157 6 0 1; 214 104 23 54 9 0 1; 236 99 23 64 13 0 2; 301 105 20 61 23 0 1; 417 110 23 65 24 0 1; 199 121 18 34 35 0 3; 108 120 15 30 38 0 3; ]
1700000313[448 76 49 158 6 0 1; 212 104 24 54 9 0 1; 234 99 23 64 13 0 2; 301 105 20 61 23 0 1; 416 110 24 64 24 0 1; 198 121 18 34 35 0 3; 106 120 15 30 38 0 3; ]
1700000314[447 76 50 159 6 0 1; 211 104 24 55 9 0 1; 233 99 24 64 13 0 2; 301 105 21 61 23 0 1; 415 111 24 64 24 0 1; 197 121 18 34 35 0 3; 105 120 15 30 38 0 3; ]
1700000315[446 76 50 160 6 0 1; 210 104 24 55 9 0 1; 232 100 25 64 13 0 2; 301 105 21 61 23 0 1; 414 112 24 63 24 0 1; 195 121 18 34 35 0 3; 103 120 15 30 38 0 3; ]
1700000316[445 76 52 161 6 0 1; 208 104 24 56 9 0 1; 230 101 26 64 13 0 2; 301 105 22 61 23 0 1; 414 112 24 62 24 0 1; 194 122 18 34 35 0 3; 102 120 15 30 38 0 3; ]
1700000317[444 76 53 162 6 0 1; 206 104 24 57 9 0 1; 229 103 28 64 13 0 2; 301 105 23 61 23 0 1; 413 113 24 62 24 0 1; 193 122 18 34 35 0 3; 100 120 15 30 38 0 3; ]
1700000318[444 79 52 160 6 0 1; 205 104 24 58 9 0 1; 228 103 27 64 13 0 2; 301 106 22 62 23 0 1; 413 114 24 61 24 0 1; 192 123 18 35 35 0 3; 99 121 15 30 38 0 3; ]
1700000319[444 81 51 158 6 0 1; 203 104 23 60 9 0 1; 227 103 27 64 13 0 2; 301 108 22 63 23 0 1; 412 115 24 61 24 0 1; 191 125 18 35 35 0 3; 97 122 15 30 38 0 3; ]
1700000320[444 84 51 157 6 0 1; 201 104 24 60 9 0 1; 225 103 27 64 13 0 2; 301 109 21 63 23 0 1; 412 117 24 60 24 0 1; 190 125 18 35 35 0 3; 96 123 15 30 38 0 3; ]
1700000321[443 85 51 156 6 0 1; 200 105 24 59 9 0 1; 224 103 27 64 13 0 2; 301 110 21 63 23 0 1; 411 118 23 60 24 0 1; 189 126 18 35 35 0 3; 94 125 16 30 38 0 3; ]
1700000322[443 86 51 156 6 0 1; 198 106 24 59 9 0 1; 223 103 27 64 13 0 2; 301 110 21 64 23 0 1; 410 119 24 60 24 0 1; 188 126 18 34 35 0 3; 92 125 15 30 38 0 3; ]
1700000323[442 86 51 156 6 0 1; 197 106 24 59 9 0 1; 221 103 28 66 13 0 2; 301 110 21 64 23 0 1; 409 120 24 60 24 0 1; 187 127 18 34 35 0 3; 91 125 15 30 38 0 3; ]
1700000324[441 86 51 156 6 0 1; 195 106 24 59 9 0 1; 220 103 28 68 13 0 2; 300 110 22 64 23 0 1; 408 120 24 60 24 0 1; 186 127 18 33 35 0 3; 89 125 15 30 38 0 3; ]
1700000325[439 86 51 157 6 0 1; 194 107 24 59 9 0 1; 219 103 29 68 13 0 2; 299 110 23 64 23 0 1; 407 121 24 60 24 0 1; 87 125 15 30 38 0 3; ]
1700000326[438 86 52 158 6 0 1; 192 107 24 59 9 0 1; 217 103 29 68 13 0 2; 298 110 24 64 23 0 1; 406 121 24 60 24 0 1; 86 125 15 30 38 0 3; ]
1700000327[437 86 52 159 6 0 1; 190 107 23 59 9 0 1; 216 104 30 67 13 0 2; 298 110 24 64 23 0 1; 405 121 25 60 24 0 1; 84 125 15 30 38 0 3; ]
1700000328[437 86 52 160 6 0 1; 189 107 23 60 9 0 1; 214 106 30 66 13 0 2; 298 110 24 64 23 0 1; 404 121 25 61 24 0 1; 83 125 15 31 38 0 3; ]
1700000329[437 86 52 161 6 0 1; 187 107 23 61 9 0 1; 213 107 30 64 13 0 2; 298 110 24 64 23 0 1; 403 121 25 62 24 0 1; 82 125 15 31 38 0 3; ]
1700000330[437 86 52 163 6 0 1; 185 107 23 61 9 0 1; 211 107 31 65 13 0 2; 298 110 24 65 23 0 1; 402 121 25 62 24 0 1; 80 125 15 31 38 0 3; ]
1700000331[437 86 52 164 6 0 1; 183 107 23 61 9 0 1; 209 107 31 66 13 0 2; 298 111 24 65 23 0 1; 401 121 26 62 24 0 1; 79 126 15 32 38 0 3; ]
1700000332[437 86 52 164 6 0 1; 181 108 24 61 9 0 1; 207 107 32 67 13 0 2; 298 111 24 66 23 0 1; 400 121 26 62 24 0 1; 77 126 15 32 38 0 3; ]
1700000333[437 86 52 164 6 0 1; 179 109 24 61 9 0 1; 205 107 32 67 13 0 2; 299 112 23 67 23 0 1; 399 121 26 62 24 0 1; 75 127 15 32 38 0 3; ]
1700000334[437 86 52 164 6 0 1; 177 109 25 60 9 0 1; 203 108 33 67 13 0 2; 300 113 22 68 23 0 1; 398 122 26 62 24 0 1; 73 127 15 32 38 0 3; ]
1700000335[437 86 52 164 6 0 1; 174 110 26 60 9 0 1; 202 108 33 66 13 0 2; 300 114 21 69 23 0 1; 398 123 26 62 24 0 1; 70 128 16 32 38 0 3; ]
1700000336[437 86 52 164 6 0 1; 172 110 25 60 9 0 1; 200 109 33 66 13 0 2; 300 114 21 69 23 0 1; 397 124 27 61 24 0 1; 67 128 17 33 38 0 3; ]
1700000337[437 88 52 163 6 0 1; 171 110 25 61 9 0 1; 199 110 33 65 13 0 2; 300 115 21 70 23 0 1; 396 124 27 61 24 0 1; 66 128 16 33 38 0 3; ]
1700000338[436 90 53 163 6 0 1; 169 110 24 61 9 0 1; 197 110 34 65 13 0 2; 300 115 21 70 23 0 1; 395 124 27 61 24 0 1; 64 128 15 33 38 0 3; ]
1700000339[436 90 53 163 6 0 1; 168 110 23 62 9 0 1; 195 109 34 65 13 0 2; 299 115 23 70 23 0 1; 394 124 27 61 24 0 1; 63 128 15 33 38 0 3; ]
1700000340[436 90 53 163 6 0 1; 165 110 25 62 9 0 1; 193 108 34 66 13 0 2; 297 115 24 70 23 0 1; 393 124 28 61 24 0 1; 61 128 15 33 38 0 3; ]
1700000341[436 90 53 164 6 0 1; 162 110 26 62 9 0 1; 190 107 34 68 13 0 2; 296 115 26 70 23 0 1; 392 124 28 61 24 0 1; 59 128 15 33 38 0 3; ]
1700000342[436 88 53 165 6 0 1; 160 110 26 62 9 0 1; 188 105 35 70 13 0 2; 295 115 27 70 23 0 1; 391 124 28 61 24 0 1; 57 127 15 32 38 0 3; ]
1700000343[436 87 53 166 6 0 1; 157 110 27 62 9 0 1; 187 103 35 70 13 0 2; 294 114 28 70 23 0 1; 390 123 28 61 24 0 1; 56 126 15 32 38 0 3; ]
1700000344[436 87 53 166 6 0 1; 155 109 26 62 9 0 1; 186 102 36 70 13 0 2; 293 113 28 70 23 0 1; 389 122 29 61 24 0 1; 54 123 16 31 38 0 3; ]
1700000345[436 87 53 166 6 0 1; 154 107 26 62 9 0 1; 185 101 36 70 13 0 2; 292 112 29 70 23 0 1; 387 121 29 61 24 0 1; 52 122 16 31 38 0 3; ]
1700000346[436 87 53 166 6 0 1; 152 106 25 61 9 0 1; 183 100 37 70 13 0 2; 292 110 30 70 23 0 1; 386 121 29 61 24 0 1; 50 121 16 30 38 0 3; ]
1700000347[436 87 53 166 6 0 1; 151 105 24 61 9 0 1; 182 100 38 70 13 0 2; 291 109 30 70 23 0 1; 386 121 29 61 24 0 1; 48 121 16 30 38 0 3; ]
1700000348[436 87 53 166 6 0 1; 149 105 24 61 9 0 1; 180 100 39 70 13 0 2; 292 109 29 70 23 0 1; 385 121 29 61 24 0 1; 47 121 16 31 38 0 3; ]
1700000349[436 87 53 166 6 0 1; 147 105 24 61 9 0 1; 178 100 39 70 13 0 2; 293 109 28 70 23 0 1; 384 121 30 61 24 0 1; 46 121 16 31 38 0 3; ]
1700000350[436 87 53 166 6 0 1; 145 105 23 61 9 0 1; 176 100 40 70 13 0 2; 294 109 27 70 23 0 1; 384 121 30 61 24 0 1; 44 121 16 32 38 0 3; ]
1700000351[436 87 53 166 6 0 1; 144 105 23 61 9 0 1; 174 100 40 70 13 0 2; 295 109 26 70 23 0 1; 383 121 30 61 24 0 1; 43 121 16 33 38 0 3; ]
1700000352[436 86 53 167 6 0 1; 141 104 23 62 9 0 1; 174 100 40 70 13 0 2; 296 109 26 70 23 0 1; 382 119 29 62 24 0 1; 42 121 15 33 38 0 3; ]
1700000353[436 84 53 169 6 0 1; 139 104 23 62 9 0 1; 173 100 39 70 13 0 2; 296 108 26 70 23 0 1; 382 118 27 63 24 0 1; 40 121 15 33 38 0 3; ]
1700000354[436 81 53 172 6 0 1; 137 103 23 63 9 0 1; 172 100 38 70 13 0 2; 297 108 26 71 23 0 1; 381 118 26 64 24 0 1; 39 121 15 33 38 0 3; ]
1700000355[436 78 53 175 6 0 1; 135 103 23 64 9 0 1; 172 100 36 70 13 0 2; 297 107 26 71 23 0 1; 381 117 26 64 24 0 1; 38 121 15 33 38 0 3; ]
1700000356[436 78 55 176 6 0 1; 133 102 23 64 9 0 1; 168 98 22 72 14 0 1; 188 107 20 64 15 0 1; 298 106 26 72 23 0 1; 381 117 26 65 24 0 1; 36 121 15 33 38 0 3; ]
1700000357[437 78 57 176 6 0 1; 131 101 24 65 9 0 1; 167 99 23 70 14 0 1; 187 107 21 64 15 0 1; 298 106 26 72 23 0 1; 381 117 26 65 24 0 1; 35 121 15 32 38 0 3; ]
1700000358[437 78 58 177 6 0 1; 129 100 24 66 9 0 1; 166 100 23 69 14 0 1; 186 107 22 64 15 0 1; 298 107 26 72 23 0 1; 381 118 27 66 24 0 1; 33 122 15 31 38 0 3; 410 127 13 41 88 1 1; ]
1700000359[437 78 58 177 6 0 1; 128 100 24 66 9 0 1; 165 102 23 68 14 0 1; 185 107 23 64 15 0 1; 299 108 26 72 23 0 1; 381 119 28 66 24 0 1; 32 124 15 30 38 0 3; 409 128 15 42 88 1 1; ]
1700000360[438 80 58 178 6 0 1; 126 101 24 66 9 0 1; 164 103 23 67 14 0 1; 185 107 23 64 15 0 1; 299 110 26 72 23 0 1; 381 120 29 66 24 0 1; 408 129 16 43 88 1 1; ]
1700000361[440 85 57 179 6 0 1; 125 104 24 65 9 0 1; 163 105 23 67 14 0 1; 184 109 23 65 15 0 1; 300 113 26 71 23 0 1; 381 121 29 66 24 0 1; 407 130 17 44 88 1 1; ]
1700000362[442 90 56 179 6 0 1; 124 108 24 64 9 0 1; 162 107 23 68 14 0 1; 184 112 22 67 15 0 1; 300 116 27 71 23 0 1; 381 122 29 66 24 0 1; 406 132 18 44 88 1 1; ]
1700000363[443 92 55 180 6 0 1; 122 112 24 62 9 0 1; 160 110 23 69 14 0 1; 183 115 22 68 15 0 1; 301 118 26 71 23 0 1; 380 124 29 66 24 0 1; 27 130 16 30 38 0 3; 406 134 17 44 88 0 1; ]
1700000364[443 92 55 180 6 0 1; 121 114 24 63 9 0 1; 158 113 23 70 14 0 1; 182 118 22 68 15 0 1; 301 120 26 72 23 0 1; 380 127 29 66 24 0 1; 25 132 16 30 38 0 3; 405 138 17 44 88 0 1; ]
1700000365[444 92 56 181 6 0 1; 120 116 24 63 9 0 1; 156 115 22 71 14 0 1; 180 121 22 68 15 0 1; 302 122 26 72 23 0 1; 379 130 29 66 24 0 1; 24 135 16 31 38 0 3; 405 142 17 43 88 0 1; ]
1700000366[444 92 58 182 6 0 1; 119 118 24 64 9 0 1; 155 116 22 71 14 0 1; 179 122 22 68 15 0 1; 303 123 26 73 23 0 1; 378 134 29 66 24 0 1; 22 137 16 33 38 0 3; 405 144 17 43 88 0 1; ]
1700000367[444 92 60 183 6 0 1; 118 118 23 64 9 0 1; 154 116 22 71 14 0 1; 179 122 22 68 15 0 1; 304 123 26 73 23 0 1; 378 134 28 66 24 0 1; 21 137 16 33 38 0 3; 405 144 17 43 88 0 1; ]
1700000368[444 92 63 183 6 0 1; 117 118 23 64 9 0 1; 153 116 22 71 14 0 1; 179 122 22 68 15 0 1; 305 123 26 74 23 0 1; 378 134 27 66 24 0 1; 20 137 16 33 38 0 3; 405 144 17 43 88 0 1; ]
1700000369[445 92 63 186 6 0 1; 116 118 23 64 9 0 1; 153 116 23 71 14 0 1; 179 122 21 68 15 0 1; 306 123 26 75 23 0 1; 378 134 26 66 24 0 1; 19 137 16 33 38 0 3; 405 144 17 43 88 0 1; ]
1700000370[446 92 63 188 6 0 1; 116 118 22 64 9 0 1; 152 116 23 71 14 0 1; 179 122 21 68 15 0 1; 308 123 26 75 23 0 1; 378 134 26 66 24 0 1; 19 137 16 33 38 0 3; 405 144 17 43 88 0 1; ]
1700000371[447 92 63 190 6 0 1; 115 118 22 64 9 0 1; 152 116 23 71 14 0 1; 178 122 21 68 15 0 1; 309 123 27 76 23 0 1; 378 134 26 66 24 0 1; 18 137 16 33 38 0 3; 405 143 17 43 88 0 1; ]
1700000372[448 92 63 192 6 0 1; 115 118 22 64 9 0 1; 151 116 23 71 14 0 1; 177 122 21 68 15 0 1; 310 123 27 76 23 0 1; 379 134 26 66 24 0 1; 17 137 16 33 38 0 3; 405 142 17 44 88 0 1; ]
1700000373[114 118 23 64 9 0 1; 150 116 22 71 14 0 1; 177 122 21 68 15 0 1; 311 123 27 76 23 0 1; 379 134 26 67 24 0 1; 16 138 16 32 38 0 3; 405 141 18 45 88 0 1; ]
1700000374[113 118 24 64 9 0 1; 150 116 21 71 14 0 1; 176 122 21 68 15 0 1; 312 123 27 76 23 0 1; 380 134 27 68 24 0 1; 16 138 16 32 38 0 3; 405 140 19 47 88 0 1; ]
1700000375[112 118 24 64 9 0 1; 149 116 21 71 14 0 1; 175 122 21 68 15 0 1; 313 124 27 75 23 0 1; 380 134 28 68 24 0 1; 15 139 16 32 38 0 3; 403 139 21 52 74 1 2; ]
1700000376[111 118 25 64 9 0 1; 148 116 21 71 14 0 1; 175 122 21 69 15 0 1; 314 124 27 75 23 0 1; 381 134 28 68 24 0 1; 14 139 16 32 38 0 3; 403 139 21 51 74 1 2; ]
1700000377[110 117 25 64 9 0 1; 147 115 21 71 14 0 1; 175 121 21 70 15 0 1; 315 124 27 75 23 0 1; 380 132 46 68 25 0 2; 14 139 16 32 38 0 3; ]
1700000378[110 117 25 64 9 0 1; 147 113 21 73 14 0 1; 174 120 21 71 15 0 1; 317 123 26 75 23 0 1; 380 131 46 68 25 0 2; 13 138 16 32 38 0 3; ]
1700000379[109 116 26 64 9 0 1; 146 111 22 75 14 0 1; 174 118 21 72 15 0 1; 319 122 25 75 23 0 1; 380 131 46 68 25 0 2; 12 136 17 32 38 0 3; ]
1700000380[109 115 26 64 9 0 1; 145 108 22 76 14 0 1; 173 117 21 72 15 0 1; 321 120 25 75 23 0 1; 380 130 45 67 25 0 2; 12 134 17 32 38 0 3; ]
1700000381[108 113 25 64 9 0 1; 144 106 22 77 14 0 1; 173 116 21 72 15 0 1; 323 119 25 75 23 0 1; 380 129 45 67 25 0 2; 11 132 18 33 38 0 3; ]
1700000382[108 110 25 64 9 0 1; 143 104 22 77 14 0 1; 172 114 21 72 15 0 1; 324 117 24 76 23 0 1; 380 128 45 67 25 0 2; 8 128 16 34 38 0 3; ]
1700000383[107 108 25 65 9 0 1; 142 103 22 78 14 0 1; 172 111 22 72 15 0 1; 325 115 25 77 23 0 1; 381 126 45 68 25 0 2; 7 126 16 34 38 0 3; ]
1700000384[107 106 25 66 9 0 1; 141 101 22 78 14 0 1; 171 109 22 72 15 0 1; 326 113 25 78 23 0 1; 381 124 45 68 25 0 2; ]
1700000385[106 105 24 66 9 0 1; 140 99 22 78 14 0 1; 171 106 22 72 15 0 1; 327 111 26 80 23 0 1; 382 122 46 69 25 0 2; ]
1700000386[106 105 24 66 9 0 1; 139 98 22 78 14 0 1; 170 106 22 73 15 0 1; 328 109 26 81 23 0 1; 383 120 46 70 25 0 2; ]
1700000387[105 105 24 66 9 0 1; 139 98 22 78 14 0 1; 169 106 22 73 15 0 1; 329 109 27 82 23 0 1; 383 118 46 71 25 0 2; ]
1700000388[104 105 24 66 9 0 1; 138 98 23 78 14 0 1; 169 106 22 74 15 0 1; 329 109 27 82 23 0 1; 383 118 46 71 25 0 2; ]
1700000389[103 105 24 66 9 0 1; 137 98 23 78 14 0 1; 168 106 22 74 15 0 1; 330 109 27 82 23 0 1; 383 117 46 72 25 0 2; ]
1700000390[102 105 23 66 9 0 1; 136 98 23 78 14 0 1; 168 106 22 75 15 0 1; 331 109 28 81 23 0 1; 383 116 46 72 25 0 2; ]
1700000391[101 103 24 67 9 0 1; 136 98 23 78 14 0 1; 167 105 22 75 15 0 1; 332 109 28 80 23 0 1; 383 116 46 73 25 0 2; ]
1700000392[101 101 24 68 9 0 1; 135 97 24 78 14 0 1; 167 104 23 75 15 0 1; 333 109 28 79 23 0 1; 383 116 46 73 25 0 2; ]
1700000393[100 99 24 69 9 0 1; 134 95 24 78 14 0 1; 166 101 23 75 15 0 1; 334 105 28 79 23 0 1; 384 114 46 73 25 0 2; ]
1700000394[99 98 24 69 9 0 1; 134 92 24 78 14 0 1; 166 99 23 76 15 0 1; 336 102 29 79 23 0 1; 384 112 46 73 25 0 2; ]
1700000395[98 96 24 70 9 0 1; 133 90 24 78 14 0 1; 165 98 23 76 15 0 1; 337 100 29 79 23 0 1; 385 111 47 73 25 0 2; ]
1700000396[97 95 25 70 9 0 1; 132 89 24 78 14 0 1; 165 97 23 76 15 0 1; 338 98 29 79 23 0 1; 385 110 47 73 25 0 2; ]
1700000397[96 94 25 70 9 0 1; 132 89 24 78 14 0 1; 164 96 23 76 15 0 1; 340 98 29 79 23 0 1; 385 110 47 73 25 0 2; ]
1700000398[94 93 25 70 9 0 1; 131 89 24 78 14 0 1; 164 96 23 75 15 0 1; 341 98 29 79 23 0 1; 385 110 47 73 25 0 2; ]
1700000399[93 92 25 70 9 0 1; 131 89 24 78 14 0 1; 163 95 23 75 15 0 1; 343 99 28 79 23 0 1; 385 110 48 73 25 0 2; ]
1700000400[92 92 26 70 9 0 1; 131 89 24 78 14 0 1; 163 95 23 75 15 0 1; 345 100 28 79 23 0 1; 385 110 48 73 25 0 2; ]
1700000401[91 92 26 70 9 0 1; 130 89 23 78 14 0 1; 162 95 24 75 15 0 1; 346 101 27 79 23 0 1; 385 110 49 73 25 0 2; ]
1700000402[90 92 26 70 9 0 1; 130 88 23 79 14 0 1; 162 95 25 75 15 0 1; 348 101 27 79 23 0 1; 385 110 49 73 25 0 2; ]
1700000403[90 92 26 70 9 0 1; 129 88 23 80 14 0 1; 161 95 25 75 15 0 1; 349 101 27 80 23 0 1; 385 110 50 74 25 0 2; ]
1700000404[89 92 26 70 9 0 1; 128 87 23 81 14 0 1; 160 95 25 75 15 0 1; 350 101 27 80 23 0 1; 385 109 50 74 25 0 2; ]
1700000405[89 92 26 70 9 0 1; 128 86 23 82 14 0 1; 160 95 26 75 15 0 1; 351 101 27 80 23 0 1; 385 108 51 75 25 0 2; ]
1700000406[88 89 26 71 9 0 1; 127 84 23 83 14 0 1; 159 94 25 75 15 0 1; 353 100 27 81 23 0 1; 385 107 51 77 25 0 2; ]
1700000407[87 86 26 72 9 0 1; 126 83 23 84 14 0 1; 159 92 25 76 15 0 1; 354 99 28 82 23 0 1; 385 106 52 78 25 0 2; ]
1700000408[86 85 26 73 9 0 1; 125 81 24 84 14 0 1; 158 90 25 77 15 0 1; 354 97 30 82 23 0 1; 385 104 52 78 25 0 2; ]
1700000409[86 84 26 73 9 0 1; 124 79 25 85 14 0 1; 158 88 25 78 15 0 1; 355 95 31 82 23 0 1; 385 103 52 78 25 0 2; ]
1700000410[85 83 26 73 9 0 1; 123 78 25 85 14 0 1; 157 87 24 78 15 0 1; 356 94 31 82 23 0 1; 385 101 52 78 25 0 2; ]
1700000411[84 84 25 73 9 0 1; 122 77 26 85 14 0 1; 157 87 24 79 15 0 1; 357 94 31 82 23 0 1; 385 100 52 78 25 0 2; ]
1700000412[83 85 25 73 9 0 1; 121 77 26 85 14 0 1; 156 87 25 79 15 0 1; 358 94 31 82 23 0 1; 385 100 52 78 25 0 2; ]
1700000413[83 86 25 73 9 0 1; 121 78 26 85 14 0 1; 155 88 25 79 15 0 1; 360 96 30 81 23 0 1; 385 100 52 78 25 0 2; ]
1700000414[82 88 25 73 9 0 1; 120 79 26 85 14 0 1; 155 89 25 79 15 0 1; 363 99 27 80 23 0 1; 385 100 52 78 25 0 2; ]
1700000415[81 88 24 73 9 0 1; 119 81 27 85 14 0 1; 154 90 26 79 15 0 1; 364 100 26 79 23 0 1; 385 100 52 78 25 0 2; ]
1700000416[81 88 24 73 9 0 1; 119 83 27 85 14 0 1; 153 90 26 79 15 0 1; 368 99 70 84 26 0 2; ]
1700000417[80 88 24 73 9 0 1; 119 83 26 85 14 0 1; 152 90 26 79 15 0 1; 369 98 68 84 26 0 2; ]
1700000418[80 88 24 73 9 0 1; 119 83 26 84 14 0 1; 151 90 27 79 15 0 1; 370 97 67 84 26 0 2; ]
1700000419[79 88 24 73 9 0 1; 119 83 26 83 14 0 1; 151 90 27 79 15 0 1; 371 97 66 84 26 0 2; ]
1700000420[79 88 23 73 9 0 1; 119 83 26 83 14 0 1; 151 90 27 79 15 0 1; 372 96 66 84 26 0 2; ]
1700000421[78 85 24 75 9 0 1; 119 83 26 83 14 0 1; 151 90 26 80 15 0 1; 372 95 66 84 26 0 2; ]
1700000422[78 83 25 76 9 0 1; 118 83 26 83 14 0 1; 151 88 26 81 15 0 1; 371 95 67 85 26 0 2; ]
1700000423[77 82 26 77 9 0 1; 116 83 26 83 14 0 1; 151 86 25 82 15 0 1; 370 94 69 87 26 0 2; ]
1700000424[76 81 26 78 9 0 1; 114 83 27 83 14 0 1; 151 84 25 83 15 0 1; 369 93 72 89 26 0 2; ]
1700000425[76 81 27 78 9 0 1; 111 83 28 83 14 0 1; 151 83 24 83 15 0 1; 368 93 74 91 26 0 2; ]
1700000426[75 81 27 79 9 0 1; 109 83 29 83 14 0 1; 150 84 24 83 15 0 1; 367 93 77 91 26 0 2; ]
1700000427[74 83 27 79 9 0 1; 107 83 30 83 14 0 1; 150 85 25 83 15 0 1; 367 93 78 91 26 0 2; ]
1700000428[74 85 28 79 9 0 1; 105 83 32 85 14 0 1; 149 87 25 83 15 0 1; 366 95 80 91 26 0 2; ]
1700000429[73 86 28 79 9 0 1; 103 83 34 86 14 0 1; 147 90 25 83 15 0 1; 366 97 82 89 26 0 2; ]
1700000430[72 88 28 79 9 0 1; 101 83 36 88 14 0 1; 146 94 26 83 15 0 1; 365 100 83 88 26 0 2; ]
1700000431[72 89 28 79 9 0 1; 100 83 38 90 14 0 1; 145 94 26 84 15 0 1; 365 104 85 85 26 0 2; ]
1700000432[71 91 28 79 9 0 1; 98 84 39 90 14 0 1; 144 94 27 85 15 0 1; 360 104 89 87 26 0 2; ]
1700000433[71 92 28 78 9 0 1; 96 85 40 90 14 0 1; 143 94 27 86 15 0 1; 358 104 92 87 26 0 2; ]
1700000434[70 93 28 78 9 0 1; 95 85 41 90 14 0 1; 143 94 28 86 15 0 1; 356 104 93 88 26 0 2; ]
1700000435[70 94 28 77 9 0 1; 94 86 41 90 14 0 1; 143 94 28 87 15 0 1; 356 104 94 88 26 0 2; ]
1700000436[69 94 27 78 9 0 1; 94 87 41 90 14 0 1; 143 95 28 87 15 0 1; 356 104 94 88 26 0 2; ]
1700000437[69 94 27 80 9 0 1; 94 88 41 90 14 0 1; 143 96 27 87 15 0 1; 410 121 39 58 26 0 2; 353 103 33 91 27 0 1; 383 105 29 88 28 0 1; ]
1700000438[68 94 27 81 9 0 1; 94 89 40 90 14 0 1; 143 97 27 87 15 0 1; 410 121 39 58 26 0 2; 351 105 36 89 27 0 1; 383 105 30 88 28 0 1; ]
1700000439[67 94 27 82 9 0 1; 94 89 39 90 14 0 1; 143 98 27 87 15 0 1; 410 121 39 58 26 0 2; 349 107 38 88 27 0 1; 383 105 30 88 28 0 1; ]
1700000440[67 94 27 82 9 0 1; 94 90 38 90 14 0 1; 143 99 27 87 15 0 1; 410 121 39 58 26 0 2; 347 108 40 87 27 0 1; 384 105 31 88 28 0 1; ]
1700000441[66 94 27 82 9 0 1; 94 90 38 90 14 0 1; 142 99 27 87 15 0 1; 410 121 39 58 26 0 2; 345 108 41 87 27 0 1; 385 105 31 88 28 0 1; ]
1700000442[65 94 27 82 9 0 1; 94 90 38 90 14 0 1; 142 99 27 87 15 0 1; 410 121 39 58 26 1 2; 343 109 41 87 27 0 1; 385 105 31 88 28 0 1; ]
1700000443[64 94 28 82 9 0 1; 93 90 38 90 14 0 1; 142 99 27 87 15 0 1; 410 121 39 58 26 1 2; 342 108 41 88 27 0 1; 386 105 31 88 28 0 1; ]
1700000444[63 94 29 82 9 0 1; 92 90 38 90 14 0 1; 141 99 27 87 15 0 1; 410 121 39 58 26 1 2; 340 107 39 90 27 0 1; 387 105 31 88 28 0 1; ]
1700000445[62 94 29 82 9 0 1; 91 90 38 90 14 0 1; 140 99 28 87 15 0 1; 410 121 39 58 26 1 2; 339 105 36 92 27 0 1; 389 105 30 88 28 0 1; ]
1700000446[61 94 29 82 9 0 1; 90 90 38 90 14 0 1; 140 98 27 88 15 0 1; 410 121 39 58 26 1 2; 337 104 34 94 27 0 1; 390 105 30 88 28 0 1; ]
1700000447[60 94 30 82 9 0 1; 89 89 40 91 14 0 1; 140 98 27 89 15 0 1; 411 121 39 58 26 1 2; 335 103 34 95 27 0 1; 391 105 30 88 28 0 1; ]
1700000448[59 93 30 83 9 0 1; 88 88 41 92 14 0 1; 140 97 27 90 15 0 1; 411 121 40 58 26 1 2; 333 102 34 95 27 0 1; 392 105 30 88 28 0 1; ]
1700000449[58 92 30 83 9 0 1; 88 87 42 92 14 0 1; 140 96 27 90 15 0 1; 411 121 41 58 26 1 2; 330 101 35 95 27 0 1; 393 104 31 89 28 0 1; ]
1700000450[56 92 30 84 9 0 1; 87 86 42 93 14 0 1; 140 95 27 90 15 0 1; 411 121 43 58 26 1 2; 326 100 37 95 27 0 1; 394 102 31 90 28 0 1; ]
1700000451[55 90 30 85 9 0 1; 86 84 43 94 14 0 1; 140 94 27 90 15 0 1; 410 120 46 58 26 1 2; 322 99 39 94 27 0 1; 395 100 32 92 28 0 1; ]
1700000452[54 88 30 85 9 0 1; 85 82 42 95 14 0 1; 138 93 28 90 15 0 1; 406 118 51 59 26 1 2; 317 99 43 94 27 0 1; 395 98 34 94 28 0 1; ]
1700000453[53 87 31 86 9 0 1; 85 80 42 96 14 0 1; 137 91 28 90 15 0 1; 403 116 55 61 26 1 2; 315 97 46 94 27 0 1; 397 97 34 95 28 0 1; ]
1700000454[52 85 31 86 9 0 1; 84 77 41 97 14 0 1; 135 90 29 90 15 0 1; 401 115 57 61 26 1 2; 312 96 48 95 27 0 1; 398 96 34 96 28 0 1; ]
1700000455[51 84 31 87 9 0 1; 83 75 41 97 14 0 1; 135 88 29 90 15 0 1; 401 114 57 61 26 1 2; 310 94 49 95 27 0 1; 400 95 34 97 28 0 1; ]
1700000456[49 83 32 87 9 0 1; 83 75 40 98 14 0 1; 135 87 29 91 15 0 1; 401 113 57 61 26 1 2; 308 93 49 96 27 0 1; 401 94 34 97 28 0 1; ]
1700000457[48 82 32 88 9 0 1; 82 75 40 98 14 0 1; 135 85 29 92 15 0 1; 401 113 57 61 26 1 2; 306 92 49 96 27 0 1; 402 94 34 98 28 0 1; ]
1700000458[46 82 32 89 9 0 1; 81 75 40 98 14 0 1; 135 84 28 93 15 0 1; 401 112 57 61 26 1 2; 304 90 48 97 27 0 1; 403 94 34 98 28 0 1; ]
1700000459[44 81 33 90 9 0 1; 79 75 40 98 14 0 1; 135 82 28 95 15 0 1; 401 112 57 61 26 1 2; 303 89 44 98 27 0 1; 404 94 34 98 28 0 1; ]
1700000460[43 81 34 90 9 0 1; 78 75 40 98 14 0 1; 135 81 27 98 15 0 1; 401 112 57 61 26 1 2; 302 88 39 100 27 0 1; 405 94 34 98 28 0 1; ]
1700000461[41 81 34 90 9 0 1; 77 75 40 98 14 0 1; 134 81 27 98 15 0 1; 401 112 57 61 26 1 2; 301 87 35 101 27 0 1; 406 94 34 98 28 0 1; ]
1700000462[40 81 35 90 9 0 1; 75 75 41 98 14 0 1; 133 81 28 98 15 0 1; 401 112 57 61 26 1 2; 299 87 34 101 27 0 1; 407 94 34 98 28 0 1; ]
1700000463[38 81 35 90 9 0 1; 73 75 41 98 14 0 1; 132 81 29 98 15 0 1; 401 112 57 61 26 1 2; 296 87 34 101 27 0 1; 408 94 34 98 28 0 1; ]
1700000464[36 81 36 90 9 0 1; 72 75 42 98 14 0 1; 131 81 29 98 15 0 1; 401 112 57 61 26 1 2; 293 87 36 101 27 0 1; 409 94 34 98 28 0 1; ]
1700000465[35 81 37 90 9 0 1; 70 75 43 98 14 0 1; 130 81 29 98 15 0 1; 401 112 57 61 26 1 2; 288 87 39 101 27 0 1; 410 94 34 98 28 0 1; ]
1700000466[34 79 37 91 9 0 1; 68 75 44 98 14 0 1; 129 81 29 98 15 0 1; 401 112 57 61 26 1 2; 283 87 43 101 27 0 1; 410 93 34 98 28 0 1; ]
1700000467[32 78 36 92 9 0 1; 66 74 45 98 14 0 1; 128 81 29 98 15 0 1; 401 112 57 61 26 1 2; 278 87 48 101 27 0 1; 411 93 34 99 28 0 1; 103 115 18 39 41 0 1; ]
1700000468[31 77 36 93 9 0 1; 64 74 46 98 14 0 1; 128 81 29 98 15 0 1; 401 112 57 61 26 1 2; 275 86 48 102 27 0 1; 413 91 33 101 28 0 1; 103 115 18 39 41 0 1; ]
1700000469[30 77 36 94 9 0 1; 61 73 48 99 14 0 1; 127 81 29 98 15 0 1; 401 112 57 61 26 1 2; 273 85 47 102 27 0 1; 415 90 32 104 28 0 1; 102 115 17 39 41 0 1; ]
1700000470[28 77 36 94 9 0 1; 59 73 49 99 14 0 1; 126 81 29 98 15 0 1; 401 112 57 61 26 1 2; 270 85 47 103 27 0 1; 416 90 32 106 28 0 1; 101 115 17 39 41 0 1; ]
1700000471[27 78 36 94 9 0 1; 58 72 49 100 14 0 1; 124 81 29 98 15 0 1; 401 112 57 61 26 1 2; 268 84 46 103 27 0 1; 417 89 31 107 28 0 1; 101 115 17 39 41 0 1; ]
1700000472[25 79 35 94 9 0 1; 56 73 49 101 14 0 1; 123 82 29 99 15 0 1; 401 112 57 61 26 1 2; 265 84 45 104 27 0 1; 417 89 31 107 28 0 1; 100 116 17 39 41 0 1; ]
1700000473[24 82 35 94 9 0 1; 54 74 49 102 14 0 1; 122 83 29 100 15 0 1; 401 112 57 61 26 1 2; 263 85 43 104 27 0 1; 417 90 31 107 28 0 1; 100 118 16 38 41 0 1; ]
1700000474[22 84 35 94 9 0 1; 53 76 49 103 14 0 1; 120 84 30 101 15 0 1; 401 112 57 61 26 1 2; 260 85 41 105 27 0 1; 417 92 31 106 28 0 1; 99 121 16 37 41 0 1; ]
1700000475[20 86 35 94 9 0 1; 52 78 49 104 14 0 1; 119 86 30 102 15 0 1; 399 114 58 61 26 1 2; 257 86 39 105 27 0 1; 417 95 31 106 28 0 1; 99 123 16 36 41 0 1; ]
1700000476[18 87 35 94 9 0 1; 51 81 49 105 14 0 1; 116 88 31 103 15 0 1; 398 116 59 62 26 1 2; 255 87 37 106 27 0 1; 417 97 31 105 28 0 1; 98 125 16 37 41 0 1; ]
1700000477[16 88 35 95 9 0 1; 48 84 51 103 14 0 1; 114 90 31 104 15 0 1; 397 118 60 62 26 1 2; 251 88 36 106 27 0 1; 417 98 31 105 28 0 1; 96 127 17 38 41 0 1; ]
1700000478[14 89 35 95 9 0 1; 46 86 52 102 14 0 1; 112 92 31 104 15 0 1; 396 119 61 62 26 1 2; 248 89 36 106 27 0 1; 417 98 31 105 28 0 1; 95 129 17 39 41 0 1; ]
1700000479[12 91 35 96 9 0 1; 43 88 54 102 14 0 1; 110 94 31 105 15 0 1; 395 119 61 62 26 1 2; 243 90 38 106 27 0 1; 417 98 32 106 28 0 1; 94 129 17 39 41 0 1; ]
1700000480[10 92 36 98 9 0 1; 41 90 55 101 14 0 1; 109 94 31 105 15 0 1; 395 119 61 63 26 1 2; 239 92 41 106 27 0 1; 417 98 33 107 28 0 1; 93 129 17 39 41 0 1; ]
1700000481[8 92 35 98 9 0 1; 38 90 56 101 14 0 1; 108 94 31 105 15 0 1; 395 119 61 64 26 1 2; 233 94 45 106 27 0 1; 417 98 34 108 28 0 1; 92 129 17 39 41 0 1; ]
1700000482[7 92 35 98 9 0 1; 36 90 57 102 14 0 1; 107 94 30 105 15 0 1; 395 119 61 64 26 1 2; 228 95 49 106 27 0 1; 417 98 35 110 28 0 1; 90 129 17 39 41 0 1; ]
1700000483[5 92 35 98 9 0 1; 34 90 59 103 14 0 1; 106 94 30 105 15 0 1; 395 119 61 65 26 1 2; 226 95 45 106 27 0 1; 418 98 35 111 28 0 1; 89 130 17 40 41 0 1; ]
1700000484[3 92 35 98 9 0 1; 32 90 60 104 14 0 1; 105 94 29 105 15 0 1; 395 119 61 65 26 1 2; 223 95 41 107 27 0 1; 419 99 35 112 28 0 1; 88 131 17 41 41 0 1; ]
1700000485[1 92 35 98 9 0 1; 29 90 61 106 14 0 1; 104 94 29 105 15 0 1; 395 120 61 65 26 1 2; 220 95 39 107 27 0 1; 420 99 35 114 28 0 1; 87 131 18 41 41 0 1; ]
1700000486[27 90 62 107 14 0 1; 103 94 29 105 15 0 1; 395 120 61 64 26 1 2; 217 95 37 108 27 0 1; 420 100 35 115 28 0 1; 86 132 18 41 41 0 1; ]
1700000487[24 90 63 108 14 0 1; 101 95 29 105 15 0 1; 394 122 61 64 26 1 2; 213 95 37 108 27 0 1; 420 100 35 116 28 0 1; 85 133 18 41 41 0 1; ]
1700000488[22 90 64 109 14 0 1; 99 96 29 106 15 0 1; 393 123 62 63 26 1 2; 209 95 38 109 27 0 1; 420 101 35 117 28 0 1; 84 133 19 41 41 0 1; ]
1700000489[19 90 65 110 14 0 1; 96 97 30 106 15 0 1; 392 124 62 62 26 1 2; 203 95 41 111 27 0 1; 420 102 36 117 28 0 1; 82 134 19 41 41 0 1; ]
1700000490[15 90 66 111 14 0 1; 94 98 30 107 15 0 1; 391 126 61 62 26 1 2; 198 95 44 112 27 0 1; 420 103 37 118 28 0 1; 81 134 19 40 41 0 1; ]
1700000491[12 90 66 112 14 0 1; 92 98 32 108 15 0 1; 389 127 60 61 26 1 2; 192 95 47 113 27 0 1; 420 103 38 119 28 0 1; 80 134 19 40 41 0 1; 481 146 17 36 53 1 1; ]
1700000492[10 90 66 112 14 0 1; 89 98 33 109 15 0 1; 388 128 60 61 26 1 2; 187 95 49 113 27 0 1; 420 104 38 119 28 0 1; 79 134 19 40 41 0 1; 480 146 17 36 53 1 1; ]
1700000493[7 90 67 112 14 0 1; 87 98 34 110 15 0 1; 387 129 60 61 26 1 2; 182 95 50 113 27 0 1; 420 104 38 120 28 0 1; 77 134 19 40 41 0 1; 479 146 17 36 53 1 1; ]
1700000494[4 90 67 112 14 0 1; 85 98 34 111 15 0 1; 386 129 60 61 26 1 2; 178 95 51 113 27 0 1; 420 103 38 120 28 0 1; 76 134 18 41 41 0 1; 477 146 17 36 53 1 1; ]
1700000495[1 90 67 112 14 0 1; 83 98 35 112 15 0 1; 386 129 60 62 26 1 2; 173 95 52 113 27 0 1; 420 103 38 121 28 0 1; 74 134 18 41 41 0 1; 476 146 17 36 53 1 1; ]
1700000496[80 97 34 113 15 0 1; 385 127 61 63 26 1 2; 169 95 53 113 27 0 1; 420 102 38 121 28 0 1; 73 134 17 40 41 1 1; 474 146 16 36 53 1 1; ]
1700000497[78 96 34 114 15 0 1; 384 125 62 65 26 1 2; 165 95 53 113 27 0 1; 420 101 38 122 28 0 1; 71 134 17 39 41 1 1; 473 144 16 36 53 1 1; ]
1700000498[76 95 33 115 15 0 1; 384 124 63 67 26 1 2; 162 94 47 114 27 0 1; 420 101 38 123 28 0 1; 69 134 17 39 41 1 1; 471 143 16 36 53 1 1; ]
1700000499[74 93 33 116 15 0 1; 383 123 63 67 26 1 2; 158 93 43 114 27 0 1; 420 101 38 125 28 0 1; 67 134 18 39 41 1 1; 469 142 15 36 53 1 1; ]
1700000500[71 93 32 117 15 0 1; 382 123 63 67 26 1 2; 154 92 40 115 27 0 1; 420 101 38 126 28 0 1; 66 134 19 39 41 1 1; 467 141 15 36 53 1 1; ]
1700000501[69 93 32 118 15 0 1; 381 124 63 67 26 1 2; 149 92 39 116 27 0 1; 420 101 38 127 28 0 1; 64 134 19 39 41 1 1; 464 142 16 36 53 1 1; ]
1700000502[66 93 33 118 15 0 1; 380 125 63 67 26 1 2; 144 92 38 117 27 0 1; 420 101 38 128 28 0 1; 63 134 19 40 41 1 1; 461 144 16 36 53 1 1; ]
1700000503[63 94 33 119 15 0 1; 379 127 62 66 26 1 2; 137 92 40 118 27 0 1; 420 102 38 128 28 0 1; 62 134 18 43 41 1 1; 460 145 18 36 53 1 1; ]
1700000504[60 95 34 120 15 0 1; 378 129 62 65 26 1 2; 130 92 45 120 27 0 1; 420 102 38 129 28 0 1; ]
1700000505[58 96 35 121 15 0 1; 377 129 62 65 26 0 2; 122 92 51 122 27 0 1; 420 103 38 129 28 0 1; ]
1700000506[55 94 35 121 15 0 1; 376 129 62 65 26 0 2; 115 92 55 124 27 0 1; 420 103 38 130 28 0 1; ]
1700000507[53 92 36 122 15 0 1; 374 129 63 65 26 0 2; 109 92 57 125 27 0 1; 420 104 38 130 28 0 1; ]
1700000508[50 91 36 123 15 0 1; 373 129 63 65 26 0 2; 104 91 57 127 27 0 1; 420 104 38 131 28 0 1; ]
1700000509[48 90 36 124 15 0 1; 372 129 64 65 26 0 2; 99 90 56 128 27 0 1; 420 103 38 132 28 0 1; ]
1700000510[45 89 37 124 15 0 1; 370 128 65 66 26 0 2; 95 89 54 129 27 0 1; 420 102 38 133 28 0 1; ]
1700000511[42 89 37 124 15 0 1; 369 127 66 67 26 0 2; 92 87 51 130 27 0 1; 420 100 38 134 28 0 1; ]
1700000512[39 89 38 125 15 0 1; 368 124 68 70 26 0 2; 89 86 46 131 27 0 1; 420 99 38 135 28 0 1; ]
1700000513[36 89 39 125 15 0 1; 367 123 69 71 26 0 2; 84 86 45 131 27 0 1; 420 99 39 135 28 0 1; ]
1700000514[33 89 39 125 15 0 1; 366 122 70 72 26 0 2; 78 86 45 131 27 0 1; 419 99 39 136 28 0 1; ]
1700000515[30 89 39 125 15 0 1; 364 122 70 72 26 0 2; 72 86 45 131 27 0 1; 419 99 40 137 28 0 1; ]
1700000516[27 89 39 126 15 0 1; 363 122 70 72 26 0 2; 65 86 45 131 27 0 1; 418 99 40 138 28 0 1; ]
1700000517[24 88 39 127 15 0 1; 361 122 71 72 26 0 2; 59 86 45 131 27 0 1; 418 99 40 139 28 0 1; ]
1700000518[22 87 39 128 15 0 1; 359 122 71 72 26 0 2; 52 86 47 132 27 0 1; 418 98 40 140 28 0 1; ]
1700000519[19 86 39 130 15 0 1; 357 122 71 72 26 0 2; 44 86 52 133 27 0 1; 418 97 40 141 28 0 1; ]
1700000520[16 84 39 131 15 0 1; 355 120 71 72 26 0 2; 36 86 58 135 27 0 1; 418 96 40 143 28 0 1; ]
1700000521[13 81 77 139 16 0 2; 354 118 72 72 26 0 2; 418 94 40 144 28 0 1; ]
1700000522[9 77 73 140 16 0 2; 352 116 72 73 26 0 2; 418 92 40 146 28 0 1; ]
1700000523[4 74 70 141 16 0 2; 351 114 73 73 26 0 2; 418 89 41 147 28 0 1; ]
1700000524[349 112 73 73 26 0 2; 416 86 41 148 28 0 1; ]
1700000525[347 109 73 74 26 0 2; 415 82 43 150 28 0 1; ]
1700000526[345 106 74 76 26 0 2; 413 78 44 151 28 0 1; ]
1700000527[344 103 74 77 26 0 2; 410 73 46 152 28 0 1; ]
1700000528[342 100 74 79 26 0 2; 410 75 46 152 28 0 1; ]
1700000529[340 99 74 79 26 0 2; 410 76 47 152 28 0 1; ]
1700000530[338 99 75 79 26 0 2; 409 77 47 152 28 0 1; ]
1700000531[336 100 75 79 26 0 2; 409 78 48 152 28 0 1; ]
1700000532[334 102 76 79 26 0 2; 408 78 48 152 28 0 1; ]
1700000533[332 104 77 79 26 0 2; 407 78 49 152 28 0 1; ]
1700000534[330 107 78 79 26 0 2; 405 77 50 153 28 0 1; ]
1700000535[328 106 78 79 26 0 2; 402 76 51 154 28 0 1; ]
1700000536[327 105 78 79 26 0 2; 400 75 52 155 28 0 1; ]
1700000537[325 104 79 79 26 0 2; 398 75 53 156 28 0 1; ]
1700000538[323 104 79 79 26 0 2; 396 75 53 157 28 0 1; ]
1700000539[322 104 79 79 26 0 2; 394 75 54 158 28 0 1; ]
1700000540[320 104 79 80 26 0 2; 393 75 54 160 28 0 1; ]
1700000541[318 104 79 82 26 0 2; 391 75 55 162 28 0 1; ]
1700000542[317 104 79 85 26 0 2; 390 75 55 164 28 0 1; ]
1700000543[315 104 79 87 26 0 2; 389 74 55 166 28 0 1; ]
1700000544[313 104 79 88 26 0 2; 388 73 55 169 28 0 1; ]
1700000545[311 103 79 88 26 0 2; 387 73 55 171 28 0 1; ]
1700000546[308 103 80 88 26 0 2; 386 72 55 172 28 0 1; ]
1700000547[306 102 81 88 26 0 2; 385 71 55 174 28 0 1; ]
1700000548[303 100 82 87 26 0 2; 385 70 55 175 28 0 1; ]
1700000549[300 99 83 87 26 0 2; 384 69 54 176 28 0 1; ]
1700000550[299 99 84 87 26 0 2; 384 68 53 177 28 0 1; ]
1700000551[298 99 84 87 26 0 2; 384 67 52 177 28 0 1; ]
1700000552[297 99 84 87 26 0 2; 383 66 52 179 28 0 1; ]
1700000553[296 99 84 87 26 0 2; 382 65 52 180 28 0 1; ]
1700000554[295 99 85 87 26 0 2; 382 64 52 182 28 0 1; ]
1700000555[293 99 85 87 26 0 2; 381 62 53 184 28 0 1; ]
1700000556[292 99 85 87 26 0 2; 380 61 55 187 28 0 1; ]
1700000557[291 99 85 87 26 0 2; 378 59 56 189 28 0 1; ]
1700000558[290 99 86 87 26 0 2; 379 58 57 193 28 0 1; ]
1700000559[290 99 86 87 26 0 2; 379 56 57 196 28 0 1; ]
1700000560[290 99 86 87 26 0 2; 379 55 58 199 28 0 1; ]
1700000561[290 98 86 88 26 0 2; 379 54 58 202 28 0 1; ]
1700000562[290 97 86 89 26 0 2; 380 53 58 205 28 0 1; ]
1700000563[290 95 86 90 26 0 2; 381 52 59 208 28 0 1; ]
1700000564[290 94 86 91 26 0 2; 383 51 59 211 28 0 1; ]
1700000565[291 92 87 92 26 0 2; 386 51 59 213 28 0 1; ]
1700000566[291 91 89 93 26 0 2; 389 50 59 216 28 0 1; ]
1700000567[292 90 90 94 26 0 2; 392 49 60 219 28 0 1; ]
1700000568[292 89 92 95 26 0 2; 394 49 60 221 28 0 1; ]
1700000569[292 89 94 96 26 0 2; 396 48 61 224 28 0 1; ]
1700000570[292 90 95 98 26 0 2; 398 47 63 227 28 0 1; ]
1700000571[292 90 97 99 26 0 2; 400 46 65 230 28 0 1; ]
1700000572[292 92 99 100 26 0 2; 402 46 66 233 28 0 1; ]
1700000573[292 92 101 101 26 0 2; 407 44 67 239 28 0 1; ]
1700000574[292 93 102 102 26 0 2; 413 42 68 244 28 0 1; ]
1700000575[293 93 102 103 26 0 2; 419 39 69 250 28 0 1; ]
1700000576[294 93 102 104 26 0 2; 425 36 70 255 28 0 1; ]
1700000577[296 92 102 104 26 0 2; 432 34 71 261 28 0 1; ]
1700000578[298 91 103 105 26 0 2; 439 30 72 267 28 0 1; ]
1700000579[300 90 103 105 26 0 2; ]
1700000580[303 89 102 107 26 0 2; ]
1700000581[306 87 102 108 26 0 2; ]
1700000582[309 86 102 110 26 0 2; ]
1700000583[311 85 102 110 26 0 2; ]
1700000584[314 84 102 111 26 0 2; ]
1700000585[316 84 102 111 26 0 2; ]
1700000586[318 84 103 111 26 0 2; ]
1700000587[320 84 105 111 26 0 2; ]
1700000588[323 84 106 111 26 0 2; ]
1700000589[325 84 107 111 26 0 2; ]
1700000590[328 84 108 111 26 0 2; ]
1700000591[331 83 109 112 26 0 2; ]
1700000592[334 81 110 114 26 0 2; ]
1700000593[337 79 110 116 26 0 2; ]
1700000594[341 77 111 118 26 0 2; ]
1700000595[344 77 112 120 26 0 2; ]
1700000596[346 77 114 123 26 0 2; ]
1700000597[349 77 116 125 26 0 2; ]
1700000598[351 77 117 126 26 0 2; ]
1700000599[354 77 119 128 26 0 2; ]
1700000600[356 77 120 129 26 0 2; ]
1700000601[359 75 121 130 26 0 2; ]
1700000602[361 74 122 131 26 0 2; ]
1700000603[364 73 123 132 26 0 2; ]
1700000604[366 72 124 133 26 0 2; ]
1700000605[368 72 126 134 26 0 2; ]
1700000606[370 72 127 135 26 0 2; ]
1700000607[371 72 129 136 26 0 2; ]
1700000608[373 72 131 137 26 0 2; ]
1700000609[374 72 133 139 26 0 2; 368 121 22 43 54 0 1; ]
1700000610[378 70 133 140 26 0 2; 369 119 22 43 54 0 1; ]
1700000611[369 118 22 43 54 0 1; ]
1700000612[370 117 22 43 54 0 1; ]
1700000613[371 117 22 43 54 0 1; ]
1700000614[371 118 22 43 54 0 1; ]
1700000615[372 119 21 42 54 0 1; ]
1700000616[373 120 20 42 54 0 1; ]
1700000617[373 122 20 42 54 0 1; ]
1700000618[373 123 21 42 54 0 1; ]
1700000619[373 125 22 42 54 0 1; ]
1700000620[373 126 23 42 54 0 1; ]
1700000621[372 126 23 43 55 0 2; ]
1700000622[372 124 24 44 55 0 2; ]
1700000623[373 123 24 44 55 0 2; ]
1700000624[373 123 24 44 55 0 2; ]
1700000625[373 123 24 44 55 0 2; ]
1700000626[373 125 25 44 55 0 2; ]
1700000627[373 129 25 42 55 0 2; ]
1700000628[374 132 25 41 55 0 2; ]
1700000629[374 134 26 41 55 0 2; 295 144 14 34 94 1 3; ]
1700000630[374 134 26 41 55 0 2; 295 143 14 34 94 1 3; ]
1700000631[375 134 25 41 55 0 2; 295 143 14 34 94 1 3; ]
1700000632[376 134 25 41 55 0 2; 296 142 14 34 94 1 3; ]
1700000633[377 134 25 41 55 0 2; 296 142 14 34 94 1 3; ]
1700000634[378 134 24 41 55 0 2; 296 141 14 34 94 1 3; ]
1700000635[378 134 25 42 55 0 2; 296 141 14 34 94 1 3; ]
1700000636[378 134 26 43 55 0 2; 296 140 14 34 94 1 3; ]
1700000637[377 134 26 44 55 0 2; 296 140 14 34 94 1 3; ]
1700000638[377 134 26 44 55 0 2; 296 139 14 34 94 1 3; ]
1700000639[377 134 27 44 55 0 2; 297 139 15 34 94 1 3; ]
1700000640[377 134 27 44 55 0 2; 297 138 15 34 94 1 3; ]
1700000641[378 134 27 44 55 0 2; 297 138 15 35 94 1 3; ]
1700000642[379 133 28 44 55 0 2; 297 137 15 35 94 1 3; ]
1700000643[380 133 28 44 55 0 2; 297 137 15 35 94 1 3; ]
1700000644[381 133 28 43 55 0 2; 297 136 15 35 94 1 3; ]
1700000645[381 131 28 43 55 0 2; 297 134 15 37 94 1 3; ]
1700000646[381 129 28 43 55 0 2; ]
1700000647[381 127 28 43 55 0 2; ]
1700000648[381 125 28 43 55 0 2; ]
1700000649[381 123 28 43 55 0 2; ]
1700000650[380 121 28 43 55 0 2; ]
1700000651[380 119 28 44 55 0 2; ]
1700000652[379 117 29 45 55 0 2; 29 79 16 30 81 0 3; 409 109 15 30 87 0 3; ]
1700000653[378 115 29 45 55 0 2; 27 78 16 31 81 0 3; 408 108 15 30 87 0 3; ]
1700000654[377 115 29 45 55 0 2; 25 77 16 31 81 0 3; 407 106 15 30 87 0 3; ]
1700000655[377 115 29 45 55 0 2; 22 77 15 31 81 0 3; 405 104 15 30 87 0 3; ]
1700000656[376 115 29 45 55 0 2; 20 77 15 31 81 0 3; 403 102 15 30 87 0 3; ]
1700000657[376 115 29 45 55 0 2; 18 77 15 31 81 0 3; 401 102 15 30 87 0 3; ]
1700000658[375 115 29 45 55 0 2; 16 77 15 31 81 0 3; 32 81 15 30 83 0 1; 399 101 15 30 87 0 3; ]
1700000659[375 116 29 44 55 0 2; 13 77 15 31 81 0 3; 398 102 15 30 87 0 3; ]
1700000660[374 117 29 44 55 0 2; 11 78 15 31 81 0 3; ]
1700000661[373 118 29 44 55 0 2; 9 79 15 32 81 0 3; ]
1700000662[372 119 30 44 55 0 2; 7 81 15 32 81 0 3; ]
1700000663[371 121 30 43 55 0 2; 5 82 15 31 81 0 3; ]
1700000664[369 122 30 43 55 0 2; 2 83 15 30 81 0 3; ]
1700000665[367 122 31 43 55 0 2; ]
1700000666[364 122 31 44 55 0 2; ]
1700000667[362 122 32 44 55 0 2; 274 125 12 41 95 1 3; ]
1700000668[359 122 32 44 55 0 2; 379 113 15 30 87 0 3; 271 126 12 41 95 1 3; ]
1700000669[357 122 32 44 55 0 2; 376 113 15 30 87 0 3; 269 126 13 41 95 1 3; ]
1700000670[355 122 33 45 55 0 2; 211 95 17 31 86 0 3; 373 114 15 30 87 0 3; 266 127 13 41 95 1 3; ]
1700000671[353 123 33 45 55 0 2; 209 95 16 31 86 0 3; 263 127 13 41 95 1 3; ]
1700000672[350 123 33 45 55 0 2; 207 95 16 31 86 0 3; 260 128 14 41 95 1 3; ]
1700000673[348 124 33 45 55 0 2; 204 95 15 31 86 0 3; 257 128 14 41 95 1 3; ]
1700000674[346 124 34 45 55 0 2; 200 96 15 31 86 0 3; 253 128 14 41 95 1 3; ]
1700000675[342 124 33 45 55 0 2; 196 96 15 30 86 0 3; 250 129 14 41 95 1 3; ]
1700000676[339 124 33 45 55 0 2; 247 128 15 41 95 1 3; ]
1700000677[335 124 33 45 55 0 2; 243 128 15 41 95 1 3; ]
1700000678[331 124 32 45 55 0 2; 239 128 15 41 95 1 3; ]
1700000679[326 124 31 45 55 0 2; 235 128 15 41 95 1 3; ]
1700000680[323 124 31 47 55 0 2; 174 97 15 30 86 0 3; 231 128 15 41 95 1 3; ]
1700000681[319 124 31 48 55 0 2; 170 96 15 30 86 0 3; 227 128 15 40 95 1 3; ]
1700000682[315 124 31 49 55 0 2; 165 96 15 30 86 0 3; 223 127 15 40 95 1 3; ]
1700000683[311 124 31 50 55 0 2; 160 96 15 30 86 0 3; 218 127 16 41 95 1 3; ]
1700000684[307 124 31 50 55 0 2; 155 96 15 30 86 0 3; 213 127 16 41 95 1 3; ]
1700000685[303 124 31 50 55 0 2; 149 96 15 30 86 0 3; 209 127 17 42 95 1 3; ]
1700000686[298 124 32 50 55 0 2; 144 96 16 30 86 0 3; 204 127 17 42 95 1 3; ]
1700000687[294 124 32 50 55 0 2; 139 96 16 30 86 0 3; 200 127 17 43 95 1 3; ]
1700000688[290 124 32 50 55 0 2; 134 96 16 30 86 0 3; 195 127 17 43 95 1 3; ]
1700000689[285 124 32 50 55 0 2; 129 96 17 30 86 0 3; 191 127 17 43 95 1 3; ]
1700000690[281 124 32 50 55 0 2; 124 95 16 30 86 0 3; 186 127 17 43 95 1 3; ]
1700000691[278 124 32 50 55 0 2; 120 93 16 31 86 0 3; 182 127 17 43 95 1 3; ]
1700000692[274 124 32 50 55 0 2; 115 93 16 31 86 0 3; 177 127 17 43 95 1 3; ]
1700000693[270 123 32 50 55 0 2; 110 92 16 32 86 0 3; 172 126 17 43 95 1 3; ]
1700000694[266 123 32 50 55 0 2; 105 91 16 32 86 0 3; 168 125 17 43 95 1 3; ]
1700000695[262 123 32 50 55 0 2; 100 90 17 32 86 0 3; 163 124 16 43 95 1 3; ]
1700000696[257 122 31 50 55 1 2; 94 89 17 32 86 0 3; 159 122 16 43 95 1 3; ]
1700000697[252 121 32 50 55 1 2; 88 88 17 32 86 0 3; 154 121 15 43 95 1 3; ]
1700000698[247 119 33 50 55 1 2; 83 86 18 31 86 0 3; 151 121 15 43 95 1 3; ]
1700000699[242 118 33 50 55 1 2; 77 84 18 31 86 0 3; 143 121 17 44 95 1 3; ]
1700000700[237 117 34 50 55 1 2; 71 82 18 31 86 0 3; 136 119 17 45 95 1 3; ]
1700000701[232 116 35 50 55 1 2; 65 80 17 31 86 0 3; 132 115 16 46 95 1 3; ]
1700000702[242 112 20 47 58 0 1; 228 100 18 33 59 0 1; 59 77 17 31 86 0 3; ]
1700000703[233 114 20 46 58 0 1; 222 101 18 33 59 0 1; 53 75 17 31 86 1 3; ]
1700000704[225 115 20 46 58 0 1; 216 102 18 32 59 0 1; ]
1700000705[219 116 20 46 58 0 1; 210 103 18 31 59 0 1; ]
1700000706[215 117 20 46 58 0 1; 204 104 18 31 59 0 1; ]
1700000707[213 117 20 45 58 0 1; 198 104 18 31 59 0 1; ]
1700000708[208 116 22 47 56 0 1; 192 104 18 31 59 0 1; ]
1700000709[202 116 22 47 56 0 1; 187 104 18 31 59 0 1; ]
1700000710[197 117 21 47 56 0 1; 181 104 18 31 59 0 1; ]
1700000711[191 117 21 47 56 0 1; 175 104 18 31 59 0 1; ]
1700000712[186 118 21 47 56 0 1; 170 104 18 31 59 0 1; ]
1700000713[180 119 21 47 56 0 1; 164 104 18 31 59 0 1; 69 119 18 40 96 1 3; ]
1700000714[174 121 21 47 56 0 1; 158 106 18 31 59 0 1; 63 122 18 40 96 1 3; ]
1700000715[169 123 21 47 56 0 1; 153 108 18 31 59 0 1; 58 124 18 40 96 1 3; ]
1700000716[163 124 21 48 56 0 1; 147 111 18 31 59 0 1; 52 126 18 40 96 1 3; ]
1700000717[157 126 21 48 56 0 1; 141 113 19 31 59 0 1; 47 128 18 40 96 1 3; ]
1700000718[152 126 21 48 56 0 1; 136 115 18 31 59 0 1; 41 129 18 40 96 1 3; ]
1700000719[146 127 21 49 56 0 1; 130 115 18 30 59 0 1; 36 130 18 40 96 1 3; ]
1700000720[140 128 21 50 56 0 1; 125 116 18 30 59 0 1; 31 130 18 40 96 1 3; ]
1700000721[135 129 20 51 56 0 1; 120 116 18 30 59 0 1; 25 130 18 40 96 1 3; ]
1700000722[129 129 20 52 56 0 1; 114 116 18 30 59 0 1; 20 130 18 40 96 1 3; ]
1700000723[124 128 20 50 56 0 1; 109 116 18 30 59 0 1; 14 129 19 40 96 1 3; ]
1700000724[119 127 20 49 56 0 1; 104 115 18 30 59 0 1; 9 128 19 40 96 1 3; ]
1700000725[114 126 20 48 56 0 1; 99 113 18 30 59 0 1; 3 127 19 40 96 1 3; ]
1700000726[109 125 20 48 56 0 1; 94 112 18 31 59 0 1; ]
1700000727[104 123 20 48 56 0 1; 89 110 19 31 59 0 1; ]
1700000728[99 121 20 48 56 0 1; 84 107 19 31 59 0 1; ]
1700000729[95 119 20 50 56 0 1; 80 105 18 31 59 0 1; ]
1700000730[90 116 19 51 56 0 1; 75 102 18 31 59 0 1; ]
1700000731[86 114 19 52 56 0 1; 70 100 18 31 59 0 1; ]
1700000732[81 112 19 53 56 0 1; 66 99 18 31 59 0 1; ]
1700000733[77 111 19 53 56 0 1; 61 98 17 31 59 0 1; ]
1700000734[72 109 19 53 56 0 1; 56 96 17 30 59 0 1; ]
1700000735[67 108 19 53 56 0 1; ]
1700000736[62 107 20 53 56 0 1; ]
1700000737[58 106 20 53 56 1 1; ]
1700000738[54 106 20 53 56 1 1; ]
1700000739[50 106 19 53 56 1 1; ]
1700000740[46 106 19 54 56 1 1; ]
1700000741[42 106 19 54 56 1 1; ]
1700000742[38 106 19 54 56 1 1; ]
1700000743[35 106 19 54 56 1 1; ]
1700000744[31 105 19 54 56 1 1; ]
1700000745[28 104 19 54 56 1 1; 0 102 16 52 97 1 3; ]
1700000746[25 103 20 54 56 1 1; ]
1700000747[21 101 20 54 56 0 1; ]
1700000748[19 102 20 55 56 0 1; ]
1700000749[17 103 20 56 56 0 1; ]
1700000750[15 103 20 57 56 0 1; ]
1700000751[13 104 20 57 56 0 1; ]
1700000752[11 104 20 58 56 0 1; ]
1700000753[10 104 20 58 56 0 1; ]
1700000754[8 104 20 58 56 0 1; ]
1700000755[7 104 20 58 56 0 1; ]
1700000756[6 104 20 58 56 0 1; ]
1700000757[4 104 20 58 56 0 1; ]
1700000758[3 104 20 58 56 0 1; ]
1700000759[1 105 20 58 56 0 1; ]
1700000760[0 106 20 59 56 0 1; ]
1700000761[]
1700000762[]
1700000763[]
1700000764[]
1700000765[]
1700000766[]
1700000767[]
1700000768[]
1700000769[]
1700000770[]
1700000771[]
1700000772[]
1700000773[]
1700000774[]
1700000775[]
1700000776[]
1700000777[]
1700000778[]
1700000779[]
1700000780[]
1700000781[]
1700000782[]
1700000783[]
1700000784[]
1700000785[]
1700000786[]
1700000787[]
1700000788[]
1700000789[]
1700000790[149 77 15 30 78 1 3; ]
1700000791[148 80 15 30 78 1 3; ]
1700000792[147 82 15 31 78 1 3; ]
1700000793[146 84 15 31 78 1 3; ]
1700000794[143 89 17 30 78 1 3; ]
1700000795[142 90 17 30 78 1 3; ]
1700000796[142 92 16 30 78 1 3; ]
1700000797[141 94 16 30 78 1 3; ]
1700000798[140 95 15 30 78 1 3; ]
1700000799[]
1700000800[]
1700000801[]
1700000802[]
1700000803[]
1700000804[142 90 17 33 79 1 1; ]
1700000805[142 89 16 33 79 1 1; ]
1700000806[143 87 16 33 79 1 1; ]
1700000807[143 86 16 32 79 1 1; ]
1700000808[144 84 15 32 79 1 1; ]
1700000809[145 83 16 33 79 0 1; ]
1700000810[147 82 16 33 79 0 1; ]
1700000811[148 81 16 33 79 0 1; ]
1700000812[149 81 16 33 79 0 1; ]
1700000813[151 81 17 33 79 0 1; ]
1700000814[150 82 17 34 79 0 1; ]
1700000815[149 84 17 34 79 0 1; ]
1700000816[151 85 17 33 79 0 1; ]
1700000817[154 87 17 32 79 0 1; ]
1700000818[]
1700000819[]
1700000820[]
1700000821[]
1700000822[]
1700000823[]
1700000824[]
1700000825[]
1700000826[]
1700000827[]
1700000828[]
1700000829[]
1700000830[]
1700000831[]
1700000832[]
1700000833[]
1700000834[]
1700000835[]
1700000836[]
1700000837[]
1700000838[]
1700000839[]
1700000840[]
1700000841[]
1700000842[]
1700000843[]
1700000844[]
1700000845[]
1700000846[]
1700000847[]
1700000848[]
1700000849[]
1700000850[]
1700000851[]
1700000852[]
1700000853[]
1700000854[]
1700000855[]
1700000856[28 70 19 30 71 0 0; ]
1700000857[29 70 19 30 71 0 0; ]
1700000858[29 70 20 30 71 0 0; ]
1700000859[]
1700000860[]
1700000861[]
1700000862[]
1700000863[33 70 19 30 71 0 0; ]
1700000864[34 71 19 30 71 0 0; ]
1700000865[35 71 19 30 71 0 0; ]
1700000866[37 71 19 30 71 0 0; ]
1700000867[37 71 19 30 71 0 0; ]
1700000868[37 71 19 30 71 0 0; 1 70 19 34 76 0 0; ]
1700000869[37 71 19 31 71 0 0; 5 70 19 34 76 0 0; ]
1700000870[37 71 19 31 71 0 0; 9 71 19 34 76 0 0; ]
1700000871[37 71 19 31 71 0 0; 13 71 19 35 76 0 0; ]
1700000872[38 72 19 31 71 0 0; 16 71 19 36 76 0 0; ]
1700000873[38 74 19 30 71 0 0; 20 72 19 37 76 0 0; ]
1700000874[39 76 19 30 71 0 0; 27 74 19 36 76 0 0; ]
1700000875[39 77 19 30 71 1 0; 31 76 19 36 76 0 0; ]
1700000876[37 79 19 35 76 0 0; ]
1700000877[295 104 20 35 45 0 2; 39 81 19 35 76 0 0; ]
1700000878[297 103 20 35 45 0 2; 41 78 19 35 76 0 0; ]
1700000879[298 102 20 35 45 0 2; 39 77 19 31 72 1 0; 46 78 18 33 76 0 0; ]
1700000880[300 101 20 36 45 1 2; 76 75 21 32 69 1 0; 39 74 19 32 72 0 0; 51 78 18 32 76 0 0; ]
1700000881[301 100 20 36 45 1 2; 76 73 21 32 69 1 0; 40 72 19 33 72 0 0; 55 76 18 32 76 0 0; ]
1700000882[77 71 21 31 69 1 0; 40 70 19 33 72 0 0; 60 73 18 33 76 0 0; ]
1700000883[77 69 21 31 69 0 0; 41 69 19 33 72 0 0; 64 71 19 33 76 0 0; ]
1700000884[77 67 21 31 69 0 0; 41 68 19 33 72 0 0; 69 72 18 31 76 0 0; ]
1700000885[75 67 21 31 69 0 0; 41 68 19 33 72 0 0; ]
1700000886[73 67 21 31 69 0 0; 41 68 19 33 72 0 0; ]
1700000887[256 77 20 39 36 1 1; 72 66 21 31 69 0 0; 41 67 19 33 72 0 0; 79 69 19 33 77 0 0; ]
1700000888[256 75 20 41 36 1 1; 71 66 21 31 69 0 0; 41 66 19 34 72 0 0; 84 67 19 33 77 0 0; ]
1700000889[256 73 20 43 36 1 1; 71 64 21 31 69 0 0; 41 63 20 35 72 0 0; 88 65 19 33 77 0 0; ]
1700000890[256 72 21 44 36 1 1; 71 62 22 31 69 0 0; 41 61 20 36 72 0 0; 93 64 19 32 77 1 0; ]
1700000891[70 60 23 31 69 0 0; 41 61 20 34 72 0 0; ]
1700000892[70 59 23 31 69 0 0; 41 61 19 33 72 0 0; ]
1700000893[70 59 23 31 69 0 0; 41 61 19 32 72 0 0; ]
1700000894[322 88 20 41 46 1 2; 69 58 22 31 69 0 0; 41 60 19 32 72 0 0; ]
1700000895[324 86 20 41 46 1 2; 69 58 21 31 69 0 0; 41 59 19 32 72 0 0; ]
1700000896[325 83 19 41 46 0 2; 68 57 21 31 69 0 0; 40 57 18 33 72 0 0; ]
1700000897[326 81 19 42 46 0 2; 67 55 22 31 69 0 0; 40 55 18 33 72 0 0; ]
1700000898[327 79 20 42 46 0 2; 65 53 22 32 69 0 0; 40 53 18 33 72 0 0; ]
1700000899[328 78 20 42 46 0 2; 63 50 23 32 69 0 0; 40 50 18 34 72 0 0; ]
1700000900[330 77 21 42 46 0 2; 62 48 24 33 69 0 0; 39 47 18 34 72 0 0; ]
1700000901[331 76 21 42 46 0 2; 61 45 25 33 69 0 0; 39 45 18 34 72 0 0; ]
1700000902[332 75 21 42 46 0 2; 60 44 25 33 69 0 0; 39 43 18 35 72 0 0; ]
1700000903[334 74 21 41 46 0 2; 59 43 25 33 69 0 0; 38 42 19 35 72 0 0; ]
1700000904[335 73 20 41 46 0 2; 58 43 25 33 69 0 0; 38 42 19 35 72 0 0; ]
1700000905[337 72 20 41 46 0 2; 57 44 24 33 69 0 0; 37 42 19 35 72 0 0; ]
1700000906[337 75 20 41 46 1 2; 56 44 24 33 69 0 0; 36 42 19 34 72 0 0; ]
1700000907[337 77 20 41 46 1 2; 55 44 23 33 69 0 0; 35 44 19 34 72 0 0; ]
1700000908[54 45 23 33 69 0 0; 34 45 19 34 72 0 0; ]
1700000909[53 47 23 33 69 0 0; 34 47 19 33 72 0 0; ]
1700000910[52 48 23 33 69 0 0; 33 49 19 33 72 0 0; ]
1700000911[51 50 22 32 69 0 0; 33 51 19 33 72 0 0; ]
1700000912[50 54 22 32 69 0 0; 32 53 19 33 72 0 0; ]
1700000913[1 65 20 43 65 0 1; 49 57 22 31 69 0 0; 31 55 19 36 72 0 0; ]
1700000914[3 67 20 43 65 0 1; 49 59 22 31 69 0 0; 30 60 19 38 72 0 0; ]
1700000915[346 95 21 47 47 1 2; 4 69 20 43 65 0 1; 48 59 22 31 69 0 0; 29 63 19 38 72 0 0; ]
1700000916[346 95 21 47 47 1 2; 4 70 20 43 65 0 1; 47 60 22 32 69 0 0; 29 63 19 37 72 0 0; ]
1700000917[346 95 21 47 47 0 2; 4 70 20 43 65 0 1; 46 60 22 33 69 0 0; 29 64 19 35 72 0 0; ]
1700000918[346 95 21 47 47 0 2; 4 70 20 43 65 0 1; 45 60 22 33 69 0 0; 29 64 19 34 72 0 0; ]
1700000919[347 95 21 47 47 0 2; 4 70 20 43 65 0 1; 44 61 22 33 69 0 0; 28 64 19 34 72 0 0; ]
1700000920[349 95 21 47 47 0 2; 4 70 20 43 65 0 1; 43 61 22 33 69 0 0; 27 64 19 33 72 0 0; ]
1700000921[352 95 21 47 47 0 2; 4 70 20 43 65 0 1; 42 61 22 32 69 0 0; 26 64 19 33 72 0 0; ]
1700000922[]
1700000923[353 92 22 49 48 0 2; 6 67 20 45 66 0 1; 40 61 22 31 70 0 0; 24 65 19 31 73 0 0; ]
1700000924[354 90 23 48 48 0 2; 6 64 20 46 66 0 1; 37 59 23 33 70 0 0; 23 62 19 32 73 0 0; ]
1700000925[355 89 23 47 48 0 2; 6 62 20 46 66 0 1; 35 57 23 35 70 0 0; 22 59 20 33 73 0 0; ]
1700000926[356 88 23 47 48 0 2; 6 59 20 47 66 0 1; 33 55 23 35 70 0 0; 21 57 20 33 73 1 0; ]
1700000927[357 87 23 47 48 0 2; 6 58 21 47 66 0 1; 31 53 23 36 70 0 0; 20 54 20 33 73 1 0; ]
1700000928[358 86 23 47 48 0 2; 6 58 21 47 66 0 1; 30 51 23 36 70 0 0; 18 53 20 33 73 1 0; ]
1700000929[360 84 23 49 48 0 2; 6 58 21 46 66 0 1; 29 50 23 35 70 0 0; 17 52 20 33 73 1 0; ]
1700000930[362 84 22 50 48 0 2; 6 59 21 45 66 0 1; 28 49 22 33 70 0 0; 16 52 21 33 73 1 0; ]
1700000931[363 83 22 50 48 0 2; 6 61 22 44 66 0 1; 25 51 22 33 70 0 0; 14 53 21 32 73 1 0; ]
1700000932[363 86 22 50 48 0 2; 6 63 22 43 66 0 1; 22 53 22 33 70 0 0; 13 54 21 32 73 1 0; ]
1700000933[363 88 22 49 48 1 2; 6 64 22 43 66 0 1; 19 54 22 33 70 0 0; 12 57 20 31 73 1 0; ]
1700000934[6 65 22 43 66 0 1; 16 56 22 33 70 1 0; ]
1700000935[5 66 21 44 66 0 1; 13 57 22 33 70 1 0; ]
1700000936[5 66 21 44 66 0 1; 10 59 22 32 70 1 0; ]
1700000937[5 67 20 45 66 0 1; ]
1700000938[4 67 19 47 66 0 1; ]
1700000939[4 67 19 46 66 0 1; ]
1700000940[4 67 19 45 66 0 1; ]
1700000941[4 67 19 44 66 0 1; ]
1700000942[153 71 18 38 61 0 1; 4 67 19 44 66 0 1; ]
1700000943[153 68 18 39 61 0 1; 3 67 19 43 66 0 1; ]
1700000944[152 66 18 39 61 0 1; 2 67 19 43 66 0 1; ]
1700000945[151 64 18 39 61 0 1; 1 66 19 42 66 0 1; ]
1700000946[151 64 18 39 61 0 1; ]
1700000947[150 65 18 39 61 0 1; ]
1700000948[149 66 18 38 61 0 1; 329 67 18 38 80 1 0; ]
1700000949[365 83 21 50 49 1 2; 149 68 18 37 61 0 1; 333 70 18 39 80 1 0; ]
1700000950[365 84 21 50 49 1 2; 148 69 18 37 61 0 1; 338 71 18 39 80 1 0; ]
1700000951[365 85 21 50 49 0 2; 148 69 16 36 61 0 1; 343 71 17 39 80 1 0; ]
1700000952[365 85 21 50 49 0 2; 148 69 16 36 61 0 1; ]
1700000953[365 86 21 50 49 0 2; 148 69 15 36 61 0 1; 157 65 20 42 63 1 0; ]
1700000954[365 85 22 51 49 0 2; 145 67 17 36 61 0 1; 153 64 20 41 63 0 0; ]
1700000955[365 85 22 51 49 0 2; 143 65 18 36 61 0 1; 150 63 21 41 63 0 0; ]
1700000956[364 84 23 52 49 0 2; 146 61 21 41 63 0 0; ]
1700000957[364 83 24 53 49 0 2; 145 60 21 40 63 0 0; ]
1700000958[364 82 24 54 49 0 2; 143 58 21 39 63 0 0; ]
1700000959[364 80 24 54 49 0 2; 141 56 21 39 63 0 0; ]
1700000960[365 77 24 55 49 0 2; 138 54 21 38 63 0 0; ]
1700000961[367 72 23 55 49 0 2; 135 51 21 38 63 0 0; ]
1700000962[368 67 22 55 49 0 2; 131 47 20 37 63 0 0; ]
1700000963[367 63 23 55 49 0 2; 138 48 18 37 62 1 1; 126 44 20 37 63 0 0; ]
1700000964[366 60 24 54 49 0 2; 137 46 18 37 62 0 1; 122 41 20 37 63 0 0; ]
1700000965[365 57 24 54 49 0 2; 136 44 18 36 62 1 1; 119 39 20 37 63 0 0; ]
1700000966[365 57 24 54 49 0 2; 135 43 18 36 62 1 1; 116 37 20 38 63 0 0; ]
1700000967[365 57 24 54 49 0 2; 134 41 19 36 62 1 1; 113 35 21 39 63 0 0; ]
1700000968[365 57 24 54 49 0 2; 133 41 18 37 62 0 1; 110 35 21 39 63 0 0; ]
1700000969[366 58 24 54 49 0 2; 132 41 18 38 62 0 1; 107 35 21 39 63 0 0; ]
1700000970[367 58 24 54 49 0 2; 132 42 18 38 62 0 1; 104 36 20 39 63 0 0; ]
1700000971[367 59 23 54 49 0 2; 131 42 18 38 62 0 1; 101 38 20 39 63 0 0; ]
1700000972[368 60 23 54 49 1 2; 131 43 18 38 62 0 1; 97 39 21 39 63 0 0; ]
1700000973[368 60 23 54 49 1 2; 130 45 18 38 62 0 1; 93 39 22 38 63 0 0; ]
1700000974[369 61 22 54 49 1 2; 130 46 19 37 62 0 1; 89 40 22 38 63 0 0; ]
1700000975[369 61 22 54 49 1 2; 129 47 19 37 62 0 1; 86 40 22 38 63 0 0; ]
1700000976[128 47 19 37 62 0 1; 82 40 22 39 63 0 0; 369 64 23 54 98 1 3; ]
1700000977[128 47 18 37 62 0 1; 79 40 22 39 63 0 0; 369 65 22 57 98 1 3; ]
1700000978[127 47 18 37 62 0 1; 76 40 21 40 63 0 0; 369 66 22 59 98 1 3; ]
1700000979[127 47 18 37 62 0 1; 72 40 21 41 63 0 0; 369 67 21 61 98 1 3; ]
1700000980[126 47 18 37 62 0 1; 69 40 21 41 63 0 0; 369 68 21 63 98 1 3; ]
1700000981[369 65 24 56 50 1 2; 125 47 18 38 62 0 1; 65 40 21 41 63 0 0; ]
1700000982[369 64 24 57 50 0 2; 124 47 19 38 62 0 1; 61 40 21 41 63 0 0; ]
1700000983[369 63 24 58 50 0 2; 123 47 19 38 62 0 1; 56 40 21 41 63 0 0; ]
1700000984[369 63 24 59 50 0 2; 123 47 19 38 62 0 1; 53 39 21 41 63 0 0; ]
1700000985[369 63 24 59 50 1 2; 122 47 18 38 62 0 1; 49 38 20 41 63 0 0; ]
1700000986[369 64 24 58 50 1 2; 122 47 18 38 62 0 1; 45 37 20 41 63 0 0; ]
1700000987[370 66 24 58 50 1 2; 121 47 18 38 62 0 1; 42 36 20 41 63 0 0; ]
1700000988[371 69 24 56 50 1 2; 121 47 18 38 62 0 1; 38 34 20 40 63 0 0; ]
1700000989[120 46 18 38 62 0 1; 35 32 20 40 63 0 0; ]
1700000990[120 45 18 37 62 0 1; 32 30 21 40 63 0 0; ]
1700000991[120 44 19 37 62 0 1; 28 29 21 39 63 0 0; ]
1700000992[118 44 19 37 62 0 1; 24 29 21 39 63 0 0; ]
1700000993[117 44 20 37 62 0 1; 20 29 21 39 63 0 0; ]
1700000994[116 44 20 37 62 0 1; 16 29 21 39 63 0 0; ]
1700000995[115 44 20 37 62 0 1; 12 29 21 39 63 0 0; ]
1700000996[375 61 21 58 51 1 1; 115 45 20 38 62 0 1; 9 32 20 40 63 0 0; ]
1700000997[376 63 22 58 51 1 1; 115 46 20 39 62 0 1; 6 34 20 40 63 0 0; ]
1700000998[376 65 23 59 51 1 1; 115 48 20 40 62 0 1; 3 36 20 40 63 0 0; ]
1700000999[377 66 24 59 51 1 1; 115 49 20 41 62 0 1; 0 36 20 41 63 0 0; ]
1700001000[378 67 24 59 51 1 1; 115 49 20 42 62 0 1; ]
1700001001[380 67 24 58 51 1 1; 115 49 20 42 62 0 1; ]
1700001002[381 66 24 57 51 1 1; 115 49 20 42 62 0 1; ]
1700001003[382 65 25 63 51 1 1; 115 49 20 42 62 0 1; ]
1700001004[382 65 25 63 51 1 1; 115 49 20 42 62 0 1; ]
1700001005[115 49 20 42 62 0 1; ]
1700001006[115 49 21 43 62 0 1; ]
1700001007[115 48 22 43 62 0 1; ]
1700001008[115 47 23 44 62 0 1; ]
1700001009[115 47 23 44 62 0 1; ]
1700001010[115 46 23 45 62 0 1; ]
1700001011[115 46 23 45 62 0 1; ]
1700001012[115 45 23 46 62 0 1; ]
1700001013[115 45 23 46 62 0 1; ]
1700001014[115 44 23 47 62 0 1; ]
1700001015[115 45 23 47 62 0 1; ]
1700001016[389 65 33 77 52 0 2; 115 46 23 48 62 0 1; ]
1700001017[390 66 33 76 52 0 2; 115 47 22 48 62 0 1; ]
1700001018[391 66 33 75 52 0 2; 114 49 21 49 62 0 1; ]
1700001019[391 67 33 74 52 0 2; 114 49 22 48 62 0 1; ]
1700001020[392 67 34 73 52 0 2; 114 49 23 47 62 0 1; ]
1700001021[394 67 34 74 52 0 2; 114 49 24 46 62 0 1; 1 26 21 37 67 0 2; ]
1700001022[395 66 34 75 52 0 2; 114 49 24 45 62 0 1; 3 26 21 37 67 0 2; ]
1700001023[396 65 34 75 52 0 2; 114 49 25 45 62 0 1; 4 26 21 38 67 0 2; ]
1700001024[398 65 34 76 52 0 2; 114 49 26 45 62 0 1; 6 26 21 39 67 0 2; ]
1700001025[399 64 35 77 52 0 2; 114 49 26 45 62 0 1; 8 26 22 39 67 0 2; ]
1700001026[400 63 35 78 52 0 2; 114 49 27 45 62 0 1; 9 25 22 39 67 0 2; ]
1700001027[401 62 35 79 52 0 2; 114 49 27 46 62 0 1; 11 24 23 38 67 0 2; ]
1700001028[402 60 36 80 52 0 2; 114 48 26 46 62 0 1; 12 23 23 37 67 0 2; ]
1700001029[403 59 36 81 52 0 2; 114 46 25 48 62 0 1; 13 23 23 37 67 0 2; ]
1700001030[403 59 37 82 52 0 2; 114 43 25 49 62 0 1; 15 23 23 37 67 0 2; ]
1700001031[404 59 38 83 52 0 2; 114 41 23 50 62 0 1; 16 23 23 37 67 0 2; ]
1700001032[405 59 39 85 52 0 2; 115 42 24 50 62 0 1; 17 23 22 37 67 0 2; ]
1700001033[405 59 40 86 52 0 2; 115 42 24 49 62 0 1; 18 23 22 37 67 0 2; ]
1700001034[405 59 42 88 52 0 2; 115 43 24 48 62 0 1; 19 23 23 38 67 0 2; ]
1700001035[406 59 44 90 52 0 2; 115 43 24 48 62 0 1; 21 23 23 39 67 0 2; ]
1700001036[409 58 43 90 52 0 2; 115 43 24 48 62 0 1; 23 23 24 40 67 0 2; ]
1700001037[411 58 43 91 52 0 2; 115 43 25 48 62 0 1; 25 23 24 41 67 0 2; ]
1700001038[414 57 43 91 52 0 2; 115 43 25 48 62 0 1; 26 23 23 40 67 0 2; ]
1700001039[415 57 43 92 52 0 2; 115 43 25 48 62 0 1; 28 23 23 40 67 0 2; ]
1700001040[416 57 43 93 52 0 2; 115 43 25 48 62 0 1; 29 23 22 39 67 0 2; ]
1700001041[416 57 43 94 52 0 2; 115 43 26 48 62 0 1; 31 23 22 40 67 0 2; ]
1700001042[416 57 45 95 52 0 2; 115 43 25 48 62 0 1; 32 25 22 40 67 0 2; ]
1700001043[416 57 47 96 52 0 2; 115 44 25 48 62 0 1; 34 27 22 40 67 0 2; ]
1700001044[416 57 49 98 52 0 2; 115 44 25 48 62 0 1; 35 29 22 41 67 0 2; ]
1700001045[416 57 49 99 52 0 2; 115 45 24 48 62 0 1; 37 30 22 41 67 0 2; ]
1700001046[416 57 49 100 52 0 2; 115 46 23 48 62 0 1; 38 31 23 41 67 0 2; ]
1700001047[417 57 49 100 52 0 2; 115 47 23 48 62 0 1; 40 32 23 42 67 0 2; ]
1700001048[419 58 49 101 52 0 2; 115 47 23 48 62 0 1; 41 33 23 42 67 0 2; ]
1700001049[421 58 49 102 52 0 2; 115 48 23 48 62 0 1; 43 33 24 42 67 0 2; ]
1700001050[423 59 48 102 52 0 2; 115 49 23 48 62 0 1; 44 34 25 43 67 0 2; ]
1700001051[423 59 48 102 52 0 2; 115 49 23 48 62 0 1; 46 35 25 43 67 0 2; ]
1700001052[424 59 48 102 52 0 2; 115 50 23 48 62 0 1; 47 35 26 43 67 0 2; ]
1700001053[425 59 48 102 52 0 2; 115 50 23 49 62 0 1; 49 35 25 43 67 0 2; ]
1700001054[425 59 48 102 52 0 2; 115 50 23 49 62 0 1; 51 35 25 43 67 0 2; ]
1700001055[426 59 48 102 52 0 2; 115 50 22 50 62 0 1; 52 35 25 43 67 0 2; ]
1700001056[427 59 49 103 52 0 2; 115 50 22 50 62 0 1; 54 35 25 43 67 0 2; ]
1700001057[428 59 52 103 52 0 2; 115 50 22 50 62 0 1; 56 35 24 43 67 0 2; ]
1700001058[429 59 55 104 52 0 2; 115 50 22 50 62 0 1; 57 35 24 43 67 0 2; ]
1700001059[429 59 57 105 52 0 2; 115 50 21 50 62 0 1; 59 36 24 43 67 0 2; ]
1700001060[431 59 58 106 52 0 2; 115 50 21 50 62 0 1; 61 36 23 43 67 0 2; ]
1700001061[432 58 58 107 52 0 2; 115 50 21 50 62 0 1; 63 36 23 42 67 0 2; ]
1700001062[434 57 58 108 52 0 2; 114 49 23 50 62 0 1; 65 35 22 42 67 0 2; ]
1700001063[435 55 58 110 52 0 2; 112 48 24 50 62 0 1; 67 35 22 42 67 0 2; ]
1700001064[437 52 57 111 52 0 2; 111 48 26 49 62 0 1; 68 34 22 42 67 0 2; ]
1700001065[440 49 55 113 52 1 2; 110 47 26 49 62 0 1; 69 32 23 42 67 0 2; ]
1700001066[440 49 55 113 52 1 2; 110 47 27 49 62 0 1; 70 31 24 42 67 0 2; ]
1700001067[441 49 55 113 52 1 2; 110 47 27 49 62 0 1; 71 30 24 42 67 0 2; ]
1700001068[441 49 55 113 52 1 2; 110 47 26 50 62 0 1; 72 30 24 42 67 0 2; ]
1700001069[442 49 55 113 52 1 2; 110 47 26 50 62 0 1; 74 32 24 42 67 0 2; ]
1700001070[442 49 55 113 52 1 2; 110 47 26 50 62 0 1; 75 33 24 42 67 0 2; ]
1700001071[442 49 56 114 52 1 2; 110 47 26 50 62 0 1; 77 34 24 42 67 0 2; ]
1700001072[443 49 59 115 52 1 2; 110 47 26 50 62 0 1; 78 34 24 42 67 0 2; ]
1700001073[443 49 63 117 52 1 2; 109 47 26 50 62 0 1; 80 34 24 42 67 0 2; ]
1700001074[443 48 67 120 52 1 2; 108 47 26 50 62 0 1; 82 34 24 42 67 0 2; ]
1700001075[107 47 27 50 62 0 1; 84 35 24 42 67 0 2; ]
1700001076[106 47 28 50 62 0 1; 86 36 25 42 67 0 2; ]
1700001077[106 49 27 51 62 0 1; 88 38 25 42 67 0 2; ]
1700001078[106 52 27 52 62 0 1; 90 40 25 43 67 0 2; ]
1700001079[105 54 27 53 62 0 1; 92 41 25 43 67 0 2; ]
1700001080[105 55 26 54 62 0 1; 94 43 25 44 67 1 2; ]
1700001081[104 55 26 54 62 0 1; 95 45 25 44 67 1 2; ]
1700001082[103 55 25 54 62 0 1; 96 46 26 44 67 1 2; ]
1700001083[103 55 24 54 62 0 1; 98 46 26 44 67 1 2; ]
1700001084[102 55 23 54 62 0 1; 100 46 27 44 67 1 2; ]
1700001085[101 55 22 54 62 0 1; ]
1700001086[101 55 22 54 62 0 1; ]
1700001087[100 55 22 54 62 0 1; ]
1700001088[99 56 23 54 62 0 1; ]
1700001089[98 56 24 53 62 0 1; 106 50 23 44 68 1 2; ]
1700001090[97 56 25 53 62 0 1; 107 50 24 44 68 1 2; ]
1700001091[96 57 27 53 62 0 1; 108 49 24 44 68 1 2; ]
1700001092[96 54 26 53 62 0 1; 110 48 24 44 68 0 2; ]
1700001093[95 51 26 53 62 0 1; 111 47 24 44 68 0 2; ]
1700001094[94 49 26 53 62 0 1; 112 45 25 44 68 0 2; ]
1700001095[93 47 26 54 62 0 1; 113 41 25 44 68 0 2; ]
1700001096[92 47 26 54 62 0 1; 114 38 25 44 68 0 2; ]
1700001097[90 47 25 55 62 0 1; 115 37 25 44 68 0 2; ]
1700001098[88 47 25 58 62 0 1; 117 39 25 44 68 0 2; ]
1700001099[87 47 25 61 62 0 1; 118 42 25 44 68 0 2; ]
1700001100[84 47 25 64 62 0 1; 119 45 25 44 68 0 2; ]
1700001101[83 47 24 65 62 0 1; 119 48 25 44 68 0 2; ]
1700001102[81 47 25 65 62 0 1; 120 49 25 45 68 0 2; ]
1700001103[79 48 26 65 62 0 1; 121 51 26 45 68 0 2; ]
1700001104[77 49 28 64 62 0 1; 122 52 26 45 68 0 2; ]
1700001105[74 51 31 63 62 0 1; 123 52 26 46 68 0 2; ]
1700001106[72 53 34 61 62 0 1; 124 53 26 46 68 0 2; ]
1700001107[71 55 31 63 62 0 1; 124 53 26 46 68 0 2; ]
1700001108[70 56 29 64 62 0 1; 125 54 26 46 68 0 2; ]
1700001109[68 57 28 65 62 0 1; 125 56 26 46 68 0 2; ]
1700001110[66 58 27 66 62 0 1; 126 59 26 45 68 0 2; ]
1700001111[64 58 27 67 62 0 1; 126 61 27 45 68 0 2; ]
1700001112[62 58 27 68 62 0 1; 127 63 27 44 68 0 2; ]
1700001113[60 57 28 69 62 0 1; 127 61 27 45 68 0 2; ]
1700001114[58 57 28 69 62 0 1; 127 60 28 45 68 0 2; ]
1700001115[55 56 29 70 62 0 1; 128 58 28 46 68 0 2; ]
1700001116[53 55 30 70 62 0 1; 128 57 28 47 68 0 2; ]
1700001117[50 54 31 69 62 0 1; 128 54 28 47 68 0 2; ]
1700001118[47 52 32 69 62 0 1; 128 51 28 48 68 0 2; ]
1700001119[45 49 33 68 62 0 1; 128 49 28 49 68 0 2; ]
1700001120[42 48 33 68 62 0 1; 128 48 28 49 68 0 2; ]
1700001121[39 47 34 67 62 0 1; 128 48 28 49 68 0 2; ]
1700001122[37 47 33 67 62 0 1; 128 49 28 49 68 0 2; ]
1700001123[36 47 31 67 62 0 1; 129 50 28 48 68 0 2; ]
1700001124[34 47 28 67 62 0 1; 129 52 29 48 68 0 2; ]
1700001125[33 47 24 67 62 0 1; 130 54 29 47 68 0 2; ]
