1700300001[]
1700300002[]
1700300003[]
1700300004[]
1700300005[]
1700300006[]
1700300007[]
1700300008[]
1700300009[]
1700300010[]
1700300011[]
1700300012[]
1700300013[]
1700300014[]
1700300015[]
1700300016[]
1700300017[]
1700300018[]
1700300019[]
1700300020[]
1700300021[1 82 40 61 1 0 2; ]
1700300022[6 82 39 61 1 0 2; ]
1700300023[12 82 39 61 1 0 2; ]
1700300024[17 81 39 62 1 0 2; ]
1700300025[22 81 39 62 1 0 2; ]
1700300026[26 81 39 62 1 0 2; ]
1700300027[31 81 39 62 1 0 2; ]
1700300028[36 81 39 62 1 0 2; ]
1700300029[41 79 39 62 1 0 2; ]
1700300030[46 78 39 62 1 0 2; ]
1700300031[52 77 38 62 1 0 2; ]
1700300032[57 77 38 62 1 0 2; ]
1700300033[62 78 38 62 1 0 2; ]
1700300034[67 79 37 61 1 0 2; ]
1700300035[72 81 37 61 1 0 2; ]
1700300036[76 81 38 61 1 0 2; ]
1700300037[80 81 39 62 1 0 2; ]
1700300038[84 81 40 62 1 0 2; ]
1700300039[89 81 40 62 1 0 2; ]
1700300040[94 80 40 63 1 0 2; ]
1700300041[99 80 39 63 1 0 2; ]
1700300042[104 79 39 63 1 0 2; ]
1700300043[109 79 39 63 1 0 2; ]
1700300044[113 79 39 63 1 0 2; ]
1700300045[116 79 39 64 1 0 2; ]
1700300046[120 79 39 64 1 0 2; ]
1700300047[125 80 39 64 1 0 2; ]
1700300048[129 80 39 65 1 0 2; ]
1700300049[133 80 38 65 1 0 2; ]
1700300050[138 81 38 65 1 0 2; ]
1700300051[142 80 38 66 1 0 2; ]
1700300052[145 79 38 66 1 0 2; ]
1700300053[149 78 38 66 1 0 2; ]
1700300054[153 77 38 66 1 0 2; ]
1700300055[157 77 38 66 1 0 2; ]
1700300056[160 76 38 66 1 0 2; ]
1700300057[164 76 38 66 1 0 2; ]
1700300058[168 76 38 66 1 0 2; ]
1700300059[172 76 38 66 1 0 2; ]
1700300060[177 76 38 67 1 0 2; ]
1700300061[181 76 38 67 1 0 2; ]
1700300062[184 76 38 67 1 0 2; ]
1700300063[188 76 38 67 1 0 2; ]
1700300064[191 76 38 67 1 0 2; ]
1700300065[194 76 38 67 1 0 2; ]
1700300066[198 76 38 67 1 0 2; ]
1700300067[202 77 39 67 1 0 2; ]
1700300068[206 77 39 68 1 0 2; ]
1700300069[210 77 39 68 1 0 2; ]
1700300070[215 77 39 68 1 0 2; ]
1700300071[220 78 39 68 1 0 2; ]
1700300072[223 78 39 68 1 0 2; ]
1700300073[226 78 38 68 1 0 2; ]
1700300074[230 78 38 68 1 0 2; ]
1700300075[233 79 38 68 1 0 2; ]
1700300076[238 79 38 68 1 0 2; ]
1700300077[242 79 38 68 1 0 2; ]
1700300078[248 80 39 68 1 0 2; ]
1700300079[251 80 39 68 1 0 2; ]
1700300080[254 80 38 68 1 0 2; ]
1700300081[257 81 38 70 1 0 2; ]
1700300082[261 82 39 71 1 0 2; ]
1700300083[265 82 39 72 1 0 2; ]
1700300084[268 82 39 73 1 0 2; ]
1700300085[272 80 39 73 1 0 2; ]
1700300086[275 78 39 73 1 0 2; ]
1700300087[278 76 40 73 1 0 2; ]
1700300088[282 75 40 73 1 0 2; ]
1700300089[286 74 40 73 1 0 2; ]
1700300090[290 73 40 74 1 0 2; ]
1700300091[294 72 41 75 1 0 2; ]
1700300092[297 72 41 75 1 0 2; ]
1700300093[300 72 41 75 1 0 2; ]
1700300094[303 73 41 75 1 0 2; ]
1700300095[306 74 41 74 1 0 2; ]
1700300096[309 74 41 74 1 0 2; ]
1700300097[312 74 42 75 1 0 2; ]
1700300098[315 74 42 75 1 0 2; ]
1700300099[318 74 43 75 1 0 2; ]
1700300100[321 74 43 75 1 0 2; ]
1700300101[323 74 44 76 1 0 2; ]
1700300102[326 74 44 76 1 0 2; ]
1700300103[329 74 44 77 1 0 2; ]
1700300104[332 75 44 78 1 0 2; ]
1700300105[334 76 43 79 1 0 2; ]
1700300106[337 78 43 80 1 0 2; ]
1700300107[339 78 43 80 1 0 2; ]
1700300108[341 79 44 80 1 0 2; ]
1700300109[342 80 44 80 1 0 2; ]
1700300110[344 80 45 80 1 0 2; ]
1700300111[345 80 45 80 1 0 2; ]
1700300112[347 79 45 80 1 0 2; ]
1700300113[348 79 45 81 1 0 2; ]
1700300114[349 79 45 81 1 0 2; ]
1700300115[350 79 45 81 1 0 2; ]
1700300116[351 78 44 81 1 0 2; ]
1700300117[352 78 44 82 1 0 2; ]
1700300118[353 79 43 83 1 0 2; ]
1700300119[353 79 43 84 1 0 2; ]
1700300120[353 80 43 86 1 0 2; ]
1700300121[354 80 43 86 1 0 2; ]
1700300122[354 81 43 86 1 0 2; ]
1700300123[354 82 43 86 1 0 2; ]
1700300124[354 83 43 86 1 0 2; ]
1700300125[354 85 43 86 1 0 2; ]
1700300126[354 85 44 86 1 0 2; ]
1700300127[354 85 44 87 1 0 2; ]
1700300128[354 85 45 87 1 0 2; ]
1700300129[354 84 46 88 1 0 2; ]
1700300130[353 84 46 88 1 0 2; ]
1700300131[353 84 46 88 1 0 2; ]
1700300132[353 83 47 89 1 0 2; ]
1700300133[352 82 47 90 1 0 2; ]
1700300134[352 81 48 90 1 0 2; ]
1700300135[351 79 49 91 1 0 2; ]
1700300136[350 78 49 91 1 0 2; ]
1700300137[350 77 49 92 1 0 2; ]
1700300138[349 76 49 92 1 0 2; ]
1700300139[348 75 48 93 1 0 2; ]
1700300140[347 74 48 93 1 0 2; 13 99 16 37 27 1 3; ]
1700300141[345 73 48 93 1 0 2; 12 98 16 36 27 1 3; ]
1700300142[344 72 48 94 1 0 2; 10 98 16 36 27 1 3; ]
1700300143[342 71 49 94 1 0 2; 9 97 15 35 27 1 3; ]
1700300144[340 70 49 94 1 0 2; 7 97 15 35 27 1 3; ]
1700300145[339 70 50 95 1 0 2; 5 96 15 35 27 1 3; ]
1700300146[337 69 50 95 1 0 2; 3 96 15 35 27 1 3; ]
1700300147[335 69 51 96 1 0 2; 1 96 15 35 27 1 3; ]
1700300148[333 68 51 96 1 0 2; ]
1700300149[331 68 51 97 1 0 2; ]
1700300150[329 67 52 98 1 0 2; ]
1700300151[327 67 52 99 1 0 2; ]
1700300152[325 67 52 100 1 0 2; ]
1700300153[323 67 52 100 1 0 2; ]
1700300154[321 68 53 100 1 0 2; ]
1700300155[318 69 53 100 1 0 2; ]
1700300156[316 68 53 101 1 0 2; ]
1700300157[314 67 54 102 1 0 2; ]
1700300158[311 67 55 102 1 0 2; ]
1700300159[308 66 55 103 1 0 2; ]
1700300160[306 65 56 104 1 0 2; ]
1700300161[303 65 57 104 1 0 2; ]
1700300162[300 65 57 105 1 0 2; ]
1700300163[297 64 58 106 1 0 2; ]
1700300164[294 64 58 108 1 0 2; ]
1700300165[291 64 59 110 1 0 2; ]
1700300166[288 63 59 111 1 0 2; ]
1700300167[285 63 60 111 1 0 2; ]
1700300168[282 63 61 111 1 0 2; ]
1700300169[279 63 62 111 1 0 2; ]
1700300170[276 63 63 111 1 0 2; ]
1700300171[272 64 64 111 1 0 2; ]
1700300172[268 64 65 112 1 0 2; ]
1700300173[265 65 66 113 1 0 2; ]
1700300174[261 65 67 113 1 0 2; ]
1700300175[258 63 68 115 1 0 2; 487 115 23 38 4 1 2; ]
1700300176[255 60 68 116 1 0 2; 485 113 22 38 4 1 2; ]
1700300177[251 57 69 117 1 0 2; 483 110 22 39 4 1 2; ]
1700300178[248 55 69 119 1 0 2; 482 108 22 39 4 1 2; ]
1700300179[245 52 70 119 1 0 2; 480 106 23 39 4 1 2; ]
1700300180[242 50 70 120 1 0 2; 479 104 23 39 4 1 2; ]
1700300181[239 48 71 121 1 0 2; 478 104 23 39 4 1 2; ]
1700300182[237 47 71 122 1 0 2; 476 104 23 38 4 1 2; ]
1700300183[234 46 71 124 1 0 2; 475 104 23 38 4 1 2; ]
1700300184[231 45 71 125 1 0 2; 473 104 22 37 4 1 2; ]
1700300185[229 45 71 126 1 0 2; 472 104 22 36 4 1 2; ]
1700300186[227 45 71 126 1 0 2; 471 104 22 36 4 1 2; ]
1700300187[225 44 72 127 1 0 2; 470 104 23 37 4 1 2; ]
1700300188[222 44 72 128 1 0 2; 469 104 23 37 4 1 2; ]
1700300189[220 43 73 129 1 0 2; 467 103 23 38 4 1 2; ]
1700300190[217 42 73 130 1 0 2; 466 103 24 38 4 1 2; ]
1700300191[215 41 74 131 1 0 2; 465 103 24 38 4 1 2; ]
1700300192[212 40 75 132 1 0 2; 464 103 24 39 4 1 2; ]
1700300193[209 39 76 133 1 0 2; 463 103 24 39 4 1 2; ]
1700300194[205 37 77 135 1 0 2; 462 102 24 39 4 1 2; ]
1700300195[202 35 78 137 1 0 2; 460 102 24 40 4 1 2; ]
1700300196[198 33 80 139 1 0 2; 459 101 24 40 4 1 2; ]
1700300197[195 31 81 141 1 0 2; 458 100 24 40 4 1 2; ]
1700300198[191 30 83 142 1 0 2; 456 99 24 40 4 1 2; ]
1700300199[186 29 84 143 1 0 2; 455 98 23 41 4 1 2; ]
1700300200[182 28 86 144 1 0 2; 453 97 23 41 4 1 2; ]
1700300201[178 28 87 146 1 0 2; 452 98 23 41 4 1 2; ]
1700300202[174 28 88 148 1 0 2; 450 99 23 40 4 1 2; ]
1700300203[171 29 88 149 1 0 2; 449 100 24 40 4 1 2; ]
1700300204[167 29 89 151 1 0 2; 447 101 24 40 4 1 2; ]
1700300205[163 30 90 153 1 0 2; 446 103 24 40 4 1 2; ]
1700300206[159 32 90 154 1 0 2; 444 105 24 39 4 0 2; ]
1700300207[155 33 91 156 1 0 2; 443 108 24 39 4 1 2; ]
1700300208[151 33 92 158 1 0 2; 441 110 25 40 4 1 2; ]
1700300209[147 34 92 159 1 0 2; 440 113 25 40 4 1 2; ]
1700300210[143 35 93 161 1 0 2; 439 115 24 40 4 1 2; ]
1700300211[140 35 94 163 1 0 2; 438 117 24 39 4 1 2; ]
1700300212[136 36 94 165 1 0 2; 436 118 25 40 4 1 2; ]
1700300213[132 37 95 166 1 0 2; 434 119 25 41 4 1 2; ]
1700300214[128 37 96 168 1 0 2; 432 120 25 41 4 1 2; ]
1700300215[124 38 96 170 1 0 2; 430 120 25 41 4 1 2; ]
1700300216[120 38 97 171 1 0 2; 430 120 25 42 4 1 2; ]
1700300217[116 37 98 173 1 0 2; 429 121 25 42 4 1 2; ]
1700300218[112 37 99 174 1 0 2; 427 121 24 43 4 1 2; ]
1700300219[108 34 100 176 1 0 2; 426 120 25 43 4 1 2; ]
1700300220[104 31 102 178 1 0 2; 424 119 25 43 4 1 2; ]
1700300221[99 30 103 180 1 0 2; 422 118 26 43 4 1 2; ]
1700300222[94 29 105 183 1 0 2; 421 118 26 43 4 1 2; ]
1700300223[88 27 106 186 1 0 2; 420 118 26 43 4 1 2; ]
1700300224[83 24 108 190 1 0 2; 418 118 25 43 4 1 2; ]
1700300225[77 21 111 194 1 0 2; 417 118 25 43 4 1 2; ]
1700300226[71 20 113 197 1 0 2; 416 118 25 43 4 1 2; ]
1700300227[65 19 115 200 1 0 2; 415 118 25 44 4 1 2; ]
1700300228[59 19 118 203 1 0 2; 413 119 25 44 4 1 2; ]
1700300229[52 18 121 206 1 0 2; 412 119 26 45 4 1 2; ]
1700300230[46 18 124 208 1 0 2; 410 120 26 45 4 1 2; ]
1700300231[40 17 124 210 1 0 2; 409 120 26 45 4 1 2; ]
1700300232[34 15 125 213 1 0 2; 408 120 26 45 4 1 2; ]
1700300233[27 13 127 216 1 0 2; 407 119 26 45 4 1 2; ]
1700300234[21 9 129 221 1 0 2; 405 119 26 45 4 1 2; ]
1700300235[14 4 132 227 1 0 2; 404 118 26 45 4 1 2; ]
1700300236[5 0 135 232 1 0 2; 403 116 26 45 4 1 2; ]
1700300237[402 115 25 45 4 1 2; ]
1700300238[401 115 25 45 4 1 2; ]
1700300239[400 115 25 44 4 1 2; ]
1700300240[400 113 25 45 4 1 2; ]
1700300241[399 111 25 46 4 1 2; ]
1700300242[400 109 25 45 4 1 2; ]
1700300243[400 108 25 45 4 1 2; ]
1700300244[400 108 25 45 4 1 2; ]
1700300245[398 109 25 46 4 1 2; ]
1700300246[397 109 25 46 4 1 2; ]
1700300247[397 109 25 47 4 1 2; ]
1700300248[396 109 25 48 4 1 2; ]
1700300249[396 109 25 48 4 1 2; ]
1700300250[397 110 26 48 4 1 2; ]
1700300251[397 111 26 49 4 1 2; ]
1700300252[397 112 26 49 4 1 2; ]
1700300253[397 113 26 49 4 1 2; ]
1700300254[397 114 26 49 4 1 2; ]
1700300255[397 115 27 49 4 1 2; ]
1700300256[397 116 27 48 4 1 2; ]
1700300257[397 117 27 48 4 1 2; ]
1700300258[397 118 27 48 4 1 2; ]
1700300259[397 119 27 48 4 1 2; ]
1700300260[396 120 27 48 4 1 2; ]
1700300261[396 121 27 49 4 1 2; ]
1700300262[396 122 27 50 4 1 2; ]
1700300263[396 122 27 50 4 1 2; ]
1700300264[396 122 27 50 4 1 2; ]
1700300265[395 120 28 50 4 1 2; ]
1700300266[395 118 28 50 4 1 2; ]
1700300267[395 118 28 50 4 1 2; ]
1700300268[394 118 28 50 4 1 2; ]
1700300269[394 118 28 51 4 1 2; ]
1700300270[393 118 28 51 4 1 2; ]
1700300271[392 118 28 52 4 1 2; ]
1700300272[391 121 28 52 4 1 2; ]
1700300273[390 123 28 52 4 1 2; ]
1700300274[389 123 28 52 4 1 2; ]
1700300275[388 122 28 52 4 1 2; ]
1700300276[387 120 28 53 4 1 2; ]
1700300277[386 117 28 54 4 1 2; ]
1700300278[386 117 28 54 4 1 2; ]
1700300279[384 117 28 54 4 1 2; ]
1700300280[383 118 28 54 4 1 2; ]
1700300281[381 119 28 53 4 1 2; ]
1700300282[380 120 28 53 4 1 2; ]
1700300283[379 120 28 53 4 1 2; ]
1700300284[379 119 28 53 4 1 2; ]
1700300285[379 118 28 53 4 1 2; ]
1700300286[378 118 28 53 4 1 2; ]
1700300287[377 116 28 53 4 1 2; ]
1700300288[375 114 28 52 4 1 2; ]
1700300289[373 114 29 53 4 1 2; ]
1700300290[371 113 29 54 4 1 2; ]
1700300291[369 113 29 55 4 1 2; ]
1700300292[368 113 29 55 4 1 2; ]
1700300293[366 113 29 56 4 1 2; ]
1700300294[364 113 29 56 4 1 2; ]
1700300295[362 113 29 55 4 1 2; ]
1700300296[360 112 29 55 4 1 2; ]
1700300297[358 112 29 55 4 1 2; ]
1700300298[356 112 29 55 4 1 2; ]
1700300299[354 114 29 55 4 1 2; ]
1700300300[351 115 29 55 4 1 2; ]
1700300301[349 116 29 55 4 1 2; ]
1700300302[346 116 29 55 4 1 2; ]
1700300303[343 116 29 55 4 1 2; ]
1700300304[340 116 29 56 4 1 2; ]
1700300305[338 116 29 56 4 1 2; ]
1700300306[334 117 29 56 4 1 2; ]
1700300307[331 117 29 56 4 1 2; ]
1700300308[328 113 29 58 4 1 2; ]
1700300309[325 112 29 58 4 1 2; ]
1700300310[321 111 30 59 4 1 2; ]
1700300311[318 110 30 59 4 1 2; ]
1700300312[315 109 30 59 4 1 2; ]
1700300313[311 108 30 60 4 1 2; ]
1700300314[308 106 30 60 4 1 2; 443 75 67 102 6 0 2; ]
1700300315[305 104 30 60 4 1 2; 439 74 68 100 6 0 2; ]
1700300316[302 102 30 60 4 1 2; 436 73 68 99 6 0 2; ]
1700300317[298 100 30 60 4 1 2; 432 72 69 99 6 0 2; ]
1700300318[295 100 31 61 4 1 2; 429 71 69 100 6 0 2; ]
1700300319[291 100 31 62 4 1 2; 425 73 69 102 6 0 2; ]
1700300320[287 102 32 63 4 1 2; 421 74 69 103 6 0 2; ]
1700300321[284 104 32 63 4 1 2; 417 75 69 104 6 0 2; ]
1700300322[280 106 32 62 4 1 2; 412 76 69 105 6 0 2; ]
1700300323[276 108 32 62 4 1 2; 408 76 69 106 6 0 2; ]
1700300324[272 109 32 62 4 1 2; 403 76 70 107 6 0 2; ]
1700300325[268 110 32 62 4 1 2; 398 77 71 107 6 0 2; ]
1700300326[265 110 32 62 4 1 2; 393 77 73 108 6 0 2; ]
1700300327[261 110 32 62 4 1 2; 388 77 74 108 6 0 2; ]
1700300328[257 110 32 62 4 1 2; 382 77 76 109 6 0 2; ]
1700300329[252 109 32 62 4 1 2; 377 87 41 96 7 0 1; 411 78 44 103 8 0 1; ]
1700300330[248 108 33 63 4 1 2; 372 84 41 98 7 0 1; 407 77 44 106 8 0 1; ]
1700300331[244 107 33 63 4 1 2; 366 81 41 100 7 0 1; 403 76 44 109 8 0 1; ]
1700300332[240 106 33 64 4 1 2; 359 78 41 103 7 0 1; 398 74 44 110 8 0 1; ]
1700300333[235 105 33 64 4 1 2; 351 76 43 106 7 0 1; 394 73 44 111 8 0 1; ]
1700300334[231 103 33 66 4 1 2; 343 73 47 108 7 0 1; 390 71 45 111 8 0 1; ]
1700300335[226 102 33 67 4 1 2; 335 69 51 109 7 0 1; 386 70 45 111 8 0 1; ]
1700300336[223 100 32 66 4 1 2; 328 66 53 109 7 0 1; 381 68 46 112 8 0 1; ]
1700300337[219 99 32 65 4 1 2; 322 64 53 109 7 0 1; 377 66 46 113 8 0 1; ]
1700300338[215 98 32 65 4 1 2; 316 62 53 109 7 0 1; 373 64 47 115 8 0 1; ]
1700300339[211 98 32 65 4 1 2; 311 63 51 109 7 0 1; 368 62 47 117 8 0 1; ]
1700300340[206 99 32 65 4 1 2; 306 63 49 111 7 0 1; 364 61 47 118 8 0 1; ]
1700300341[202 99 32 65 4 1 2; 300 63 48 114 7 0 1; 360 62 48 119 8 0 1; ]
1700300342[198 100 32 65 4 1 2; 294 62 47 116 7 0 1; 355 63 48 119 8 0 1; ]
1700300343[195 101 33 66 4 1 2; 289 62 47 115 7 0 1; 351 65 48 119 8 0 1; ]
1700300344[191 102 33 67 4 1 2; 283 62 46 115 7 0 1; 347 68 48 119 8 0 1; ]
1700300345[188 101 33 67 4 1 2; 278 60 47 117 7 0 1; 342 66 49 121 8 0 1; ]
1700300346[184 99 33 67 4 1 2; 272 59 48 119 7 0 1; 337 65 49 124 8 0 1; ]
1700300347[181 98 33 68 4 1 2; 267 57 49 121 7 0 1; 332 63 50 126 8 0 1; ]
1700300348[177 98 33 69 4 1 2; 261 55 49 122 7 0 1; 328 61 50 127 8 0 1; ]
1700300349[173 97 33 69 4 1 2; 254 54 50 123 7 0 1; 323 59 51 129 8 0 1; ]
1700300350[169 97 33 69 4 1 2; 248 53 50 126 7 0 1; 319 57 51 131 8 0 1; ]
1700300351[164 99 34 69 4 1 2; 242 52 50 128 7 0 1; 315 56 51 132 8 0 1; ]
1700300352[160 100 34 70 4 1 2; 235 51 51 130 7 0 1; 311 57 52 133 8 0 1; ]
1700300353[156 100 34 70 4 1 2; 228 50 53 132 7 0 1; 306 57 52 134 8 0 1; ]
1700300354[152 100 35 70 4 1 2; 220 49 55 133 7 0 1; 302 58 52 135 8 0 1; ]
1700300355[149 100 35 71 4 1 2; 214 48 56 135 7 0 1; 298 58 53 135 8 0 1; ]
1700300356[146 99 35 71 4 1 2; 208 48 56 136 7 0 1; 295 58 53 137 8 0 1; ]
1700300357[143 99 35 71 4 1 2; 203 47 56 137 7 0 1; 291 58 53 138 8 0 1; ]
1700300358[140 99 35 71 4 1 2; 199 46 55 138 7 0 1; 287 57 53 139 8 0 1; ]
1700300359[136 100 35 72 4 1 2; 194 46 55 139 7 0 1; 283 56 54 141 8 0 1; ]
1700300360[132 101 35 72 4 1 2; 188 47 56 141 7 0 1; 279 57 54 142 8 0 1; ]
1700300361[129 102 35 73 4 1 2; 182 48 56 143 7 0 1; 274 57 55 143 8 0 1; ]
1700300362[125 105 36 74 4 1 2; 176 49 57 145 7 0 1; 270 58 56 145 8 0 1; ]
1700300363[122 109 36 74 4 1 2; 170 49 58 148 7 0 1; 265 59 57 148 8 0 1; ]
1700300364[119 111 36 75 4 1 2; 164 50 58 150 7 0 1; 261 60 58 152 8 0 1; ]
1700300365[117 112 37 75 4 1 2; 158 50 59 153 7 0 1; 257 61 59 152 8 0 1; ]
1700300366[114 112 37 76 4 1 2; 152 50 60 155 7 0 1; 252 61 61 153 8 0 1; ]
1700300367[110 112 37 77 4 1 2; 146 50 60 157 7 0 1; 243 61 67 155 8 0 1; ]
1700300368[107 112 37 77 4 1 2; 140 50 61 159 7 0 1; 235 61 71 158 8 0 1; ]
1700300369[104 112 37 78 4 1 2; 134 49 62 161 7 0 1; 234 60 68 161 8 0 1; ]
1700300370[101 112 37 77 4 1 2; 128 48 63 163 7 0 1; 232 59 65 164 8 0 1; ]
1700300371[98 112 37 77 4 1 2; 122 47 63 165 7 0 1; 227 58 67 166 8 0 1; ]
1700300372[95 112 37 77 4 1 2; 116 44 64 168 7 0 1; 220 57 70 168 8 0 1; ]
1700300373[92 112 37 77 4 1 2; 110 41 65 172 7 0 1; 215 55 69 170 8 0 1; ]
1700300374[90 109 37 79 4 1 2; 104 37 66 175 7 0 1; 210 52 67 171 8 0 1; ]
1700300375[97 32 68 181 7 0 1; 205 49 69 174 8 0 1; ]
1700300376[90 29 71 185 7 0 1; 200 45 70 177 8 0 1; ]
1700300377[81 26 73 187 7 0 1; 195 42 71 180 8 0 1; ]
1700300378[70 24 78 188 7 0 1; 190 40 72 183 8 0 1; ]
1700300379[60 22 81 190 7 0 1; 184 39 74 186 8 0 1; ]
1700300380[55 20 79 193 7 0 1; 179 37 75 189 8 0 1; ]
1700300381[50 18 76 197 7 0 1; 173 36 76 192 8 0 1; ]
1700300382[44 16 76 201 7 0 1; 168 35 76 196 8 0 1; ]
1700300383[37 15 76 204 7 0 1; 162 33 77 199 8 0 1; ]
1700300384[30 12 75 207 7 0 1; 157 30 77 203 8 0 1; ]
1700300385[22 9 75 211 7 0 1; 152 27 77 207 8 0 1; ]
1700300386[13 3 77 216 7 0 1; 146 24 78 211 8 0 1; ]
1700300387[140 20 78 215 8 0 1; 51 98 37 82 11 1 2; ]
1700300388[133 15 80 220 8 0 1; 46 95 39 84 11 1 2; ]
1700300389[126 10 81 226 8 0 1; 41 93 41 86 11 1 2; ]
1700300390[113 8 89 230 8 0 1; 36 92 42 87 11 1 2; ]
1700300391[101 6 96 235 8 0 1; 31 92 42 88 11 1 2; ]
1700300392[90 4 100 239 8 0 1; 27 92 43 89 11 1 2; ]
1700300393[80 3 102 244 8 0 1; 23 92 43 89 11 1 2; ]
1700300394[72 2 101 247 8 0 1; 19 92 43 90 11 1 2; ]
1700300395[66 1 99 251 8 0 1; 15 91 43 90 11 1 2; ]
1700300396[58 0 99 256 8 0 1; 10 91 44 91 11 1 2; ]
1700300397[6 90 45 91 11 1 2; ]
1700300398[1 89 45 91 11 1 2; ]
1700300399[]
1700300400[]
1700300401[]
1700300402[]
1700300403[]
1700300404[]
1700300405[]
1700300406[]
1700300407[]
1700300408[]
1700300409[]
1700300410[]
1700300411[]
1700300412[]
1700300413[]
1700300414[]
1700300415[]
1700300416[]
1700300417[]
1700300418[]
1700300419[474 90 35 95 9 0 1; ]
1700300420[473 90 36 95 9 0 1; ]
1700300421[472 90 36 96 9 0 1; ]
1700300422[470 90 36 96 9 0 1; ]
1700300423[469 90 36 96 9 0 1; ]
1700300424[468 88 36 97 9 0 1; ]
1700300425[466 86 37 99 9 0 1; ]
1700300426[465 83 37 100 9 0 1; ]
1700300427[463 81 37 100 9 0 1; ]
1700300428[462 80 37 100 9 0 1; ]
1700300429[461 79 37 100 9 0 1; ]
1700300430[459 79 37 100 9 0 1; ]
1700300431[458 78 36 100 9 0 1; ]
1700300432[456 82 38 100 9 0 1; ]
1700300433[454 84 39 100 9 0 1; ]
1700300434[453 85 40 100 9 0 1; ]
1700300435[451 85 40 101 9 0 1; ]
1700300436[450 85 41 101 9 0 1; ]
1700300437[448 84 41 102 9 0 1; ]
1700300438[446 84 41 102 9 0 1; ]
1700300439[445 84 42 102 9 0 1; ]
1700300440[443 83 42 103 9 0 1; ]
1700300441[441 83 42 103 9 0 1; ]
1700300442[440 83 43 104 9 0 1; ]
1700300443[438 82 42 104 9 0 1; ]
1700300444[437 81 42 105 9 0 1; ]
1700300445[436 81 41 106 9 0 1; ]
1700300446[436 80 41 106 9 0 1; ]
1700300447[434 80 41 107 9 0 1; ]
1700300448[432 80 41 108 9 0 1; ]
1700300449[429 80 41 109 9 0 1; ]
1700300450[427 81 41 109 9 0 1; 468 89 43 104 10 0 1; ]
1700300451[425 83 41 109 9 0 1; 466 91 43 104 10 0 1; ]
1700300452[422 85 41 109 9 0 1; 464 94 43 104 10 0 1; ]
1700300453[420 86 41 109 9 0 1; 462 95 43 104 10 0 1; ]
1700300454[417 85 41 109 9 0 1; 459 94 43 105 10 0 1; ]
1700300455[415 85 41 109 9 0 1; 457 93 43 106 10 0 1; ]
1700300456[412 83 41 110 9 0 1; 454 92 43 107 10 0 1; ]
1700300457[409 83 41 110 9 0 1; 452 91 43 109 10 0 1; ]
1700300458[406 82 41 111 9 0 1; 449 90 43 109 10 0 1; ]
1700300459[404 81 41 111 9 0 1; 447 89 44 110 10 0 1; ]
1700300460[401 81 41 111 9 0 1; 444 88 44 110 10 0 1; ]
1700300461[398 80 41 112 9 0 1; 441 87 44 111 10 0 1; ]
1700300462[394 79 42 114 9 0 1; 438 87 45 113 10 0 1; ]
1700300463[391 78 42 116 9 0 1; 435 87 45 115 10 0 1; ]
1700300464[388 78 43 117 9 0 1; 432 87 46 116 10 0 1; ]
1700300465[385 77 43 118 9 0 1; 429 86 47 116 10 0 1; ]
1700300466[381 76 43 118 9 0 1; 426 86 47 116 10 0 1; ]
1700300467[378 74 44 118 9 0 1; 423 85 48 116 10 0 1; ]
1700300468[375 74 44 118 9 0 1; 420 84 48 116 10 0 1; ]
1700300469[371 73 45 118 9 0 1; 417 83 49 116 10 0 1; ]
1700300470[368 73 45 119 9 0 1; 414 82 49 117 10 0 1; ]
1700300471[365 73 45 119 9 0 1; 412 81 49 118 10 0 1; ]
1700300472[361 73 46 119 9 0 1; 409 80 49 119 10 0 1; ]
1700300473[358 72 46 120 9 0 1; 407 78 49 119 10 0 1; ]
1700300474[355 69 47 121 9 0 1; 404 76 50 119 10 0 1; ]
1700300475[351 66 47 123 9 0 1; 402 75 50 118 10 0 1; ]
1700300476[348 63 48 125 9 0 1; 399 73 50 117 10 0 1; ]
1700300477[346 61 47 125 9 0 1; 397 70 50 118 10 0 1; ]
1700300478[344 59 47 125 9 0 1; 394 67 51 119 10 0 1; ]
1700300479[341 57 47 125 9 0 1; 391 65 51 120 10 0 1; ]
1700300480[339 54 46 126 9 0 1; 388 65 51 121 10 0 1; ]
1700300481[336 53 45 128 9 0 1; 384 65 51 121 10 0 1; ]
1700300482[333 53 45 131 9 0 1; 381 65 51 122 10 0 1; ]
1700300483[330 53 44 133 9 0 1; 378 65 50 122 10 0 1; ]
1700300484[326 55 45 133 9 0 1; 374 66 51 123 10 0 1; ]
1700300485[322 58 45 133 9 0 1; 371 68 51 124 10 0 1; ]
1700300486[318 61 46 132 9 0 1; 368 70 51 125 10 0 1; ]
1700300487[314 62 46 132 9 0 1; 365 71 51 126 10 0 1; ]
1700300488[310 63 47 132 9 0 1; 362 72 51 127 10 0 1; ]
1700300489[306 63 47 133 9 0 1; 359 72 51 128 10 0 1; ]
1700300490[301 63 48 134 9 0 1; 356 73 51 130 10 0 1; ]
1700300491[297 63 48 135 9 0 1; 353 73 51 131 10 0 1; 444 67 66 125 15 0 2; ]
1700300492[293 63 49 136 9 0 1; 349 73 53 133 10 0 1; 441 68 67 125 15 0 2; ]
1700300493[289 64 49 136 9 0 1; 345 73 54 135 10 0 1; 437 68 67 126 15 0 2; ]
1700300494[286 64 49 137 9 0 1; 341 73 56 136 10 0 1; 433 68 68 127 15 0 2; ]
1700300495[282 64 49 138 9 0 1; 337 73 57 136 10 0 1; 429 69 68 128 15 0 2; ]
1700300496[278 64 50 139 9 0 1; 334 74 57 136 10 0 1; 425 69 69 128 15 0 2; ]
1700300497[274 64 50 140 9 0 1; 330 75 58 137 10 0 1; 421 69 69 129 15 0 2; ]
1700300498[270 64 50 141 9 0 1; 327 75 58 137 10 0 1; 417 69 70 130 15 0 2; ]
1700300499[266 64 50 142 9 0 1; 324 75 58 138 10 0 1; 413 68 70 132 15 0 2; ]
1700300500[262 63 51 143 9 0 1; 321 74 58 140 10 0 1; 408 67 71 133 15 0 2; ]
1700300501[259 62 51 144 9 0 1; 318 73 58 142 10 0 1; 404 66 71 134 15 0 2; ]
1700300502[255 60 51 144 9 0 1; 315 71 58 143 10 0 1; 400 64 72 136 15 0 2; ]
1700300503[251 59 51 145 9 0 1; 312 68 57 143 10 0 1; 395 63 73 137 15 0 2; ]
1700300504[247 57 52 146 9 0 1; 309 65 57 144 10 0 1; 391 60 73 139 15 0 2; ]
1700300505[243 55 52 147 9 0 1; 307 63 56 144 10 0 1; 386 57 74 140 15 0 2; ]
1700300506[239 52 52 148 9 0 1; 304 61 55 144 10 0 1; 382 56 76 141 15 0 2; ]
1700300507[236 51 54 151 9 0 1; 300 60 57 147 10 0 1; 378 55 78 142 15 0 2; ]
1700300508[232 51 55 154 9 0 1; 296 59 59 149 10 0 1; 374 55 79 143 15 0 2; ]
1700300509[228 50 56 156 9 0 1; 292 59 60 151 10 0 1; 370 56 79 143 15 0 2; ]
1700300510[224 50 56 158 9 0 1; 288 59 60 151 10 0 1; 365 58 78 144 15 0 2; ]
1700300511[220 50 56 159 9 0 1; 284 60 60 152 10 0 1; 361 60 78 144 15 0 2; ]
1700300512[216 51 55 160 9 0 1; 279 61 60 152 10 0 1; 357 61 78 145 15 0 2; ]
1700300513[212 52 54 160 9 0 1; 275 63 60 153 10 0 1; 352 60 78 146 15 0 2; ]
1700300514[207 52 54 161 9 0 1; 271 64 60 154 10 0 1; 347 59 78 148 15 0 2; ]
1700300515[203 53 54 161 9 0 1; 266 65 60 155 10 0 1; 343 59 78 150 15 0 2; ]
1700300516[198 54 54 161 9 0 1; 262 66 60 156 10 0 1; 338 58 78 152 15 0 2; ]
1700300517[193 55 54 162 9 0 1; 257 66 60 157 10 0 1; 333 58 79 154 15 0 2; ]
1700300518[189 56 54 162 9 0 1; 253 66 61 159 10 0 1; 328 58 79 155 15 0 2; ]
1700300519[184 55 54 163 9 0 1; 248 66 61 160 10 0 1; 323 57 80 158 15 0 2; ]
1700300520[179 54 55 164 9 0 1; 244 65 61 161 10 0 1; 318 57 80 160 15 0 2; ]
1700300521[174 52 56 165 9 0 1; 239 64 62 162 10 0 1; 315 56 81 161 15 0 2; ]
1700300522[169 49 56 167 9 0 1; 235 60 63 162 10 0 1; 311 55 82 162 15 0 2; ]
1700300523[164 46 57 169 9 0 1; 231 58 64 162 10 0 1; 306 53 82 163 15 0 2; ]
1700300524[159 43 57 171 9 0 1; 226 56 65 162 10 0 1; 302 51 83 165 15 0 2; ]
1700300525[154 40 58 174 9 0 1; 221 55 66 163 10 0 1; 298 49 84 166 15 0 2; ]
1700300526[148 37 58 177 9 0 1; 214 54 67 164 10 0 1; 293 47 85 168 15 0 2; ]
1700300527[142 34 59 181 9 0 1; 208 53 68 165 10 0 1; 289 45 86 170 15 0 2; ]
1700300528[136 32 59 183 9 0 1; 202 52 68 167 10 0 1; 284 42 86 172 15 0 2; ]
1700300529[130 31 60 184 9 0 1; 196 51 68 168 10 0 1; 279 38 87 174 15 0 2; ]
1700300530[124 29 61 184 9 0 1; 191 49 68 169 10 0 1; 274 35 88 176 15 0 2; ]
1700300531[118 28 62 185 9 0 1; 186 48 68 171 10 0 1; 269 33 89 178 15 0 2; ]
1700300532[112 28 64 186 9 0 1; 181 46 69 173 10 0 1; 264 32 90 181 15 0 2; ]
1700300533[106 27 64 186 9 0 1; 176 45 69 175 10 0 1; 258 31 91 183 15 0 2; ]
1700300534[100 26 65 187 9 0 1; 170 43 69 177 10 0 1; 253 31 92 185 15 0 2; ]
1700300535[94 26 66 189 9 0 1; 164 41 71 180 10 0 1; 247 30 92 187 15 0 2; ]
1700300536[88 26 67 190 9 0 1; 158 39 72 183 10 0 1; 241 29 93 189 15 0 2; ]
1700300537[81 24 70 193 9 0 1; 152 38 72 185 10 0 1; 236 28 94 192 15 0 2; ]
1700300538[73 21 73 197 9 0 1; 146 37 73 187 10 0 1; 230 27 95 195 15 0 2; ]
1700300539[66 19 74 200 9 0 1; 139 36 73 189 10 0 1; 224 26 96 198 15 0 2; ]
1700300540[60 16 74 204 9 0 1; 132 35 74 191 10 0 1; 217 25 97 201 15 0 2; ]
1700300541[54 13 75 208 9 0 1; 125 34 74 194 10 0 1; 211 23 98 204 15 0 2; ]
1700300542[48 10 75 211 9 0 1; 117 32 75 196 10 0 1; 204 22 100 207 15 0 2; ]
1700300543[41 8 75 213 9 0 1; 110 30 76 199 10 0 1; 197 19 102 211 15 0 2; ]
1700300544[34 8 75 215 9 0 1; 102 29 77 201 10 0 1; 190 16 105 215 15 0 2; ]
1700300545[27 7 75 216 9 0 1; 94 26 79 203 10 0 1; 183 13 109 219 15 0 2; ]
1700300546[20 7 74 217 9 0 1; 85 24 81 205 10 0 1; 175 10 112 222 15 0 2; ]
1700300547[12 7 74 219 9 0 1; 77 22 81 208 10 0 1; 168 8 114 226 15 0 2; ]
1700300548[4 6 75 220 9 0 1; 68 19 80 211 10 0 1; 160 7 116 230 15 0 2; ]
1700300549[59 16 79 216 10 0 1; 152 5 118 233 15 0 2; ]
1700300550[49 13 80 221 10 0 1; 143 4 120 237 15 0 2; ]
1700300551[40 9 83 226 10 0 1; 136 5 121 241 15 0 2; ]
1700300552[32 9 83 229 10 0 1; 129 5 122 246 15 0 2; ]
1700300553[24 7 83 231 10 0 1; 121 5 124 251 15 0 2; ]
1700300554[15 6 83 234 10 0 1; 113 4 126 256 15 0 2; ]
1700300555[6 4 85 238 10 0 1; 104 0 129 262 15 0 2; ]
1700300556[]
1700300557[]
1700300558[]
1700300559[]
1700300560[]
1700300561[]
1700300562[]
1700300563[]
1700300564[]
1700300565[]
1700300566[]
1700300567[]
1700300568[]
1700300569[]
1700300570[]
1700300571[]
1700300572[]
1700300573[]
1700300574[]
1700300575[]
1700300576[]
1700300577[]
1700300578[]
1700300579[]
1700300580[]
1700300581[]
1700300582[]
1700300583[]
1700300584[]
1700300585[]
1700300586[]
1700300587[]
1700300588[]
1700300589[]
1700300590[]
1700300591[]
1700300592[]
1700300593[]
1700300594[]
1700300595[]
1700300596[]
1700300597[]
1700300598[]
1700300599[]
1700300600[]
1700300601[]
1700300602[]
1700300603[]
1700300604[]
1700300605[]
1700300606[]
1700300607[]
1700300608[]
1700300609[]
1700300610[]
1700300611[]
1700300612[]
1700300613[]
1700300614[]
1700300615[]
1700300616[]
1700300617[]
1700300618[]
1700300619[]
1700300620[]
1700300621[]
1700300622[]
1700300623[]
1700300624[]
1700300625[]
1700300626[]
1700300627[]
1700300628[]
1700300629[]
1700300630[]
1700300631[]
1700300632[]
1700300633[]
1700300634[]
1700300635[]
1700300636[]
1700300637[]
1700300638[]
1700300639[]
1700300640[]
1700300641[]
1700300642[]
1700300643[]
1700300644[]
1700300645[]
1700300646[]
1700300647[]
1700300648[]
1700300649[]
1700300650[]
1700300651[]
1700300652[]
1700300653[]
1700300654[]
1700300655[]
1700300656[]
1700300657[]
1700300658[]
1700300659[]
1700300660[]
1700300661[]
1700300662[]
1700300663[]
1700300664[]
1700300665[]
1700300666[]
1700300667[]
1700300668[]
1700300669[]
1700300670[]
1700300671[]
1700300672[]
1700300673[]
1700300674[]
1700300675[]
1700300676[]
1700300677[]
1700300678[]
1700300679[]
1700300680[]
1700300681[]
1700300682[]
1700300683[]
1700300684[]
1700300685[]
1700300686[]
1700300687[]
1700300688[]
1700300689[]
1700300690[]
1700300691[]
1700300692[]
1700300693[]
1700300694[]
1700300695[]
1700300696[]
1700300697[]
1700300698[]
1700300699[]
1700300700[]
1700300701[]
1700300702[]
1700300703[]
1700300704[]
1700300705[]
1700300706[]
1700300707[]
1700300708[]
1700300709[]
1700300710[]
1700300711[]
1700300712[]
1700300713[]
1700300714[]
1700300715[]
1700300716[]
1700300717[]
1700300718[]
1700300719[]
1700300720[]
1700300721[]
1700300722[]
1700300723[]
1700300724[]
1700300725[]
1700300726[]
1700300727[]
1700300728[]
1700300729[]
1700300730[]
1700300731[]
1700300732[]
1700300733[]
1700300734[]
1700300735[]
1700300736[]
1700300737[]
1700300738[]
1700300739[]
1700300740[]
1700300741[]
1700300742[]
1700300743[]
1700300744[]
1700300745[]
1700300746[]
1700300747[]
1700300748[]
1700300749[]
1700300750[]
1700300751[]
1700300752[]
1700300753[]
1700300754[]
1700300755[]
1700300756[]
1700300757[]
1700300758[]
1700300759[]
1700300760[]
1700300761[]
1700300762[]
1700300763[]
1700300764[]
1700300765[]
1700300766[]
1700300767[]
1700300768[]
1700300769[]
1700300770[]
1700300771[]
1700300772[]
1700300773[]
1700300774[]
1700300775[]
1700300776[]
1700300777[]
1700300778[]
1700300779[]
1700300780[]
1700300781[]
1700300782[]
1700300783[]
1700300784[]
1700300785[]
1700300786[]
1700300787[]
1700300788[]
1700300789[]
1700300790[]
1700300791[]
1700300792[]
1700300793[]
1700300794[]
1700300795[]
1700300796[]
1700300797[]
1700300798[]
1700300799[]
1700300800[]
1700300801[]
1700300802[]
1700300803[]
1700300804[]
1700300805[]
1700300806[]
1700300807[]
1700300808[]
1700300809[]
1700300810[]
1700300811[]
1700300812[]
1700300813[]
1700300814[]
1700300815[]
1700300816[]
1700300817[]
1700300818[]
1700300819[]
1700300820[]
1700300821[]
1700300822[]
1700300823[]
1700300824[]
1700300825[]
1700300826[]
1700300827[]
1700300828[]
1700300829[]
1700300830[]
1700300831[]
1700300832[]
1700300833[]
1700300834[]
1700300835[]
1700300836[]
1700300837[]
1700300838[]
1700300839[]
1700300840[]
1700300841[]
1700300842[]
1700300843[]
1700300844[]
1700300845[]
1700300846[]
1700300847[]
1700300848[]
1700300849[]
1700300850[]
1700300851[]
1700300852[]
1700300853[]
1700300854[]
1700300855[]
1700300856[]
1700300857[]
1700300858[]
1700300859[]
1700300860[]
1700300861[]
1700300862[]
1700300863[]
1700300864[]
1700300865[]
1700300866[]
1700300867[]
1700300868[]
1700300869[]
1700300870[]
1700300871[]
1700300872[]
1700300873[]
1700300874[]
1700300875[]
1700300876[]
1700300877[]
1700300878[]
1700300879[]
1700300880[]
1700300881[]
1700300882[]
1700300883[]
1700300884[]
1700300885[]
1700300886[]
1700300887[]
1700300888[]
1700300889[]
1700300890[]
1700300891[]
1700300892[]
1700300893[]
1700300894[]
1700300895[]
1700300896[]
1700300897[]
1700300898[]
1700300899[]
1700300900[]
1700300901[]
1700300902[]
1700300903[]
1700300904[]
1700300905[]
1700300906[478 81 24 51 21 0 1; ]
1700300907[477 81 23 52 21 0 1; ]
1700300908[476 81 22 53 21 0 1; ]
1700300909[474 81 22 53 21 0 1; ]
1700300910[471 81 23 53 21 0 1; 487 78 24 55 22 0 1; ]
1700300911[468 80 24 52 21 0 1; 485 79 24 55 22 0 1; ]
1700300912[465 81 25 52 21 0 1; 483 79 25 55 22 0 1; ]
1700300913[462 83 25 52 21 0 1; 481 80 25 55 22 0 1; ]
1700300914[459 84 26 52 21 0 1; 479 81 25 55 22 0 1; ]
1700300915[457 85 26 52 21 0 1; 477 82 25 56 22 0 1; ]
1700300916[456 88 25 52 21 0 1; 475 84 25 56 22 0 1; ]
1700300917[455 90 24 52 21 0 1; 473 86 25 56 22 0 1; ]
1700300918[453 91 24 52 21 0 1; 471 88 25 55 22 0 1; ]
1700300919[452 91 24 52 21 0 1; 469 90 25 54 22 0 1; ]
1700300920[450 91 25 53 21 0 1; 467 89 25 54 22 0 1; ]
1700300921[447 90 25 53 21 0 1; 465 87 25 55 22 0 1; ]
1700300922[446 89 25 53 21 0 1; 464 86 25 55 22 0 1; ]
1700300923[444 88 25 53 21 0 1; 463 84 25 56 22 0 1; ]
1700300924[442 86 25 53 21 0 1; 462 82 25 56 22 0 1; ]
1700300925[440 84 25 52 21 0 1; 459 80 25 56 22 0 1; ]
1700300926[438 82 25 52 21 0 1; 456 78 26 56 22 0 1; ]
1700300927[435 82 26 53 21 0 1; 454 78 26 57 22 0 1; ]
1700300928[433 82 27 53 21 0 1; 451 78 26 57 22 0 1; ]
1700300929[431 82 27 53 21 0 1; 449 78 26 57 22 0 1; ]
1700300930[429 81 27 54 21 0 1; 448 78 26 57 22 0 1; ]
1700300931[427 81 27 54 21 0 1; 446 78 26 57 22 0 1; ]
1700300932[426 81 27 54 21 0 1; 445 78 26 57 22 0 1; ]
1700300933[424 81 27 54 21 0 1; 443 78 26 57 22 0 1; ]
1700300934[423 81 26 54 21 0 1; 442 78 26 57 22 0 1; ]
1700300935[422 81 25 54 21 0 1; 440 78 25 58 22 0 1; ]
1700300936[421 81 25 54 21 0 1; 438 78 25 59 22 0 1; ]
1700300937[419 81 24 55 21 0 1; 435 78 26 59 22 0 1; ]
1700300938[417 81 24 55 21 0 1; 433 78 27 59 22 0 1; ]
1700300939[415 81 24 56 21 0 1; 431 78 27 60 22 0 1; ]
1700300940[414 80 24 56 21 0 1; 430 76 27 60 22 0 1; ]
1700300941[412 78 24 56 21 0 1; 429 74 27 61 22 0 1; ]
1700300942[410 76 25 56 21 0 1; 427 71 27 61 22 0 1; ]
1700300943[408 74 25 56 21 0 1; 426 70 27 61 22 0 1; ]
1700300944[407 72 25 56 21 0 1; 424 70 27 61 22 0 1; ]
1700300945[405 71 25 56 21 0 1; 422 70 26 61 22 0 1; ]
1700300946[403 72 25 55 21 0 1; 420 70 26 60 22 0 1; ]
1700300947[402 74 25 54 21 0 1; 418 71 26 60 22 0 1; ]
1700300948[400 76 25 54 21 0 1; 417 72 26 60 22 0 1; ]
1700300949[398 78 25 55 21 0 1; 415 74 27 61 22 0 1; ]
1700300950[396 79 25 56 21 0 1; 414 76 28 61 22 0 1; ]
1700300951[395 81 25 57 21 0 1; 412 78 29 61 22 0 1; ]
1700300952[393 83 25 57 21 0 1; 411 79 28 61 22 0 1; ]
1700300953[392 84 24 56 21 0 1; 410 80 26 61 22 0 1; ]
1700300954[391 85 24 56 21 0 1; 409 81 26 61 22 0 1; ]
1700300955[390 85 24 56 21 0 1; 407 82 26 61 22 0 1; ]
1700300956[388 86 24 56 21 0 1; 406 82 26 61 22 0 1; ]
1700300957[387 86 24 56 21 0 1; 405 82 27 61 22 0 1; ]
1700300958[386 86 24 56 21 0 1; 403 83 27 61 22 0 1; ]
1700300959[385 85 24 56 21 0 1; 402 82 27 61 22 0 1; ]
1700300960[383 82 24 57 21 0 1; 400 79 27 61 22 0 1; ]
1700300961[382 80 24 57 21 0 1; 398 77 28 62 22 0 1; ]
1700300962[381 78 24 58 21 0 1; 397 75 28 62 22 0 1; ]
1700300963[379 76 23 59 21 0 1; 395 74 28 62 22 0 1; ]
1700300964[378 75 23 60 21 0 1; 393 74 28 62 22 0 1; ]
1700300965[377 76 23 60 21 0 1; 391 75 28 62 22 0 1; ]
1700300966[376 78 23 59 21 0 1; 389 76 28 62 22 0 1; ]
1700300967[373 80 23 58 21 0 1; 388 77 27 62 22 0 1; ]
1700300968[372 81 23 58 21 0 1; 386 78 27 62 22 0 1; ]
1700300969[371 82 23 57 21 0 1; 384 79 27 62 22 0 1; ]
1700300970[370 83 23 57 21 0 1; 382 80 27 61 22 0 1; ]
1700300971[370 81 39 63 23 0 2; ]
1700300972[368 81 38 63 23 0 2; ]
1700300973[367 82 37 63 23 0 2; ]
1700300974[366 82 36 63 23 0 2; ]
1700300975[364 83 36 63 23 0 2; ]
1700300976[363 84 35 63 23 0 2; ]
1700300977[362 86 35 63 23 0 2; ]
1700300978[360 87 34 63 23 0 2; ]
1700300979[359 87 35 65 23 0 2; ]
1700300980[358 88 36 66 23 0 2; ]
1700300981[356 91 36 66 23 0 2; ]
1700300982[355 96 37 66 23 0 2; ]
1700300983[354 100 37 65 23 0 2; ]
1700300984[352 102 37 65 23 0 2; ]
1700300985[351 103 36 65 23 0 2; ]
1700300986[350 104 35 65 23 0 2; ]
1700300987[349 101 34 66 23 0 2; ]
1700300988[348 100 34 68 23 0 2; ]
1700300989[347 99 34 68 23 0 2; ]
1700300990[346 99 34 68 23 0 2; ]
1700300991[346 99 34 68 23 0 2; ]
1700300992[345 98 34 67 23 0 2; ]
1700300993[344 98 34 67 23 0 2; ]
1700300994[343 98 34 67 23 0 2; ]
1700300995[342 98 34 68 23 0 2; ]
1700300996[340 96 34 68 23 0 2; ]
1700300997[339 93 34 68 23 0 2; ]
1700300998[338 93 34 68 23 0 2; ]
1700300999[337 92 35 68 23 0 2; ]
1700301000[336 92 35 69 23 0 2; ]
1700301001[334 92 35 69 23 0 2; ]
1700301002[333 95 36 69 23 0 2; ]
1700301003[332 97 36 69 23 0 2; ]
1700301004[331 98 36 69 23 0 2; ]
1700301005[329 100 36 69 23 0 2; ]
1700301006[328 101 36 69 23 0 2; ]
1700301007[326 102 37 70 23 0 2; ]
1700301008[325 102 37 70 23 0 2; ]
1700301009[323 102 37 70 23 0 2; ]
1700301010[321 100 37 71 23 0 2; ]
1700301011[318 99 37 71 23 0 2; ]
1700301012[316 97 38 71 23 0 2; ]
1700301013[314 96 38 71 23 0 2; ]
1700301014[311 94 38 71 23 0 2; ]
1700301015[308 93 38 72 23 0 2; ]
1700301016[306 92 38 73 23 0 2; ]
1700301017[303 91 39 74 23 0 2; ]
1700301018[300 91 39 74 23 0 2; ]
1700301019[298 90 39 75 23 0 2; ]
1700301020[295 90 39 74 23 0 2; ]
1700301021[292 90 39 74 23 0 2; ]
1700301022[290 90 40 73 23 0 2; ]
1700301023[287 90 40 73 23 0 2; ]
1700301024[284 90 40 73 23 0 2; ]
1700301025[282 91 40 74 23 0 2; ]
1700301026[279 92 40 75 23 0 2; ]
1700301027[276 93 41 76 23 0 2; ]
1700301028[274 94 41 77 23 0 2; ]
1700301029[271 96 41 77 23 0 2; ]
1700301030[269 98 41 77 23 0 2; ]
1700301031[266 100 41 78 23 0 2; ]
1700301032[264 100 41 77 23 0 2; ]
1700301033[262 99 42 77 23 0 2; ]
1700301034[260 98 42 77 23 0 2; ]
1700301035[258 96 42 77 23 0 2; ]
1700301036[256 95 42 77 23 0 2; ]
1700301037[254 92 42 77 23 0 2; ]
1700301038[252 90 42 78 23 0 2; ]
1700301039[250 88 42 78 23 0 2; ]
1700301040[249 87 42 79 23 0 2; ]
1700301041[247 86 42 80 23 0 2; ]
1700301042[245 85 42 81 23 0 2; ]
1700301043[243 84 42 81 23 0 2; ]
1700301044[241 83 42 81 23 0 2; ]
1700301045[239 83 42 81 23 0 2; ]
1700301046[237 83 42 80 23 0 2; ]
1700301047[235 82 42 81 23 0 2; ]
1700301048[233 81 43 81 23 0 2; ]
1700301049[231 81 43 82 23 0 2; ]
1700301050[229 81 43 82 23 0 2; ]
1700301051[227 80 43 82 23 0 2; ]
1700301052[225 80 43 83 23 0 2; ]
1700301053[222 80 44 83 23 0 2; ]
1700301054[220 80 44 84 23 0 2; ]
1700301055[218 80 44 84 23 0 2; ]
1700301056[215 80 44 84 23 0 2; ]
1700301057[213 81 44 85 23 0 2; ]
1700301058[210 81 45 85 23 0 2; ]
1700301059[208 81 45 85 23 0 2; ]
1700301060[205 82 45 85 23 0 2; ]
1700301061[203 83 45 86 23 0 2; ]
1700301062[199 82 46 87 23 0 2; ]
1700301063[196 82 48 87 23 0 2; ]
1700301064[192 82 49 88 23 0 2; ]
1700301065[189 82 50 89 23 0 2; ]
1700301066[185 82 51 89 23 0 2; ]
1700301067[182 81 53 90 23 0 2; ]
1700301068[178 81 54 91 23 0 2; ]
1700301069[174 80 56 91 23 0 2; ]
1700301070[170 79 58 91 23 0 2; ]
1700301071[166 77 60 92 23 0 2; ]
1700301072[162 75 61 92 23 0 2; ]
1700301073[159 74 62 93 23 0 2; ]
1700301074[156 72 63 93 23 0 2; 482 90 29 67 24 0 1; ]
1700301075[153 71 64 94 23 0 2; 481 89 29 67 24 0 1; ]
1700301076[150 70 64 95 23 0 2; 480 89 29 67 24 0 1; ]
1700301077[479 88 29 68 24 0 1; 148 74 41 88 25 0 1; 175 71 35 93 26 0 1; ]
1700301078[478 88 29 68 24 0 1; 144 73 42 89 25 0 1; 172 69 35 94 26 0 1; ]
1700301079[477 88 29 68 24 0 1; 140 72 43 89 25 0 1; 170 68 35 95 26 0 1; ]
1700301080[476 88 29 69 24 0 1; 136 72 43 90 25 0 1; 167 67 35 96 26 0 1; ]
1700301081[475 89 29 69 24 0 1; 131 72 43 90 25 0 1; 164 68 35 96 26 0 1; ]
1700301082[473 91 29 69 24 0 1; 126 73 42 91 25 0 1; 161 69 35 96 26 0 1; ]
1700301083[471 93 29 69 24 0 1; 121 75 42 92 25 0 1; 158 71 35 97 26 0 1; ]
1700301084[470 96 29 69 24 0 1; 116 76 41 92 25 0 1; 155 73 35 97 26 0 1; ]
1700301085[469 97 29 69 24 0 1; 112 78 41 93 25 0 1; 153 75 35 98 26 0 1; ]
1700301086[468 99 29 69 24 0 1; 107 80 40 93 25 0 1; 150 77 35 99 26 0 1; ]
1700301087[467 101 29 69 24 0 1; 103 82 39 93 25 0 1; 147 79 35 99 26 0 1; ]
1700301088[466 103 29 69 24 0 1; 99 83 38 94 25 0 1; 144 80 35 100 26 0 1; ]
1700301089[465 102 30 68 24 0 1; 94 84 39 94 25 0 1; 142 80 36 100 26 0 1; ]
1700301090[464 101 31 68 24 0 1; 90 84 41 95 25 0 1; 139 80 36 100 26 0 1; ]
1700301091[463 101 32 68 24 0 1; 84 84 43 95 25 0 1; 136 80 37 100 26 0 1; ]
1700301092[463 101 32 68 24 0 1; 79 84 47 96 25 0 1; 133 79 38 100 26 0 1; ]
1700301093[464 102 32 69 24 0 1; 77 84 48 95 25 0 1; 132 78 38 102 26 0 1; ]
1700301094[464 102 32 70 24 0 1; 75 84 48 95 25 0 1; 130 78 38 104 26 0 1; ]
1700301095[464 102 32 70 24 0 1; 72 83 48 95 25 0 1; 128 77 38 104 26 0 1; ]
1700301096[464 102 32 70 24 0 1; 70 83 48 96 25 0 1; 126 76 39 104 26 0 1; ]
1700301097[464 102 32 69 24 0 1; 67 81 48 97 25 0 1; 124 75 39 104 26 0 1; ]
1700301098[465 101 32 68 24 0 1; 64 80 47 98 25 0 1; 122 74 39 104 26 0 1; ]
1700301099[465 101 32 67 24 0 1; 62 79 46 99 25 0 1; 120 74 39 104 26 0 1; ]
1700301100[465 100 31 67 24 0 1; 60 78 44 99 25 0 1; 118 74 39 104 26 0 1; ]
1700301101[466 100 31 68 24 0 1; 57 77 41 100 25 0 1; 116 74 40 105 26 0 1; ]
1700301102[467 99 30 69 24 0 1; 55 76 38 100 25 0 1; 114 74 40 106 26 0 1; ]
1700301103[469 98 30 70 24 0 1; 53 75 37 101 25 0 1; 113 74 41 106 26 0 1; ]
