1700700001[]
1700700002[]
1700700003[]
1700700004[]
1700700005[]
1700700006[]
1700700007[]
1700700008[]
1700700009[]
1700700010[]
1700700011[]
1700700012[]
1700700013[]
1700700014[]
1700700015[]
1700700016[]
1700700017[]
1700700018[]
1700700019[]
1700700020[]
1700700021[]
1700700022[]
1700700023[]
1700700024[]
1700700025[]
1700700026[]
1700700027[]
1700700028[]
1700700029[]
1700700030[]
1700700031[]
1700700032[477 89 34 79 0 1 1; ]
1700700033[469 89 33 79 0 1 1; ]
1700700034[463 90 33 78 0 1 1; ]
1700700035[457 91 31 77 0 1 1; ]
1700700036[449 91 31 77 0 1 1; ]
1700700037[440 89 31 77 0 1 1; ]
1700700038[431 90 31 77 0 1 1; ]
1700700039[422 91 31 77 0 1 1; ]
1700700040[412 92 32 77 0 1 1; ]
1700700041[401 93 33 78 0 1 1; ]
1700700042[390 93 34 79 0 1 1; ]
1700700043[380 94 35 80 0 1 1; ]
1700700044[369 94 34 81 0 1 1; ]
1700700045[357 95 33 82 0 1 1; 454 80 48 98 1 0 1; ]
1700700046[346 96 32 82 0 1 1; 437 80 47 99 1 0 1; ]
1700700047[334 96 31 83 0 1 1; 421 80 47 99 1 0 1; ]
1700700048[323 95 31 84 0 1 1; 404 77 46 99 1 0 1; ]
1700700049[311 92 31 87 0 1 1; 388 74 45 100 1 0 1; ]
1700700050[299 91 31 88 0 1 1; 368 74 45 101 1 0 1; ]
1700700051[286 91 32 88 0 1 1; 349 74 46 102 1 0 1; ]
1700700052[272 91 35 88 0 1 1; 340 74 46 102 1 0 1; ]
1700700053[259 91 37 86 0 0 1; 322 77 49 97 2 0 2; ]
1700700054[246 91 38 85 0 0 1; 304 75 52 99 2 0 2; ]
1700700055[232 92 38 85 0 0 1; 286 75 53 100 2 0 2; ]
1700700056[219 93 38 85 0 0 1; 268 75 52 102 2 0 2; ]
1700700057[205 94 38 85 0 0 1; 250 76 51 103 2 0 2; ]
1700700058[193 95 38 85 0 0 1; 234 75 50 105 2 0 2; ]
1700700059[181 95 38 87 0 0 1; 218 74 50 106 2 0 2; ]
1700700060[171 94 37 90 0 0 1; 200 74 50 108 2 0 2; ]
1700700061[158 94 36 91 0 0 1; 181 74 49 109 2 0 2; ]
1700700062[147 76 64 109 2 0 2; ]
1700700063[135 76 62 111 2 0 2; ]
1700700064[120 76 61 109 2 0 2; ]
1700700065[103 76 60 109 2 0 2; ]
1700700066[86 76 60 108 2 0 2; ]
1700700067[68 76 60 108 2 0 2; 471 89 36 85 6 0 2; ]
1700700068[49 77 62 109 2 0 2; 457 90 36 85 6 0 2; ]
1700700069[29 78 64 109 2 0 2; 442 91 36 85 6 0 2; ]
1700700070[9 77 70 111 2 0 2; 424 92 38 91 6 0 2; ]
1700700071[410 93 38 94 6 0 2; ]
1700700072[19 95 29 92 4 0 1; 395 95 39 95 7 0 1; ]
1700700073[4 96 29 93 4 0 1; 382 95 37 95 7 0 1; ]
1700700074[368 95 36 94 7 0 1; ]
1700700075[355 95 34 94 7 0 1; ]
1700700076[342 95 34 94 7 0 1; 484 128 18 31 79 0 1; ]
1700700077[328 95 34 93 7 0 1; 473 127 18 31 79 0 1; ]
1700700078[315 95 34 92 7 0 1; 460 128 18 31 79 0 1; ]
1700700079[302 95 34 92 7 1 1; 448 128 18 31 79 0 1; ]
1700700080[289 95 34 91 7 1 1; 437 128 18 31 79 0 1; ]
1700700081[275 96 34 93 7 1 1; 426 129 18 31 79 0 1; ]
1700700082[263 96 35 96 7 1 1; 416 129 18 31 79 0 1; ]
1700700083[252 96 37 97 7 1 1; 407 130 18 31 79 0 1; ]
1700700084[241 96 38 97 7 1 1; 398 132 18 31 79 0 1; ]
1700700085[230 96 39 97 7 1 1; 390 132 18 31 79 0 1; ]
1700700086[219 97 40 97 7 1 1; 381 133 18 31 79 0 1; ]
1700700087[207 97 40 97 7 1 1; 373 133 17 31 79 0 1; ]
1700700088[200 97 38 97 7 1 1; 366 133 17 31 79 0 1; ]
1700700089[190 97 37 97 7 1 1; 358 133 17 31 79 0 1; ]
1700700090[179 98 38 97 7 1 1; 352 133 17 32 79 0 1; ]
1700700091[171 96 38 97 7 1 1; 345 133 17 33 79 0 1; ]
1700700092[159 95 39 102 8 1 2; 339 133 17 33 79 0 1; ]
1700700093[148 95 40 102 8 1 2; 333 133 17 33 79 0 1; ]
1700700094[139 96 40 102 8 1 2; 327 133 17 33 79 0 1; ]
1700700095[131 97 40 102 8 1 2; 321 133 17 33 79 0 1; ]
1700700096[124 97 40 102 8 1 2; 347 138 22 30 44 0 1; 315 132 17 33 79 0 1; ]
1700700097[114 98 41 102 8 1 2; 342 138 22 30 44 0 1; 309 132 17 33 79 0 1; ]
1700700098[105 98 43 102 8 1 2; 337 137 21 31 44 0 1; 304 132 17 33 79 0 1; ]
1700700099[97 98 41 102 8 1 2; 332 137 21 31 44 0 1; 298 133 17 33 79 0 1; ]
1700700100[90 98 40 102 8 1 2; 327 137 21 31 44 0 1; 293 133 17 33 79 0 1; ]
1700700101[82 98 40 102 8 1 2; 323 137 21 31 44 0 1; 288 133 17 33 79 0 1; ]
1700700102[75 98 40 102 8 1 2; 318 137 21 30 44 0 1; 284 133 17 33 79 0 1; ]
1700700103[68 97 40 102 8 1 2; 314 137 21 30 44 0 1; 279 133 17 33 79 0 1; ]
1700700104[60 96 40 102 8 1 2; 309 137 21 30 44 0 1; 276 133 17 33 79 0 1; ]
1700700105[53 95 40 103 8 1 2; 305 137 21 30 44 0 1; 272 133 17 33 79 0 1; ]
1700700106[45 95 40 103 8 1 2; 301 136 21 31 44 0 1; 268 133 17 34 79 0 1; ]
1700700107[39 94 38 107 9 1 1; 297 135 21 32 44 0 1; 265 131 17 34 79 0 1; ]
1700700108[32 90 38 110 9 1 1; 293 133 21 33 44 0 1; 261 129 17 34 79 0 1; ]
1700700109[25 89 38 111 9 1 1; 290 132 21 34 44 0 1; 258 127 17 35 79 0 1; ]
1700700110[18 91 38 109 9 1 1; 287 131 20 35 44 0 1; 255 127 17 35 79 0 1; ]
1700700111[11 92 38 107 9 1 1; 285 130 20 36 44 0 1; 252 126 17 35 79 0 1; ]
1700700112[4 91 39 107 9 1 1; 282 130 20 36 44 0 1; 249 125 17 35 79 0 1; ]
1700700113[280 129 20 36 44 0 1; 247 125 17 35 79 0 1; ]
1700700114[277 129 20 35 44 0 1; 245 125 17 35 79 0 1; ]
1700700115[275 129 20 35 44 0 1; 244 126 17 35 79 0 1; ]
1700700116[274 129 20 35 44 0 1; 242 126 17 35 79 0 1; ]
1700700117[273 128 20 35 44 0 1; 241 126 17 35 79 0 1; ]
1700700118[273 128 20 35 44 0 1; 240 126 17 35 79 0 1; ]
1700700119[272 128 20 35 44 0 1; 240 126 17 35 79 0 1; ]
1700700120[272 127 20 35 44 0 1; 239 126 17 35 79 0 1; ]
1700700121[272 127 20 36 44 0 1; 239 126 17 35 79 0 1; ]
1700700122[272 127 21 38 44 0 1; 239 126 17 35 79 0 1; ]
1700700123[272 127 21 39 44 0 1; 239 126 17 35 79 0 1; ]
1700700124[272 127 21 39 44 0 1; 239 126 17 35 79 0 1; ]
1700700125[272 128 20 36 44 0 1; 239 126 17 35 79 0 1; ]
1700700126[273 129 19 32 44 0 1; 239 126 17 35 79 0 1; ]
1700700127[273 127 19 36 44 0 1; 240 126 17 35 79 0 1; ]
1700700128[274 125 20 39 44 0 1; 240 126 17 35 79 0 1; ]
1700700129[275 126 20 39 44 0 1; 241 126 17 35 79 0 1; ]
1700700130[276 127 20 39 44 0 1; 242 126 17 35 79 0 1; ]
1700700131[277 129 20 39 44 0 1; 244 127 17 35 79 0 1; ]
1700700132[279 130 20 38 44 0 1; 245 127 17 35 79 0 1; ]
1700700133[280 131 20 38 44 0 1; 247 127 17 35 79 0 1; ]
1700700134[281 131 19 37 44 0 1; 248 128 17 35 79 0 1; ]
1700700135[283 132 18 36 44 0 1; 250 129 17 35 79 0 1; ]
1700700136[284 132 18 35 44 0 1; 252 130 17 35 79 0 1; ]
1700700137[287 132 18 35 44 0 1; 254 131 17 35 79 0 1; ]
1700700138[289 132 18 35 44 0 1; 256 131 17 35 79 0 1; ]
1700700139[293 132 18 35 44 0 1; 259 131 17 35 79 0 1; ]
1700700140[296 132 18 35 44 0 1; 262 131 17 35 79 0 1; ]
1700700141[299 132 18 34 44 0 1; 265 131 17 35 79 0 1; ]
1700700142[302 133 18 34 44 0 1; 268 131 17 35 79 0 1; ]
1700700143[305 133 18 34 44 0 1; 271 132 17 35 79 0 1; ]
1700700144[308 133 18 33 44 0 1; 274 132 17 35 79 0 1; ]
1700700145[312 134 18 33 44 0 1; 277 132 17 35 79 0 1; ]
1700700146[316 134 18 33 44 0 1; 281 132 17 35 79 0 1; ]
1700700147[319 135 18 33 44 0 1; 284 132 17 35 79 0 1; ]
1700700148[323 135 18 33 44 0 1; 288 132 17 35 79 0 1; ]
1700700149[326 135 18 33 44 0 1; 291 132 17 36 79 0 1; ]
1700700150[330 134 18 33 44 0 1; 294 131 17 36 79 0 1; ]
1700700151[333 134 18 32 44 0 1; 298 130 17 36 79 0 1; ]
1700700152[337 133 18 32 44 0 1; 301 130 17 36 79 0 1; ]
1700700153[340 134 18 32 44 0 1; 305 130 17 36 79 0 1; ]
1700700154[344 134 18 32 44 0 1; 308 130 17 36 79 0 1; ]
1700700155[347 134 18 32 44 0 1; 312 131 17 36 79 0 1; ]
1700700156[351 135 18 32 44 0 1; 316 132 17 36 79 0 1; ]
1700700157[355 135 18 32 44 0 1; 319 132 17 36 79 0 1; ]
1700700158[359 135 18 32 44 0 1; 323 132 17 36 79 0 1; ]
1700700159[362 135 18 32 44 0 1; 326 132 17 36 79 0 1; ]
1700700160[366 135 18 32 44 0 1; 330 132 17 36 79 0 1; ]
1700700161[369 135 18 32 44 0 1; 333 131 17 36 79 0 1; ]
1700700162[373 135 18 32 44 0 1; 336 132 17 36 79 0 1; ]
1700700163[376 136 18 32 44 0 1; 340 132 17 36 79 0 1; ]
1700700164[380 136 18 32 44 0 1; 343 132 17 36 79 0 1; ]
1700700165[384 136 18 32 44 0 1; 347 132 17 36 79 0 1; ]
1700700166[388 136 18 33 44 0 1; 350 132 17 36 79 0 1; ]
1700700167[393 135 18 34 44 0 1; 354 132 17 36 79 0 1; ]
1700700168[398 135 18 35 44 0 1; 358 132 17 36 79 0 1; ]
1700700169[401 135 18 35 44 0 1; 363 132 17 36 79 0 1; ]
1700700170[405 136 18 35 44 0 1; 367 132 17 36 79 0 1; ]
1700700171[409 136 18 35 44 0 1; 371 132 17 36 79 0 1; ]
1700700172[412 136 18 35 44 0 1; 375 132 17 36 79 0 1; ]
1700700173[417 136 18 35 44 0 1; 380 131 17 36 79 0 1; ]
1700700174[421 136 18 35 44 0 1; 383 132 17 36 79 0 1; ]
1700700175[425 136 18 35 44 0 1; 387 132 17 36 79 0 1; ]
1700700176[429 136 18 35 44 0 1; 391 132 17 36 79 0 1; ]
1700700177[433 136 18 35 44 0 1; 394 132 17 36 79 0 1; ]
1700700178[437 136 17 35 44 0 1; 398 132 17 36 79 0 1; ]
1700700179[441 137 17 35 44 0 1; 402 132 17 36 79 0 1; ]
1700700180[444 137 17 35 44 0 1; 405 131 17 36 79 0 1; ]
1700700181[449 137 17 35 44 0 1; 409 131 17 36 79 0 1; ]
1700700182[453 137 17 35 44 0 1; 413 131 17 36 79 0 1; ]
1700700183[456 137 17 35 44 0 1; 416 132 17 36 79 0 1; ]
1700700184[459 137 17 35 44 0 1; 419 133 17 36 79 0 1; ]
1700700185[461 136 17 35 44 0 1; 423 133 17 36 79 0 1; ]
1700700186[426 133 17 36 79 0 1; ]
1700700187[429 133 17 36 79 1 1; ]
1700700188[]
1700700189[]
1700700190[]
1700700191[]
1700700192[6 82 94 183 10 0 1; ]
1700700193[17 82 84 183 10 0 1; ]
1700700194[28 82 75 183 10 0 1; ]
1700700195[40 82 69 184 10 0 1; ]
1700700196[52 82 63 185 10 0 1; ]
1700700197[62 82 59 186 10 0 1; ]
1700700198[71 83 55 188 10 0 1; ]
1700700199[76 83 59 188 10 1 1; ]
1700700200[84 84 58 188 10 1 1; ]
1700700201[94 84 58 188 10 1 1; ]
1700700202[]
1700700203[]
1700700204[]
1700700205[]
1700700206[]
1700700207[]
1700700208[]
1700700209[]
1700700210[]
1700700211[]
1700700212[]
1700700213[]
1700700214[]
1700700215[]
1700700216[]
1700700217[]
1700700218[207 86 55 170 119 1 3; ]
1700700219[213 85 54 173 119 1 3; ]
1700700220[220 84 54 175 119 1 3; ]
1700700221[222 80 64 203 11 1 1; ]
1700700222[228 80 63 202 11 1 1; ]
1700700223[234 80 62 201 11 0 1; ]
1700700224[239 81 62 201 11 0 1; ]
1700700225[242 80 65 202 11 0 1; ]
1700700226[245 80 72 204 11 0 1; ]
1700700227[248 81 84 204 11 0 1; ]
1700700228[250 81 97 204 11 0 1; ]
1700700229[251 82 104 204 11 0 1; ]
1700700230[251 83 107 204 11 0 1; ]
1700700231[257 83 104 204 11 0 1; ]
1700700232[268 83 97 204 11 0 1; ]
1700700233[279 83 89 204 11 0 1; ]
1700700234[289 82 82 205 11 0 1; ]
1700700235[301 81 74 208 11 0 1; ]
1700700236[312 80 67 211 11 0 1; ]
1700700237[321 79 64 212 11 0 1; ]
1700700238[326 80 66 212 11 0 1; ]
1700700239[331 81 71 212 11 0 1; ]
1700700240[335 82 76 211 11 0 1; ]
1700700241[339 83 78 211 11 0 1; ]
1700700242[343 83 76 210 11 0 1; ]
1700700243[348 84 74 210 11 0 1; ]
1700700244[352 84 76 209 11 0 1; ]
1700700245[357 84 78 208 11 0 1; ]
1700700246[363 84 77 208 11 0 1; ]
1700700247[370 84 77 208 11 0 1; ]
1700700248[377 84 76 208 11 0 1; ]
1700700249[383 84 75 208 11 0 1; ]
1700700250[388 84 77 208 11 0 1; ]
1700700251[392 85 79 208 11 0 1; ]
1700700252[396 85 81 207 11 0 1; ]
1700700253[401 85 82 207 11 0 1; ]
1700700254[406 85 82 207 11 0 1; ]
1700700255[412 85 82 208 11 0 1; ]
1700700256[419 85 82 208 11 0 1; ]
1700700257[424 85 82 208 11 0 1; ]
1700700258[]
1700700259[]
1700700260[]
1700700261[]
1700700262[]
1700700263[]
1700700264[]
1700700265[]
1700700266[]
1700700267[]
1700700268[]
1700700269[]
1700700270[]
1700700271[]
1700700272[]
1700700273[]
1700700274[]
1700700275[]
1700700276[]
1700700277[]
1700700278[]
1700700279[]
1700700280[]
1700700281[]
1700700282[]
1700700283[]
1700700284[]
1700700285[]
1700700286[]
1700700287[]
1700700288[]
1700700289[]
1700700290[]
1700700291[]
1700700292[]
1700700293[]
1700700294[]
1700700295[]
1700700296[]
1700700297[]
1700700298[]
1700700299[]
1700700300[]
1700700301[]
1700700302[]
1700700303[]
1700700304[]
1700700305[]
1700700306[]
1700700307[]
1700700308[]
1700700309[]
1700700310[]
1700700311[]
1700700312[]
1700700313[]
1700700314[]
1700700315[]
1700700316[]
1700700317[]
1700700318[]
1700700319[]
1700700320[]
1700700321[]
1700700322[]
1700700323[]
1700700324[]
1700700325[]
1700700326[]
1700700327[]
1700700328[]
1700700329[]
1700700330[]
1700700331[]
1700700332[]
1700700333[]
1700700334[]
1700700335[]
1700700336[]
1700700337[]
1700700338[]
1700700339[]
1700700340[]
1700700341[]
1700700342[]
1700700343[]
1700700344[]
1700700345[]
1700700346[]
1700700347[]
1700700348[]
1700700349[]
1700700350[]
1700700351[]
1700700352[]
1700700353[]
1700700354[]
1700700355[]
1700700356[]
1700700357[]
1700700358[]
1700700359[]
1700700360[]
1700700361[16 63 38 135 12 1 1; ]
1700700362[18 64 40 135 12 1 1; ]
1700700363[22 64 41 136 12 1 1; ]
1700700364[25 64 43 136 12 1 1; ]
1700700365[28 65 45 137 12 1 1; 2 65 48 142 13 1 1; ]
1700700366[32 65 47 141 12 1 1; 6 66 48 142 13 1 1; ]
1700700367[36 65 48 144 12 1 1; 10 67 48 142 13 1 1; ]
1700700368[39 64 50 145 12 1 1; 13 66 49 143 13 1 1; ]
1700700369[43 63 52 146 12 1 1; 16 65 50 144 13 1 1; ]
1700700370[46 62 53 147 12 1 1; 20 64 50 145 13 1 1; ]
1700700371[50 61 54 147 12 1 1; 24 63 51 146 13 1 1; ]
1700700372[54 62 54 147 12 1 1; 28 64 51 146 13 1 1; ]
1700700373[58 63 53 147 12 1 1; 32 64 51 146 13 1 1; ]
1700700374[63 65 52 147 12 1 1; 36 64 51 146 13 1 1; ]
1700700375[68 66 52 147 12 1 1; 41 65 51 146 13 1 1; ]
1700700376[72 66 52 147 12 1 1; 44 65 51 146 13 1 1; ]
1700700377[76 66 52 147 12 1 1; 48 66 51 146 13 1 1; ]
1700700378[81 66 52 147 12 1 1; 52 67 51 146 13 1 1; ]
1700700379[85 66 52 147 12 1 1; 55 68 51 146 13 1 1; ]
1700700380[89 65 52 147 12 1 1; 58 68 51 146 13 1 1; ]
1700700381[93 65 52 147 12 1 1; 62 68 51 146 13 1 1; ]
1700700382[97 64 52 148 12 1 1; 65 68 51 146 13 1 1; ]
1700700383[101 63 52 148 12 1 1; 69 68 51 146 13 1 1; ]
1700700384[105 64 51 148 12 1 1; 73 68 51 146 13 1 1; ]
1700700385[109 64 51 148 12 1 1; 78 66 51 146 13 1 1; ]
1700700386[114 64 50 147 12 1 1; 83 65 51 146 13 1 1; ]
1700700387[119 65 49 147 12 1 1; 87 65 51 146 13 1 1; ]
1700700388[123 65 49 145 12 1 1; 91 65 51 145 13 1 1; ]
1700700389[126 66 49 144 12 1 1; 95 65 51 143 13 1 1; ]
1700700390[130 66 49 142 12 1 1; 98 66 51 140 13 1 1; ]
1700700391[134 66 49 142 12 1 1; 102 67 51 137 13 1 1; ]
1700700392[137 65 50 142 12 1 1; 106 68 50 137 13 1 1; ]
1700700393[140 64 52 142 12 1 1; 111 68 49 137 13 1 1; ]
1700700394[143 63 53 142 12 1 1; 115 68 48 137 13 1 1; ]
1700700395[146 62 54 142 12 1 1; 120 68 48 137 13 1 1; ]
1700700396[150 62 54 142 12 1 1; 124 68 48 137 13 0 1; ]
1700700397[154 62 54 141 12 1 1; 129 67 48 135 13 0 1; ]
1700700398[158 63 54 140 12 1 1; 134 66 48 134 13 1 1; ]
1700700399[163 63 54 138 12 1 1; 138 66 48 134 13 1 1; ]
1700700400[169 63 52 138 12 1 1; 143 65 49 134 13 1 1; ]
1700700401[174 63 51 139 12 1 1; 147 65 49 134 13 1 1; ]
1700700402[179 63 50 139 12 1 1; 152 65 50 135 13 1 1; ]
1700700403[185 63 49 140 12 1 1; 156 65 52 136 13 1 1; ]
1700700404[189 63 49 141 12 1 1; 160 65 52 136 13 1 1; ]
1700700405[194 63 49 142 12 1 1; 163 65 52 137 13 1 1; ]
1700700406[199 63 49 144 12 1 1; 168 66 53 137 13 1 1; ]
1700700407[204 63 49 146 12 1 1; 172 66 53 137 13 1 1; ]
1700700408[210 63 49 147 12 1 1; 177 66 53 137 13 1 1; ]
1700700409[216 63 48 149 12 1 1; 183 67 53 137 13 1 1; ]
1700700410[222 63 48 150 12 1 1; 189 67 53 137 13 1 1; ]
1700700411[228 63 48 150 12 1 1; 195 67 53 137 13 1 1; ]
1700700412[233 63 49 150 12 1 1; 200 67 53 137 13 1 1; ]
1700700413[238 63 50 150 12 1 1; 205 66 54 137 13 1 1; ]
1700700414[244 62 51 150 12 1 1; 210 65 56 137 13 1 1; ]
1700700415[249 62 51 150 12 1 1; 215 63 57 137 13 1 1; ]
1700700416[254 62 52 150 12 1 1; 222 64 56 137 13 1 1; ]
1700700417[259 62 52 150 12 1 1; 228 66 56 139 13 1 1; ]
1700700418[264 62 53 150 12 1 1; 234 68 57 141 13 1 1; ]
1700700419[269 62 53 150 12 1 1; 240 70 57 143 13 1 1; ]
1700700420[251 62 76 151 122 1 -1; ]
1700700421[260 62 76 150 122 1 -1; ]
1700700422[270 62 76 150 122 1 -1; ]
1700700423[279 63 76 149 122 1 -1; ]
1700700424[289 63 76 148 122 1 -1; ]
1700700425[299 64 76 147 122 1 -1; ]
1700700426[308 64 76 146 122 1 -1; ]
1700700427[318 64 76 146 122 1 -1; ]
1700700428[328 65 77 145 122 1 -1; ]
1700700429[337 65 77 144 122 1 -1; ]
1700700430[347 66 77 143 122 1 -1; ]
1700700431[356 66 77 143 122 1 -1; ]
1700700432[366 66 77 142 122 1 -1; ]
1700700433[376 67 77 141 122 1 -1; ]
1700700434[385 67 77 140 122 1 -1; ]
1700700435[395 68 77 140 122 1 -1; ]
1700700436[410 67 73 140 122 1 -1; ]
1700700437[424 66 70 141 122 1 -1; ]
1700700438[439 64 66 142 122 1 -1; ]
1700700439[]
1700700440[]
1700700441[]
1700700442[3 80 55 131 14 0 1; ]
1700700443[15 80 55 131 14 0 1; ]
1700700444[27 81 55 131 14 0 1; ]
1700700445[39 81 55 131 14 0 1; ]
1700700446[51 82 55 131 14 0 1; 0 74 58 135 15 0 1; ]
1700700447[62 82 55 131 14 0 1; 11 75 58 135 15 0 1; ]
1700700448[74 84 55 131 14 0 1; 23 76 58 135 15 0 1; ]
1700700449[85 85 55 130 14 0 1; 34 77 58 135 15 0 1; ]
1700700450[97 85 55 130 14 0 1; 45 78 58 135 15 0 1; ]
1700700451[110 85 55 130 14 0 1; 57 79 58 135 15 0 1; ]
1700700452[122 85 53 130 14 0 1; 69 80 58 135 15 0 1; ]
1700700453[135 84 52 131 14 0 1; 81 81 58 135 15 0 1; ]
1700700454[147 84 52 131 14 0 1; 93 82 58 135 15 0 1; ]
1700700455[159 83 52 132 14 0 1; 104 82 59 135 15 0 1; ]
1700700456[171 82 52 133 14 0 1; 115 82 60 135 15 0 1; ]
1700700457[182 81 52 134 14 0 1; 126 82 61 135 15 0 1; ]
1700700458[194 80 52 135 14 0 1; 138 82 62 136 15 0 1; ]
1700700459[205 80 52 136 14 0 1; 150 81 62 137 15 0 1; ]
1700700460[217 79 54 136 14 0 1; 163 80 62 139 15 0 1; ]
1700700461[228 78 55 137 14 0 1; 176 79 62 141 15 0 1; ]
1700700462[240 78 56 137 14 0 1; 189 78 62 142 15 0 1; ]
1700700463[253 78 56 137 14 0 1; 202 77 62 142 15 0 1; ]
1700700464[266 79 55 137 14 0 1; 215 77 61 142 15 0 1; ]
1700700465[279 80 54 137 14 0 1; 228 76 60 142 15 0 1; ]
1700700466[291 80 54 137 14 0 1; 240 76 60 142 15 0 1; ]
1700700467[303 81 54 137 14 0 1; 252 75 59 143 15 0 1; ]
1700700468[315 81 54 138 14 0 1; 265 74 58 144 15 0 1; ]
1700700469[326 81 54 139 14 0 1; 277 73 58 147 15 0 1; ]
1700700470[338 82 54 140 14 0 1; 288 73 57 148 15 0 1; ]
1700700471[349 81 54 141 14 0 1; 298 73 58 149 15 0 1; ]
1700700472[361 80 55 144 14 0 1; 309 73 60 150 15 0 1; ]
1700700473[373 78 56 148 14 0 1; 318 73 62 150 15 0 1; ]
1700700474[384 79 56 147 14 0 1; 327 73 65 150 15 0 1; ]
1700700475[396 80 56 147 14 0 1; 338 73 66 151 15 0 1; ]
1700700476[408 80 56 147 14 0 1; 348 73 67 151 15 0 1; 8 84 34 54 16 1 2; ]
1700700477[419 80 56 147 14 0 1; 360 73 67 151 15 0 1; 18 84 33 54 16 1 2; ]
1700700478[431 80 57 147 14 0 1; 372 73 68 152 15 0 1; 28 85 33 53 16 1 2; ]
1700700479[443 80 58 148 14 0 1; 384 73 67 153 15 0 1; 38 85 33 53 16 1 2; ]
1700700480[398 72 67 155 15 0 1; 47 85 32 53 16 1 2; ]
1700700481[412 71 66 157 15 0 1; 57 85 32 53 16 1 2; 5 77 17 33 20 1 1; ]
1700700482[425 71 65 159 15 0 1; 66 85 32 53 16 1 2; 14 78 17 34 20 1 1; ]
1700700483[438 71 64 160 15 0 1; 74 84 32 53 16 1 2; 22 79 17 35 20 1 1; ]
1700700484[83 84 32 53 16 1 2; 31 79 17 35 20 1 1; ]
1700700485[91 84 30 54 16 1 2; 39 79 17 35 20 1 1; ]
1700700486[99 84 29 55 16 1 2; 47 79 17 35 20 1 1; ]
1700700487[107 84 28 55 16 1 2; 55 79 17 35 20 1 1; ]
1700700488[114 84 28 55 16 1 2; 63 79 17 35 20 1 1; ]
1700700489[121 84 28 55 16 1 2; 71 78 17 35 20 1 1; ]
1700700490[127 83 28 55 16 1 2; 78 78 17 35 20 1 1; ]
1700700491[133 83 28 55 16 1 2; 85 77 17 35 20 1 1; ]
1700700492[139 82 28 55 16 1 2; 91 76 17 35 20 1 1; ]
1700700493[146 82 28 55 16 1 2; 97 75 17 35 20 1 1; ]
1700700494[154 82 28 54 16 1 2; 103 74 17 35 20 1 1; ]
1700700495[160 81 28 53 16 1 2; 109 73 17 35 20 1 1; ]
1700700496[163 81 28 53 16 1 2; 114 74 17 35 20 1 1; ]
1700700497[168 81 28 54 16 1 2; 119 75 17 35 20 1 1; ]
1700700498[173 81 28 54 16 1 2; 124 75 17 35 20 1 1; ]
1700700499[178 80 28 55 16 1 2; 129 76 17 35 20 1 1; ]
1700700500[182 80 28 55 16 1 2; 134 75 17 35 20 1 1; ]
1700700501[186 79 29 56 16 1 2; 139 75 17 35 20 1 1; ]
1700700502[190 79 30 56 16 1 2; 143 74 17 35 20 1 1; ]
1700700503[193 78 32 56 16 1 2; 147 73 17 35 20 1 1; ]
1700700504[196 78 32 56 16 1 2; 151 73 17 35 20 1 1; ]
1700700505[199 78 32 56 16 1 2; 154 72 17 35 20 1 1; ]
1700700506[202 78 32 56 16 1 2; 158 72 17 35 20 1 1; ]
1700700507[205 78 32 56 16 1 2; 161 72 17 35 20 1 1; ]
1700700508[207 78 32 55 16 1 2; 163 73 17 35 20 1 1; ]
1700700509[210 78 32 55 16 1 2; 165 73 17 35 20 1 1; ]
1700700510[212 78 32 55 16 1 2; 167 73 17 35 20 1 1; ]
1700700511[213 78 32 55 16 1 2; 169 73 17 35 20 1 1; ]
1700700512[214 78 32 55 16 1 2; 170 73 17 35 20 1 1; ]
1700700513[214 78 32 55 16 1 2; 172 72 17 35 20 1 1; ]
1700700514[215 78 32 54 16 1 2; 173 70 17 35 20 1 1; ]
1700700515[215 78 32 54 16 1 2; 174 69 17 35 20 1 1; ]
1700700516[215 78 32 54 16 1 2; 175 69 17 35 20 1 1; ]
1700700517[216 78 32 54 16 1 2; 176 68 17 35 20 1 1; ]
1700700518[217 76 32 54 16 1 2; 177 68 17 35 20 1 1; ]
1700700519[217 75 32 54 16 1 2; 178 67 17 35 20 1 1; ]
1700700520[216 73 35 54 16 1 2; 179 66 16 35 20 1 1; ]
1700700521[215 72 36 55 16 1 2; 180 66 16 35 20 1 1; ]
1700700522[215 71 37 56 16 1 2; 180 65 15 35 20 1 1; ]
1700700523[215 70 38 57 16 1 2; 181 65 15 35 20 1 1; ]
1700700524[215 69 38 57 16 1 2; 182 64 16 35 20 1 1; ]
1700700525[215 69 38 58 16 1 2; 182 63 17 35 20 1 1; ]
1700700526[216 68 37 58 16 1 2; 183 62 17 35 20 1 1; ]
1700700527[217 67 37 59 16 1 2; 183 62 18 35 20 1 1; ]
1700700528[217 67 37 59 16 1 2; 184 62 18 35 20 1 1; ]
1700700529[218 67 37 59 16 1 2; 185 62 18 35 20 1 1; ]
1700700530[219 67 37 58 16 1 2; 186 62 18 36 20 1 1; ]
1700700531[219 68 37 58 16 1 2; 187 62 18 37 20 1 1; ]
1700700532[220 68 37 57 16 1 2; 187 63 18 38 20 1 1; ]
1700700533[221 70 36 58 16 1 2; 188 64 18 38 20 1 1; ]
1700700534[223 71 35 58 16 1 2; 189 65 18 38 20 1 1; ]
1700700535[224 72 35 58 16 1 2; 190 66 18 38 20 1 1; ]
1700700536[225 72 35 59 16 1 2; 192 66 17 38 20 0 1; ]
1700700537[226 72 35 59 16 1 2; 193 67 17 37 20 0 1; ]
1700700538[227 72 35 60 16 1 2; 195 67 16 36 20 0 1; ]
1700700539[228 72 35 61 16 1 2; 196 67 15 36 20 0 1; ]
1700700540[229 72 35 61 16 1 2; 197 67 15 35 20 0 1; ]
1700700541[230 72 35 61 16 1 2; 198 67 15 35 20 0 1; ]
1700700542[230 71 35 62 16 1 2; 199 66 15 34 20 0 1; ]
1700700543[231 70 35 62 16 1 2; 199 66 15 33 20 0 1; ]
1700700544[232 68 35 62 16 1 2; 201 65 15 33 20 0 1; ]
1700700545[232 66 36 63 16 1 2; 202 64 15 33 20 0 1; ]
1700700546[233 65 36 63 16 1 2; 203 63 15 33 20 1 1; ]
1700700547[234 63 37 63 16 1 2; 205 62 15 33 20 1 1; ]
1700700548[234 62 37 64 16 1 2; 207 61 15 33 20 1 1; ]
1700700549[236 61 37 64 16 1 2; 209 59 15 33 20 1 1; ]
1700700550[238 61 36 64 16 1 2; 211 57 15 33 20 1 1; ]
1700700551[241 60 36 64 16 1 2; 213 56 15 33 20 1 1; ]
1700700552[244 60 36 64 16 1 2; 216 56 16 33 20 1 1; ]
1700700553[247 59 36 64 16 1 2; 219 56 16 33 20 1 1; ]
1700700554[251 59 35 64 16 1 2; 223 57 17 33 20 1 1; ]
1700700555[255 58 35 64 16 1 2; 227 57 18 33 20 1 1; ]
1700700556[261 57 35 64 16 1 2; 231 56 18 33 20 1 1; ]
1700700557[265 55 35 64 16 1 2; 235 54 18 34 20 0 1; ]
1700700558[269 53 35 64 16 1 2; 240 52 18 34 20 0 1; ]
1700700559[274 51 35 64 16 1 2; 245 50 18 35 20 0 1; ]
1700700560[278 50 35 64 16 1 2; 249 50 18 35 20 0 1; ]
1700700561[281 50 35 64 16 1 2; 252 49 18 35 20 0 1; ]
1700700562[284 49 35 64 16 1 2; 256 49 18 35 20 0 1; ]
1700700563[288 49 35 64 16 1 2; 259 49 18 35 20 0 1; ]
1700700564[291 49 35 64 16 1 2; 263 49 18 35 20 0 1; ]
1700700565[295 49 34 63 16 1 2; 268 48 18 35 20 0 1; ]
1700700566[300 48 33 63 16 1 2; 272 47 18 35 20 1 1; ]
1700700567[304 48 32 62 16 1 2; 276 47 18 35 20 1 1; ]
1700700568[309 48 30 61 16 1 2; 281 46 18 35 20 1 1; ]
1700700569[314 48 30 61 16 1 2; 285 46 18 35 20 1 1; ]
1700700570[318 48 30 61 16 1 2; 288 45 18 35 20 1 1; ]
1700700571[322 48 30 61 16 1 2; 292 45 18 36 20 1 1; ]
1700700572[326 48 30 61 16 1 2; 296 45 18 36 20 1 1; ]
1700700573[330 48 30 61 16 1 2; 300 45 18 36 20 1 1; ]
1700700574[334 47 30 61 16 1 2; 304 45 18 37 20 1 1; 1 33 23 36 30 0 2; ]
1700700575[338 47 31 61 16 1 2; 307 45 18 37 20 1 1; 4 33 22 36 30 0 2; ]
1700700576[341 47 31 61 16 1 2; 310 45 18 37 20 1 1; 8 34 21 36 30 0 2; ]
1700700577[344 46 32 61 16 1 2; 314 45 18 37 20 1 1; 11 34 20 36 30 0 2; ]
1700700578[347 46 33 62 16 1 2; 317 45 18 37 20 1 1; 14 35 20 35 30 0 2; ]
1700700579[350 46 34 63 16 1 2; 319 45 18 37 20 1 1; 17 36 20 34 30 0 2; ]
1700700580[352 45 36 64 16 1 2; 323 45 18 37 20 1 1; 20 37 20 33 30 1 2; ]
1700700581[355 46 36 64 16 1 2; 326 46 18 38 20 1 1; 22 37 20 34 30 1 2; ]
1700700582[358 46 36 64 16 1 2; 329 46 18 39 20 1 1; 24 38 20 35 30 1 2; ]
1700700583[360 47 36 64 16 1 2; 332 47 18 39 20 1 1; 26 38 20 37 30 1 2; ]
1700700584[363 48 36 64 16 1 2; 335 48 18 39 20 1 1; 29 44 14 30 31 1 1; ]
1700700585[365 49 36 63 16 1 2; 337 49 18 39 20 1 1; 30 45 16 30 31 1 1; ]
1700700586[367 50 37 63 16 1 2; 340 51 18 39 20 1 1; 31 46 16 30 31 1 1; ]
1700700587[369 51 37 63 16 1 2; 342 51 18 39 20 1 1; 34 47 16 30 31 1 1; ]
1700700588[372 53 38 62 16 1 2; 344 51 18 39 20 1 1; 37 48 14 30 31 1 1; ]
1700700589[373 52 38 62 16 1 2; 346 51 17 40 20 1 1; ]
1700700590[374 51 38 62 16 1 2; 348 50 17 40 20 1 1; ]
1700700591[376 50 38 62 16 1 2; 349 49 17 41 20 1 1; ]
1700700592[377 49 38 62 16 1 2; 351 48 17 41 20 1 1; ]
1700700593[379 48 38 62 16 1 2; 353 46 17 41 20 1 1; 44 38 15 39 32 1 1; ]
1700700594[381 47 39 62 16 1 2; 354 45 18 41 20 1 1; 44 38 16 40 32 1 1; ]
1700700595[382 46 39 62 16 1 2; 355 44 18 41 20 1 1; 44 37 17 40 32 1 1; ]
1700700596[383 45 39 62 16 1 2; 355 43 18 41 20 1 1; 44 36 17 40 32 1 1; ]
1700700597[383 45 39 62 16 1 2; 355 43 18 41 20 1 1; 43 33 18 41 32 1 1; ]
1700700598[383 45 39 62 16 1 2; 356 42 18 41 20 1 1; 42 33 18 38 32 1 1; ]
1700700599[383 45 39 62 16 1 2; 356 42 18 41 20 1 1; 36 31 21 44 33 1 2; ]
1700700600[383 45 39 62 16 1 2; 356 42 18 41 20 1 1; 36 31 22 43 33 1 2; ]
1700700601[384 47 39 62 16 1 2; 356 42 18 41 20 1 1; 35 32 22 42 33 1 2; ]
1700700602[385 48 39 62 16 1 2; 356 43 18 41 20 1 1; 34 33 22 40 33 1 2; ]
1700700603[385 49 39 62 16 1 2; 356 44 18 41 20 1 1; 34 33 21 39 33 1 2; ]
1700700604[385 49 39 62 16 1 2; 355 46 18 41 20 1 1; 33 34 22 41 33 1 2; ]
1700700605[385 49 39 63 16 1 2; 355 48 18 41 20 1 1; 31 34 22 43 33 1 2; ]
1700700606[385 49 39 64 16 1 2; 355 49 18 41 20 1 1; 31 36 22 41 33 1 2; ]
1700700607[384 48 39 65 16 1 2; 355 49 18 41 20 1 1; 30 37 22 38 33 1 2; ]
1700700608[384 48 39 66 16 1 2; 354 49 18 41 20 1 1; 29 38 21 38 33 1 2; ]
1700700609[384 49 39 66 16 1 2; 354 49 18 41 20 1 1; 28 38 21 38 33 1 2; ]
1700700610[384 50 39 67 16 1 2; 354 48 18 41 20 1 1; 26 37 21 38 33 1 2; ]
1700700611[384 52 39 67 16 1 2; 354 48 18 41 20 1 1; 25 36 21 38 33 1 2; ]
1700700612[384 54 39 68 16 1 2; 353 47 18 41 20 1 1; 23 38 21 39 33 1 2; ]
1700700613[384 51 40 68 16 1 2; 353 47 18 41 20 1 1; 22 39 21 39 33 1 2; ]
1700700614[383 49 41 68 16 1 2; 353 46 18 42 20 1 1; 21 39 21 39 33 1 2; ]
1700700615[382 48 41 68 16 1 2; 352 46 18 42 20 1 1; 20 39 21 39 33 1 2; ]
1700700616[382 48 41 68 16 1 2; 352 50 18 43 20 1 1; 19 39 21 39 33 1 2; ]
1700700617[381 49 41 68 16 1 2; 351 53 18 43 20 1 1; 18 39 21 39 33 1 2; ]
1700700618[380 51 41 68 16 1 2; 350 55 18 43 20 1 1; 16 42 21 39 33 1 2; ]
1700700619[380 54 41 68 16 1 2; 350 56 18 43 20 1 1; 15 46 21 39 33 1 2; ]
1700700620[380 55 41 68 16 1 2; 350 56 18 43 20 1 1; 15 47 22 39 33 1 2; ]
1700700621[380 55 41 68 16 1 2; 350 56 18 43 20 1 1; 14 50 22 39 33 1 2; ]
1700700622[380 55 41 68 16 1 2; 350 56 18 43 20 1 1; 14 50 22 39 33 1 2; ]
1700700623[380 55 41 68 16 1 2; 350 56 18 43 20 1 1; 14 50 22 39 33 1 2; ]
1700700624[380 55 41 68 16 1 2; 350 56 18 43 20 1 1; 14 50 22 39 33 1 2; ]
1700700625[380 55 41 68 16 1 2; 350 56 18 43 20 1 1; 14 50 22 39 33 1 2; ]
1700700626[380 55 41 68 16 1 2; 350 56 18 43 20 1 1; 14 50 22 39 33 1 2; ]
1700700627[380 55 41 68 16 1 2; 350 56 18 43 20 1 1; 14 50 22 39 33 1 2; ]
1700700628[380 55 41 68 16 1 2; 350 56 18 43 20 1 1; 14 50 22 39 33 1 2; ]
1700700629[380 55 41 68 16 1 2; 350 56 18 43 20 1 1; 14 50 22 39 33 1 2; ]
1700700630[380 55 41 68 16 1 2; 350 56 18 43 20 1 1; 14 50 22 39 33 1 2; ]
1700700631[380 55 41 68 16 1 2; 350 56 18 43 20 1 1; 14 50 22 39 33 1 2; ]
1700700632[380 55 41 68 16 1 2; 350 56 18 43 20 1 1; 14 50 22 39 33 1 2; ]
1700700633[380 55 41 68 16 1 2; 350 56 18 43 20 1 1; 14 50 22 39 33 1 2; ]
1700700634[384 53 43 71 16 1 2; 350 55 18 44 20 1 1; 2 50 22 39 33 1 2; ]
1700700635[385 51 43 71 16 1 2; 350 55 18 44 20 1 1; 2 45 21 42 33 1 2; ]
1700700636[385 50 43 72 16 1 2; 350 55 18 44 20 1 1; 0 49 19 37 34 1 1; ]
1700700637[385 51 44 72 16 1 2; 350 55 18 43 20 1 1; ]
1700700638[385 53 44 72 16 1 2; 350 55 18 43 20 1 1; ]
1700700639[386 54 44 72 16 1 2; 350 56 18 43 20 1 1; ]
1700700640[386 56 44 73 16 1 2; 350 59 18 44 20 1 1; ]
1700700641[386 61 44 73 16 1 2; 351 63 18 45 20 1 1; ]
1700700642[386 67 44 73 16 1 2; 351 67 18 47 20 1 1; 3 60 18 42 36 1 1; ]
1700700643[387 72 43 74 16 1 2; 351 74 18 47 20 1 1; 2 67 18 41 36 1 1; ]
1700700644[387 76 42 75 16 1 2; 352 79 18 47 20 1 1; 1 73 19 41 36 1 1; ]
1700700645[387 79 41 76 16 1 2; 352 83 18 47 20 1 1; 1 76 19 41 36 1 1; ]
1700700646[388 80 40 77 16 1 2; 352 84 18 47 20 1 1; ]
1700700647[388 80 40 77 16 1 2; 353 83 18 47 20 1 1; ]
1700700648[390 79 40 77 16 1 2; 354 82 18 47 20 1 1; ]
1700700649[392 78 40 77 16 0 2; 355 80 19 48 20 1 1; ]
1700700650[394 77 40 77 16 0 2; 356 79 19 48 20 1 1; ]
1700700651[396 75 40 77 16 0 2; 357 78 19 48 20 1 1; ]
1700700652[399 73 41 77 16 0 2; 358 77 19 48 20 1 1; ]
1700700653[401 71 41 77 16 0 2; 360 76 19 48 20 1 1; ]
1700700654[403 74 42 77 16 0 2; 361 76 19 48 20 1 1; ]
1700700655[404 76 43 77 16 0 2; 363 76 19 47 20 1 1; ]
1700700656[406 78 43 77 16 0 2; 364 77 19 47 20 1 1; ]
1700700657[408 78 44 77 16 0 2; 366 77 19 47 20 1 1; 0 74 23 39 37 1 2; ]
1700700658[410 77 44 79 16 1 2; 367 78 19 47 20 0 1; 1 74 23 39 37 1 2; ]
1700700659[413 76 44 82 16 1 2; 369 78 19 47 20 0 1; 2 76 23 41 37 1 2; ]
1700700660[415 76 45 80 16 1 2; 371 79 19 47 20 0 1; 4 77 23 42 37 1 2; ]
1700700661[418 76 45 79 16 1 2; 373 79 20 47 20 0 1; 5 78 23 43 37 1 2; ]
1700700662[421 75 45 79 16 1 2; 375 79 20 47 20 0 1; 7 78 23 43 37 1 2; ]
1700700663[424 75 45 79 16 1 2; 377 79 20 47 20 0 1; 8 78 23 43 37 1 2; ]
1700700664[427 74 45 79 16 1 2; 380 79 20 47 20 0 1; 10 77 23 43 37 1 2; ]
1700700665[429 73 45 79 16 1 2; 382 79 20 47 20 0 1; 11 77 23 43 37 1 2; ]
1700700666[433 73 45 80 16 1 2; 385 79 20 47 20 0 1; 12 77 23 43 37 1 2; ]
1700700667[436 73 45 81 16 1 2; 388 79 20 46 20 0 1; 13 77 23 43 37 1 2; ]
1700700668[440 73 45 81 16 1 2; 390 79 20 45 20 0 1; 15 78 23 43 37 1 2; ]
1700700669[443 73 45 82 16 1 2; 393 78 20 44 20 0 1; 17 83 20 38 38 1 1; ]
1700700670[445 73 45 82 16 1 2; 395 78 20 44 20 0 1; 18 82 19 37 38 1 1; ]
1700700671[448 72 45 82 16 1 2; 398 77 20 44 20 0 1; 20 81 18 37 38 1 1; ]
1700700672[451 71 45 82 16 1 2; 400 75 20 44 20 0 1; 21 80 18 37 38 1 1; ]
1700700673[453 69 45 82 16 1 2; 403 74 20 44 20 0 1; 21 76 27 43 39 1 2; ]
1700700674[455 69 45 82 16 1 2; 406 73 20 44 20 0 1; 23 74 27 42 39 1 2; ]
1700700675[457 68 46 83 16 1 2; 409 73 20 44 20 0 1; 25 73 27 42 39 1 2; ]
1700700676[459 67 47 84 16 1 2; 412 73 20 43 20 0 1; 33 73 19 39 40 1 1; ]
1700700677[461 66 49 85 16 1 2; 415 73 20 43 20 0 1; 34 74 19 39 40 1 1; 274 84 14 30 49 0 3; ]
1700700678[418 73 20 42 20 0 1; 35 75 19 39 40 1 1; 276 85 16 30 49 0 3; ]
1700700679[421 74 20 43 20 0 1; 37 75 19 39 40 1 1; 278 86 16 30 49 0 3; ]
1700700680[423 74 20 44 20 0 1; 39 76 19 39 40 1 1; 281 88 16 30 49 0 3; ]
1700700681[426 75 20 45 20 0 1; 41 76 19 39 40 1 1; 283 88 16 30 49 0 3; ]
1700700682[428 76 20 45 20 0 1; 41 76 19 39 40 1 1; 286 89 16 30 49 0 3; ]
1700700683[431 76 20 45 20 0 1; 36 75 25 41 24 1 2; 289 89 16 30 49 0 3; ]
1700700684[434 76 20 45 20 0 1; 38 74 24 43 24 1 2; ]
1700700685[437 77 20 44 20 0 1; 40 73 23 44 24 1 2; ]
1700700686[440 77 20 44 20 0 1; 42 73 23 46 24 1 2; ]
1700700687[442 76 20 44 20 0 1; 44 73 22 47 24 1 2; ]
1700700688[445 76 20 44 20 0 1; 46 72 22 48 24 1 2; ]
1700700689[447 75 20 44 20 0 1; 47 72 22 48 24 1 2; ]
1700700690[450 73 20 44 20 0 1; 48 73 22 48 24 1 2; ]
1700700691[452 73 20 49 20 0 1; 49 73 22 48 24 1 2; ]
1700700692[455 73 20 51 20 0 1; 50 74 22 48 24 1 2; ]
1700700693[458 74 21 53 20 0 1; 51 75 23 47 24 1 2; ]
1700700694[460 76 21 54 20 0 1; 52 76 23 47 24 1 2; ]
1700700695[461 76 21 54 20 0 1; 52 77 23 47 24 1 2; ]
1700700696[461 77 21 55 20 0 1; 52 80 20 44 24 1 2; ]
1700700697[462 78 21 55 20 0 1; 50 81 20 44 24 1 2; ]
1700700698[462 79 21 55 20 0 1; 49 81 20 44 24 1 2; ]
1700700699[463 81 21 55 20 0 1; 47 82 20 44 24 1 2; ]
1700700700[464 83 21 54 20 1 1; 46 82 20 45 24 1 2; ]
1700700701[464 84 21 54 20 1 1; 44 83 20 45 24 1 2; ]
1700700702[465 85 21 54 20 1 1; 43 83 20 45 24 1 2; ]
1700700703[465 85 21 54 20 1 1; 41 84 20 45 24 1 2; ]
1700700704[464 85 21 55 20 1 1; 40 84 20 45 24 1 2; 353 96 13 30 41 1 3; ]
1700700705[463 85 21 56 20 1 1; 38 84 20 45 24 1 2; 351 97 14 30 41 1 3; ]
1700700706[463 85 22 56 20 1 1; 37 85 20 46 24 1 2; 350 98 14 30 41 1 3; ]
1700700707[463 85 22 56 20 1 1; 36 85 20 46 24 1 2; 349 98 15 30 41 1 3; ]
1700700708[462 85 22 56 20 1 1; 34 86 20 46 24 1 2; 349 98 15 30 41 1 3; ]
1700700709[462 85 22 56 20 1 1; 33 86 20 46 24 1 2; 348 96 15 30 41 1 3; 318 101 15 30 49 0 3; ]
1700700710[462 84 22 56 20 1 1; 31 87 20 46 24 1 2; 318 101 15 30 49 0 3; ]
1700700711[462 83 22 56 20 1 1; 30 87 20 46 24 1 2; 318 101 15 30 49 0 3; ]
1700700712[462 82 21 56 20 0 1; 28 87 20 47 24 1 2; 319 100 15 30 49 0 3; ]
1700700713[462 82 21 56 20 0 1; 26 86 21 47 24 1 2; 319 100 15 30 49 0 3; ]
1700700714[462 82 21 56 20 0 1; 24 86 21 48 24 1 2; 319 100 15 30 49 0 3; ]
1700700715[462 82 21 56 20 0 1; 22 86 22 48 24 1 2; 319 99 15 30 49 0 3; ]
1700700716[462 82 21 56 20 0 1; 20 86 22 49 24 1 2; 318 99 14 30 49 0 3; ]
1700700717[462 82 21 56 20 0 1; 18 86 22 49 24 1 2; 318 98 14 30 49 0 3; ]
1700700718[462 82 21 56 20 0 1; 16 86 23 49 24 1 2; 341 95 15 30 41 0 3; 317 98 14 30 49 0 3; ]
1700700719[462 82 21 57 20 0 1; 13 86 23 49 24 1 2; 340 96 15 31 41 0 3; 316 99 15 30 49 0 3; ]
1700700720[462 83 21 58 20 0 1; 11 86 23 49 24 1 2; 339 97 15 32 41 0 3; 315 101 15 30 49 0 3; ]
1700700721[461 84 21 59 20 0 1; 8 86 23 49 24 1 2; 338 98 15 32 41 0 3; 314 104 16 30 49 0 3; ]
1700700722[461 86 21 59 20 0 1; 6 86 24 49 24 1 2; 337 99 15 32 41 0 3; 314 105 17 30 49 0 3; ]
1700700723[461 87 21 59 20 0 1; 3 87 24 49 24 1 2; 336 101 15 32 41 0 3; ]
1700700724[461 87 21 59 20 0 1; 1 87 24 48 24 1 2; 335 101 15 32 41 0 3; ]
1700700725[461 88 21 59 20 0 1; 335 101 15 31 41 0 3; ]
1700700726[461 87 21 59 20 0 1; 334 101 15 31 41 0 3; ]
1700700727[461 86 21 59 20 0 1; 333 99 15 31 41 0 3; ]
1700700728[461 85 21 59 20 0 1; 332 98 15 30 41 0 3; ]
1700700729[461 84 21 60 20 0 1; 331 98 15 30 41 0 3; ]
1700700730[461 84 21 60 20 0 1; 312 102 15 30 49 0 3; ]
1700700731[461 84 22 61 20 0 1; 311 103 15 30 49 0 3; ]
1700700732[460 84 22 62 20 0 1; 311 104 15 30 49 0 3; ]
1700700733[459 85 23 62 20 0 1; 311 105 15 30 49 0 3; ]
1700700734[459 87 23 64 20 0 1; 326 103 15 30 41 0 3; 310 107 15 30 49 0 3; ]
1700700735[459 89 23 65 20 0 1; 325 104 15 31 41 0 3; 310 108 15 30 49 0 3; ]
1700700736[459 90 23 66 20 0 1; 324 106 15 31 41 0 3; 309 110 15 30 49 0 3; ]
1700700737[459 91 23 66 20 0 1; 323 107 15 31 41 0 3; 309 111 15 30 49 0 3; ]
1700700738[459 91 23 66 20 0 1; 323 107 16 31 41 0 3; 308 113 15 30 49 0 3; ]
1700700739[460 91 23 66 20 0 1; 322 108 16 31 41 0 3; 308 112 15 30 49 0 3; ]
1700700740[460 90 23 66 20 0 1; 322 109 17 31 41 0 3; 308 112 15 30 49 0 3; ]
1700700741[460 90 23 66 20 0 1; 321 107 16 30 41 0 3; 308 111 15 30 49 0 3; ]
1700700742[460 89 23 66 20 0 1; 321 105 15 30 41 0 3; 308 111 15 30 49 0 3; ]
1700700743[460 88 23 66 20 0 1; 320 104 14 30 41 0 3; 308 110 16 30 49 0 3; ]
1700700744[460 86 23 67 20 0 1; 306 109 17 30 49 0 3; ]
1700700745[460 84 23 67 20 0 1; 305 108 18 30 49 0 3; ]
1700700746[461 85 23 67 20 0 1; 305 108 19 30 49 0 3; ]
1700700747[461 86 23 67 20 0 1; 305 108 18 30 49 0 3; ]
1700700748[461 87 23 67 20 0 1; 305 109 18 30 49 0 3; ]
1700700749[461 88 23 67 20 0 1; 305 109 16 30 49 0 3; ]
1700700750[461 89 23 67 20 0 1; 306 111 14 30 49 0 3; ]
1700700751[461 90 23 68 20 0 1; 306 114 14 30 49 0 3; ]
1700700752[461 91 23 68 20 0 1; 305 109 21 31 50 1 -1; ]
1700700753[461 91 23 68 20 0 1; 305 110 21 30 50 1 -1; ]
1700700754[461 91 24 69 20 0 1; 305 110 21 30 50 1 -1; ]
1700700755[462 91 24 69 20 0 1; 304 110 21 30 50 1 -1; ]
1700700756[462 91 25 69 20 0 1; 304 111 20 30 50 1 -1; ]
1700700757[462 90 26 70 20 0 1; 304 111 18 30 50 1 -1; ]
1700700758[463 89 26 70 20 0 1; 305 111 15 35 51 1 1; ]
1700700759[463 88 27 71 20 0 1; 305 110 15 35 51 1 1; ]
1700700760[463 88 27 72 20 0 1; 305 109 15 35 51 1 1; ]
1700700761[463 88 28 73 20 0 1; 305 109 15 35 51 1 1; ]
1700700762[464 88 29 74 20 0 1; 304 109 15 35 51 1 1; ]
1700700763[464 88 29 75 20 0 1; 304 110 15 35 51 1 1; ]
1700700764[465 88 30 76 20 0 1; 303 111 15 35 51 1 1; ]
1700700765[466 89 30 77 20 0 1; 302 112 15 35 51 1 1; ]
1700700766[467 89 30 77 20 0 1; 302 113 15 35 51 1 1; ]
1700700767[468 89 30 78 20 0 1; 302 114 15 35 51 1 1; ]
1700700768[470 90 30 78 20 0 1; ]
1700700769[471 90 30 78 20 0 1; ]
1700700770[473 92 31 78 20 0 1; ]
1700700771[475 93 32 78 20 0 1; 167 112 15 30 71 0 3; ]
1700700772[477 94 32 79 20 0 1; 168 114 15 30 71 0 3; ]
1700700773[169 115 15 30 71 0 3; ]
1700700774[170 116 15 30 71 0 3; ]
1700700775[171 117 15 30 71 0 3; ]
1700700776[172 116 15 30 71 0 3; ]
1700700777[173 116 15 30 71 0 3; ]
1700700778[174 115 15 30 71 0 3; ]
1700700779[175 114 15 30 71 0 3; ]
1700700780[176 114 15 30 71 0 3; ]
1700700781[178 113 15 30 71 0 3; ]
1700700782[179 112 15 30 71 0 3; ]
1700700783[181 111 15 30 71 0 3; ]
1700700784[183 111 15 30 71 0 3; ]
1700700785[184 110 15 30 71 0 3; ]
1700700786[186 109 15 30 71 0 3; ]
1700700787[190 110 15 30 71 0 3; ]
1700700788[192 111 15 30 71 0 3; ]
1700700789[193 109 15 30 71 0 3; ]
1700700790[195 109 15 30 71 0 3; ]
1700700791[196 109 18 37 72 1 1; ]
1700700792[199 109 18 37 72 1 1; ]
1700700793[201 109 18 37 72 1 1; ]
1700700794[204 108 18 37 72 1 1; ]
1700700795[207 108 18 37 72 1 1; ]
1700700796[209 108 18 37 72 1 1; ]
1700700797[209 108 18 37 72 1 1; ]
1700700798[214 108 18 37 72 1 1; ]
1700700799[217 108 18 37 72 1 1; ]
1700700800[218 108 19 37 72 1 1; ]
1700700801[219 109 21 38 72 1 1; ]
1700700802[220 110 21 39 72 1 1; ]
1700700803[223 112 21 40 72 0 1; ]
1700700804[225 112 21 41 72 0 1; ]
1700700805[227 113 21 41 72 0 1; ]
1700700806[230 113 20 42 72 0 1; 447 117 19 30 89 1 3; ]
1700700807[234 113 20 42 72 0 1; 446 118 19 30 89 1 3; ]
1700700808[238 114 19 42 72 0 1; 447 118 19 30 89 1 3; ]
1700700809[239 114 19 42 72 0 1; 448 118 19 30 89 1 3; ]
1700700810[240 115 20 42 72 0 1; ]
1700700811[241 115 21 42 72 0 1; ]
1700700812[242 115 22 42 72 0 1; ]
1700700813[244 115 24 41 72 0 1; ]
1700700814[245 114 26 40 72 0 1; ]
1700700815[247 113 28 40 72 0 1; ]
1700700816[249 112 24 39 72 0 1; ]
1700700817[254 111 21 39 72 0 1; ]
1700700818[258 110 20 39 72 0 1; ]
1700700819[261 108 19 39 72 0 1; ]
1700700820[263 107 19 39 72 0 1; ]
1700700821[262 106 22 40 72 0 1; ]
1700700822[262 104 26 40 72 0 1; ]
1700700823[262 102 26 41 72 0 1; ]
1700700824[264 101 26 42 72 0 1; ]
1700700825[266 101 25 42 72 0 1; ]
1700700826[269 101 24 42 72 0 1; ]
1700700827[273 103 23 42 72 0 1; ]
1700700828[275 103 22 42 72 0 1; ]
1700700829[276 103 23 42 72 0 1; ]
1700700830[276 102 25 43 72 0 1; ]
1700700831[277 102 27 44 72 0 1; ]
1700700832[278 101 28 44 72 0 1; ]
1700700833[280 100 27 45 72 0 1; ]
1700700834[283 100 25 45 72 0 1; ]
1700700835[285 99 25 45 72 0 1; ]
1700700836[287 98 26 45 72 0 1; ]
1700700837[288 98 26 45 72 0 1; ]
1700700838[290 99 26 45 72 0 1; ]
1700700839[291 99 26 44 72 0 1; ]
1700700840[292 100 26 43 72 0 1; ]
1700700841[293 101 26 42 72 0 1; ]
1700700842[294 103 26 41 72 0 1; ]
1700700843[295 106 27 41 72 0 1; ]
1700700844[296 107 27 41 72 0 1; ]
1700700845[298 107 26 43 72 0 1; ]
1700700846[300 108 25 46 72 0 1; ]
1700700847[300 108 26 46 72 0 1; ]
1700700848[300 108 27 45 72 0 1; ]
1700700849[299 108 29 45 72 0 1; ]
1700700850[299 108 30 44 72 0 1; ]
1700700851[300 108 30 43 72 0 1; ]
1700700852[302 108 29 42 72 0 1; ]
1700700853[304 108 28 41 72 0 1; ]
1700700854[307 108 24 41 72 0 1; 475 106 20 33 78 1 3; ]
1700700855[311 108 21 41 72 0 1; 474 106 15 32 78 1 3; ]
1700700856[315 108 20 41 72 0 1; 468 105 20 33 78 1 3; ]
1700700857[314 106 23 43 72 0 1; ]
1700700858[314 105 26 46 72 0 1; ]
1700700859[314 105 27 47 72 0 1; ]
1700700860[314 105 28 48 72 0 1; ]
1700700861[315 106 27 48 72 0 1; ]
1700700862[318 107 27 48 72 0 1; ]
1700700863[322 103 24 50 72 0 1; 364 109 20 31 94 1 0; ]
1700700864[325 103 25 48 72 0 1; 363 109 20 31 94 1 0; ]
1700700865[327 103 26 47 72 0 1; 362 108 20 31 94 1 0; ]
1700700866[329 102 27 47 72 0 1; 438 100 21 38 80 1 0; 361 108 20 31 94 1 0; ]
1700700867[331 101 27 47 72 0 1; 437 99 21 40 80 1 0; 361 108 20 31 94 0 0; ]
1700700868[334 101 28 48 72 0 1; 435 98 21 41 80 1 0; 360 108 20 30 94 0 0; ]
1700700869[339 101 27 48 72 0 1; 433 100 21 38 80 1 0; ]
1700700870[344 101 25 48 72 0 1; ]
1700700871[451 102 19 39 52 1 1; 347 101 24 48 72 0 1; ]
1700700872[453 101 19 40 52 1 1; 351 101 26 50 73 0 2; ]
1700700873[455 100 20 40 52 1 1; 353 97 24 55 74 0 1; ]
1700700874[457 99 20 40 52 1 1; 356 96 26 53 74 0 1; 422 97 21 38 81 1 0; ]
1700700875[460 98 20 41 52 1 1; 359 95 27 53 74 0 1; 424 97 20 38 81 1 0; ]
1700700876[463 98 20 41 52 1 1; 359 95 34 50 75 0 2; ]
1700700877[466 98 19 41 52 1 1; 366 94 31 49 76 1 1; 358 103 21 33 95 0 0; ]
1700700878[469 97 19 41 52 1 1; 373 95 24 49 76 1 1; 419 96 20 37 82 1 0; 358 104 21 33 95 0 0; ]
1700700879[473 97 19 41 52 1 1; 380 95 21 49 76 1 1; 419 97 20 37 82 1 0; 358 104 21 33 95 0 0; ]
1700700880[475 97 18 40 52 1 1; 385 97 22 49 76 1 1; 419 98 20 37 82 1 0; 358 104 21 33 95 0 0; ]
1700700881[478 98 18 40 52 0 1; 389 97 23 49 76 1 1; 359 105 21 33 95 0 0; ]
1700700882[481 98 18 40 52 0 1; 393 97 23 49 76 1 1; 359 105 21 33 95 0 0; ]
1700700883[484 98 18 39 52 0 1; 397 97 23 49 76 1 1; 360 106 21 33 95 0 0; ]
1700700884[487 99 18 39 52 0 1; 401 97 23 49 76 1 1; 360 106 21 33 95 0 0; ]
1700700885[490 101 20 39 52 0 1; 404 97 23 49 76 1 1; 361 107 21 33 95 0 0; ]
1700700886[362 108 21 33 95 0 0; ]
1700700887[408 103 24 35 83 1 0; 363 108 21 33 95 0 0; ]
1700700888[407 103 26 37 83 1 0; 364 109 21 33 95 0 0; ]
1700700889[407 102 28 38 83 1 0; 365 109 20 32 95 0 0; ]
1700700890[405 101 29 39 83 1 0; 366 109 20 32 95 0 0; ]
1700700891[403 101 29 39 83 1 0; 367 109 20 32 95 0 0; ]
1700700892[404 101 28 39 83 1 0; 368 109 20 32 95 0 0; ]
1700700893[404 101 27 39 83 1 0; 368 109 20 32 95 0 0; ]
1700700894[404 102 25 39 83 1 0; 369 109 20 32 95 0 0; ]
1700700895[405 102 24 39 83 1 0; 369 109 20 33 95 0 0; ]
1700700896[460 94 21 53 77 1 1; 402 102 25 40 83 0 0; 369 108 20 33 95 0 0; ]
1700700897[465 94 22 53 77 1 1; 400 102 25 40 83 0 0; 369 108 20 33 95 0 0; ]
1700700898[470 94 23 53 77 1 1; 399 101 26 42 83 0 0; 370 108 20 33 95 0 0; ]
1700700899[474 94 24 53 77 1 1; 398 101 27 43 83 0 0; 370 108 20 33 95 0 0; ]
1700700900[478 94 24 53 77 1 1; 397 101 27 42 83 0 0; 371 108 20 33 95 0 0; ]
1700700901[482 92 25 53 77 1 1; 396 101 26 40 83 0 0; 372 108 20 33 95 0 0; ]
1700700902[395 102 25 39 83 0 0; 371 108 20 33 95 0 0; ]
1700700903[394 102 24 38 83 0 0; 371 107 20 33 95 0 0; ]
1700700904[393 102 24 38 83 0 0; 370 107 20 33 95 0 0; ]
1700700905[391 102 25 38 83 0 0; 369 107 20 33 95 0 0; ]
1700700906[388 102 25 38 83 0 0; 369 107 20 33 95 0 0; ]
1700700907[384 102 26 38 83 0 0; 368 108 20 33 95 0 0; ]
1700700908[382 102 25 39 83 0 0; 367 108 20 33 95 0 0; ]
1700700909[380 102 24 40 83 0 0; 366 108 20 33 95 0 0; ]
1700700910[377 102 23 40 83 0 0; 365 108 20 33 95 0 0; ]
1700700911[375 102 23 41 83 0 0; 363 108 20 33 95 0 0; ]
1700700912[373 102 23 41 83 0 0; 363 108 20 33 95 0 0; ]
1700700913[361 101 31 41 84 0 2; ]
1700700914[359 101 31 42 84 0 2; ]
1700700915[357 101 31 43 84 0 2; ]
1700700916[355 101 30 42 84 0 2; ]
1700700917[353 100 28 42 84 0 2; ]
1700700918[351 97 27 42 84 0 2; ]
1700700919[349 97 26 44 85 0 0; ]
1700700920[345 98 26 44 85 0 0; ]
1700700921[342 98 27 44 85 0 0; ]
1700700922[338 98 28 43 85 0 0; ]
1700700923[335 98 28 43 85 0 0; ]
1700700924[332 98 34 48 86 0 2; ]
1700700925[330 99 33 47 86 0 2; ]
1700700926[328 99 33 47 86 0 2; ]
1700700927[326 100 33 47 86 0 2; ]
1700700928[319 97 28 45 87 0 0; 336 105 20 35 96 0 0; ]
1700700929[316 98 27 47 87 0 0; 334 105 20 34 96 0 0; ]
1700700930[313 98 26 48 87 0 0; 331 105 20 34 96 0 0; ]
1700700931[309 100 25 47 87 0 0; 329 106 20 33 96 0 0; ]
1700700932[305 101 25 47 87 0 0; 327 106 20 33 96 0 0; ]
1700700933[303 101 25 47 87 0 0; 325 106 20 34 96 0 0; ]
1700700934[300 101 25 47 87 0 0; 322 106 21 35 96 0 0; ]
1700700935[297 101 24 47 87 0 0; 320 106 21 35 96 0 0; ]
1700700936[293 101 24 47 87 0 0; 318 106 21 36 96 0 0; ]
1700700937[290 101 24 47 87 0 0; 317 106 21 36 96 0 0; ]
1700700938[287 101 24 47 87 0 0; 316 106 21 36 96 0 0; ]
1700700939[284 102 24 47 87 0 0; 315 107 20 35 96 0 0; ]
1700700940[281 102 24 47 87 0 0; 314 108 20 35 96 0 0; ]
1700700941[277 101 25 47 87 0 0; 312 108 20 35 96 0 0; ]
1700700942[274 101 26 47 87 0 0; 311 108 20 35 96 0 0; ]
1700700943[271 101 27 47 87 0 0; 310 108 20 35 96 0 0; ]
1700700944[268 101 27 47 87 0 0; 308 108 20 35 96 0 0; ]
1700700945[266 101 26 47 87 0 0; 307 109 20 35 96 0 0; ]
1700700946[264 102 26 47 87 0 0; 305 110 20 35 96 0 0; ]
1700700947[262 103 25 47 87 0 0; 304 111 20 36 96 0 0; ]
1700700948[259 103 24 47 87 0 0; 302 112 20 36 96 0 0; ]
1700700949[257 103 24 47 87 0 0; 301 112 20 36 96 0 0; ]
1700700950[255 103 24 47 87 0 0; 300 112 20 36 96 0 0; ]
1700700951[253 103 24 47 87 0 0; 299 111 20 36 96 0 0; 453 98 14 42 125 1 3; ]
1700700952[250 103 24 48 87 0 0; 298 111 20 36 96 0 0; 453 98 14 42 125 1 3; ]
1700700953[247 104 24 48 87 0 0; 296 111 20 37 96 0 0; 453 98 14 42 125 1 3; ]
1700700954[244 105 24 48 87 0 0; 295 111 20 38 96 0 0; 453 98 14 42 125 1 3; ]
1700700955[242 106 24 48 87 0 0; 294 111 20 39 96 0 0; 453 98 14 42 125 1 3; ]
1700700956[239 106 24 48 87 0 0; 292 111 20 39 96 0 0; 453 98 14 42 125 1 3; ]
1700700957[237 105 24 48 87 0 0; 291 110 20 39 96 0 0; 453 98 14 42 125 1 3; ]
1700700958[234 105 24 50 87 0 0; 290 110 20 39 96 0 0; 453 98 14 42 125 1 3; ]
1700700959[232 104 24 51 87 0 0; 289 110 20 39 96 0 0; 453 98 14 42 125 1 3; ]
1700700960[230 103 24 51 87 0 0; 288 109 20 39 96 0 0; 452 94 21 51 98 1 1; ]
1700700961[228 103 24 51 87 0 0; 287 109 20 39 96 0 0; 452 93 21 51 98 1 1; ]
1700700962[225 103 24 51 87 0 0; 285 109 20 39 96 0 0; 452 93 21 51 98 1 1; ]
1700700963[223 102 24 49 87 0 0; 284 108 20 39 96 0 0; 453 93 21 51 98 1 1; 493 88 18 51 126 1 3; ]
1700700964[221 102 24 48 87 0 0; 283 108 21 39 96 0 0; 453 92 21 51 98 1 1; ]
1700700965[218 102 24 48 87 0 0; 282 108 21 39 96 0 0; 453 92 21 52 98 1 1; ]
1700700966[216 102 24 48 87 0 0; 281 108 21 39 96 0 0; 454 91 22 52 98 1 1; ]
1700700967[214 102 24 48 87 0 0; 280 108 21 38 96 0 0; 454 90 22 52 98 1 1; ]
1700700968[212 102 24 48 87 0 0; 279 108 21 38 96 0 0; 454 90 22 53 98 1 1; ]
1700700969[210 102 24 48 87 0 0; 278 108 21 38 96 0 0; 454 90 22 53 98 1 1; ]
1700700970[208 100 24 48 87 0 0; 277 107 21 38 96 0 0; 454 90 22 53 98 1 1; ]
1700700971[455 88 35 54 59 1 2; 206 99 24 48 87 0 0; 276 106 21 38 96 0 0; ]
1700700972[453 79 37 72 59 1 2; 204 98 24 48 87 0 0; 275 106 21 38 96 0 0; ]
1700700973[452 79 38 74 59 1 2; 202 98 24 48 87 0 0; 275 106 21 38 96 0 0; ]
1700700974[453 80 27 72 60 1 1; 201 99 24 48 87 0 0; 274 106 21 38 96 0 0; ]
1700700975[451 80 31 76 61 1 2; 199 99 24 48 87 0 0; 274 106 21 38 96 0 0; ]
1700700976[447 80 35 76 61 1 2; 198 100 24 48 87 0 0; 274 107 21 38 96 0 0; ]
1700700977[446 80 36 76 61 1 2; 197 100 25 48 87 0 0; 275 107 21 38 96 0 0; ]
1700700978[444 82 28 77 62 1 1; 197 101 26 48 87 0 0; 275 107 21 38 96 0 0; 462 88 24 54 99 0 1; ]
1700700979[439 82 36 80 62 1 1; 196 101 27 48 87 0 0; 276 108 21 38 96 0 0; 465 89 24 54 99 0 1; ]
1700700980[435 82 43 83 62 1 1; 196 102 27 48 87 0 0; 276 108 21 38 96 0 0; 467 91 24 54 99 0 1; ]
1700700981[432 82 47 85 62 0 1; 196 103 26 48 87 0 0; 277 109 21 38 96 0 0; 470 92 24 54 99 0 1; ]
1700700982[429 83 48 85 62 0 1; 196 105 26 48 87 0 0; 277 111 21 38 96 0 0; 472 92 24 54 99 0 1; ]
1700700983[428 84 46 85 62 0 1; 196 106 25 48 87 0 0; 278 112 21 38 96 0 0; 475 93 25 54 99 0 1; ]
1700700984[427 86 40 85 62 0 1; 196 107 24 48 87 0 0; 279 113 21 38 96 0 0; 477 93 25 54 99 0 1; ]
1700700985[426 88 35 85 62 0 1; 196 107 24 48 87 0 0; 280 113 21 38 96 0 0; 479 94 25 55 99 0 1; ]
1700700986[425 89 32 85 62 0 1; 197 108 23 47 87 0 0; 281 114 21 38 96 0 0; 482 94 25 55 99 0 1; ]
1700700987[423 89 36 85 62 0 1; 197 108 23 47 87 0 0; 283 114 21 38 96 0 0; 484 94 25 56 99 0 1; ]
1700700988[419 88 43 86 62 0 1; 198 108 22 47 87 0 0; 284 114 21 38 96 0 0; ]
1700700989[415 88 48 87 62 0 1; 199 108 22 48 87 0 0; 285 114 21 40 96 0 0; ]
1700700990[410 86 53 88 62 0 1; 199 107 22 49 87 0 0; 287 113 21 41 96 0 0; ]
1700700991[410 86 51 89 62 0 1; 199 106 22 49 87 0 0; 288 112 21 42 96 0 0; ]
1700700992[410 86 46 89 62 0 1; 199 106 22 50 87 0 0; 289 112 21 42 96 0 0; ]
1700700993[409 86 41 90 62 0 1; 199 105 23 51 87 0 0; 290 111 21 41 96 0 0; ]
1700700994[409 86 39 91 62 0 1; 199 104 23 52 87 0 0; 291 110 21 41 96 0 0; ]
1700700995[407 86 39 92 62 0 1; 199 104 24 52 87 0 0; 293 110 21 40 96 0 0; ]
1700700996[402 85 39 94 62 0 1; 199 103 24 53 87 0 0; 293 109 21 39 96 0 0; ]
1700700997[397 84 44 95 62 0 1; 199 103 24 53 87 0 0; 294 109 21 40 96 0 0; ]
1700700998[392 83 49 96 62 0 1; 199 103 24 53 87 0 0; 294 109 21 40 96 0 0; ]
1700700999[388 83 49 96 62 0 1; 199 103 24 53 87 0 0; 294 109 21 41 96 0 0; ]
1700701000[385 83 49 96 62 0 1; 199 103 24 53 87 0 0; 295 109 21 42 96 0 0; ]
1700701001[383 85 44 96 62 0 1; 199 105 24 51 87 0 0; 296 110 21 42 96 0 0; ]
1700701002[381 86 43 96 62 0 1; 199 106 24 50 87 0 0; 298 111 21 42 96 0 0; ]
1700701003[377 86 44 97 62 0 1; 199 107 24 49 87 0 0; 299 112 21 42 96 0 0; ]
1700701004[372 86 47 99 62 0 1; 199 107 24 49 87 0 0; 299 112 21 42 96 0 0; ]
1700701005[367 85 50 100 62 0 1; 199 107 24 49 87 0 0; 299 112 21 42 96 0 0; ]
1700701006[361 85 54 101 62 0 1; 199 107 24 49 87 0 0; 299 112 21 42 96 0 0; ]
1700701007[355 85 58 101 62 0 1; 199 107 24 49 87 0 0; 299 112 21 42 96 0 0; ]
1700701008[351 85 61 101 62 0 1; 199 107 24 49 87 0 0; 299 112 21 42 96 0 0; ]
1700701009[352 85 56 101 62 0 1; 199 107 24 49 87 0 0; 299 112 21 42 96 0 0; ]
1700701010[352 85 48 101 62 0 1; 199 107 24 49 87 0 0; 300 112 21 42 96 0 0; ]
1700701011[349 85 43 101 62 0 1; 199 107 24 49 87 0 0; 301 113 21 42 96 0 0; ]
1700701012[344 85 41 102 62 0 1; 199 107 24 49 87 0 0; 301 113 21 42 96 0 0; ]
1700701013[340 84 42 104 62 0 1; 199 108 24 48 87 0 0; 302 114 21 42 96 0 0; ]
1700701014[335 82 47 106 62 0 1; 199 108 24 48 87 0 0; 302 115 21 42 96 0 0; ]
1700701015[331 82 49 106 62 0 1; 199 109 24 47 87 0 0; 302 115 21 42 96 0 0; ]
1700701016[325 82 50 106 62 0 1; 199 109 24 47 87 0 0; 302 115 21 42 96 0 0; ]
1700701017[321 83 51 107 62 0 1; 199 110 24 46 87 0 0; 302 115 21 41 96 0 0; ]
1700701018[317 83 52 107 62 0 1; 199 110 24 46 87 0 0; 302 114 21 42 96 0 0; ]
1700701019[315 83 47 108 62 0 1; 199 110 24 46 87 0 0; 305 114 21 45 96 0 0; ]
1700701020[302 83 51 109 63 0 2; 199 111 24 45 87 0 0; ]
1700701021[302 83 42 109 63 0 2; 199 110 24 45 87 0 0; ]
1700701022[301 78 44 113 64 0 1; 199 110 24 44 87 0 0; ]
1700701023[292 76 53 116 64 0 1; 199 110 24 43 87 0 0; ]
1700701024[281 76 61 117 64 0 1; 199 109 24 43 87 0 0; ]
1700701025[276 69 61 116 65 0 1; 200 109 24 43 87 0 0; ]
1700701026[275 69 58 118 65 0 1; 201 108 24 44 87 0 0; ]
1700701027[274 68 56 119 65 0 1; 201 107 24 44 87 0 0; ]
1700701028[270 71 48 118 66 0 1; 202 106 24 44 87 0 0; 307 111 23 38 97 0 0; ]
1700701029[262 68 51 119 66 0 1; 201 105 24 44 87 0 0; 306 110 24 39 97 0 0; ]
1700701030[253 66 54 120 66 0 1; 201 104 24 44 87 0 0; 306 109 24 39 97 0 0; ]
1700701031[246 64 56 122 66 0 1; 201 104 24 44 87 0 0; 305 109 24 40 97 0 0; ]
1700701032[238 63 59 123 66 0 1; 200 103 24 44 87 0 0; 305 108 24 41 97 0 0; 57 114 18 36 104 1 3; ]
1700701033[231 63 62 124 66 0 1; 200 103 24 44 87 0 0; 304 108 24 41 97 0 0; 56 113 18 36 104 1 3; ]
1700701034[225 63 64 125 66 0 1; 199 103 24 44 87 0 0; 304 107 24 42 97 0 0; 54 113 18 36 104 1 3; ]
1700701035[223 62 61 126 66 0 1; 198 103 24 44 87 0 0; 304 107 24 43 97 0 0; 53 114 18 35 104 1 3; ]
1700701036[220 62 56 126 66 0 1; 198 103 24 44 87 0 0; 304 107 24 43 97 0 0; 51 114 18 35 104 1 3; ]
1700701037[214 62 49 127 66 0 1; 198 103 23 44 87 0 0; 303 107 24 43 97 0 0; 50 114 18 35 104 0 3; ]
1700701038[209 62 45 128 66 0 1; 198 103 22 44 87 0 0; 303 106 24 43 97 0 0; 48 114 18 35 104 0 3; ]
1700701039[194 60 52 130 67 0 2; 302 106 24 42 97 0 0; 46 114 18 35 104 0 3; ]
1700701040[195 59 51 131 67 0 2; 301 106 23 42 97 0 0; 45 114 18 35 104 0 3; ]
1700701041[182 55 61 137 68 0 1; 301 106 23 42 97 0 0; 43 114 18 35 104 0 3; ]
1700701042[164 56 73 138 68 0 1; 300 106 23 42 97 0 0; 42 114 18 35 104 0 3; ]
1700701043[162 56 74 138 68 0 1; 300 106 23 42 97 0 0; 40 114 18 35 104 0 3; ]
1700701044[157 57 73 136 69 0 2; 299 107 23 42 97 0 0; 39 114 19 35 104 0 3; ]
1700701045[157 60 64 134 69 0 2; 298 108 23 42 97 0 0; 38 114 19 35 104 0 3; ]
1700701046[153 60 55 136 70 0 1; 194 105 23 43 88 0 0; 297 109 23 42 97 0 0; 36 115 19 35 104 0 3; ]
1700701047[147 59 51 140 70 0 1; 193 105 23 43 88 0 0; 296 111 23 42 97 0 0; 35 116 19 36 104 0 3; ]
1700701048[140 58 49 141 70 0 1; 193 106 23 43 88 0 0; 296 112 23 42 97 0 0; 33 116 19 37 104 0 3; ]
1700701049[132 57 52 142 70 0 1; 192 106 23 43 88 0 0; 295 112 23 42 97 0 0; 31 117 19 37 104 0 3; ]
1700701050[122 56 58 142 70 0 1; 192 107 23 43 88 0 0; 294 113 23 42 97 0 0; 30 117 19 37 104 0 3; ]
1700701051[109 56 69 145 70 0 1; 192 107 23 43 88 0 0; 294 113 23 42 97 0 0; 29 117 19 37 104 0 3; ]
1700701052[97 55 78 148 70 0 1; 191 108 23 43 88 0 0; 293 113 23 42 97 0 0; 27 118 19 37 104 0 3; ]
1700701053[92 55 80 149 70 0 1; 191 108 23 43 88 0 0; 293 112 23 42 97 0 0; 26 118 19 37 104 0 3; ]
1700701054[88 55 81 149 70 0 1; 191 108 23 43 88 0 0; 292 112 23 42 97 0 0; 24 118 19 37 104 0 3; ]
1700701055[84 54 79 150 70 0 1; 190 108 23 43 88 0 0; 292 111 23 42 97 0 0; 22 117 19 37 104 0 3; ]
1700701056[80 53 75 151 70 0 1; 189 108 23 43 88 0 0; 291 111 23 42 97 0 0; 19 117 20 37 104 0 3; ]
1700701057[77 52 67 153 70 0 1; 188 107 23 43 88 0 0; 290 110 23 42 97 0 0; 17 117 20 37 104 0 3; ]
1700701058[73 49 57 155 70 0 1; 187 107 23 43 88 0 0; 289 109 24 42 97 0 0; 15 116 20 37 104 0 3; ]
1700701059[68 46 52 158 70 0 1; 187 107 23 42 88 0 0; 288 108 24 43 97 0 0; 14 115 20 37 104 0 3; ]
1700701060[60 44 49 160 70 0 1; 187 107 23 42 88 0 0; 288 108 24 43 97 0 0; 13 114 20 37 104 0 3; ]
1700701061[50 41 56 163 70 0 1; 187 107 23 42 88 0 0; 287 108 24 43 97 0 0; 11 114 20 37 104 0 3; ]
1700701062[38 39 66 166 70 0 1; 186 107 23 42 88 0 0; 287 108 24 44 97 0 0; 10 114 20 37 104 0 3; ]
1700701063[28 39 73 169 70 0 1; 186 107 23 42 88 0 0; 287 108 24 44 97 0 0; 8 114 20 37 104 0 3; ]
1700701064[18 38 79 171 70 0 1; 185 107 22 42 88 0 0; 287 108 24 44 97 0 0; 7 114 20 37 104 0 3; ]
1700701065[11 38 81 172 70 0 1; 184 107 21 42 88 0 0; 286 108 24 45 97 0 0; 4 114 20 37 104 0 3; ]
1700701066[7 38 77 171 70 0 1; 183 107 21 42 88 0 0; 285 108 24 46 97 0 0; ]
1700701067[183 107 21 42 88 0 0; 284 107 23 46 97 0 0; ]
1700701068[182 107 21 42 88 0 0; 283 107 23 47 97 0 0; ]
1700701069[182 107 21 42 88 0 0; 282 107 24 46 97 0 0; ]
1700701070[181 107 21 42 88 0 0; 282 106 24 45 97 0 0; ]
1700701071[180 107 21 42 88 0 0; 281 106 25 45 97 0 0; ]
1700701072[179 107 22 42 88 0 0; 280 106 26 44 97 0 0; ]
1700701073[179 107 22 42 88 0 0; 279 105 26 44 97 0 0; ]
1700701074[178 107 22 42 88 0 0; 278 105 26 44 97 0 0; ]
1700701075[177 107 23 42 88 0 0; 277 105 26 44 97 0 0; ]
1700701076[176 106 23 42 88 0 0; 276 105 26 44 97 0 0; ]
1700701077[175 106 23 42 88 0 0; 276 105 26 45 97 0 0; ]
1700701078[174 106 23 42 88 0 0; 275 105 26 46 97 0 0; ]
1700701079[174 106 23 42 88 0 0; 274 105 26 46 97 0 0; ]
1700701080[173 107 23 42 88 0 0; 273 106 26 47 97 0 0; ]
1700701081[173 107 23 42 88 0 0; 272 106 26 47 97 0 0; ]
1700701082[172 108 23 42 88 0 0; 271 107 26 47 97 0 0; ]
1700701083[171 109 23 42 88 0 0; 270 108 26 47 97 0 0; ]
1700701084[170 109 23 42 88 0 0; 268 108 26 47 97 0 0; ]
1700701085[169 109 23 42 88 0 0; 267 108 25 46 97 0 0; ]
1700701086[168 110 23 42 88 0 0; 266 108 25 45 97 0 0; ]
1700701087[167 109 23 42 88 0 0; 265 107 24 44 97 0 0; ]
1700701088[166 108 23 42 88 0 0; 264 106 23 43 97 0 0; ]
1700701089[165 107 22 42 88 0 0; 263 105 24 44 97 0 0; ]
1700701090[164 106 22 42 88 0 0; 261 104 24 44 97 0 0; ]
1700701091[163 105 22 42 88 0 0; 260 104 24 45 97 0 0; ]
1700701092[162 105 22 42 88 0 0; 258 103 24 45 97 0 0; ]
1700701093[160 104 23 42 88 0 0; 256 103 24 46 97 0 0; ]
1700701094[158 103 23 43 88 0 0; 254 103 24 46 97 0 0; ]
1700701095[156 103 23 43 88 0 0; 251 102 24 46 97 0 0; ]
1700701096[154 103 23 43 88 0 0; 249 102 24 47 97 0 0; ]
1700701097[152 103 23 43 88 0 0; 247 102 24 47 97 0 0; ]
1700701098[149 102 23 43 88 0 0; 245 101 24 47 97 0 0; ]
1700701099[147 102 23 43 88 0 0; 243 100 24 47 97 0 0; ]
1700701100[146 102 23 43 88 0 0; 241 100 24 47 97 0 0; ]
1700701101[144 102 23 43 88 0 0; 239 100 24 46 97 0 0; ]
1700701102[142 102 23 43 88 0 0; 237 100 24 45 97 0 0; ]
1700701103[139 103 23 43 88 0 0; 234 101 24 44 97 0 0; ]
1700701104[136 103 23 43 88 0 0; 231 101 24 44 97 0 0; ]
1700701105[133 104 23 43 88 0 0; 228 101 24 44 97 0 0; ]
1700701106[130 105 23 43 88 0 0; 225 102 24 45 97 0 0; ]
1700701107[127 105 23 43 88 0 0; 221 102 24 46 97 0 0; ]
1700701108[124 105 23 43 88 0 0; 217 102 24 47 97 0 0; ]
1700701109[120 106 23 43 88 0 0; 214 102 25 47 97 0 0; ]
1700701110[117 106 23 43 88 0 0; 209 102 25 48 97 0 0; ]
1700701111[113 107 23 43 88 0 0; 205 102 25 48 97 0 0; ]
1700701112[108 107 23 43 88 0 0; 200 102 26 49 97 0 0; ]
1700701113[104 108 23 43 88 0 0; 197 102 26 48 97 0 0; ]
1700701114[100 108 23 43 88 0 0; 192 103 26 47 97 0 0; ]
1700701115[95 109 23 43 88 0 0; 188 104 26 47 97 0 0; ]
1700701116[90 110 23 42 88 0 0; 183 105 26 47 97 0 0; ]
1700701117[85 111 23 42 88 0 0; 178 106 26 47 97 0 0; ]
1700701118[80 112 23 41 88 0 0; 173 108 26 47 97 0 0; ]
1700701119[75 113 23 41 88 0 0; 167 110 26 47 97 0 0; ]
1700701120[69 114 23 41 88 0 0; 162 111 26 47 97 0 0; ]
1700701121[64 114 23 41 88 0 0; 157 110 26 47 97 0 0; ]
1700701122[59 115 23 41 88 0 0; 151 110 26 47 97 0 0; ]
1700701123[53 114 23 41 88 0 0; 146 109 26 47 97 0 0; ]
1700701124[48 113 23 41 88 0 0; 140 108 26 47 97 0 0; ]
1700701125[43 112 23 41 88 0 0; 134 108 26 47 97 0 0; ]
1700701126[37 112 23 41 88 0 0; 128 108 26 47 97 0 0; ]
1700701127[31 112 23 41 88 0 0; 122 108 26 47 97 0 0; ]
1700701128[25 112 23 41 88 0 0; 115 108 26 47 97 0 0; ]
1700701129[19 112 23 41 88 0 0; 109 108 26 47 97 0 0; ]
1700701130[12 112 23 41 88 0 0; 103 108 26 48 97 0 0; ]
1700701131[6 112 22 41 88 0 0; 96 107 26 49 97 0 0; ]
1700701132[0 113 22 41 88 0 0; 89 107 26 49 97 0 0; ]
1700701133[82 107 26 49 97 0 0; ]
1700701134[75 107 26 49 97 0 0; ]
1700701135[68 108 26 49 97 0 0; ]
1700701136[60 108 26 49 97 0 0; ]
1700701137[53 108 26 49 97 0 0; ]
1700701138[45 109 26 49 97 0 0; ]
1700701139[37 109 26 49 97 0 0; ]
1700701140[28 109 26 49 97 0 0; ]
1700701141[18 110 26 49 97 0 0; ]
1700701142[7 110 27 49 97 0 0; ]
1700701143[]
1700701144[]
1700701145[]
1700701146[]
1700701147[]
1700701148[]
1700701149[]
1700701150[]
1700701151[]
1700701152[]
1700701153[]
1700701154[]
1700701155[]
1700701156[]
1700701157[]
1700701158[]
1700701159[]
1700701160[]
1700701161[444 9 65 155 106 0 1; ]
1700701162[431 7 63 155 106 0 1; ]
1700701163[416 6 64 156 106 0 1; ]
1700701164[401 4 65 159 106 0 1; ]
1700701165[385 2 65 161 106 0 1; ]
1700701166[]
1700701167[]
1700701168[]
1700701169[]
1700701170[]
1700701171[280 2 59 174 106 0 1; ]
1700701172[262 8 58 175 106 0 1; ]
1700701173[242 13 58 176 106 0 1; ]
1700701174[222 17 58 179 106 0 1; ]
1700701175[201 20 58 182 106 0 1; ]
1700701176[179 22 58 184 106 0 1; ]
1700701177[155 23 63 186 106 0 1; ]
1700701178[129 24 71 187 106 0 1; ]
1700701179[101 24 78 188 106 0 1; ]
1700701180[72 25 83 189 106 0 1; ]
1700701181[42 26 88 191 106 0 1; ]
1700701182[11 27 93 193 106 0 1; ]
1700701183[]
1700701184[]
1700701185[]
1700701186[]
1700701187[]
1700701188[]
1700701189[]
1700701190[]
1700701191[]
1700701192[]
1700701193[]
1700701194[]
1700701195[]
1700701196[]
1700701197[]
1700701198[]
1700701199[448 66 55 125 107 0 1; ]
1700701200[426 62 55 125 107 0 1; ]
1700701201[403 59 55 125 107 0 1; ]
1700701202[380 55 55 125 107 0 1; ]
1700701203[356 54 55 125 107 0 1; 425 53 80 123 113 0 0; ]
1700701204[333 54 55 125 107 0 1; 393 51 80 123 113 0 0; ]
1700701205[310 55 55 125 107 0 1; 362 51 80 125 113 0 0; ]
1700701206[288 56 55 126 107 0 1; 332 51 80 129 113 0 0; ]
1700701207[266 57 55 128 107 0 1; 302 50 80 134 113 0 0; ]
1700701208[243 59 55 128 107 1 1; 273 50 80 136 113 0 0; ]
1700701209[220 61 55 128 107 1 1; 245 55 80 136 113 0 0; ]
1700701210[199 55 97 141 108 0 2; ]
1700701211[160 60 94 144 108 0 2; ]
1700701212[143 62 92 146 108 0 2; ]
1700701213[108 63 91 146 109 0 0; ]
1700701214[]
1700701215[]
1700701216[]
1700701217[3 54 115 171 110 0 2; ]
1700701218[41 72 54 130 112 1 1; ]
1700701219[18 69 54 136 112 0 1; ]
1700701220[]
1700701221[]
1700701222[]
1700701223[]
1700701224[]
1700701225[]
1700701226[]
1700701227[]
1700701228[]
1700701229[]
1700701230[]
1700701231[]
1700701232[]
1700701233[]
1700701234[]
1700701235[]
1700701236[]
1700701237[]
1700701238[]
1700701239[]
1700701240[]
1700701241[]
1700701242[]
1700701243[]
1700701244[]
1700701245[]
1700701246[]
1700701247[]
1700701248[]
1700701249[]
1700701250[]
1700701251[]
1700701252[]
1700701253[]
1700701254[]
1700701255[]
1700701256[]
1700701257[]
1700701258[]
1700701259[]
1700701260[]
1700701261[]
1700701262[]
1700701263[]
1700701264[]
1700701265[]
1700701266[]
1700701267[]
1700701268[]
1700701269[]
1700701270[]
1700701271[]
1700701272[]
1700701273[]
1700701274[]
1700701275[]
1700701276[]
1700701277[]
1700701278[]
1700701279[]
1700701280[]
1700701281[]
1700701282[]
1700701283[]
1700701284[]
1700701285[]
1700701286[]
1700701287[]
1700701288[]
1700701289[]
1700701290[]
1700701291[]
1700701292[]
1700701293[]
1700701294[]
1700701295[]
1700701296[]
1700701297[]
1700701298[]
1700701299[]
1700701300[]
1700701301[]
1700701302[]
1700701303[]
1700701304[]
1700701305[]
1700701306[]
1700701307[]
1700701308[]
1700701309[]
1700701310[]
1700701311[]
1700701312[]
1700701313[]
1700701314[]
1700701315[]
1700701316[]
1700701317[]
1700701318[]
1700701319[]
1700701320[]
1700701321[]
1700701322[]
1700701323[]
1700701324[]
1700701325[]
1700701326[]
1700701327[]
1700701328[]
1700701329[]
1700701330[]
1700701331[]
1700701332[]
1700701333[]
1700701334[]
1700701335[]
1700701336[]
1700701337[]
1700701338[]
1700701339[]
1700701340[]
1700701341[]
1700701342[]
1700701343[]
1700701344[]
1700701345[]
1700701346[]
1700701347[]
1700701348[]
1700701349[]
1700701350[]
1700701351[]
1700701352[]
1700701353[]
1700701354[]
1700701355[]
1700701356[]
1700701357[]
1700701358[]
1700701359[]
1700701360[]
1700701361[]
1700701362[]
1700701363[]
1700701364[]
1700701365[]
1700701366[]
1700701367[]
1700701368[]
1700701369[]
1700701370[]
1700701371[]
1700701372[]
1700701373[]
1700701374[]
1700701375[]
1700701376[]
1700701377[]
1700701378[]
1700701379[]
1700701380[]
1700701381[]
1700701382[]
1700701383[]
1700701384[]
1700701385[]
1700701386[]
1700701387[]
1700701388[230 197 33 43 127 1 -1; ]
1700701389[230 195 34 43 127 1 -1; ]
1700701390[229 193 34 43 127 1 -1; ]
1700701391[229 191 34 44 127 1 -1; ]
1700701392[228 189 34 44 127 1 -1; ]
1700701393[228 188 35 44 127 1 -1; ]
1700701394[227 187 35 44 127 1 -1; ]
1700701395[227 186 35 45 127 1 -1; ]
1700701396[226 186 35 45 127 1 -1; ]
1700701397[225 186 35 45 127 1 -1; ]
1700701398[225 186 35 45 127 1 -1; ]
1700701399[224 186 35 45 127 1 -1; ]
1700701400[223 186 35 45 127 1 -1; ]
1700701401[222 186 34 45 127 1 -1; ]
1700701402[221 187 34 45 127 1 -1; ]
1700701403[220 187 34 45 127 1 -1; ]
1700701404[218 187 34 45 127 1 -1; ]
1700701405[217 187 33 45 127 1 -1; ]
1700701406[215 187 33 45 127 1 -1; ]
1700701407[214 187 33 46 127 1 -1; ]
1700701408[212 188 33 46 127 1 -1; ]
1700701409[211 188 32 46 127 1 -1; ]
1700701410[209 188 32 46 127 1 -1; ]
1700701411[208 188 32 47 127 1 -1; ]
1700701412[206 188 32 47 127 1 -1; ]
1700701413[205 188 32 47 127 1 -1; ]
1700701414[203 188 31 48 127 1 -1; ]
1700701415[201 186 22 48 114 1 1; 216 186 22 47 115 1 1; ]
1700701416[199 186 22 49 114 1 1; 214 186 22 48 115 1 1; ]
1700701417[198 185 22 49 114 1 1; 213 185 22 49 115 1 1; ]
1700701418[196 184 22 49 114 1 1; 212 184 22 49 115 1 1; ]
1700701419[194 183 22 49 114 1 1; 211 183 22 49 115 1 1; ]
1700701420[193 182 23 49 114 1 1; 210 182 22 49 115 1 1; ]
1700701421[192 180 23 49 114 1 1; 209 180 22 49 115 1 1; ]
1700701422[190 178 23 49 114 1 1; 208 178 22 49 115 1 1; ]
1700701423[189 177 23 49 114 1 1; 207 177 22 49 115 1 1; ]
1700701424[187 176 23 49 114 1 1; 206 176 22 49 115 1 1; ]
1700701425[186 175 23 49 114 1 1; 205 175 22 49 115 1 1; ]
1700701426[185 175 23 49 114 1 1; 204 175 22 49 115 1 1; ]
1700701427[183 175 23 49 114 1 1; 203 175 22 49 115 1 1; ]
1700701428[182 175 23 49 114 1 1; 202 175 22 49 115 1 1; ]
1700701429[180 175 23 49 114 1 1; 201 175 22 49 115 1 1; ]
1700701430[179 175 23 49 114 1 1; 199 175 22 49 115 1 1; ]
1700701431[177 174 23 49 114 1 1; 198 174 22 49 115 1 1; ]
1700701432[176 174 23 49 114 1 1; 196 174 22 49 115 1 1; ]
1700701433[174 173 23 49 114 1 1; 194 173 22 50 115 1 1; ]
1700701434[172 172 23 49 114 1 1; 193 172 22 50 115 1 1; ]
1700701435[171 172 23 49 114 1 1; 191 172 22 50 115 1 1; ]
1700701436[169 172 23 49 114 1 1; 189 173 22 50 115 1 1; ]
1700701437[168 172 23 49 114 1 1; 187 173 22 50 115 1 1; ]
1700701438[166 172 23 49 114 1 1; 186 173 22 50 115 1 1; ]
1700701439[165 172 23 49 114 1 1; 184 174 22 50 115 1 1; ]
1700701440[164 173 23 49 114 1 1; 183 174 22 50 115 1 1; ]
1700701441[162 173 23 49 114 1 1; 181 174 22 50 115 1 1; ]
1700701442[161 173 23 49 114 1 1; 180 175 22 50 115 1 1; ]
1700701443[159 174 23 50 114 1 1; 178 175 22 50 115 1 1; ]
1700701444[158 174 23 52 114 1 1; 177 175 22 50 115 1 1; ]
1700701445[157 174 23 54 114 1 1; 175 175 22 50 115 1 1; ]
1700701446[155 175 23 55 114 1 1; 173 176 22 55 115 1 1; ]
1700701447[153 175 23 56 114 1 1; 172 176 22 55 115 1 1; ]
1700701448[152 174 24 57 114 1 1; 171 175 22 56 115 1 1; ]
1700701449[150 174 24 57 114 1 1; 170 175 22 56 115 1 1; ]
1700701450[149 173 26 57 114 1 1; 169 175 22 56 115 1 1; ]
1700701451[148 173 26 57 114 1 1; 168 174 22 56 115 1 1; ]
1700701452[148 172 26 57 114 1 1; 167 173 22 56 115 1 1; ]
1700701453[147 171 27 57 114 1 1; 167 172 22 56 115 1 1; ]
1700701454[146 170 27 58 114 1 1; 166 171 22 56 115 1 1; ]
1700701455[145 168 27 58 114 1 1; 166 169 22 57 115 1 1; ]
1700701456[145 166 27 60 114 1 1; 165 167 23 59 115 1 1; ]
1700701457[144 164 27 62 114 1 1; 165 165 23 61 115 1 1; ]
1700701458[144 162 27 64 114 1 1; 164 162 24 64 115 1 1; ]
1700701459[143 160 27 64 114 1 1; 164 161 24 64 115 1 1; 300 190 15 30 116 1 3; ]
1700701460[143 158 27 64 114 1 1; 163 160 24 64 115 1 1; 300 189 15 30 116 1 3; ]
1700701461[142 158 27 65 114 1 1; 162 159 24 64 115 1 1; 300 189 15 30 116 1 3; ]
1700701462[141 158 27 65 114 1 1; 162 159 24 64 115 1 1; ]
1700701463[141 158 27 65 114 1 1; 161 159 24 64 115 1 1; ]
1700701464[140 158 27 65 114 1 1; 161 159 24 64 115 1 1; ]
1700701465[139 158 27 65 114 1 1; 160 159 24 64 115 1 1; ]
1700701466[138 158 27 65 114 1 1; 160 159 24 64 115 1 1; ]
1700701467[137 158 27 65 114 1 1; 159 159 24 64 115 1 1; 300 188 15 30 116 0 3; ]
1700701468[137 158 27 65 114 1 1; 158 159 24 64 115 1 1; 300 188 15 31 116 0 3; ]
1700701469[136 158 27 66 114 1 1; 158 159 24 64 115 1 1; 300 188 15 31 116 0 3; ]
1700701470[136 158 27 66 114 1 1; 157 159 24 65 115 1 1; 300 189 15 31 116 0 3; ]
1700701471[135 158 27 67 114 1 1; 156 159 24 66 115 1 1; 300 189 15 31 116 0 3; ]
1700701472[134 158 27 67 114 1 1; 156 159 24 67 115 1 1; 300 189 15 31 116 0 3; ]
1700701473[133 158 27 69 114 1 1; 155 159 24 68 115 1 1; 300 189 15 31 116 0 3; ]
1700701474[132 158 27 70 114 1 1; 155 159 24 68 115 1 1; 300 188 15 32 116 0 3; ]
1700701475[132 158 27 70 114 1 1; 155 159 24 68 115 1 1; 300 187 15 33 116 0 3; ]
1700701476[131 158 27 70 114 1 1; 155 159 24 68 115 1 1; 300 187 15 33 116 0 3; ]
1700701477[130 158 27 70 114 1 1; 155 159 24 68 115 1 1; 300 187 15 33 116 0 3; ]
1700701478[129 158 27 70 114 0 1; 155 159 25 69 115 0 1; 300 187 15 33 116 0 3; ]
1700701479[128 157 27 70 114 0 1; 153 159 26 69 115 0 1; 300 187 15 33 116 0 3; ]
1700701480[127 157 27 71 114 0 1; 151 159 26 69 115 0 1; 300 187 15 33 116 0 3; ]
1700701481[126 157 27 72 114 0 1; 149 159 27 70 115 0 1; 300 187 15 33 116 0 3; ]
1700701482[126 156 27 73 114 0 1; 146 159 27 70 115 0 1; 300 186 15 33 116 0 3; ]
1700701483[125 156 27 74 114 0 1; 141 159 27 70 115 0 1; 300 186 15 33 116 0 3; ]
1700701484[124 156 27 74 114 0 1; 136 160 27 70 115 0 1; 300 185 15 33 116 0 3; ]
1700701485[124 155 27 74 114 0 1; 135 160 27 70 115 0 1; 300 184 15 33 116 0 3; ]
1700701486[123 155 27 75 114 0 1; 136 159 27 70 115 0 1; 300 184 15 33 116 0 3; ]
1700701487[123 154 27 75 114 0 1; 140 155 27 72 115 0 1; 301 183 15 33 116 0 3; ]
1700701488[122 152 27 75 114 0 1; 142 153 27 74 115 0 1; 301 182 15 33 116 0 3; ]
1700701489[121 151 27 75 114 0 1; 142 151 27 75 115 0 1; 301 181 15 33 116 1 3; ]
1700701490[120 150 28 75 114 0 1; 141 149 27 75 115 0 1; 301 179 15 33 116 1 3; ]
1700701491[119 148 28 75 114 0 1; 140 148 27 76 115 0 1; 302 178 15 33 116 1 3; ]
1700701492[117 147 29 76 114 0 1; 139 148 27 76 115 0 1; 302 176 15 33 116 1 3; ]
1700701493[116 146 30 77 114 0 1; 139 147 27 76 115 0 1; 302 177 15 33 116 1 3; ]
1700701494[115 146 30 77 114 0 1; 138 147 27 76 115 0 1; 303 175 15 33 116 1 3; ]
1700701495[115 146 30 78 114 0 1; 137 147 27 76 115 0 1; ]
1700701496[115 147 30 79 114 0 1; 136 150 28 76 115 0 1; ]
1700701497[114 149 30 80 114 0 1; 135 153 29 76 115 0 1; ]
1700701498[114 152 30 82 114 0 1; 134 155 30 76 115 0 1; ]
1700701499[114 155 30 82 114 0 1; 133 158 30 76 115 0 1; ]
1700701500[113 157 30 82 114 0 1; 133 160 30 76 115 0 1; ]
1700701501[112 159 30 82 114 0 1; 133 163 30 78 115 0 1; ]
1700701502[112 161 30 82 114 0 1; 132 165 29 80 115 0 1; ]
1700701503[112 163 30 82 114 0 1; 132 166 29 80 115 0 1; ]
1700701504[111 164 31 82 114 0 1; 132 166 29 80 115 0 1; ]
1700701505[111 166 31 82 114 0 1; 132 166 29 80 115 0 1; ]
1700701506[111 166 31 82 114 0 1; 132 166 30 80 115 0 1; ]
1700701507[110 166 32 82 114 0 1; 132 166 30 80 115 0 1; ]
1700701508[109 164 32 82 114 0 1; 132 165 31 81 115 0 1; ]
1700701509[108 162 32 83 114 0 1; 131 163 32 81 115 0 1; ]
1700701510[106 159 32 84 114 0 1; 131 161 32 81 115 0 1; ]
1700701511[106 155 33 85 114 0 1; 131 159 33 82 115 0 1; ]
1700701512[105 152 33 87 114 0 1; 131 156 32 82 115 0 1; ]
1700701513[105 149 33 87 114 0 1; 132 153 32 83 115 0 1; ]
1700701514[104 147 34 88 114 0 1; 132 149 32 83 115 0 1; ]
1700701515[103 145 34 88 114 0 1; 132 147 31 84 115 0 1; ]
1700701516[102 143 35 88 114 0 1; 132 145 32 85 115 0 1; ]
1700701517[102 141 36 88 114 0 1; 132 144 32 86 115 0 1; ]
1700701518[101 141 36 88 114 0 1; 131 142 33 87 115 0 1; ]
1700701519[100 141 36 88 114 0 1; 130 142 34 88 115 0 1; ]
1700701520[99 141 36 90 114 0 1; 129 143 34 88 115 0 1; ]
1700701521[98 141 36 91 114 0 1; 128 144 35 88 115 0 1; ]
1700701522[97 141 36 94 114 0 1; 128 145 35 88 115 0 1; ]
1700701523[96 141 36 94 114 0 1; 127 146 36 88 115 0 1; ]
1700701524[95 142 37 94 114 0 1; 126 145 36 88 115 0 1; ]
1700701525[94 142 37 94 114 0 1; 125 145 37 89 115 0 1; ]
1700701526[93 142 37 94 114 0 1; 124 144 37 91 115 0 1; 320 171 15 32 117 1 1; ]
1700701527[92 141 37 94 114 0 1; 123 143 37 91 115 0 1; 320 171 15 32 117 0 1; ]
1700701528[91 140 37 95 114 0 1; 122 143 37 91 115 0 1; 321 170 15 32 117 0 1; ]
1700701529[90 139 37 96 114 0 1; 122 142 37 91 115 0 1; 321 169 15 32 117 0 1; ]
1700701530[89 137 37 97 114 0 1; 121 141 37 91 115 0 1; 321 167 15 32 117 0 1; ]
1700701531[88 136 37 98 114 0 1; 120 141 37 91 115 0 1; 322 165 15 32 117 0 1; ]
1700701532[86 134 37 99 114 0 1; 118 139 37 92 115 0 1; 322 162 15 32 117 0 1; ]
1700701533[85 133 38 99 114 0 1; 117 137 38 94 115 0 1; 322 162 15 32 117 0 1; ]
1700701534[83 131 38 100 114 0 1; 115 135 38 95 115 0 1; 321 161 15 32 117 0 1; ]
1700701535[80 130 38 101 114 0 1; 113 133 38 96 115 0 1; 321 161 15 32 117 0 1; ]
1700701536[78 130 38 102 114 0 1; 111 132 38 97 115 0 1; 321 160 16 32 117 0 1; ]
1700701537[76 129 38 102 114 0 1; 109 131 38 99 115 0 1; 321 159 16 33 117 0 1; ]
1700701538[73 127 38 103 114 0 1; 107 130 38 100 115 0 1; 321 158 16 33 117 0 1; ]
1700701539[71 126 39 104 114 0 1; 105 129 38 101 115 0 1; 320 157 16 33 117 0 1; ]
1700701540[68 125 40 105 114 0 1; 103 127 38 102 115 0 1; 320 155 16 33 117 0 1; ]
1700701541[66 123 41 106 114 0 1; 101 126 38 102 115 0 1; 319 154 16 33 117 0 1; ]
1700701542[63 121 41 107 114 0 1; 99 125 38 103 115 0 1; 318 153 16 33 117 0 1; ]
1700701543[61 120 42 107 114 0 1; 96 124 38 103 115 0 1; 318 151 16 33 117 0 1; ]
1700701544[58 119 42 108 114 0 1; 93 123 39 104 115 0 1; 317 150 16 33 117 0 1; ]
1700701545[55 118 42 108 114 0 1; 90 121 39 105 115 0 1; 316 148 16 33 117 0 1; ]
1700701546[52 117 43 108 114 0 1; 87 120 40 106 115 0 1; 315 147 16 33 117 0 1; ]
1700701547[48 115 44 109 114 0 1; 85 119 40 107 115 0 1; 314 146 16 33 117 0 1; ]
1700701548[44 114 46 111 114 0 1; 83 118 41 108 115 0 1; 313 145 16 34 117 0 1; ]
1700701549[41 113 47 112 114 0 1; 81 117 41 108 115 0 1; 312 144 17 34 117 0 1; ]
1700701550[37 112 47 113 114 0 1; 79 116 41 109 115 0 1; 311 143 17 35 117 0 1; ]
1700701551[34 110 47 114 114 0 1; 77 115 41 109 115 0 1; 310 142 17 35 117 0 1; ]
1700701552[30 109 47 116 114 0 1; 75 114 42 110 115 0 1; 309 141 17 35 117 0 1; ]
1700701553[27 108 47 117 114 0 1; 72 113 42 111 115 0 1; 308 141 17 35 117 0 1; ]
1700701554[24 107 47 118 114 0 1; 70 112 42 112 115 0 1; 308 140 17 35 117 0 1; ]
1700701555[20 106 47 119 114 0 1; 68 111 43 113 115 0 1; 307 138 17 35 117 0 1; ]
1700701556[17 105 47 119 114 0 1; 66 110 44 114 115 0 1; 307 137 17 35 117 0 1; ]
1700701557[14 105 47 120 114 0 1; 64 109 45 115 115 0 1; 307 136 17 35 117 0 1; ]
1700701558[11 105 47 120 114 0 1; 62 107 45 116 115 0 1; 306 135 17 35 117 0 1; ]
1700701559[7 102 47 122 114 0 1; 60 106 46 117 115 0 1; 306 133 17 35 117 0 1; ]
1700701560[3 99 47 123 114 0 1; 57 104 46 118 115 0 1; 306 131 17 35 117 0 1; ]
1700701561[54 101 47 120 115 0 1; 305 128 17 35 117 0 1; ]
1700701562[51 99 47 121 115 0 1; 304 126 17 35 117 0 1; ]
1700701563[47 97 47 123 115 0 1; 304 125 17 35 117 0 1; ]
1700701564[44 96 48 124 115 0 1; 303 123 17 35 117 0 1; ]
1700701565[40 94 50 125 115 0 1; 303 122 17 35 117 0 1; ]
1700701566[36 93 52 126 115 0 1; 303 121 17 35 117 0 1; ]
1700701567[31 92 55 126 115 0 1; 303 121 17 35 117 0 1; ]
1700701568[28 92 56 128 115 0 1; 303 120 17 35 117 0 1; ]
1700701569[25 92 57 129 115 0 1; 303 119 17 35 117 0 1; ]
1700701570[22 91 58 131 115 0 1; 303 119 17 35 117 0 1; ]
1700701571[19 90 58 132 115 0 1; 303 119 17 35 117 0 1; ]
1700701572[16 89 59 134 115 0 1; 303 118 17 35 117 0 1; ]
1700701573[13 87 61 135 115 0 1; 303 118 17 35 117 0 1; ]
1700701574[10 86 61 137 115 0 1; 302 118 18 35 117 0 1; ]
1700701575[7 84 62 138 115 0 1; 302 117 18 35 117 0 1; ]
1700701576[3 83 62 140 115 0 1; 302 115 18 35 117 0 1; ]
1700701577[302 114 18 35 117 0 1; ]
1700701578[302 113 18 35 117 0 1; ]
1700701579[302 112 18 35 117 0 1; ]
1700701580[302 111 18 35 117 0 1; ]
1700701581[302 109 18 35 117 0 1; ]
1700701582[302 108 18 35 117 0 1; ]
1700701583[303 107 18 35 117 0 1; ]
1700701584[303 105 18 35 117 0 1; ]
1700701585[303 104 18 35 117 0 1; ]
1700701586[304 102 18 36 117 0 1; ]
1700701587[304 101 18 36 117 0 1; ]
1700701588[304 101 18 36 117 0 1; ]
1700701589[304 100 18 36 117 0 1; ]
1700701590[305 100 18 36 117 0 1; ]
1700701591[305 99 18 36 117 0 1; ]
1700701592[305 98 18 36 117 0 1; ]
1700701593[306 98 18 36 117 0 1; ]
1700701594[306 97 18 36 117 0 1; ]
1700701595[306 97 18 36 117 0 1; ]
1700701596[306 97 18 36 117 0 1; ]
1700701597[306 96 18 36 117 0 1; ]
1700701598[306 96 18 36 117 0 1; ]
1700701599[306 95 18 36 117 0 1; ]
1700701600[307 94 18 36 117 0 1; ]
1700701601[307 92 18 36 117 0 1; ]
1700701602[307 91 18 36 117 0 1; ]
1700701603[307 90 18 36 117 0 1; ]
1700701604[307 88 18 36 117 0 1; ]
1700701605[307 87 18 36 117 0 1; ]
1700701606[307 86 18 36 117 0 1; ]
1700701607[307 86 18 36 117 0 1; ]
