0400000001[]
0400000002[]
0400000003[]
0400000004[]
0400000005[]
0400000006[]
0400000007[]
0400000008[]
0400000009[]
0400000010[]
0400000011[]
0400000012[]
0400000013[]
0400000014[]
0400000015[]
0400000016[]
0400000017[]
0400000018[]
0400000019[]
0400000020[]
0400000021[]
0400000022[]
0400000023[]
0400000024[]
0400000025[]
0400000026[]
0400000027[]
0400000028[]
0400000029[]
0400000030[]
0400000031[]
0400000032[]
0400000033[]
0400000034[]
0400000035[]
0400000036[]
0400000037[]
0400000038[]
0400000039[]
0400000040[]
0400000041[]
0400000042[]
0400000043[]
0400000044[]
0400000045[]
0400000046[]
0400000047[]
0400000048[]
0400000049[]
0400000050[]
0400000051[]
0400000052[]
0400000053[]
0400000054[]
0400000055[]
0400000056[]
0400000057[]
0400000058[]
0400000059[]
0400000060[]
0400000061[]
0400000062[]
0400000063[]
0400000064[]
0400000065[]
0400000066[]
0400000067[]
0400000068[]
0400000069[]
0400000070[]
0400000071[]
0400000072[]
0400000073[]
0400000074[]
0400000075[]
0400000076[]
0400000077[]
0400000078[]
0400000079[]
0400000080[]
0400000081[]
0400000082[]
0400000083[]
0400000084[]
0400000085[]
0400000086[]
0400000087[]
0400000088[]
0400000089[]
0400000090[]
0400000091[]
0400000092[]
0400000093[]
0400000094[]
0400000095[]
0400000096[]
0400000097[]
0400000098[]
0400000099[]
0400000100[]
0400000101[]
0400000102[]
0400000103[]
0400000104[]
0400000105[]
0400000106[]
0400000107[]
0400000108[]
0400000109[]
0400000110[]
0400000111[]
0400000112[]
0400000113[]
0400000114[]
0400000115[]
0400000116[]
0400000117[]
0400000118[]
0400000119[]
0400000120[]
0400000121[]
0400000122[]
0400000123[]
0400000124[]
0400000125[]
0400000126[]
0400000127[]
0400000128[]
0400000129[]
0400000130[]
0400000131[]
0400000132[]
0400000133[]
0400000134[]
0400000135[]
0400000136[]
0400000137[]
0400000138[370 75 15 32 7 0 -1; ]
0400000139[370 80 15 32 7 0 -1; ]
0400000140[370 83 15 32 7 0 -1; ]
0400000141[369 86 15 32 7 0 -1; ]
0400000142[369 87 15 32 7 0 -1; ]
0400000143[369 88 15 32 7 0 -1; ]
0400000144[369 89 15 32 7 0 -1; ]
0400000145[368 89 15 32 7 0 -1; ]
0400000146[368 87 15 32 7 0 -1; ]
0400000147[368 84 16 31 7 0 -1; ]
0400000148[367 79 16 30 7 0 -1; ]
0400000149[367 76 16 30 7 0 -1; ]
0400000150[367 74 16 30 7 0 -1; ]
0400000151[366 72 16 31 7 0 -1; ]
0400000152[366 70 17 31 7 0 -1; ]
0400000153[366 69 17 32 7 0 -1; ]
0400000154[]
0400000155[]
