0400200001[]
0400200002[]
0400200003[]
0400200004[]
0400200005[]
0400200006[]
0400200007[]
0400200008[]
0400200009[]
0400200010[]
0400200011[]
0400200012[]
0400200013[]
0400200014[]
0400200015[]
0400200016[]
0400200017[]
0400200018[]
0400200019[]
0400200020[]
0400200021[]
0400200022[]
0400200023[]
0400200024[493 38 18 30 3 1 2; ]
0400200025[492 38 18 30 3 1 2; ]
0400200026[]
0400200027[]
0400200028[]
0400200029[]
0400200030[]
0400200031[]
0400200032[485 42 17 30 3 1 2; ]
0400200033[484 42 18 31 3 1 2; ]
0400200034[483 42 17 31 3 1 2; ]
0400200035[482 43 17 31 3 1 2; ]
0400200036[481 43 17 31 3 1 2; ]
0400200037[479 43 18 30 3 1 2; ]
0400200038[478 43 18 30 3 1 2; ]
0400200039[477 43 18 30 3 1 2; ]
0400200040[475 43 19 30 3 1 2; ]
0400200041[474 43 19 30 3 1 2; ]
0400200042[472 43 19 30 3 1 2; ]
0400200043[471 44 18 30 3 1 2; ]
0400200044[470 44 18 30 3 1 2; ]
0400200045[469 44 18 30 3 1 2; ]
0400200046[468 44 17 30 3 1 2; ]
0400200047[467 44 17 32 3 1 2; ]
0400200048[466 43 17 33 3 1 2; ]
0400200049[465 42 17 33 3 1 2; ]
0400200050[463 41 17 33 3 1 2; ]
0400200051[462 40 17 32 3 1 2; ]
0400200052[461 42 17 34 3 1 2; ]
0400200053[459 43 18 35 3 1 2; ]
0400200054[457 43 18 35 3 0 2; ]
0400200055[456 43 18 35 3 0 2; ]
0400200056[454 43 18 35 3 0 2; ]
0400200057[453 43 18 35 3 0 2; ]
0400200058[452 43 18 35 3 0 2; ]
0400200059[451 44 18 35 3 0 2; ]
0400200060[449 44 18 35 3 0 2; ]
0400200061[448 44 19 35 3 0 2; ]
0400200062[446 44 19 35 3 0 2; ]
0400200063[445 44 19 35 3 0 2; ]
0400200064[443 44 19 35 3 0 2; ]
0400200065[441 44 20 35 3 0 2; ]
0400200066[439 45 20 35 3 0 2; ]
0400200067[437 45 20 35 3 0 2; ]
0400200068[435 45 20 35 3 0 2; ]
0400200069[434 46 20 35 3 0 2; ]
0400200070[433 46 19 35 3 0 2; ]
0400200071[432 47 18 37 3 0 2; ]
0400200072[432 47 17 38 3 0 2; 491 53 19 33 4 1 0; ]
0400200073[431 48 17 39 3 0 2; 490 55 19 34 4 1 0; ]
0400200074[429 49 17 40 3 0 2; 490 57 19 35 4 1 0; ]
0400200075[427 49 18 40 3 0 2; 489 59 19 35 4 1 0; ]
0400200076[426 50 19 41 3 0 2; 488 59 19 36 4 1 0; ]
0400200077[424 50 20 41 3 0 2; 488 59 19 37 4 1 0; ]
0400200078[422 51 21 40 3 0 2; 486 58 19 37 4 1 0; ]
0400200079[421 53 21 39 3 0 2; 485 57 20 38 4 1 0; ]
0400200080[419 54 22 37 3 0 2; 484 57 20 38 4 1 0; ]
0400200081[416 53 23 38 3 0 2; 483 57 20 38 4 1 0; ]
0400200082[414 53 23 38 3 0 2; 482 57 20 38 4 1 0; ]
0400200083[413 53 21 38 3 0 2; 481 57 19 38 4 1 0; ]
0400200084[412 53 20 38 3 0 2; 481 57 19 38 4 1 0; ]
0400200085[411 53 19 38 3 0 2; 480 56 18 38 4 1 0; ]
0400200086[410 53 18 39 3 0 2; 480 56 18 37 4 1 0; ]
0400200087[409 52 18 39 3 0 2; 479 55 18 36 4 1 0; ]
0400200088[407 51 18 40 3 0 2; 479 57 18 32 4 1 0; ]
0400200089[406 50 18 41 3 1 2; 479 56 18 32 4 1 0; ]
0400200090[404 49 18 41 3 1 2; 477 53 18 33 4 1 0; ]
0400200091[403 48 18 41 3 1 2; 476 50 18 33 4 1 0; ]
0400200092[401 46 18 41 3 1 2; 475 48 18 33 4 1 0; ]
0400200093[399 44 19 41 3 1 2; 474 46 17 33 4 1 0; ]
0400200094[398 41 19 40 3 1 2; 474 45 17 31 4 1 0; ]
0400200095[397 39 20 39 3 1 2; ]
0400200096[396 36 20 38 3 1 2; ]
0400200097[394 35 20 37 3 1 2; ]
0400200098[393 33 20 36 3 1 2; 471 34 17 31 4 0 0; ]
0400200099[391 32 19 35 3 1 2; 470 31 18 33 4 0 0; ]
0400200100[389 31 19 34 3 1 2; 469 29 19 36 4 0 0; ]
0400200101[388 31 19 34 3 1 2; 469 30 17 33 4 0 0; ]
0400200102[386 31 19 34 3 1 2; 468 30 16 31 4 0 0; ]
0400200103[385 31 19 34 3 1 2; 468 31 16 30 4 0 0; ]
0400200104[383 32 19 34 3 1 2; 467 31 15 30 4 0 0; ]
0400200105[382 32 19 35 3 1 2; 466 31 16 30 4 0 0; ]
0400200106[380 33 19 35 3 1 2; 465 31 17 32 4 0 0; ]
0400200107[378 33 21 35 3 1 2; 464 31 18 33 4 0 0; ]
0400200108[376 34 22 35 3 1 2; 463 31 19 33 4 0 0; ]
0400200109[375 32 22 36 3 1 2; 463 31 19 33 4 0 0; ]
0400200110[374 31 22 35 3 1 2; 462 30 19 32 4 0 0; ]
0400200111[373 31 21 35 3 1 2; 462 29 19 31 4 0 0; ]
0400200112[373 30 20 34 3 1 2; 461 28 19 31 4 0 0; ]
0400200113[372 30 20 33 3 1 2; 461 27 19 31 4 0 0; ]
0400200114[370 30 20 34 3 1 2; 460 26 19 32 4 0 0; ]
0400200115[368 30 22 36 3 1 2; 460 25 19 33 4 0 0; ]
0400200116[366 30 23 37 3 1 2; 459 24 19 32 4 0 0; ]
0400200117[364 30 23 38 3 1 2; 458 24 19 33 4 0 0; ]
0400200118[363 30 23 38 3 1 2; 458 26 18 33 4 0 0; ]
0400200119[362 30 23 38 3 1 2; 458 27 18 34 4 0 0; ]
0400200120[361 30 23 38 3 1 2; 458 28 18 35 4 0 0; ]
0400200121[359 30 23 38 3 1 2; 458 27 18 35 4 0 0; ]
0400200122[357 29 24 40 3 0 2; 458 26 18 35 4 0 0; ]
0400200123[355 29 24 42 3 0 2; 458 25 18 35 4 0 0; ]
0400200124[354 29 25 43 3 0 2; 458 24 18 35 4 0 0; ]
0400200125[352 29 26 43 3 0 2; 458 23 17 34 4 0 0; ]
0400200126[351 29 27 43 3 0 2; 456 21 17 34 4 0 0; ]
0400200127[350 28 15 43 2 0 1; 455 20 17 34 4 0 0; 360 28 15 42 6 0 1; ]
0400200128[348 28 15 42 2 0 1; 454 19 17 33 4 0 0; 357 28 18 43 6 0 1; ]
0400200129[347 29 15 42 2 0 1; 454 19 17 33 4 0 0; 354 28 20 44 6 0 1; ]
0400200130[346 29 15 42 2 0 1; 454 18 17 33 4 0 0; 351 28 21 44 6 0 1; ]
0400200131[345 29 16 42 2 0 1; 453 18 17 33 4 0 0; 350 28 22 44 6 0 1; ]
0400200132[343 29 17 42 2 0 1; 453 18 17 33 4 0 0; 348 28 23 43 6 0 1; ]
0400200133[341 28 17 42 2 0 1; 453 18 17 33 4 0 0; 347 29 23 43 6 0 1; ]
0400200134[338 28 18 43 2 0 1; 453 18 17 32 4 0 0; 345 29 24 43 6 0 1; ]
0400200135[336 27 19 44 2 0 1; 453 18 17 32 4 0 0; 343 29 25 43 6 0 1; ]
0400200136[334 28 20 43 2 0 1; 453 18 18 31 4 0 0; 342 29 26 43 6 0 1; ]
0400200137[333 29 21 43 2 0 1; 453 18 18 30 4 0 0; 342 28 25 43 6 0 1; ]
0400200138[332 29 21 43 2 0 1; 452 18 19 30 4 0 0; 342 28 23 44 6 0 1; ]
0400200139[330 28 21 44 2 0 1; 342 28 21 44 6 0 1; ]
0400200140[329 28 21 45 2 0 1; 342 27 20 45 6 0 1; ]
0400200141[327 28 20 45 2 0 1; 340 27 19 45 6 0 1; ]
0400200142[325 29 19 45 2 0 1; 449 16 19 31 4 0 0; 338 26 19 45 6 0 1; ]
0400200143[323 26 17 44 2 0 1; 450 13 17 33 4 0 0; 337 25 16 45 6 0 1; ]
0400200144[322 24 17 43 2 0 1; 449 12 19 31 4 0 0; 336 24 15 45 6 0 1; ]
0400200145[319 22 17 43 2 0 1; 448 11 18 30 4 0 0; 335 23 15 45 6 0 1; ]
0400200146[317 20 18 42 2 0 1; 448 10 18 30 4 0 0; 333 22 15 46 6 0 1; ]
0400200147[315 19 20 42 2 0 1; 448 10 17 30 4 0 0; 330 21 16 46 6 0 1; ]
0400200148[313 19 20 43 2 0 1; 448 9 17 30 4 0 0; 327 20 18 47 6 0 1; ]
0400200149[311 20 19 44 2 0 1; 447 10 17 30 4 0 0; 324 20 20 47 6 0 1; ]
0400200150[309 20 19 45 2 0 1; 446 11 18 30 4 0 0; 320 21 24 48 6 0 1; ]
0400200151[308 23 18 45 2 0 1; 445 11 19 30 4 0 0; 317 21 26 48 6 0 1; ]
0400200152[307 25 18 44 2 0 1; 444 12 20 30 4 0 0; 316 23 26 48 6 0 1; ]
0400200153[305 26 18 44 2 0 1; 444 12 19 30 4 0 0; 316 24 26 47 6 0 1; ]
0400200154[303 27 18 44 2 0 1; 444 12 18 30 4 0 0; 315 25 26 47 6 0 1; ]
0400200155[301 28 19 44 2 0 1; 443 12 17 31 4 0 0; 314 26 25 47 6 0 1; ]
0400200156[298 27 18 45 2 0 1; 443 12 17 32 4 0 0; 312 26 25 47 6 0 1; ]
0400200157[296 26 17 48 2 0 1; 443 14 17 31 4 0 0; 309 26 24 48 6 0 1; ]
0400200158[294 26 16 47 2 0 1; 443 15 17 30 4 0 0; 309 27 23 48 6 0 1; ]
0400200159[293 27 15 46 2 0 1; 442 16 17 30 4 0 0; 307 27 22 49 6 0 1; ]
0400200160[291 27 15 46 2 0 1; 442 17 17 30 4 0 0; 306 28 21 49 6 0 1; ]
0400200161[290 29 16 46 2 0 1; 441 17 17 30 4 0 0; 303 28 20 49 6 0 1; ]
0400200162[288 31 17 47 2 0 1; 440 16 17 31 4 0 0; 300 29 19 49 6 0 1; ]
0400200163[286 32 17 46 2 0 1; 439 16 18 32 4 0 0; 297 30 19 49 6 0 1; ]
0400200164[283 32 17 45 2 0 1; 437 15 19 32 4 0 0; 294 31 20 48 6 0 1; ]
0400200165[281 32 17 44 2 0 1; 436 15 19 32 4 0 0; 292 33 21 45 6 0 1; ]
0400200166[279 30 17 45 2 0 1; 436 13 20 32 4 0 0; 290 34 22 43 6 0 1; ]
0400200167[276 28 18 47 2 0 1; 435 12 20 32 4 0 0; 288 32 22 44 6 0 1; ]
0400200168[274 26 18 45 2 0 1; 434 11 20 32 4 0 0; 287 29 22 45 6 0 1; ]
0400200169[272 25 19 44 2 0 1; 433 9 20 32 4 0 0; 285 26 22 47 6 0 1; ]
0400200170[269 23 19 45 2 0 1; 432 7 19 32 4 0 0; 283 24 23 48 6 0 1; ]
0400200171[267 20 19 46 2 0 1; 432 6 18 31 4 0 0; 280 21 25 48 6 0 1; ]
0400200172[264 17 19 49 2 0 1; 276 19 27 49 6 0 1; ]
0400200173[262 20 20 47 2 0 1; 274 20 26 47 6 0 1; ]
0400200174[259 22 20 47 2 0 1; 272 21 24 47 6 0 1; ]
0400200175[257 24 21 49 2 0 1; 270 21 23 47 6 0 1; ]
0400200176[254 25 21 50 2 0 1; 431 8 15 30 4 1 0; 489 10 22 38 5 1 0; 267 22 22 49 6 0 1; ]
0400200177[251 25 21 50 2 0 1; 430 8 15 31 4 1 0; 488 12 20 38 5 1 0; 265 22 21 52 6 0 1; ]
0400200178[248 25 22 50 2 0 1; 429 7 16 32 4 1 0; 487 13 20 38 5 1 0; 263 23 20 54 6 1 1; ]
0400200179[245 25 23 50 2 0 1; 428 6 17 33 4 1 0; 486 13 20 38 5 1 0; 260 23 19 53 6 1 1; ]
0400200180[242 25 23 50 2 0 1; 427 6 18 33 4 1 0; 485 11 20 39 5 1 0; 257 24 18 51 6 1 1; ]
0400200181[241 24 22 52 2 0 1; 426 5 18 33 4 1 0; 483 9 21 39 5 1 0; 254 24 18 50 6 1 1; ]
0400200182[239 21 21 53 2 0 1; 425 5 18 32 4 1 0; 484 8 21 37 5 1 0; 251 23 18 51 6 1 1; ]
0400200183[237 20 21 52 2 0 1; 423 5 18 30 4 1 0; 483 8 21 36 5 1 0; 249 21 19 51 6 1 1; ]
0400200184[236 19 21 50 2 0 1; 422 5 19 30 4 1 0; 482 7 21 35 5 1 0; 247 20 20 52 6 1 1; ]
0400200185[233 18 21 51 2 0 1; 481 7 21 35 5 1 0; 244 20 21 52 6 1 1; ]
0400200186[231 18 22 52 2 0 1; 481 7 21 35 5 1 0; 241 20 23 52 6 1 1; ]
0400200187[228 18 22 54 2 0 1; 480 7 21 35 5 1 0; 238 20 24 52 6 1 1; ]
0400200188[225 20 21 54 2 0 1; 480 8 20 35 5 1 0; 237 20 21 52 6 1 1; ]
0400200189[222 20 22 55 2 0 1; 480 9 19 35 5 1 0; 235 20 18 52 6 1 1; ]
0400200190[220 19 22 55 2 0 1; 420 6 18 30 4 1 0; 479 9 19 35 5 1 0; 233 20 17 52 6 1 1; ]
0400200191[218 19 20 55 2 0 1; 420 7 17 32 4 1 0; 479 9 19 34 5 1 0; 231 20 17 52 6 1 1; ]
0400200192[216 20 18 54 2 0 1; 419 8 17 32 4 1 0; 478 9 19 34 5 1 0; 228 20 17 52 6 1 1; ]
0400200193[213 21 19 53 2 0 1; 419 9 17 31 4 1 0; 478 8 19 34 5 1 0; 225 20 17 52 6 1 1; ]
0400200194[210 22 20 52 2 0 1; 477 9 19 34 5 1 0; 223 20 17 52 6 1 1; ]
0400200195[206 23 21 52 2 0 1; 476 9 20 34 5 1 0; 220 20 17 54 6 1 1; ]
0400200196[203 23 21 52 2 0 1; 416 9 17 30 4 1 0; 475 10 20 34 5 1 0; 216 20 18 55 6 1 1; ]
0400200197[200 23 20 52 2 0 1; 414 10 17 31 4 1 0; 474 11 21 33 5 1 0; 213 21 18 55 6 1 1; ]
0400200198[197 24 20 53 2 0 1; 413 11 18 31 4 1 0; 473 12 21 33 5 1 0; 208 22 19 55 6 1 1; ]
0400200199[195 25 20 53 2 0 1; 412 12 18 31 4 1 0; 472 13 21 33 5 1 0; 205 24 20 55 6 1 1; ]
0400200200[192 28 21 53 2 0 1; 412 14 17 30 4 1 0; 471 15 21 33 5 1 0; 202 26 20 55 6 1 1; ]
0400200201[189 29 22 53 2 0 1; 412 15 16 30 4 1 0; 470 16 20 33 5 1 0; 200 28 21 53 6 1 1; ]
0400200202[187 29 22 53 2 0 1; 411 15 16 31 4 1 0; 469 17 20 33 5 1 0; 198 30 21 52 6 1 1; ]
0400200203[410 15 15 32 4 1 0; 469 17 20 33 5 1 0; 183 28 31 54 9 0 2; ]
0400200204[409 15 15 32 4 1 0; 468 17 19 33 5 1 0; 181 28 32 55 9 0 2; ]
0400200205[408 15 16 32 4 1 0; 468 17 19 33 5 1 0; 178 28 33 56 9 0 2; ]
0400200206[407 14 17 32 4 1 0; 467 17 19 33 5 1 0; 175 28 34 56 9 0 2; ]
0400200207[406 13 18 32 4 1 0; 466 16 19 34 5 1 0; 172 27 34 57 9 0 2; ]
0400200208[405 13 19 32 4 1 0; 465 15 19 35 5 1 0; 167 27 34 57 9 0 2; ]
0400200209[404 14 19 32 4 1 0; 463 14 20 36 5 1 0; 163 26 35 58 9 0 2; ]
0400200210[403 16 18 32 4 1 0; 463 17 20 33 5 1 0; 160 27 34 58 9 0 2; ]
0400200211[402 18 18 32 4 1 0; 463 17 20 33 5 1 0; 158 28 32 59 9 0 2; ]
0400200212[401 19 18 32 4 1 0; 462 18 19 33 5 1 0; 155 29 30 59 9 0 2; ]
0400200213[400 20 18 31 4 1 0; 461 18 19 33 5 1 0; 153 30 30 59 9 0 2; ]
0400200214[460 19 19 33 5 1 0; 150 31 29 59 9 0 2; ]
0400200215[459 20 19 33 5 1 0; 147 31 29 59 9 0 2; ]
0400200216[399 23 19 31 4 1 0; 457 22 20 33 5 1 0; 144 31 29 59 9 0 2; ]
0400200217[456 24 21 33 5 1 0; 141 31 31 59 9 0 2; ]
0400200218[456 25 21 33 5 1 0; 137 31 32 60 9 0 2; ]
0400200219[456 26 20 32 5 1 0; 135 32 32 61 9 0 2; ]
0400200220[132 34 32 61 9 0 2; ]
0400200221[129 36 32 61 9 0 2; ]
0400200222[125 38 34 61 9 0 2; ]
0400200223[121 41 36 61 9 0 2; ]
0400200224[117 43 37 61 9 0 2; ]
0400200225[113 44 36 61 9 0 2; ]
0400200226[109 45 34 60 9 0 2; ]
0400200227[105 46 34 60 9 0 2; ]
0400200228[390 38 18 30 4 1 0; 101 45 34 61 9 0 2; ]
0400200229[389 38 18 30 4 1 0; 96 44 34 63 9 0 2; ]
0400200230[388 37 18 30 4 1 0; 92 43 34 64 9 0 2; ]
0400200231[387 37 19 30 4 1 0; 88 43 33 64 9 0 2; ]
0400200232[386 36 19 30 4 1 0; 85 43 32 64 9 0 2; ]
0400200233[386 36 19 30 4 1 0; 83 43 31 64 9 0 2; ]
0400200234[386 35 18 30 4 1 0; 77 43 33 64 9 0 2; ]
0400200235[386 35 18 31 4 1 0; 73 43 35 64 9 0 2; ]
0400200236[385 35 18 31 4 1 0; 68 43 37 64 9 0 2; ]
0400200237[384 35 18 30 4 1 0; 63 43 38 64 9 0 2; ]
0400200238[59 42 39 64 9 0 2; ]
0400200239[54 42 40 65 9 0 2; ]
0400200240[50 41 40 66 9 0 2; ]
0400200241[45 40 40 67 9 0 2; ]
0400200242[41 39 40 68 9 0 2; ]
0400200243[37 38 40 69 9 0 2; ]
0400200244[380 34 19 30 4 1 0; 33 37 40 70 9 0 2; ]
0400200245[379 34 19 30 4 1 0; 28 37 40 71 9 0 2; ]
0400200246[379 36 18 31 4 1 0; 24 38 39 72 9 0 2; ]
0400200247[378 38 18 31 4 1 0; 19 39 37 72 9 0 2; ]
0400200248[377 38 18 31 4 1 0; 14 41 35 73 9 0 2; ]
0400200249[376 38 18 31 4 1 0; 9 40 37 74 9 0 2; ]
0400200250[375 38 19 30 4 1 0; 4 40 39 75 9 0 2; ]
0400200251[374 37 20 30 4 1 0; ]
0400200252[373 36 20 30 4 1 0; ]
0400200253[372 35 20 30 4 1 0; ]
0400200254[371 32 20 31 4 1 0; ]
0400200255[371 30 20 32 4 1 0; ]
0400200256[369 29 20 31 4 1 0; ]
0400200257[369 30 20 30 4 1 0; ]
0400200258[]
0400200259[]
0400200260[]
0400200261[]
0400200262[]
0400200263[]
0400200264[]
0400200265[]
0400200266[]
0400200267[]
0400200268[]
0400200269[]
0400200270[]
0400200271[]
0400200272[]
0400200273[]
0400200274[]
0400200275[]
0400200276[]
0400200277[]
0400200278[]
0400200279[]
0400200280[]
0400200281[]
0400200282[]
0400200283[]
0400200284[]
0400200285[]
0400200286[]
0400200287[]
0400200288[]
0400200289[]
0400200290[]
0400200291[]
0400200292[]
0400200293[]
0400200294[]
0400200295[]
0400200296[]
0400200297[478 30 31 81 7 1 2; ]
0400200298[476 29 32 83 7 0 2; ]
0400200299[474 29 32 84 7 0 2; ]
0400200300[471 29 33 84 7 0 2; ]
0400200301[469 30 35 83 7 0 2; ]
0400200302[466 27 35 84 7 0 2; ]
0400200303[463 25 35 84 7 0 2; ]
0400200304[461 24 35 84 7 0 2; ]
0400200305[458 24 35 84 7 0 2; ]
0400200306[456 23 35 84 7 0 2; ]
0400200307[453 23 35 84 7 0 2; ]
0400200308[451 22 35 85 7 0 2; ]
0400200309[448 22 35 85 7 0 2; ]
0400200310[446 22 35 86 7 0 2; ]
0400200311[443 21 35 87 7 0 2; ]
0400200312[441 22 34 86 7 0 2; ]
0400200313[438 23 34 85 7 0 2; ]
0400200314[435 23 33 85 7 0 2; ]
0400200315[432 24 32 84 7 0 2; ]
0400200316[428 23 33 85 7 0 2; ]
0400200317[424 23 34 85 7 0 2; ]
0400200318[421 23 34 85 7 0 2; ]
0400200319[418 23 35 85 7 0 2; ]
0400200320[416 23 35 85 7 0 2; ]
0400200321[414 23 35 85 7 0 2; ]
0400200322[411 24 36 84 7 0 2; ]
0400200323[409 24 36 84 7 0 2; ]
0400200324[406 23 36 85 7 0 2; ]
0400200325[403 22 36 86 7 0 2; ]
0400200326[400 21 37 87 7 0 2; ]
0400200327[398 20 37 88 7 0 2; ]
0400200328[396 21 37 87 7 0 2; ]
0400200329[394 27 36 85 7 0 2; ]
0400200330[392 29 36 85 7 0 2; ]
0400200331[388 26 43 89 7 0 2; ]
0400200332[387 27 41 88 7 0 2; ]
0400200333[386 29 38 84 7 0 2; ]
0400200334[386 31 35 81 7 0 2; ]
0400200335[385 32 34 79 7 0 2; ]
0400200336[385 32 34 80 7 0 2; ]
0400200337[384 30 34 82 7 0 2; ]
0400200338[383 28 34 84 7 0 2; ]
0400200339[382 26 35 85 7 0 2; ]
0400200340[381 25 35 85 7 0 2; ]
0400200341[380 24 36 85 7 0 2; ]
0400200342[379 23 36 84 7 0 2; ]
0400200343[378 21 37 83 7 0 2; ]
