0400400001[]
0400400002[]
0400400003[]
0400400004[]
0400400005[]
0400400006[]
0400400007[]
0400400008[]
0400400009[]
0400400010[]
0400400011[]
0400400012[]
0400400013[]
0400400014[]
0400400015[]
0400400016[]
0400400017[]
0400400018[]
0400400019[]
0400400020[]
0400400021[]
0400400022[]
0400400023[]
0400400024[]
0400400025[]
0400400026[]
0400400027[]
0400400028[]
0400400029[]
0400400030[]
0400400031[]
0400400032[]
0400400033[]
0400400034[]
0400400035[]
0400400036[]
0400400037[]
0400400038[]
0400400039[]
0400400040[]
0400400041[]
0400400042[]
0400400043[]
0400400044[]
0400400045[]
0400400046[]
0400400047[]
0400400048[]
0400400049[]
0400400050[]
0400400051[]
0400400052[]
0400400053[]
0400400054[]
0400400055[]
0400400056[]
0400400057[]
0400400058[]
0400400059[]
0400400060[]
0400400061[]
0400400062[]
0400400063[]
0400400064[]
0400400065[]
0400400066[]
0400400067[]
0400400068[]
0400400069[]
0400400070[]
0400400071[]
0400400072[]
0400400073[]
0400400074[]
0400400075[]
0400400076[]
0400400077[]
0400400078[]
0400400079[]
0400400080[]
0400400081[]
0400400082[]
0400400083[]
0400400084[]
0400400085[]
0400400086[]
0400400087[]
0400400088[]
0400400089[]
0400400090[]
0400400091[]
0400400092[]
0400400093[]
0400400094[]
0400400095[]
0400400096[]
0400400097[]
0400400098[]
0400400099[]
0400400100[]
0400400101[]
0400400102[]
0400400103[]
0400400104[]
0400400105[]
0400400106[]
0400400107[]
0400400108[]
0400400109[]
0400400110[]
0400400111[]
0400400112[]
0400400113[]
0400400114[]
0400400115[]
0400400116[]
0400400117[]
0400400118[]
0400400119[]
0400400120[]
0400400121[]
0400400122[]
0400400123[]
0400400124[]
0400400125[]
0400400126[]
0400400127[]
0400400128[]
0400400129[]
0400400130[]
0400400131[]
0400400132[]
0400400133[]
0400400134[]
0400400135[]
0400400136[]
0400400137[]
0400400138[]
0400400139[]
0400400140[]
0400400141[]
0400400142[]
0400400143[]
0400400144[]
0400400145[]
0400400146[]
0400400147[]
0400400148[]
0400400149[]
0400400150[]
0400400151[]
0400400152[]
0400400153[]
0400400154[]
0400400155[]
0400400156[]
0400400157[]
0400400158[]
0400400159[]
0400400160[]
0400400161[]
0400400162[]
0400400163[]
0400400164[]
0400400165[]
0400400166[]
0400400167[]
0400400168[]
0400400169[]
0400400170[]
0400400171[]
0400400172[]
0400400173[]
0400400174[]
0400400175[]
0400400176[]
0400400177[]
0400400178[]
0400400179[]
0400400180[]
0400400181[]
0400400182[]
0400400183[]
0400400184[]
0400400185[]
0400400186[]
0400400187[]
0400400188[]
0400400189[]
0400400190[]
0400400191[]
0400400192[]
0400400193[]
0400400194[]
0400400195[]
0400400196[]
0400400197[]
0400400198[]
0400400199[]
0400400200[]
0400400201[]
0400400202[]
0400400203[]
0400400204[]
0400400205[]
0400400206[]
0400400207[]
0400400208[]
0400400209[]
0400400210[]
0400400211[]
0400400212[]
0400400213[]
0400400214[]
0400400215[]
0400400216[]
0400400217[]
0400400218[]
0400400219[]
0400400220[]
0400400221[]
0400400222[]
0400400223[]
0400400224[]
0400400225[]
0400400226[]
0400400227[]
0400400228[]
0400400229[]
0400400230[]
0400400231[]
0400400232[]
0400400233[]
0400400234[]
0400400235[]
0400400236[]
0400400237[]
0400400238[]
0400400239[]
0400400240[]
0400400241[]
0400400242[]
0400400243[]
0400400244[]
0400400245[]
0400400246[]
0400400247[]
0400400248[]
0400400249[]
0400400250[]
0400400251[]
0400400252[]
0400400253[]
0400400254[]
0400400255[]
0400400256[]
0400400257[]
0400400258[]
0400400259[]
0400400260[]
0400400261[]
0400400262[]
0400400263[]
0400400264[]
0400400265[]
0400400266[]
0400400267[]
0400400268[]
0400400269[]
0400400270[]
0400400271[]
0400400272[]
0400400273[]
0400400274[]
0400400275[]
0400400276[]
0400400277[]
0400400278[]
0400400279[]
0400400280[]
0400400281[]
0400400282[]
0400400283[]
0400400284[]
0400400285[]
0400400286[]
0400400287[]
0400400288[]
0400400289[]
0400400290[]
0400400291[]
0400400292[]
0400400293[]
0400400294[]
0400400295[]
0400400296[]
0400400297[]
0400400298[]
0400400299[]
0400400300[]
0400400301[]
0400400302[]
0400400303[]
0400400304[]
0400400305[]
0400400306[]
0400400307[]
0400400308[]
0400400309[]
0400400310[]
0400400311[]
0400400312[]
0400400313[]
0400400314[]
0400400315[]
0400400316[]
0400400317[]
0400400318[]
0400400319[]
0400400320[]
0400400321[]
0400400322[]
0400400323[]
0400400324[]
0400400325[]
0400400326[]
0400400327[]
0400400328[]
0400400329[]
0400400330[]
0400400331[]
0400400332[]
0400400333[]
0400400334[]
0400400335[]
0400400336[]
0400400337[]
0400400338[]
0400400339[]
0400400340[]
0400400341[]
0400400342[]
0400400343[]
0400400344[]
0400400345[]
0400400346[]
0400400347[]
0400400348[]
0400400349[]
0400400350[]
0400400351[]
0400400352[]
0400400353[]
0400400354[]
0400400355[]
0400400356[]
0400400357[]
0400400358[]
0400400359[]
0400400360[]
0400400361[]
0400400362[]
0400400363[]
0400400364[]
0400400365[]
0400400366[]
0400400367[]
0400400368[]
0400400369[]
0400400370[]
0400400371[]
0400400372[]
0400400373[]
0400400374[]
0400400375[]
0400400376[]
0400400377[]
0400400378[]
0400400379[]
0400400380[]
0400400381[]
0400400382[]
0400400383[]
0400400384[]
0400400385[]
0400400386[]
0400400387[]
0400400388[]
0400400389[]
0400400390[]
0400400391[]
0400400392[]
0400400393[]
0400400394[]
0400400395[]
0400400396[]
0400400397[]
0400400398[]
0400400399[]
0400400400[]
0400400401[]
0400400402[]
0400400403[]
0400400404[]
0400400405[]
0400400406[]
0400400407[]
0400400408[]
0400400409[]
0400400410[]
0400400411[]
0400400412[]
0400400413[]
0400400414[]
0400400415[]
0400400416[]
0400400417[]
0400400418[]
0400400419[]
0400400420[]
0400400421[]
0400400422[]
0400400423[]
0400400424[]
0400400425[]
0400400426[]
0400400427[]
0400400428[]
0400400429[]
0400400430[]
0400400431[]
0400400432[]
0400400433[]
0400400434[]
0400400435[]
0400400436[]
0400400437[]
0400400438[]
0400400439[]
0400400440[]
0400400441[]
0400400442[]
0400400443[]
0400400444[]
0400400445[]
0400400446[]
0400400447[]
0400400448[]
0400400449[]
0400400450[]
0400400451[]
0400400452[]
0400400453[]
0400400454[]
0400400455[]
0400400456[]
0400400457[]
0400400458[]
0400400459[]
0400400460[]
0400400461[]
0400400462[]
0400400463[]
0400400464[]
0400400465[]
0400400466[]
0400400467[]
0400400468[]
0400400469[]
0400400470[]
0400400471[]
0400400472[]
0400400473[]
0400400474[]
0400400475[]
0400400476[]
0400400477[]
0400400478[]
0400400479[]
0400400480[]
0400400481[]
0400400482[]
0400400483[]
0400400484[]
0400400485[]
0400400486[]
0400400487[]
0400400488[]
0400400489[]
0400400490[]
0400400491[]
0400400492[]
0400400493[]
0400400494[]
0400400495[]
0400400496[]
0400400497[]
0400400498[]
0400400499[]
0400400500[]
0400400501[]
0400400502[]
0400400503[]
0400400504[]
0400400505[]
0400400506[]
0400400507[]
0400400508[]
0400400509[]
0400400510[]
0400400511[]
0400400512[]
0400400513[]
0400400514[]
0400400515[]
0400400516[]
0400400517[]
0400400518[]
0400400519[]
0400400520[]
0400400521[]
0400400522[]
0400400523[]
0400400524[]
0400400525[]
0400400526[]
0400400527[]
0400400528[]
0400400529[]
0400400530[]
0400400531[]
0400400532[]
0400400533[]
0400400534[]
0400400535[]
0400400536[]
0400400537[]
0400400538[]
0400400539[]
0400400540[]
0400400541[]
0400400542[]
0400400543[]
0400400544[]
0400400545[]
0400400546[]
0400400547[]
0400400548[]
0400400549[]
0400400550[]
0400400551[]
0400400552[]
0400400553[]
0400400554[]
0400400555[]
0400400556[]
0400400557[]
0400400558[]
0400400559[]
0400400560[]
0400400561[]
0400400562[]
0400400563[]
0400400564[]
0400400565[]
0400400566[]
0400400567[]
0400400568[]
0400400569[]
0400400570[]
0400400571[]
0400400572[]
0400400573[]
0400400574[]
0400400575[]
0400400576[]
0400400577[]
0400400578[]
0400400579[]
0400400580[]
0400400581[]
0400400582[]
0400400583[]
0400400584[]
0400400585[]
0400400586[]
0400400587[]
0400400588[]
0400400589[]
0400400590[]
0400400591[]
0400400592[]
0400400593[]
0400400594[]
0400400595[]
0400400596[]
0400400597[]
0400400598[]
0400400599[]
0400400600[]
0400400601[]
0400400602[]
0400400603[]
0400400604[]
0400400605[]
0400400606[]
0400400607[]
0400400608[]
0400400609[]
0400400610[]
0400400611[]
0400400612[]
0400400613[]
0400400614[]
0400400615[]
0400400616[]
0400400617[]
0400400618[]
0400400619[]
0400400620[]
0400400621[]
0400400622[]
0400400623[]
0400400624[]
0400400625[]
0400400626[]
0400400627[]
0400400628[]
0400400629[]
0400400630[]
0400400631[]
0400400632[]
0400400633[]
0400400634[]
0400400635[]
0400400636[]
0400400637[]
0400400638[]
0400400639[]
0400400640[]
0400400641[]
0400400642[]
0400400643[]
0400400644[]
0400400645[]
0400400646[]
0400400647[]
0400400648[]
0400400649[]
0400400650[]
0400400651[]
0400400652[]
0400400653[]
0400400654[]
0400400655[]
0400400656[]
0400400657[]
0400400658[]
0400400659[]
0400400660[]
0400400661[]
0400400662[]
0400400663[]
0400400664[]
0400400665[]
0400400666[]
0400400667[]
0400400668[]
0400400669[]
0400400670[]
0400400671[]
0400400672[]
0400400673[]
0400400674[]
0400400675[]
0400400676[]
0400400677[]
0400400678[]
0400400679[]
0400400680[]
0400400681[]
0400400682[]
0400400683[]
0400400684[]
0400400685[]
0400400686[]
0400400687[]
0400400688[]
0400400689[]
0400400690[]
0400400691[]
0400400692[]
0400400693[]
0400400694[]
0400400695[]
0400400696[]
0400400697[]
0400400698[]
0400400699[]
0400400700[]
0400400701[]
0400400702[]
0400400703[]
0400400704[]
0400400705[]
0400400706[]
0400400707[]
0400400708[]
0400400709[]
0400400710[]
0400400711[]
0400400712[]
0400400713[]
0400400714[]
0400400715[]
0400400716[]
0400400717[]
0400400718[]
0400400719[]
0400400720[]
0400400721[]
0400400722[]
0400400723[]
0400400724[]
0400400725[]
0400400726[]
0400400727[]
0400400728[]
0400400729[]
0400400730[]
0400400731[]
0400400732[]
0400400733[]
0400400734[]
0400400735[]
0400400736[]
0400400737[]
0400400738[]
0400400739[]
0400400740[]
0400400741[]
0400400742[]
0400400743[]
0400400744[]
0400400745[]
0400400746[]
0400400747[]
0400400748[]
0400400749[]
0400400750[]
0400400751[]
0400400752[]
0400400753[]
0400400754[]
0400400755[]
0400400756[]
0400400757[]
0400400758[]
0400400759[]
0400400760[]
0400400761[]
0400400762[]
0400400763[]
0400400764[]
0400400765[]
0400400766[]
0400400767[]
0400400768[]
0400400769[]
0400400770[]
0400400771[]
0400400772[]
0400400773[]
0400400774[]
0400400775[]
0400400776[]
0400400777[]
0400400778[]
0400400779[]
0400400780[]
0400400781[]
0400400782[]
0400400783[]
0400400784[]
0400400785[]
0400400786[]
0400400787[]
0400400788[]
0400400789[]
0400400790[]
0400400791[]
0400400792[]
0400400793[]
0400400794[]
0400400795[]
0400400796[]
0400400797[]
0400400798[]
0400400799[]
0400400800[]
0400400801[]
0400400802[]
0400400803[]
0400400804[]
0400400805[]
0400400806[]
0400400807[]
0400400808[]
0400400809[]
0400400810[]
0400400811[]
0400400812[]
0400400813[]
0400400814[]
0400400815[]
0400400816[111 88 36 57 31 1 0; ]
0400400817[117 90 38 58 31 1 0; ]
0400400818[123 91 39 59 31 1 0; ]
0400400819[130 91 39 59 31 0 0; ]
0400400820[139 91 37 58 31 0 0; ]
0400400821[149 90 33 57 31 0 0; ]
0400400822[157 89 31 56 31 1 0; ]
0400400823[164 88 32 63 31 1 0; ]
0400400824[174 88 30 57 31 1 0; ]
0400400825[181 89 30 57 31 1 0; ]
0400400826[]
0400400827[]
0400400828[]
0400400829[]
0400400830[]
0400400831[117 97 21 43 3 1 0; ]
0400400832[118 98 24 40 3 1 0; ]
0400400833[120 99 26 37 3 1 0; ]
0400400834[122 99 27 36 3 0 0; ]
0400400835[125 100 28 35 3 0 0; ]
0400400836[130 100 28 36 3 0 0; ]
0400400837[135 100 27 37 3 0 0; ]
0400400838[141 100 27 38 3 0 0; ]
0400400839[148 100 27 37 3 0 0; ]
0400400840[154 100 27 36 3 0 0; ]
0400400841[159 99 27 35 3 0 0; ]
0400400842[164 99 27 34 3 0 0; ]
0400400843[169 98 27 33 3 0 0; ]
0400400844[174 99 27 33 3 0 0; ]
0400400845[180 99 27 33 3 0 0; ]
0400400846[187 100 28 33 3 0 0; ]
0400400847[193 100 28 33 3 0 0; ]
0400400848[198 100 28 33 3 0 0; ]
0400400849[203 101 28 33 3 0 0; ]
0400400850[207 101 27 32 3 0 0; ]
0400400851[]
0400400852[]
0400400853[438 85 20 57 4 1 0; ]
0400400854[441 85 29 59 4 1 0; ]
0400400855[445 84 37 60 4 0 0; ]
0400400856[451 84 39 60 4 0 0; ]
0400400857[458 84 39 59 4 0 0; ]
0400400858[468 84 39 58 4 0 0; ]
0400400859[]
0400400860[]
0400400861[]
0400400862[]
0400400863[]
0400400864[]
0400400865[]
0400400866[]
0400400867[]
0400400868[]
0400400869[]
0400400870[]
0400400871[]
0400400872[]
0400400873[]
0400400874[]
0400400875[]
0400400876[]
0400400877[]
0400400878[]
0400400879[]
0400400880[]
0400400881[]
0400400882[]
0400400883[]
0400400884[]
0400400885[]
0400400886[]
0400400887[]
0400400888[]
0400400889[]
0400400890[]
0400400891[]
0400400892[]
0400400893[]
0400400894[]
0400400895[]
0400400896[]
0400400897[]
0400400898[]
0400400899[]
0400400900[]
0400400901[]
0400400902[]
0400400903[]
0400400904[]
0400400905[]
0400400906[]
0400400907[]
0400400908[]
0400400909[]
0400400910[]
0400400911[]
0400400912[]
0400400913[]
0400400914[]
0400400915[]
0400400916[]
0400400917[]
0400400918[]
0400400919[]
0400400920[]
0400400921[]
0400400922[]
0400400923[]
0400400924[]
0400400925[]
0400400926[]
0400400927[]
0400400928[]
0400400929[]
0400400930[]
0400400931[]
0400400932[]
0400400933[]
0400400934[]
0400400935[]
0400400936[]
0400400937[]
0400400938[]
0400400939[]
0400400940[]
0400400941[]
0400400942[]
0400400943[]
0400400944[]
0400400945[]
0400400946[]
0400400947[]
0400400948[]
0400400949[]
0400400950[]
0400400951[]
0400400952[]
0400400953[]
0400400954[]
0400400955[]
0400400956[]
0400400957[]
0400400958[]
0400400959[]
0400400960[]
0400400961[]
0400400962[]
0400400963[]
0400400964[]
0400400965[]
0400400966[]
0400400967[]
0400400968[]
0400400969[]
0400400970[]
0400400971[]
0400400972[]
0400400973[]
0400400974[]
0400400975[]
0400400976[]
0400400977[]
0400400978[]
0400400979[]
0400400980[]
0400400981[]
0400400982[]
0400400983[]
0400400984[]
0400400985[]
0400400986[]
0400400987[]
0400400988[]
0400400989[]
0400400990[]
0400400991[]
0400400992[]
0400400993[]
0400400994[]
0400400995[]
0400400996[]
0400400997[]
0400400998[]
0400400999[]
0400401000[]
0400401001[]
0400401002[]
0400401003[]
0400401004[]
0400401005[]
0400401006[]
0400401007[]
0400401008[]
0400401009[]
0400401010[]
0400401011[]
0400401012[]
0400401013[]
0400401014[]
0400401015[]
0400401016[]
0400401017[]
0400401018[]
0400401019[]
0400401020[]
0400401021[]
0400401022[]
0400401023[]
0400401024[]
0400401025[]
0400401026[295 105 15 31 6 0 0; ]
0400401027[295 105 15 31 6 0 0; ]
0400401028[295 105 15 31 6 0 0; ]
0400401029[295 105 15 31 6 0 0; ]
0400401030[295 105 15 31 6 0 0; ]
0400401031[295 105 15 31 6 0 0; 342 111 20 30 7 0 2; ]
0400401032[295 105 15 31 6 0 0; 342 111 20 30 7 0 2; ]
0400401033[295 106 15 30 6 0 0; 342 111 20 30 7 0 2; ]
0400401034[342 111 19 30 7 0 2; ]
0400401035[341 111 19 30 7 0 2; ]
0400401036[340 110 20 30 7 0 2; ]
0400401037[340 110 21 30 7 0 2; ]
0400401038[340 110 22 30 7 0 2; ]
0400401039[340 110 21 30 7 0 2; ]
0400401040[341 110 20 30 7 0 2; ]
0400401041[341 111 19 30 7 0 2; ]
0400401042[341 110 19 30 7 0 2; ]
0400401043[341 109 19 32 7 0 2; ]
0400401044[340 108 19 33 7 0 2; ]
0400401045[340 108 19 32 7 0 2; ]
0400401046[340 108 19 30 7 0 2; ]
0400401047[340 108 19 30 7 0 2; ]
0400401048[340 108 19 30 7 0 2; ]
0400401049[340 108 20 30 7 0 2; ]
0400401050[340 108 20 30 7 0 2; ]
0400401051[340 107 20 30 7 0 2; ]
0400401052[339 106 20 31 7 0 2; ]
0400401053[339 105 20 32 7 0 2; ]
0400401054[339 105 19 32 7 0 2; ]
0400401055[340 105 19 33 7 0 2; ]
0400401056[293 105 15 30 6 0 0; 340 105 19 33 7 0 2; ]
0400401057[340 105 19 33 7 0 2; ]
0400401058[340 106 19 32 7 0 2; ]
0400401059[340 107 20 31 7 0 2; ]
0400401060[340 108 19 30 7 0 2; ]
0400401061[340 109 19 30 7 0 2; ]
0400401062[340 109 19 30 7 0 2; ]
0400401063[]
0400401064[]
0400401065[]
0400401066[]
0400401067[]
0400401068[]
0400401069[]
0400401070[343 112 19 30 7 0 2; ]
0400401071[343 113 19 31 7 0 2; ]
0400401072[344 113 18 31 7 0 2; ]
0400401073[345 113 18 31 7 0 2; ]
0400401074[346 113 18 30 7 0 2; ]
0400401075[345 113 18 30 7 0 2; ]
0400401076[345 114 18 31 7 0 2; ]
0400401077[344 114 18 31 7 0 2; ]
0400401078[344 114 18 31 7 0 2; ]
0400401079[344 114 19 31 7 0 2; ]
0400401080[344 113 19 30 7 0 2; ]
0400401081[344 112 19 31 7 0 2; ]
0400401082[345 111 19 33 7 0 2; ]
0400401083[346 111 19 33 7 0 2; ]
0400401084[346 111 19 33 7 0 2; ]
0400401085[346 111 20 33 7 0 2; ]
0400401086[346 111 21 33 7 0 2; ]
0400401087[345 111 22 33 7 0 2; ]
0400401088[345 112 22 34 7 0 2; ]
0400401089[346 113 22 35 7 0 2; ]
0400401090[345 114 22 36 7 0 2; ]
0400401091[345 116 23 37 7 0 2; ]
0400401092[344 118 23 38 7 0 2; ]
0400401093[345 119 23 38 7 0 2; ]
0400401094[345 120 23 37 7 0 2; ]
0400401095[346 120 23 35 7 0 2; ]
0400401096[346 121 23 35 7 0 2; ]
0400401097[346 121 23 35 7 0 2; ]
0400401098[346 123 23 35 7 0 2; ]
0400401099[346 126 24 34 7 0 2; ]
0400401100[346 131 24 33 7 0 2; ]
0400401101[347 135 24 32 7 0 2; ]
0400401102[347 137 24 32 7 0 2; ]
0400401103[347 138 24 32 7 0 2; ]
0400401104[347 139 24 32 7 0 2; ]
0400401105[348 137 24 32 7 0 2; ]
0400401106[350 132 24 32 7 0 2; ]
0400401107[351 130 23 32 7 0 2; ]
0400401108[353 132 21 32 7 0 2; ]
0400401109[354 134 20 32 7 0 2; ]
0400401110[355 136 19 32 7 0 2; ]
0400401111[355 136 20 34 7 0 2; ]
0400401112[355 135 23 36 7 0 2; ]
0400401113[355 135 24 38 7 0 2; ]
0400401114[356 135 24 38 7 0 2; ]
0400401115[358 135 24 38 7 0 2; ]
0400401116[359 136 23 33 7 0 2; ]
0400401117[360 136 23 33 7 0 2; ]
0400401118[361 135 23 33 7 0 2; ]
0400401119[361 133 23 33 7 0 2; ]
0400401120[363 131 23 33 7 0 2; ]
0400401121[364 128 22 33 7 0 2; ]
0400401122[365 126 22 33 7 0 2; ]
0400401123[366 126 22 32 7 0 2; ]
0400401124[366 125 22 31 7 0 2; ]
0400401125[367 125 22 31 7 0 2; ]
0400401126[368 125 22 31 7 0 2; ]
0400401127[369 125 23 31 7 0 2; ]
0400401128[369 125 23 31 7 0 2; ]
0400401129[370 125 24 31 7 0 2; ]
0400401130[372 124 24 32 7 0 2; ]
0400401131[373 123 24 32 7 0 2; ]
0400401132[374 119 24 35 7 0 2; ]
0400401133[374 119 24 35 7 0 2; ]
0400401134[375 119 23 33 7 0 2; ]
0400401135[376 120 24 33 7 0 2; ]
0400401136[377 121 25 34 7 0 2; ]
0400401137[377 121 26 35 7 0 2; ]
0400401138[378 121 26 35 7 0 2; ]
0400401139[379 121 26 35 7 0 2; ]
0400401140[380 120 26 35 7 0 2; 409 123 21 33 13 1 2; ]
0400401141[380 120 26 35 7 0 2; 410 121 20 33 13 1 2; ]
0400401142[381 119 26 35 7 0 2; 411 119 20 33 13 1 2; ]
0400401143[382 119 26 35 7 0 2; 411 119 20 33 13 1 2; ]
0400401144[383 119 25 35 7 0 2; 411 119 21 33 13 1 2; ]
0400401145[385 119 25 35 7 0 2; 411 120 25 32 13 1 2; ]
0400401146[386 119 24 35 7 0 2; 411 120 27 32 13 1 2; ]
0400401147[387 119 24 35 7 0 2; 412 119 26 34 13 1 2; ]
0400401148[387 119 24 35 7 0 2; 414 117 25 37 13 1 2; ]
0400401149[388 119 24 35 7 0 2; 416 115 24 38 13 1 2; ]
0400401150[388 120 25 35 7 0 2; 417 116 25 38 13 1 2; ]
0400401151[388 121 25 35 7 0 2; 417 118 25 38 13 1 2; ]
0400401152[389 123 26 36 7 0 2; 418 120 26 38 13 1 2; ]
0400401153[389 124 26 37 7 0 2; 419 125 25 37 13 1 2; ]
0400401154[389 126 26 38 7 0 2; 420 130 25 37 13 1 2; ]
0400401155[389 129 26 41 7 0 2; 420 132 24 37 13 1 2; ]
0400401156[389 133 26 39 7 0 2; 420 134 24 37 13 1 2; ]
0400401157[389 136 26 38 7 0 2; 420 135 24 38 13 1 2; ]
0400401158[390 138 26 38 7 0 2; 420 136 23 39 13 1 2; ]
0400401159[390 140 26 38 7 0 2; 421 136 23 40 13 1 2; ]
0400401160[391 140 26 38 7 0 2; 422 137 23 40 13 1 2; ]
0400401161[391 141 26 38 7 0 2; 423 137 23 41 13 1 2; ]
0400401162[391 139 26 38 7 0 2; 422 137 24 41 13 1 2; ]
0400401163[391 137 26 38 7 0 2; 421 136 26 41 13 1 2; ]
0400401164[393 138 22 36 7 0 2; 420 135 27 42 13 1 2; ]
0400401165[394 138 23 35 7 0 2; 420 133 27 42 13 1 2; ]
0400401166[394 137 23 35 7 0 2; 420 132 27 43 13 1 2; ]
0400401167[394 136 23 35 7 0 2; 420 130 27 43 13 1 2; ]
0400401168[395 135 23 35 7 0 2; 421 128 28 43 13 1 2; ]
0400401169[395 133 22 35 7 0 2; 422 125 30 42 13 1 2; ]
0400401170[395 131 22 35 7 0 2; 423 123 31 42 13 1 2; ]
0400401171[395 129 21 34 7 0 2; 422 120 32 42 13 0 2; ]
0400401172[395 127 21 34 7 0 2; 420 118 33 44 13 0 2; ]
0400401173[395 125 21 33 7 0 2; 419 117 34 44 13 0 2; ]
0400401174[395 124 21 33 7 0 2; 420 116 32 44 13 0 2; ]
0400401175[395 122 22 33 7 0 2; 422 116 29 43 13 0 2; ]
0400401176[395 120 22 33 7 0 2; 424 115 28 43 13 0 2; ]
0400401177[395 117 24 35 7 0 2; 424 114 28 43 13 0 2; ]
0400401178[395 112 27 38 7 0 2; 425 111 30 43 13 0 2; ]
0400401179[395 112 23 36 7 0 2; 425 108 30 43 13 0 2; ]
0400401180[395 111 23 35 7 0 2; 425 106 30 43 13 0 2; ]
0400401181[395 110 23 35 7 0 2; 425 103 30 43 13 0 2; ]
0400401182[395 108 23 35 7 0 2; 425 101 30 43 13 0 2; ]
0400401183[396 106 24 35 7 0 2; 425 99 30 44 13 0 2; ]
0400401184[396 104 24 36 7 0 2; 425 96 30 45 13 0 2; ]
0400401185[397 102 24 37 7 0 2; 425 95 30 45 13 0 2; ]
0400401186[398 101 24 36 7 0 2; 425 94 30 45 13 0 2; ]
0400401187[399 100 23 35 7 0 2; 426 93 30 45 13 0 2; ]
0400401188[400 100 22 35 7 0 2; 426 92 30 45 13 0 2; ]
0400401189[399 100 23 35 7 0 2; 426 92 30 45 13 0 2; ]
0400401190[398 100 24 35 7 0 2; 426 92 30 45 13 0 2; ]
0400401191[398 100 24 36 7 0 2; 426 92 30 45 13 0 2; ]
0400401192[398 99 24 37 7 0 2; 425 92 31 45 13 0 2; ]
0400401193[398 98 24 38 7 0 2; 425 92 31 44 13 0 2; ]
0400401194[398 97 24 38 7 0 2; 425 91 31 44 13 0 2; ]
0400401195[398 96 24 38 7 0 2; 425 90 31 45 13 0 2; ]
0400401196[399 96 23 38 7 0 2; 426 88 30 47 13 0 2; ]
0400401197[399 95 22 38 7 0 2; 426 88 30 48 13 0 2; ]
0400401198[399 94 23 38 7 0 2; 426 88 30 48 13 0 2; ]
0400401199[398 94 24 37 7 0 2; 426 88 30 48 13 0 2; ]
0400401200[399 96 24 35 7 0 2; 426 88 30 48 13 0 2; ]
0400401201[399 96 24 35 7 0 2; 426 88 30 48 13 0 2; ]
0400401202[399 96 24 35 7 0 2; 426 88 30 48 13 0 2; ]
0400401203[399 96 24 36 7 0 2; 426 88 30 48 13 0 2; ]
0400401204[399 95 24 36 7 0 2; 426 87 30 48 13 0 2; ]
0400401205[399 93 25 37 7 0 2; 427 85 31 48 13 0 2; ]
0400401206[399 91 25 37 7 0 2; 427 83 31 48 13 0 2; ]
0400401207[399 91 25 37 7 0 2; 427 83 32 48 13 0 2; ]
0400401208[399 90 25 37 7 0 2; 426 83 32 48 13 0 2; ]
0400401209[399 90 25 37 7 0 2; 426 83 32 48 13 0 2; ]
0400401210[399 89 24 37 7 0 2; 426 82 32 48 13 0 2; ]
0400401211[401 88 22 38 7 0 2; 426 80 32 49 13 0 2; ]
0400401212[401 88 21 38 7 0 2; 426 79 32 50 13 0 2; ]
0400401213[401 87 22 39 7 0 2; 426 79 32 51 13 0 2; ]
0400401214[400 86 23 40 7 0 2; 426 79 32 51 13 0 2; ]
0400401215[398 85 25 42 7 0 2; 426 79 32 51 13 0 2; ]
0400401216[397 87 24 40 7 0 2; 426 79 32 51 13 0 2; ]
0400401217[397 89 24 38 7 0 2; 426 79 31 51 13 0 2; ]
0400401218[397 91 24 36 7 0 2; 426 79 31 51 13 0 2; ]
0400401219[396 91 24 36 7 0 2; 426 80 32 51 13 0 2; ]
0400401220[395 90 25 36 7 0 2; 425 81 32 49 13 0 2; ]
0400401221[394 89 27 37 7 0 2; 424 83 34 48 13 0 2; ]
0400401222[394 89 26 37 7 0 2; 423 80 34 48 13 0 2; ]
0400401223[394 88 26 37 7 0 2; 421 78 34 48 13 0 2; ]
0400401224[393 88 26 37 7 0 2; 420 77 34 48 13 0 2; ]
0400401225[392 86 26 37 7 0 2; 420 76 34 48 13 0 2; ]
0400401226[391 85 26 37 7 0 2; 419 76 34 48 13 0 2; ]
0400401227[390 84 27 37 7 0 2; 418 76 34 48 13 0 2; ]
0400401228[389 84 26 37 7 0 2; 417 76 34 48 13 0 2; ]
0400401229[388 85 26 37 7 0 2; 417 76 34 49 13 0 2; ]
0400401230[388 86 26 37 7 0 2; 416 77 34 49 13 0 2; ]
0400401231[387 87 26 37 7 0 2; 414 78 34 49 13 0 2; ]
0400401232[386 88 27 37 7 0 2; 413 79 34 49 13 0 2; ]
0400401233[385 89 28 37 7 0 2; 411 79 34 49 13 0 2; ]
0400401234[384 89 28 37 7 0 2; 411 79 34 49 13 0 2; ]
0400401235[381 90 28 37 7 0 2; 410 79 34 50 13 0 2; ]
0400401236[380 90 28 37 7 0 2; 410 79 34 50 13 0 2; ]
0400401237[379 90 28 37 7 0 2; 408 80 34 50 13 0 2; ]
0400401238[379 91 27 38 7 0 2; 407 81 34 50 13 0 2; ]
0400401239[378 91 27 38 7 0 2; 406 82 35 50 13 0 2; ]
0400401240[378 92 26 39 7 0 2; 405 83 35 49 13 0 2; ]
0400401241[378 92 25 39 7 0 2; 404 85 35 48 13 0 2; ]
0400401242[377 92 24 39 7 0 2; 403 86 35 47 13 0 2; ]
0400401243[376 92 25 40 7 0 2; 402 87 34 47 13 0 2; ]
0400401244[373 92 25 41 7 0 2; 401 87 33 48 13 0 2; ]
0400401245[371 92 26 42 7 0 2; 400 88 32 49 13 0 2; ]
0400401246[369 93 26 41 7 0 2; 398 88 33 50 13 0 2; ]
0400401247[368 95 27 41 7 0 2; 396 88 35 50 13 0 2; ]
0400401248[367 97 27 41 7 0 2; 394 89 37 50 13 0 2; ]
0400401249[366 99 26 41 7 0 2; 392 90 37 50 13 0 2; ]
0400401250[364 99 26 41 7 0 2; 390 91 38 50 13 0 2; ]
0400401251[363 100 26 41 7 0 2; 388 92 38 49 13 0 2; ]
0400401252[361 99 26 40 7 0 2; 387 92 38 49 13 0 2; ]
0400401253[359 99 26 39 7 0 2; 386 91 38 49 13 0 2; ]
0400401254[357 98 27 38 7 0 2; 385 90 38 49 13 0 2; ]
0400401255[355 98 27 38 7 0 2; 384 89 39 49 13 0 2; ]
0400401256[354 97 28 38 7 0 2; 381 88 40 50 13 0 2; ]
0400401257[354 96 24 38 7 0 2; 380 88 40 50 13 0 2; ]
0400401258[352 95 24 38 7 0 2; 378 87 39 50 13 0 2; ]
0400401259[350 95 24 37 7 0 2; 377 86 37 50 13 0 2; ]
0400401260[348 95 24 37 7 0 2; 376 85 36 50 13 0 2; ]
0400401261[347 95 25 36 7 0 2; 375 85 35 50 13 0 2; ]
0400401262[346 95 25 36 7 0 2; 375 85 35 50 13 0 2; ]
0400401263[344 95 26 36 7 0 2; 374 85 35 50 13 0 2; ]
0400401264[343 95 26 36 7 0 2; 372 86 34 50 13 0 2; ]
0400401265[341 97 27 36 7 0 2; 370 87 34 50 13 0 2; ]
0400401266[339 97 27 37 7 0 2; 368 88 34 50 13 0 2; ]
0400401267[337 97 26 37 7 0 2; 366 88 34 50 13 0 2; ]
0400401268[336 97 26 38 7 0 2; 364 89 34 50 13 0 2; ]
0400401269[334 97 26 38 7 0 2; 363 89 34 50 13 0 2; ]
0400401270[333 97 26 39 7 0 2; 361 89 34 50 13 0 2; ]
0400401271[331 96 28 40 7 0 2; 360 89 36 50 13 0 2; ]
0400401272[330 96 28 39 7 0 2; 360 89 36 50 13 0 2; ]
0400401273[329 95 28 39 7 0 2; 474 74 37 86 11 0 0; 359 88 36 50 13 0 2; ]
0400401274[329 93 27 39 7 0 2; 473 74 37 85 11 0 0; 356 87 36 50 13 0 2; ]
0400401275[329 92 27 39 7 0 2; 471 74 36 84 11 0 0; 354 86 36 50 13 0 2; ]
0400401276[327 93 27 39 7 0 2; 469 74 35 83 11 0 0; 352 86 36 51 13 0 2; ]
0400401277[325 95 26 38 7 0 2; 468 74 35 83 11 0 0; 351 86 36 52 13 0 2; ]
0400401278[323 96 26 37 7 0 2; 468 74 34 82 11 0 0; 350 86 36 53 13 0 2; ]
0400401279[321 96 26 37 7 0 2; 467 74 34 81 11 0 0; 349 86 36 53 13 0 2; ]
0400401280[320 95 27 37 7 0 2; 467 74 34 80 11 0 0; 348 85 38 54 13 0 2; ]
0400401281[319 95 28 37 7 0 2; 465 74 35 79 11 0 0; 347 83 39 55 13 0 2; ]
0400401282[319 95 28 37 7 0 2; 463 74 37 78 11 0 0; 347 84 38 54 13 0 2; ]
0400401283[319 96 28 36 7 0 2; 461 74 38 77 11 0 0; 347 85 36 53 13 0 2; ]
0400401284[318 96 28 36 7 0 2; 461 74 37 75 11 0 0; 347 85 36 53 13 0 2; ]
0400401285[317 96 28 37 7 0 2; 460 74 35 74 11 0 0; 346 85 36 53 13 0 2; ]
0400401286[316 95 27 38 7 0 2; 460 74 34 73 11 0 0; 343 85 36 53 13 0 2; ]
0400401287[315 95 27 39 7 0 2; 460 74 34 73 11 0 0; 342 89 36 49 13 0 2; ]
0400401288[314 94 27 39 7 0 2; 459 74 34 73 11 0 0; 342 87 35 51 13 0 2; ]
0400401289[313 94 28 38 7 0 2; 459 74 34 73 11 0 0; 342 86 35 52 13 0 2; ]
0400401290[313 94 29 38 7 0 2; 458 74 34 73 11 0 0; 342 85 35 53 13 0 2; ]
0400401291[312 94 28 37 7 0 2; 456 74 36 73 11 0 0; 342 85 35 53 13 0 2; ]
0400401292[312 94 28 36 7 0 2; 453 74 38 73 11 0 0; 340 85 36 53 13 0 2; ]
0400401293[311 94 27 36 7 0 2; 452 73 38 74 11 0 0; 339 85 37 53 13 0 2; ]
0400401294[310 94 27 36 7 0 2; 451 73 37 75 11 0 0; 338 85 37 53 13 0 2; ]
0400401295[310 93 28 37 7 0 2; 451 72 37 77 11 0 0; 337 84 36 53 13 0 2; ]
0400401296[309 92 28 37 7 0 2; 451 71 36 79 11 0 0; 335 83 36 53 13 0 2; ]
0400401297[309 91 27 38 7 0 2; 451 71 35 82 11 0 0; 334 82 35 53 13 0 2; ]
0400401298[309 90 25 39 7 0 2; 451 71 35 83 11 0 0; 333 81 34 54 13 0 2; ]
0400401299[309 89 24 39 7 0 2; 451 69 35 82 11 0 0; 332 80 34 54 13 0 2; ]
0400401300[308 89 25 39 7 0 2; 450 68 36 80 11 0 0; 332 80 34 54 13 0 2; ]
0400401301[306 89 26 39 7 0 2; 449 67 37 79 11 0 0; 332 80 34 54 13 0 2; ]
0400401302[304 89 27 39 7 0 2; 448 67 37 79 11 0 0; 332 80 34 54 13 0 2; ]
0400401303[303 89 26 39 7 0 2; 448 67 37 78 11 0 0; 331 80 34 54 13 0 2; ]
0400401304[303 90 26 39 7 0 2; 448 67 37 78 11 0 0; 329 79 35 54 13 0 2; ]
0400401305[302 90 26 39 7 0 2; 447 68 37 78 11 0 0; 327 79 36 54 13 0 2; ]
0400401306[302 91 26 40 7 0 2; 446 69 37 78 11 0 0; 327 80 36 54 13 0 2; ]
0400401307[302 91 26 40 7 0 2; 445 71 37 78 11 0 0; 326 82 36 54 13 0 2; ]
0400401308[301 91 26 41 7 0 2; 445 71 37 80 11 0 0; 325 83 36 54 13 0 2; ]
0400401309[300 91 26 40 7 0 2; 444 71 37 83 11 0 0; 324 83 36 54 13 0 2; ]
0400401310[299 91 26 40 7 0 2; 444 71 37 84 11 0 0; 322 83 36 54 13 0 2; ]
0400401311[298 90 26 39 7 0 2; 444 69 36 85 11 0 0; 321 83 37 54 13 0 2; ]
0400401312[298 89 25 39 7 0 2; 444 66 34 86 11 0 0; 320 80 37 54 13 0 2; ]
0400401313[297 87 24 39 7 0 2; 444 65 34 86 11 0 0; 320 78 37 54 13 0 2; ]
0400401314[297 85 23 39 7 0 2; 443 65 35 85 11 0 0; 319 77 37 54 13 0 2; ]
0400401315[296 85 24 40 7 0 2; 441 65 38 83 11 0 0; 320 77 37 54 13 0 2; ]
0400401316[295 84 25 41 7 0 2; 439 65 40 80 11 0 0; 320 77 36 54 13 0 2; ]
0400401317[293 84 28 42 7 0 2; 437 65 41 79 11 0 0; 321 77 36 54 13 0 2; ]
0400401318[293 86 26 42 7 0 2; 435 67 41 78 11 0 0; 319 77 36 55 13 0 2; ]
0400401319[293 88 25 42 7 0 2; 434 68 41 77 11 0 0; 316 78 36 57 13 0 2; ]
0400401320[293 89 24 42 7 0 2; 434 69 41 75 11 0 0; 315 79 36 57 13 0 2; ]
0400401321[293 90 25 41 7 0 2; 434 71 40 73 11 0 0; 315 81 36 56 13 0 2; ]
0400401322[292 91 26 40 7 0 2; 435 72 38 71 11 0 0; 315 83 36 54 13 0 2; ]
0400401323[291 91 27 39 7 0 2; 434 72 38 73 11 0 0; 315 84 36 53 13 0 2; ]
0400401324[291 91 27 40 7 0 2; 433 71 38 75 11 0 0; 315 83 36 53 13 0 2; ]
0400401325[290 91 27 40 7 0 2; 432 71 38 77 11 0 0; 314 82 35 55 13 0 2; ]
0400401326[290 90 24 40 7 0 2; 430 70 39 79 11 0 0; 313 79 35 57 13 0 2; ]
0400401327[289 90 25 40 7 0 2; 429 70 40 82 11 0 0; 312 79 35 57 13 0 2; ]
0400401328[289 89 25 41 7 0 2; 427 69 40 83 11 0 0; 311 79 35 57 13 0 2; ]
0400401329[288 88 26 41 7 0 2; 426 68 41 82 11 0 0; 310 78 35 57 13 0 2; ]
0400401330[287 86 26 41 7 0 2; 426 66 41 81 11 0 0; 309 76 36 57 13 0 2; ]
0400401331[286 84 27 41 7 0 2; 425 63 41 80 11 0 0; 307 74 37 57 13 0 2; ]
0400401332[285 82 27 41 7 0 2; 425 62 41 81 11 0 0; 306 72 38 57 13 0 2; ]
0400401333[285 80 27 41 7 0 2; 424 60 40 83 11 0 0; 306 71 38 57 13 0 2; ]
0400401334[285 79 27 41 7 0 2; 424 59 39 85 11 0 0; 306 69 38 57 13 0 2; ]
0400401335[285 78 27 41 7 0 2; 423 57 39 87 11 0 0; 306 68 38 57 13 0 2; ]
0400401336[422 56 37 86 11 0 0; 306 67 37 57 13 0 2; 296 80 13 38 40 0 1; 284 79 14 37 41 0 1; ]
0400401337[422 55 36 85 11 0 0; 306 65 36 57 13 0 2; 295 78 13 38 40 0 1; 283 78 15 38 41 0 1; ]
0400401338[421 55 37 86 11 0 0; 306 65 36 57 13 0 2; 295 77 13 38 40 0 1; 283 77 15 39 41 0 1; ]
0400401339[420 55 39 88 11 0 0; 306 65 36 58 13 0 2; 294 76 13 38 40 0 1; 282 76 15 40 41 0 1; ]
0400401340[419 55 40 89 11 0 0; 306 65 36 59 13 0 2; 294 76 13 38 40 0 1; 282 76 15 41 41 0 1; ]
0400401341[419 55 40 88 11 0 0; 306 65 36 61 13 0 2; 294 76 13 38 40 0 1; 282 76 15 41 41 0 1; ]
0400401342[419 55 40 86 11 0 0; 305 65 37 61 13 0 2; 294 77 13 37 40 0 1; 282 76 15 41 41 0 1; ]
0400401343[419 55 40 84 11 0 0; 304 65 38 61 13 0 2; 294 78 13 36 40 0 1; 282 76 15 41 41 0 1; ]
0400401344[420 55 39 82 11 0 0; 304 65 38 61 13 0 2; 294 78 13 36 40 0 1; 282 76 15 41 41 0 1; ]
0400401345[423 55 37 80 11 0 0; 304 65 38 60 13 0 2; 294 78 13 36 40 0 1; 282 76 15 41 41 0 1; ]
0400401346[424 55 36 79 11 0 0; 304 66 38 59 13 0 2; 295 78 13 36 40 0 1; 283 76 15 41 41 0 1; ]
0400401347[424 55 36 79 11 0 0; 305 66 38 58 13 0 2; 295 78 14 36 40 0 1; 284 76 15 41 41 0 1; ]
0400401348[424 55 36 80 11 0 0; 305 66 39 58 13 0 2; 296 78 14 37 40 0 1; 284 76 15 42 41 0 1; ]
0400401349[424 55 36 82 11 0 0; 305 66 41 58 13 0 2; 296 78 14 38 40 0 1; 284 76 17 42 41 0 1; ]
0400401350[424 55 38 83 11 0 0; 305 66 42 58 13 0 2; 296 78 13 39 40 0 1; 283 76 19 42 41 0 1; ]
0400401351[424 55 40 85 11 0 0; 306 67 41 58 13 0 2; 297 79 13 39 40 0 1; 283 76 20 42 41 0 1; ]
0400401352[425 55 40 85 11 0 0; 308 69 41 58 13 0 2; 298 79 13 39 40 0 1; 283 77 20 42 41 0 1; ]
0400401353[427 55 40 85 11 0 0; 309 71 40 57 13 0 2; 299 80 13 39 40 0 1; 284 77 20 42 41 0 1; ]
0400401354[429 55 39 85 11 0 0; 310 72 41 59 13 0 2; 301 82 14 39 40 0 1; 287 78 19 44 41 0 1; ]
0400401355[432 55 38 85 11 0 0; 311 73 41 62 13 0 2; 302 84 14 38 40 0 1; 289 79 18 45 41 0 1; ]
0400401356[433 57 38 84 11 0 0; 312 73 43 66 13 0 2; 304 85 14 38 40 0 1; 291 80 18 45 41 0 1; ]
0400401357[434 60 39 82 11 0 0; 313 76 42 62 13 0 2; 305 87 14 38 40 0 1; 292 82 18 45 41 0 1; ]
0400401358[435 63 39 80 11 0 0; 314 77 42 60 13 0 2; 306 88 14 38 40 0 1; 292 83 18 45 41 0 1; ]
0400401359[436 66 39 80 11 0 0; 315 78 41 59 13 0 2; 307 89 14 38 40 0 1; 293 84 19 45 41 0 1; ]
0400401360[437 67 39 79 11 0 0; 316 78 42 59 13 0 2; 308 90 13 38 40 0 1; 293 86 20 44 41 0 1; ]
0400401361[439 68 39 79 11 0 0; 317 77 43 59 13 0 2; 310 89 13 41 40 0 1; 293 88 21 43 41 0 1; ]
0400401362[440 68 39 80 11 0 0; 318 77 44 60 13 0 2; 311 87 14 43 40 0 1; 295 86 20 45 41 0 1; ]
0400401363[441 66 38 82 11 0 0; 319 76 44 61 13 0 2; 312 86 14 44 40 0 1; 297 84 19 46 41 0 1; ]
0400401364[443 63 37 84 11 0 0; 321 74 43 64 13 0 2; 313 85 14 44 40 0 1; 298 83 18 47 41 0 1; ]
0400401365[444 62 37 85 11 0 0; 322 73 43 65 13 0 2; 313 84 15 43 40 0 1; 299 82 18 48 41 0 1; ]
0400401366[446 61 37 86 11 0 0; 323 72 42 64 13 0 2; 314 84 15 42 40 0 1; 300 81 18 48 41 0 1; ]
0400401367[448 60 37 88 11 0 0; 325 71 42 63 13 0 2; 314 83 15 40 40 0 1; 301 80 18 47 41 0 1; ]
0400401368[450 58 36 89 11 0 0; 326 71 41 62 13 0 2; 315 83 16 39 40 0 1; 301 79 19 46 41 0 1; ]
0400401369[452 57 35 91 11 0 0; 327 70 42 62 13 0 2; 316 82 16 39 40 0 1; 302 78 20 46 41 0 1; ]
0400401370[453 56 35 91 11 0 0; 327 69 43 62 13 0 2; 317 82 16 39 40 0 1; 302 78 20 45 41 0 1; ]
0400401371[453 56 36 91 11 0 0; 327 68 44 62 13 0 2; 318 81 16 39 40 0 1; 304 78 20 45 41 0 1; ]
0400401372[453 56 38 89 11 0 0; 329 66 44 64 13 0 2; 319 80 17 39 40 0 1; 305 77 19 46 41 0 1; ]
0400401373[453 56 39 89 11 0 0; 330 65 44 65 13 0 2; 321 80 16 40 40 0 1; 306 77 19 46 41 0 1; ]
0400401374[454 56 40 89 11 0 0; 331 65 44 66 13 0 2; 322 80 15 41 40 0 1; 308 77 18 47 41 0 1; ]
0400401375[455 56 41 91 11 0 0; 332 65 44 66 13 0 2; 323 80 14 42 40 0 1; 309 78 18 46 41 0 1; ]
0400401376[457 56 41 91 11 0 0; 332 66 44 66 13 0 2; 324 80 14 42 40 0 1; 310 79 18 45 41 0 1; ]
0400401377[458 57 42 91 11 0 0; 333 67 44 66 13 0 2; 325 81 14 41 40 0 1; 311 80 19 44 41 0 1; ]
0400401378[458 59 42 89 11 0 0; 334 68 44 66 13 0 2; 326 82 14 41 40 0 1; 312 80 19 44 41 0 1; ]
0400401379[459 61 43 86 11 0 0; 334 68 45 66 13 0 2; 327 82 14 40 40 0 1; 312 80 19 44 41 0 1; ]
0400401380[459 59 43 88 11 0 0; 334 68 46 66 13 0 2; 327 83 14 39 40 0 1; 313 80 19 44 41 0 1; ]
0400401381[459 57 43 90 11 0 0; 335 68 46 66 13 0 2; 327 83 15 40 40 0 1; 313 79 19 44 41 0 1; ]
0400401382[459 56 43 91 11 0 0; 335 68 45 66 13 0 2; 327 82 15 40 40 0 1; 314 79 19 44 41 0 1; ]
0400401383[459 56 43 93 11 0 0; 335 68 45 66 13 0 2; 327 81 16 41 40 0 1; 314 79 19 44 41 0 1; ]
0400401384[459 56 43 94 11 0 0; 335 68 45 66 13 0 2; 326 80 18 42 40 0 1; 315 79 18 44 41 0 1; ]
0400401385[459 56 43 95 11 0 0; 335 68 45 66 13 0 2; 327 80 17 42 40 0 1; 316 79 18 44 41 0 1; ]
0400401386[458 56 43 94 11 0 0; 335 68 45 66 13 0 2; 328 81 16 42 40 0 1; 316 79 18 44 41 0 1; ]
0400401387[457 57 43 91 11 0 0; 335 68 45 66 13 0 2; 328 81 16 43 40 0 1; 316 80 18 44 41 0 1; ]
0400401388[457 57 43 89 11 0 0; 335 68 45 66 13 0 2; 329 82 15 43 40 0 1; 316 81 18 45 41 0 1; ]
0400401389[457 58 46 88 11 0 0; 335 68 45 66 13 0 2; 329 83 15 43 40 0 1; 316 82 18 45 41 0 1; ]
0400401390[457 59 47 87 11 0 0; 353 73 26 62 38 0 1; 337 74 23 63 39 0 1; 329 84 15 44 40 0 1; 316 83 18 45 41 0 1; ]
0400401391[457 60 47 86 11 0 0; 352 73 27 62 38 0 1; 337 74 23 62 39 0 1; 330 86 14 44 40 0 1; 316 84 18 46 41 0 1; ]
0400401392[457 61 46 85 11 0 0; 352 73 27 62 38 0 1; 337 75 23 62 39 0 1; 330 86 14 44 40 0 1; 315 84 19 46 41 0 1; ]
0400401393[457 63 43 84 11 0 0; 352 73 28 63 38 0 1; 337 75 23 62 39 0 1; 330 86 14 44 40 0 1; 314 85 20 46 41 0 1; ]
0400401394[457 63 41 83 11 0 0; 352 73 28 63 38 0 1; 337 76 23 62 39 0 1; 330 86 14 44 40 0 1; 314 85 20 47 41 0 1; ]
0400401395[457 63 40 83 11 0 0; 352 73 28 63 38 0 1; 337 76 23 61 39 0 1; 330 86 14 44 40 0 1; 313 85 20 47 41 0 1; ]
0400401396[456 63 39 85 11 0 0; 352 73 29 63 38 0 1; 337 76 23 61 39 0 1; 330 86 14 44 40 0 1; 313 85 20 46 41 0 1; ]
0400401397[456 63 39 86 11 0 0; 351 73 29 63 38 0 1; 337 77 23 61 39 0 1; 328 86 15 44 40 0 1; 313 85 20 46 41 0 1; ]
0400401398[455 62 40 88 11 0 0; 351 73 30 63 38 0 1; 337 77 23 61 39 0 1; 327 86 15 43 40 0 1; 313 84 20 45 41 0 1; ]
0400401399[453 60 42 90 11 0 0; 351 73 30 63 38 0 1; 337 77 24 61 39 0 1; 327 86 15 43 40 0 1; 312 83 20 46 41 0 1; ]
0400401400[452 59 43 91 11 0 0; 351 73 31 64 38 0 1; 336 77 24 61 39 0 1; 326 86 15 43 40 0 1; 312 82 20 47 41 0 1; ]
0400401401[452 59 42 91 11 0 0; 351 73 31 64 38 0 1; 335 77 25 61 39 0 1; 326 86 15 43 40 0 1; 312 82 21 48 41 0 1; ]
0400401402[451 59 41 89 11 0 0; 350 73 31 64 38 0 1; 334 77 26 61 39 0 1; 326 86 15 43 40 0 1; 312 82 21 48 41 0 1; ]
0400401403[451 59 40 89 11 0 0; 350 73 32 64 38 0 1; 334 77 26 61 39 0 1; 326 86 15 43 40 0 1; 311 82 21 48 41 0 1; ]
0400401404[450 59 41 89 11 0 0; 350 73 32 64 38 0 1; 333 76 27 62 39 0 1; 326 86 15 43 40 1 1; 311 82 22 48 41 0 1; ]
0400401405[449 59 42 89 11 0 0; 350 73 33 64 38 0 1; 333 76 28 63 39 0 1; 325 88 15 43 40 1 1; 311 82 22 48 41 0 1; ]
0400401406[449 59 43 89 11 0 0; 352 73 30 65 38 0 1; 332 76 28 64 39 0 1; 325 89 15 44 40 1 1; 310 82 22 48 41 0 1; ]
0400401407[449 59 42 88 11 0 0; 352 73 31 66 38 0 1; 331 76 28 64 39 0 1; 324 90 15 44 40 1 1; 310 82 22 48 41 0 1; ]
0400401408[450 61 40 86 11 0 0; 351 74 32 67 38 0 1; 331 76 28 64 39 0 1; 324 90 15 44 40 1 1; 310 82 22 48 41 0 1; ]
0400401409[452 63 37 84 11 0 0; 350 74 33 68 38 0 1; 330 77 28 65 39 0 1; 324 90 15 44 40 1 1; 310 83 22 49 41 0 1; ]
0400401410[452 63 38 89 11 0 0; 349 74 34 68 38 0 1; 330 78 28 65 39 0 1; 324 90 15 44 40 1 1; 310 84 21 49 41 0 1; ]
0400401411[451 62 39 93 11 0 0; 348 74 34 68 38 0 1; 330 77 28 66 39 0 1; 324 90 15 44 40 1 1; 310 84 20 48 41 0 1; ]
0400401412[450 61 39 96 11 0 0; 348 74 34 68 38 0 1; 330 76 28 67 39 0 1; 324 90 15 44 40 1 1; 310 84 19 47 41 0 1; ]
0400401413[449 60 39 98 11 0 0; 347 74 34 68 38 0 1; 330 75 28 68 39 0 1; 324 89 15 44 40 1 1; 310 84 19 47 41 0 1; ]
0400401414[448 59 39 99 11 0 0; 347 74 34 68 38 0 1; 330 74 28 68 39 0 1; 323 88 16 44 40 1 1; 310 84 19 47 41 0 1; ]
0400401415[446 57 39 100 11 0 0; 347 72 34 68 38 0 1; 330 73 28 68 39 0 1; 323 86 16 44 40 1 1; 310 83 19 47 41 0 1; ]
0400401416[446 56 40 102 11 0 0; 347 70 34 68 38 0 1; 329 72 28 68 39 0 1; 322 83 17 44 40 1 1; 310 81 19 47 41 0 1; ]
0400401417[445 54 42 105 11 0 0; 347 69 34 68 38 0 1; 329 71 28 67 39 0 1; 322 83 17 44 40 1 1; 310 79 20 48 41 0 1; ]
0400401418[444 54 44 106 11 0 0; 347 68 34 68 38 0 1; 329 71 28 67 39 0 1; 322 83 17 44 40 1 1; 309 78 20 48 41 0 1; ]
0400401419[443 54 44 106 11 0 0; 347 68 34 69 38 0 1; 328 71 28 67 39 0 1; 322 83 17 44 40 1 1; 309 78 19 48 41 0 1; ]
0400401420[441 54 45 106 11 0 0; 347 68 34 70 38 0 1; 328 71 28 68 39 0 1; 322 83 17 44 40 1 1; 309 79 19 48 41 0 1; ]
0400401421[440 54 45 106 11 0 0; 347 68 34 71 38 0 1; 328 71 29 69 39 0 1; 322 84 16 45 40 1 1; 309 80 19 48 41 0 1; ]
0400401422[439 54 45 105 11 0 0; 347 68 34 72 38 0 1; 327 71 29 70 39 0 1; 322 84 16 46 40 1 1; 308 80 19 48 41 0 1; ]
0400401423[439 56 46 104 11 0 0; 347 69 34 72 38 0 1; 327 72 28 70 39 0 1; 322 85 15 47 40 1 1; 307 82 19 48 41 0 1; ]
0400401424[439 57 46 102 11 0 0; 346 70 34 72 38 0 1; 327 73 27 70 39 0 1; 322 85 14 48 40 1 1; 307 83 20 49 41 0 1; ]
0400401425[436 58 48 101 11 0 0; 345 71 34 72 38 0 1; 327 74 27 70 39 0 1; 322 85 14 48 40 1 1; 306 84 21 49 41 0 1; ]
0400401426[434 59 49 100 11 0 0; 344 73 34 72 38 0 1; 326 74 27 70 39 0 1; 321 85 15 49 40 1 1; 306 84 21 49 41 0 1; ]
0400401427[433 60 49 100 11 0 0; 344 73 34 72 38 0 1; 326 74 27 70 39 0 1; 320 85 15 49 40 1 1; 306 84 21 49 41 0 1; ]
0400401428[433 60 49 100 11 0 0; 344 73 34 72 38 0 1; 325 74 29 70 39 0 1; 319 85 17 49 40 1 1; 305 84 22 49 41 0 1; ]
0400401429[433 60 49 100 11 0 0; 344 73 34 72 38 0 1; 324 74 31 70 39 0 1; 319 85 17 49 40 1 1; 305 84 22 49 41 0 1; ]
0400401430[433 60 48 94 11 0 0; 343 73 35 72 38 0 1; 323 74 32 70 39 0 1; 319 85 17 49 40 1 1; 305 84 22 49 41 0 1; ]
0400401431[433 59 47 95 11 0 0; 343 73 35 72 38 0 1; 322 74 32 70 39 0 1; 319 85 17 49 40 1 1; 304 84 22 49 41 0 1; ]
0400401432[433 58 46 96 11 0 0; 343 72 37 72 38 0 1; 322 73 32 71 39 0 1; 319 85 17 49 40 1 1; 304 82 23 50 41 0 1; ]
0400401433[433 56 45 97 11 0 0; 343 71 38 72 38 0 1; 321 71 32 72 39 0 1; 319 85 17 49 40 1 1; 304 81 23 51 41 0 1; ]
0400401434[433 55 45 97 11 0 0; 342 69 38 72 38 0 1; 321 69 32 73 39 0 1; 319 84 17 49 40 1 1; 304 79 23 51 41 0 1; ]
0400401435[432 55 45 97 11 0 0; 342 68 38 72 38 0 1; 320 69 33 73 39 0 1; 319 84 17 49 40 1 1; 304 78 24 52 41 0 1; ]
0400401436[431 54 45 97 11 0 0; 341 67 38 73 38 0 1; 320 68 33 72 39 0 1; 319 83 17 49 40 1 1; 304 77 24 52 41 0 1; ]
0400401437[429 52 45 97 11 0 0; 340 65 38 75 38 0 1; 320 67 33 72 39 0 1; 319 82 17 49 40 1 1; 304 76 21 53 41 0 1; ]
0400401438[428 50 45 96 11 0 0; 339 63 38 77 38 0 1; 319 67 34 72 39 0 1; 319 80 17 50 40 1 1; 304 76 21 52 41 0 1; ]
0400401439[426 49 45 95 11 0 0; 339 62 38 78 38 0 1; 319 67 34 72 39 0 1; 319 78 17 51 40 1 1; 303 75 21 52 41 0 1; ]
0400401440[425 49 45 95 11 0 0; 340 61 38 78 38 0 1; 319 67 34 72 39 0 1; 318 76 17 53 40 1 1; 303 75 20 51 41 0 1; ]
0400401441[424 49 47 96 11 0 0; 340 60 38 79 38 0 1; 319 67 34 72 39 0 1; 318 76 17 53 40 1 1; 303 75 20 51 41 0 1; ]
0400401442[423 49 48 97 11 0 0; 340 60 38 79 38 0 1; 319 67 34 72 39 0 1; 318 76 17 53 40 1 1; 303 75 20 51 41 0 1; ]
0400401443[421 49 49 97 11 0 0; 340 60 38 79 38 0 1; 320 67 33 72 39 0 1; 318 76 17 53 40 1 1; 303 75 20 51 41 0 1; ]
0400401444[420 49 49 96 11 0 0; 340 60 38 79 38 0 1; 321 66 33 73 39 0 1; 318 76 17 53 40 1 1; 303 75 20 51 41 0 1; ]
0400401445[419 49 49 95 11 0 0; 340 60 38 79 38 0 1; 322 66 33 75 39 0 1; 318 76 17 53 40 1 1; 303 75 20 51 41 0 1; ]
0400401446[420 49 48 94 11 0 0; 340 60 38 79 38 0 1; 323 65 32 77 39 0 1; 318 76 17 52 40 1 1; 302 75 20 51 41 0 1; ]
0400401447[421 49 46 93 11 0 0; 341 61 37 80 38 0 1; 323 66 32 77 39 0 1; 318 76 17 52 40 1 1; 302 75 20 51 41 0 1; ]
0400401448[422 49 45 92 11 0 0; 342 62 36 80 38 0 1; 323 66 31 77 39 0 1; 318 77 17 52 40 1 1; 302 75 20 51 41 0 1; ]
0400401449[420 49 44 95 11 0 0; 343 63 36 80 38 0 1; 323 67 31 78 39 0 1; 318 78 17 52 40 1 1; 302 75 20 52 41 0 1; ]
0400401450[418 49 43 100 11 0 0; 343 63 36 80 38 0 1; 323 67 31 78 39 0 1; 319 78 17 51 40 1 1; 301 76 21 53 41 0 1; ]
0400401451[417 49 43 102 11 0 0; 343 63 36 81 38 0 1; 323 67 32 79 39 0 1; 319 79 17 51 40 1 1; 301 76 21 54 41 0 1; ]
0400401452[417 49 43 100 11 0 0; 343 63 37 81 38 0 1; 323 66 32 79 39 0 1; 319 80 17 50 40 1 1; 301 77 22 56 41 0 1; ]
0400401453[417 49 43 95 11 0 0; 343 62 39 81 38 0 1; 323 65 33 80 39 0 1; 319 80 17 50 40 1 1; 300 77 23 54 41 0 1; ]
0400401454[417 49 43 92 11 0 0; 343 62 39 82 38 0 1; 323 65 34 80 39 0 1; 319 80 17 50 40 1 1; 300 77 23 54 41 0 1; ]
0400401455[417 49 43 93 11 0 0; 343 62 39 82 38 0 1; 323 65 34 80 39 0 1; 319 80 17 50 40 1 1; 300 77 23 54 41 0 1; ]
0400401456[417 49 43 94 11 0 0; 343 62 39 82 38 0 1; 323 65 34 80 39 0 1; 319 80 17 50 40 1 1; 300 77 23 54 41 0 1; ]
0400401457[417 49 43 94 11 0 0; 343 62 39 82 38 0 1; 323 65 34 80 39 0 1; 319 80 17 50 40 1 1; 300 77 23 54 41 0 1; ]
0400401458[417 49 43 94 11 0 0; 343 62 39 82 38 0 1; 323 65 34 80 39 0 1; 319 80 17 50 40 1 1; 300 77 23 54 41 0 1; ]
0400401459[417 49 43 94 11 0 0; 343 62 39 82 38 0 1; 323 65 34 80 39 0 1; 319 80 17 50 40 1 1; 300 77 23 54 41 0 1; ]
0400401460[417 49 43 94 11 0 0; 343 62 39 82 38 0 1; 323 65 34 80 39 0 1; 319 80 17 50 40 1 1; 300 77 23 54 41 0 1; ]
0400401461[417 49 42 94 11 0 0; 343 62 39 82 38 0 1; 323 65 34 80 39 0 1; 319 80 17 50 40 1 1; 300 77 23 54 41 0 1; ]
0400401462[418 49 41 94 11 0 0; 343 62 39 82 38 0 1; 323 65 34 80 39 0 1; 319 80 17 50 40 1 1; 300 77 23 54 41 0 1; ]
0400401463[418 49 40 94 11 0 0; 343 62 39 82 38 0 1; 323 65 34 80 39 0 1; 319 80 17 50 40 1 1; 300 76 23 54 41 0 1; ]
0400401464[418 49 40 93 11 0 0; 343 62 39 82 38 0 1; 323 65 34 80 39 0 1; 319 80 17 50 40 1 1; 299 76 23 54 41 0 1; ]
0400401465[418 49 40 91 11 0 0; 343 62 39 82 38 0 1; 323 65 34 80 39 0 1; 319 80 17 50 40 1 1; 299 76 23 54 41 0 1; ]
0400401466[418 49 40 90 11 0 0; 343 62 39 82 38 0 1; 323 65 34 80 39 0 1; 319 80 17 50 40 1 1; 299 76 23 54 41 0 1; ]
0400401467[416 49 41 94 11 0 0; 344 62 40 83 38 0 1; 324 64 34 81 39 0 1; 319 80 17 50 40 1 1; 299 76 23 54 41 0 1; ]
0400401468[410 49 44 105 11 0 0; 347 61 41 86 38 0 1; 326 64 35 83 39 0 1; 321 80 18 51 40 1 1; 301 76 23 55 41 0 1; ]
0400401469[402 49 48 119 11 0 0; 350 60 43 90 38 0 1; 329 63 36 85 39 0 1; 323 79 20 54 40 1 1; 306 76 22 59 41 0 1; ]
0400401470[]
0400401471[322 73 19 60 8 1 1; 404 45 46 107 12 0 0; 352 59 42 89 14 0 1; 328 62 35 85 35 0 1; 307 76 21 56 36 0 1; ]
0400401472[323 75 18 60 8 1 1; 402 48 49 106 12 0 0; 353 60 41 90 14 0 1; 328 63 35 87 35 0 1; 307 77 21 56 36 0 1; ]
0400401473[324 76 18 60 8 1 1; 401 49 50 105 12 0 0; 355 61 41 91 14 0 1; 329 64 35 88 35 0 1; 308 77 21 56 36 0 1; ]
0400401474[325 77 17 60 8 1 1; 400 50 51 105 12 0 0; 355 62 41 92 14 0 1; 329 64 35 89 35 0 1; 308 78 21 56 36 0 1; ]
0400401475[325 78 17 61 8 1 1; 400 50 50 103 12 0 0; 356 62 41 93 14 0 1; 329 65 35 89 35 0 1; 308 78 21 56 36 0 1; ]
0400401476[326 77 16 61 8 1 1; 401 50 48 102 12 0 0; 356 61 42 94 14 0 1; 330 65 35 89 35 0 1; 308 78 21 57 36 0 1; ]
0400401477[326 76 16 62 8 1 1; 401 50 46 101 12 0 0; 356 61 43 96 14 0 1; 330 64 36 89 35 0 1; 308 77 22 57 36 0 1; ]
0400401478[326 74 15 62 8 1 1; 401 50 45 100 12 0 0; 356 60 45 97 14 0 1; 331 64 36 89 35 0 1; 308 75 22 58 36 0 1; ]
0400401479[326 73 15 62 8 1 1; 401 48 43 98 12 0 0; 356 59 45 97 14 0 1; 331 63 37 89 35 0 1; 308 74 22 59 36 0 1; ]
0400401480[327 73 15 62 8 1 1; 400 47 43 97 12 0 0; 356 57 45 97 14 0 1; 331 62 38 89 35 0 1; 308 73 22 59 36 0 1; ]
0400401481[327 72 15 60 8 1 1; 398 45 45 97 12 0 0; 357 55 45 97 14 0 1; 331 60 38 90 35 0 1; 309 72 22 59 36 0 1; ]
0400401482[327 72 15 58 8 1 1; 395 43 48 96 12 0 0; 358 53 44 97 14 0 1; 330 58 39 92 35 0 1; 310 71 22 60 36 0 1; ]
0400401483[327 72 15 57 8 1 1; 393 42 51 96 12 0 0; 358 53 44 97 14 0 1; 330 55 40 94 35 0 1; 310 69 22 60 36 0 1; ]
0400401484[328 72 15 58 8 1 1; 392 42 50 98 12 0 0; 358 53 41 97 14 0 1; 330 55 41 95 35 0 1; 310 70 22 60 36 0 1; ]
0400401485[328 73 16 58 8 1 1; 391 42 49 102 12 0 0; 358 53 42 97 14 0 1; 330 55 41 96 35 0 1; 310 71 22 60 36 0 1; ]
0400401486[328 73 17 58 8 1 1; 390 42 48 105 12 0 0; 359 53 43 97 14 1 1; 330 55 41 97 35 0 1; 310 71 22 61 36 0 1; ]
0400401487[329 73 19 59 8 1 1; 388 43 49 103 12 0 0; 360 54 42 97 14 1 1; 330 55 41 97 35 0 1; 310 72 22 61 36 0 1; ]
0400401488[329 75 19 59 8 1 1; 384 44 50 100 12 0 0; 363 55 39 98 14 1 1; 331 56 41 97 35 0 1; 311 72 22 61 36 0 1; ]
0400401489[329 77 19 59 8 1 1; 382 45 51 100 12 0 0; 364 56 38 99 14 1 1; 333 57 40 97 35 0 1; 311 73 23 62 36 0 1; ]
0400401490[329 78 19 60 8 1 1; 379 46 52 101 12 0 0; 364 56 38 100 14 1 1; 335 59 39 97 35 0 1; 312 73 23 62 36 0 1; ]
0400401491[330 78 19 60 8 1 1; 377 46 53 105 12 0 0; 364 56 38 102 14 1 1; 337 60 39 97 35 0 1; 313 73 23 62 36 0 1; ]
0400401492[330 78 19 60 8 1 1; 375 47 54 108 12 0 0; 364 55 38 105 14 1 1; 338 60 39 97 35 0 1; 314 73 23 62 36 0 1; ]
0400401493[331 77 18 61 8 1 1; 373 45 54 111 12 0 0; 339 60 39 98 35 0 1; 314 73 23 62 36 0 1; ]
0400401494[332 76 18 62 8 1 1; 371 43 54 115 12 0 0; 340 60 39 98 35 1 1; 315 73 22 62 36 0 1; ]
0400401495[332 76 18 62 8 1 1; 369 42 54 117 12 0 0; 341 60 39 99 35 1 1; 315 73 22 62 36 0 1; ]
0400401496[332 75 18 62 8 1 1; 367 42 54 118 12 0 0; 341 57 39 101 35 1 1; 315 73 22 62 36 0 1; ]
0400401497[331 75 18 62 8 1 1; 365 42 54 118 12 0 0; 341 54 39 103 35 1 1; 315 73 22 62 36 0 1; ]
0400401498[331 74 19 62 8 1 1; 364 42 54 119 12 0 0; 342 52 39 104 35 1 1; 315 72 22 61 36 0 1; ]
0400401499[330 73 20 62 8 1 1; 362 41 54 121 12 0 0; 342 51 39 105 35 1 1; 315 72 22 61 36 0 1; ]
0400401500[331 72 21 63 8 1 1; 361 39 55 123 12 0 0; 343 51 39 104 35 1 1; 315 72 22 61 36 0 1; ]
0400401501[332 71 21 64 8 1 1; 360 37 56 125 12 0 0; 344 51 38 104 35 1 1; 316 71 22 61 36 0 1; ]
0400401502[332 71 22 65 8 1 1; 358 36 60 127 12 0 0; 345 51 38 104 35 1 1; 317 71 21 62 36 0 1; ]
0400401503[333 71 22 65 8 1 1; 356 35 62 128 12 0 0; 347 51 37 103 35 1 1; 318 71 21 62 36 0 1; ]
0400401504[334 71 22 65 8 1 1; 354 34 63 129 12 0 0; 380 46 50 115 21 1 1; 318 71 22 63 36 0 1; ]
0400401505[334 71 22 64 8 1 1; 351 34 61 128 12 0 0; 381 45 50 116 21 1 1; 318 71 23 64 36 0 1; ]
0400401506[335 72 22 64 8 1 1; 348 34 58 127 12 0 0; 382 45 51 117 21 1 1; 318 71 24 64 36 0 1; ]
0400401507[335 73 22 64 8 1 1; 346 34 56 126 12 0 0; 383 45 51 119 21 1 1; 318 71 24 65 36 0 1; ]
0400401508[337 75 22 63 8 1 1; 343 35 57 125 12 0 0; 384 45 52 120 21 1 1; 318 71 25 65 36 0 1; ]
0400401509[340 77 20 61 8 1 1; 341 35 57 123 12 0 0; 384 45 52 121 21 1 1; 319 72 26 66 36 0 1; ]
0400401510[342 78 19 60 8 1 1; 339 36 58 121 12 0 0; 384 44 55 123 21 1 1; 319 73 26 67 36 0 1; ]
0400401511[343 79 18 60 8 1 1; 336 36 60 121 12 0 0; 384 43 57 124 21 0 1; 319 73 27 67 36 1 1; ]
0400401512[333 37 61 121 12 0 0; 384 42 59 125 21 0 1; 321 73 26 68 36 1 1; ]
0400401513[331 37 62 120 12 0 0; 385 42 59 126 21 0 1; 323 72 25 69 36 1 1; ]
0400401514[329 37 61 118 12 0 0; 363 51 40 112 20 1 1; 388 43 58 126 21 0 1; 325 71 24 69 36 1 1; ]
0400401515[328 37 59 115 12 0 0; 365 51 39 113 20 1 1; 391 43 57 126 21 0 1; 326 71 23 70 36 1 1; ]
0400401516[327 37 56 120 12 0 0; 366 51 40 115 20 1 1; 395 44 57 126 21 0 1; ]
0400401517[326 36 56 122 12 0 0; 366 50 43 117 20 1 1; 398 44 56 127 21 0 1; ]
0400401518[325 34 56 122 12 0 0; 366 48 45 119 20 1 1; 400 44 56 127 21 0 1; ]
0400401519[323 33 56 123 12 0 0; 367 48 46 121 20 0 1; 403 44 57 128 21 0 1; ]
0400401520[320 34 58 122 12 0 0; 368 48 46 123 20 0 1; 405 44 57 129 21 0 1; ]
0400401521[315 36 61 121 12 0 0; 370 48 46 125 20 0 1; 408 44 57 130 21 0 1; ]
0400401522[312 37 63 120 12 0 0; 373 48 46 126 20 0 1; 410 44 58 131 21 0 1; ]
0400401523[350 79 27 67 9 1 1; 309 37 63 121 12 0 0; 376 48 45 128 20 0 1; 412 44 59 132 21 0 1; ]
0400401524[351 78 26 69 9 1 1; 307 37 62 122 12 0 0; 376 48 46 129 20 0 1; 413 44 61 132 21 0 1; ]
0400401525[352 76 26 70 9 1 1; 306 37 62 124 12 0 0; 377 47 47 131 20 0 1; 414 44 62 134 21 0 1; ]
0400401526[354 74 26 71 9 1 1; 305 37 62 127 12 0 0; 377 47 48 132 20 0 1; 416 41 62 137 21 0 1; ]
0400401527[355 73 26 72 9 1 1; 303 37 62 131 12 0 0; 378 47 49 134 20 0 1; 418 39 62 140 21 0 1; ]
0400401528[356 72 26 72 9 0 1; 302 37 63 137 12 0 0; 380 46 50 134 20 0 1; 420 37 62 142 21 0 1; ]
0400401529[357 71 26 73 9 0 1; 301 35 64 141 12 0 0; 382 45 51 135 20 0 1; 422 35 62 144 21 0 1; ]
0400401530[358 70 26 73 9 0 1; 300 33 64 144 12 0 0; 385 44 52 135 20 0 1; 423 34 63 145 21 0 1; ]
0400401531[358 68 27 73 9 0 1; 299 31 64 147 12 0 0; 386 43 53 136 20 0 1; 425 32 66 146 21 0 1; ]
0400401532[359 68 26 74 9 0 1; 298 29 63 150 12 0 0; 388 41 54 137 20 0 1; 426 31 68 146 21 0 1; 344 69 19 73 37 1 1; ]
0400401533[361 68 26 74 9 0 1; 296 28 61 153 12 0 0; 389 39 54 139 20 0 1; 428 31 69 147 21 0 1; 344 68 20 74 37 1 1; ]
0400401534[363 68 26 74 9 0 1; 296 27 60 154 12 0 0; 390 37 55 141 20 0 1; 431 30 69 148 21 0 1; 344 67 22 74 37 1 1; ]
0400401535[364 68 26 74 9 0 1; 296 27 59 154 12 0 0; 391 36 55 143 20 0 1; 435 30 67 150 21 0 1; 344 66 23 74 37 1 1; ]
0400401536[365 68 27 74 9 0 1; 296 27 59 154 12 0 0; 393 35 54 145 20 0 1; 438 30 66 151 21 0 1; 344 66 24 74 37 0 1; ]
0400401537[365 68 27 74 9 0 1; 296 27 58 154 12 0 0; 397 34 53 147 20 0 1; 440 30 65 153 21 0 1; 344 66 26 74 37 0 1; ]
0400401538[366 68 28 74 9 0 1; 294 27 59 154 12 0 0; 401 34 50 149 20 0 1; 441 28 67 155 21 0 1; 343 66 27 74 37 0 1; ]
0400401539[366 68 28 75 9 0 1; 290 27 62 154 12 0 0; 405 33 49 150 20 0 1; 343 66 29 74 37 0 1; ]
0400401540[367 67 28 76 9 0 1; 287 27 64 154 12 0 0; 407 33 50 151 20 0 1; 342 66 29 74 37 0 1; ]
0400401541[367 66 28 76 9 0 1; 285 27 66 153 12 0 0; 409 32 50 152 20 0 1; 342 66 29 74 37 0 1; ]
0400401542[367 65 28 77 9 0 1; 284 26 69 150 12 0 0; 411 31 51 153 20 0 1; 342 66 29 74 37 0 1; ]
0400401543[368 64 28 77 9 0 1; 283 25 71 146 12 0 0; 412 31 53 153 20 0 1; 342 66 29 74 37 0 1; ]
0400401544[370 63 27 76 9 0 1; 286 22 66 148 12 0 0; 415 27 53 156 20 0 1; 347 63 31 77 37 0 1; ]
0400401545[372 63 26 76 9 0 1; 287 20 63 151 12 0 0; 417 24 54 159 20 0 1; 348 62 31 77 37 0 1; ]
0400401546[373 62 26 76 9 0 1; 288 19 62 154 12 0 0; 419 22 54 161 20 0 1; 349 60 31 78 37 0 1; ]
0400401547[373 61 26 77 9 0 1; 287 18 63 157 12 0 0; 420 20 55 164 20 0 1; 350 58 31 79 37 0 1; ]
0400401548[373 59 28 79 9 0 1; 285 17 65 160 12 0 0; 422 19 56 166 20 0 1; 351 57 31 79 37 0 1; ]
0400401549[374 58 29 81 9 0 1; 284 16 66 163 12 0 0; 423 17 58 168 20 0 1; 352 57 31 80 37 0 1; ]
0400401550[374 57 30 82 9 0 1; 285 16 67 164 12 0 0; 425 17 60 169 20 0 1; 353 56 32 81 37 0 1; ]
0400401551[375 58 30 81 9 0 1; 286 16 67 165 12 0 0; 426 16 62 171 20 0 1; 355 55 32 81 37 0 1; ]
0400401552[377 59 30 80 9 0 1; 287 16 68 165 12 0 0; 427 16 64 173 20 0 1; 356 55 32 82 37 0 1; ]
0400401553[379 60 29 80 9 0 1; 287 16 68 165 12 0 0; 428 17 65 174 20 0 1; 357 55 32 82 37 0 1; ]
0400401554[380 61 29 79 9 0 1; 288 16 68 165 12 0 0; 430 17 67 176 20 0 1; 358 56 32 81 37 0 1; ]
0400401555[380 61 31 81 9 0 1; 289 16 69 165 12 0 0; 431 18 69 177 20 0 1; 360 58 31 81 37 0 1; ]
0400401556[380 61 32 82 9 0 1; 290 16 69 164 12 0 0; 432 17 70 179 20 0 1; 361 60 30 80 37 0 1; ]
0400401557[380 61 32 83 9 0 1; 292 16 69 161 12 0 0; 434 16 72 181 20 0 1; 362 60 30 81 37 0 1; ]
0400401558[381 61 32 83 9 0 1; 293 16 70 156 12 0 0; 436 15 73 183 20 0 1; 362 60 30 81 37 0 1; ]
0400401559[382 61 32 83 9 0 1; 296 16 68 158 12 0 0; 363 60 30 81 37 0 1; ]
0400401560[384 60 30 83 9 0 1; 297 16 67 161 12 0 0; 364 60 30 82 37 0 1; ]
0400401561[386 60 29 83 9 0 1; 299 16 66 163 12 0 0; 364 59 30 83 37 0 1; ]
0400401562[388 60 28 83 9 0 1; 300 16 67 165 12 0 0; 365 57 30 85 37 0 1; ]
0400401563[388 60 28 84 9 0 1; 301 16 67 167 12 0 0; 366 56 30 87 37 0 1; ]
0400401564[389 60 29 85 9 0 1; 302 16 68 169 12 0 0; 367 55 30 88 37 0 1; ]
0400401565[389 60 30 87 9 0 1; 304 16 68 170 12 0 0; 368 56 31 88 37 0 1; ]
0400401566[390 60 31 88 9 0 1; 305 16 68 172 12 0 0; 369 57 32 88 37 0 1; ]
0400401567[391 60 32 88 9 0 1; 306 16 69 173 12 0 0; 370 58 33 89 37 0 1; ]
0400401568[392 61 32 88 9 0 1; 306 16 70 175 12 0 0; 371 59 34 89 37 0 1; ]
0400401569[393 62 32 88 9 0 1; 307 16 71 176 12 0 0; 371 59 34 89 37 0 1; ]
0400401570[393 62 33 88 9 0 1; 307 16 72 177 12 0 0; 372 59 34 90 37 0 1; ]
0400401571[395 62 33 88 9 0 1; 308 16 72 176 12 0 0; 372 59 34 91 37 0 1; ]
0400401572[396 61 33 88 9 0 1; 311 16 72 174 12 0 0; 476 72 17 31 34 1 0; 373 59 34 91 37 0 1; ]
0400401573[398 61 33 88 9 0 1; 314 16 72 171 12 0 0; 475 74 17 31 34 1 0; 374 59 34 92 37 1 1; ]
0400401574[399 61 34 89 9 0 1; 317 16 73 169 12 0 0; 474 75 17 31 34 1 0; 376 59 34 93 37 1 1; ]
0400401575[400 61 34 90 9 0 1; 320 16 74 168 12 0 0; 473 76 17 31 34 1 0; 378 59 34 93 37 1 1; ]
0400401576[401 61 34 92 9 0 1; 323 16 75 167 12 0 0; 472 76 17 31 34 1 0; 380 59 34 94 37 1 1; ]
0400401577[401 61 35 93 9 0 1; 325 16 77 169 12 0 0; 472 77 17 31 34 1 0; 381 59 33 94 37 1 1; ]
0400401578[402 61 35 94 9 0 1; 326 16 79 173 12 0 0; 471 77 17 31 34 1 0; 383 59 33 94 37 1 1; ]
0400401579[404 61 35 93 9 0 1; 329 16 80 177 12 0 0; 471 76 17 32 34 1 0; 384 59 32 94 37 1 1; ]
0400401580[406 62 34 92 9 0 1; 333 16 79 179 12 0 0; 471 74 17 33 34 1 0; 385 59 31 94 37 1 1; ]
0400401581[408 62 34 91 9 1 1; 338 15 77 182 12 0 0; 470 73 17 33 34 1 0; 388 59 30 94 37 1 1; ]
0400401582[409 62 34 90 9 1 1; 342 14 75 183 12 0 0; 470 72 17 33 34 1 0; 390 59 29 94 37 1 1; ]
0400401583[411 60 34 94 9 1 1; 345 13 76 184 12 0 0; 469 72 18 33 34 1 0; 390 59 29 94 37 1 1; ]
0400401584[413 58 34 97 9 1 1; 348 12 76 185 12 0 0; 468 71 19 33 34 1 0; 390 59 29 94 37 1 1; ]
0400401585[415 56 34 100 9 1 1; 350 12 77 185 12 0 0; 467 71 20 33 34 1 0; ]
0400401586[417 55 34 101 9 1 1; 353 11 77 185 12 0 0; 467 71 20 33 34 1 0; ]
0400401587[420 54 33 101 9 1 1; 356 11 79 184 12 0 0; 467 71 20 33 34 1 0; ]
0400401588[423 53 32 101 9 1 1; 359 10 80 182 12 0 0; 467 71 20 33 34 1 0; ]
0400401589[426 53 31 101 9 1 1; 363 10 79 181 12 0 0; 467 71 20 33 34 1 0; ]
0400401590[427 53 30 101 9 1 1; 366 10 78 181 12 0 0; 466 71 20 34 34 1 0; ]
0400401591[428 53 31 102 9 1 1; 368 10 78 181 12 0 0; 464 71 20 34 34 1 0; ]
0400401592[428 53 33 103 9 1 1; 370 10 78 182 12 0 0; 462 71 20 36 34 1 0; ]
0400401593[429 54 34 105 9 1 1; 372 10 79 185 12 0 0; 459 71 20 37 34 1 0; ]
0400401594[429 54 35 106 9 1 1; 374 10 80 188 12 0 0; 458 71 20 36 34 1 0; ]
0400401595[432 54 36 105 9 1 1; 378 10 81 190 12 0 0; 458 71 20 36 34 1 0; ]
0400401596[436 54 36 105 9 1 1; 384 10 83 192 12 0 0; ]
0400401597[388 10 85 194 12 0 0; ]
0400401598[389 10 85 197 12 0 0; ]
0400401599[390 8 86 200 12 0 0; ]
0400401600[392 7 86 201 12 0 0; ]
0400401601[396 6 85 201 12 0 0; ]
0400401602[402 6 82 199 12 0 0; ]
0400401603[409 5 78 196 12 0 0; ]
0400401604[412 4 79 195 12 0 0; ]
0400401605[415 2 80 194 12 0 0; ]
0400401606[414 57 49 97 10 1 1; 418 2 81 193 12 0 0; ]
0400401607[416 57 42 100 10 1 1; 422 2 82 191 12 0 0; ]
0400401608[418 53 42 105 10 1 1; 426 2 82 189 12 0 0; ]
0400401609[421 46 42 112 10 1 1; ]
0400401610[424 42 43 115 10 1 1; ]
0400401611[427 42 42 115 10 1 1; ]
0400401612[430 43 41 115 10 1 1; ]
0400401613[433 43 40 115 10 1 1; ]
0400401614[435 42 42 116 10 1 1; ]
0400401615[437 41 45 118 10 1 1; ]
0400401616[440 41 47 120 10 1 1; ]
0400401617[442 40 49 122 10 1 1; ]
0400401618[445 40 50 123 10 1 1; ]
0400401619[449 39 51 124 10 1 1; ]
0400401620[453 38 52 125 10 1 1; ]
0400401621[]
0400401622[]
0400401623[]
0400401624[]
0400401625[]
0400401626[]
0400401627[]
0400401628[]
0400401629[]
0400401630[]
0400401631[]
0400401632[]
0400401633[]
0400401634[]
0400401635[488 77 15 32 33 1 1; ]
0400401636[492 76 15 33 33 1 1; ]
0400401637[495 74 14 34 33 1 1; ]
0400401638[]
0400401639[473 76 20 31 30 1 0; ]
0400401640[468 76 20 32 30 1 0; ]
0400401641[464 76 20 33 30 1 0; ]
0400401642[461 76 20 33 30 1 0; ]
0400401643[460 76 20 33 30 1 0; ]
0400401644[461 76 20 33 30 1 0; ]
0400401645[463 76 22 33 30 1 0; ]
0400401646[465 76 23 33 30 1 0; ]
0400401647[468 76 23 33 30 1 0; ]
0400401648[471 76 23 33 30 1 0; ]
0400401649[474 76 23 33 30 1 0; ]
0400401650[477 76 23 33 30 1 0; ]
0400401651[481 76 22 33 30 1 0; ]
0400401652[482 76 22 33 30 1 0; ]
0400401653[484 76 22 33 30 1 0; ]
0400401654[485 76 22 33 30 1 0; ]
0400401655[486 76 22 33 30 1 0; ]
0400401656[487 76 22 32 30 1 0; ]
0400401657[487 76 22 32 30 1 0; ]
0400401658[489 75 22 32 30 1 0; ]
0400401659[]
0400401660[]
0400401661[]
0400401662[]
0400401663[]
0400401664[]
0400401665[]
0400401666[]
0400401667[]
0400401668[]
0400401669[]
0400401670[]
0400401671[]
0400401672[]
0400401673[]
0400401674[]
0400401675[]
0400401676[]
0400401677[]
0400401678[]
0400401679[]
0400401680[]
0400401681[]
0400401682[]
0400401683[]
0400401684[]
0400401685[]
0400401686[]
0400401687[]
0400401688[]
0400401689[]
0400401690[]
0400401691[]
0400401692[]
0400401693[]
0400401694[]
0400401695[]
0400401696[]
0400401697[]
0400401698[]
0400401699[]
0400401700[]
0400401701[]
0400401702[]
0400401703[]
0400401704[]
0400401705[]
0400401706[]
0400401707[]
0400401708[]
0400401709[]
0400401710[]
0400401711[]
0400401712[]
0400401713[]
0400401714[]
0400401715[]
0400401716[]
0400401717[]
0400401718[]
0400401719[]
0400401720[]
0400401721[]
0400401722[]
0400401723[]
0400401724[]
0400401725[]
0400401726[]
0400401727[]
0400401728[]
0400401729[]
0400401730[]
0400401731[]
0400401732[]
0400401733[]
0400401734[]
0400401735[]
0400401736[]
0400401737[]
0400401738[]
0400401739[]
0400401740[]
0400401741[]
0400401742[]
0400401743[]
0400401744[]
0400401745[]
0400401746[]
0400401747[]
0400401748[]
0400401749[]
0400401750[]
0400401751[]
0400401752[]
0400401753[]
0400401754[]
0400401755[]
0400401756[]
0400401757[]
0400401758[]
0400401759[]
0400401760[]
0400401761[]
0400401762[]
0400401763[]
0400401764[]
0400401765[]
0400401766[]
0400401767[]
0400401768[]
0400401769[453 91 21 35 15 1 0; ]
0400401770[453 91 22 35 15 1 0; ]
0400401771[451 91 23 35 15 1 0; ]
0400401772[450 91 23 35 15 1 0; ]
0400401773[446 91 23 35 15 1 0; ]
0400401774[441 90 22 35 15 1 0; ]
0400401775[438 89 21 35 15 1 0; ]
0400401776[438 88 21 35 15 1 0; ]
0400401777[438 88 21 35 15 1 0; ]
0400401778[438 88 21 35 15 1 0; ]
0400401779[438 88 21 35 15 1 0; ]
0400401780[437 88 22 35 15 1 0; ]
0400401781[436 88 22 35 15 1 0; ]
0400401782[435 88 23 35 15 1 0; ]
0400401783[434 88 25 35 15 1 0; ]
0400401784[434 89 26 35 15 1 0; ]
0400401785[434 90 27 35 15 1 0; ]
0400401786[433 90 27 35 15 1 0; ]
0400401787[433 89 27 35 15 1 0; ]
0400401788[432 89 27 36 15 1 0; ]
0400401789[430 89 27 36 15 1 0; ]
0400401790[429 89 27 37 15 1 0; ]
0400401791[429 89 26 37 15 1 0; ]
0400401792[428 87 28 37 15 1 0; ]
0400401793[427 86 29 38 15 1 0; ]
0400401794[426 85 29 38 15 1 0; ]
0400401795[425 85 28 39 15 1 0; ]
0400401796[423 85 27 39 15 1 0; ]
0400401797[423 85 27 39 15 1 0; ]
0400401798[423 85 27 38 15 1 0; ]
0400401799[423 85 26 36 15 1 0; ]
0400401800[423 85 26 35 15 1 0; ]
0400401801[422 85 26 35 15 1 0; ]
0400401802[422 83 27 37 15 1 0; ]
0400401803[422 83 28 38 15 1 0; ]
0400401804[422 83 28 39 15 1 0; ]
0400401805[422 83 28 40 15 1 0; ]
0400401806[423 83 28 41 15 1 0; ]
0400401807[423 84 28 40 15 1 0; ]
0400401808[423 85 29 38 15 1 0; ]
0400401809[424 86 29 37 15 1 0; ]
0400401810[424 86 29 37 15 1 0; ]
0400401811[424 86 29 37 15 1 0; ]
0400401812[424 85 30 38 15 1 0; ]
0400401813[426 86 28 37 15 1 0; ]
0400401814[427 87 27 37 15 1 0; ]
0400401815[428 88 26 37 15 1 0; ]
0400401816[428 89 26 37 15 1 0; ]
0400401817[429 91 26 38 15 1 0; ]
0400401818[429 91 26 38 15 1 0; ]
0400401819[429 91 26 39 15 1 0; ]
0400401820[431 89 26 41 15 1 0; ]
0400401821[432 86 26 43 15 1 0; ]
0400401822[434 84 26 44 15 1 0; ]
0400401823[436 85 25 44 15 1 0; ]
0400401824[437 85 25 45 15 1 0; ]
0400401825[438 84 25 46 15 1 0; ]
0400401826[439 80 25 48 15 1 0; ]
0400401827[441 77 25 50 15 1 0; ]
0400401828[442 76 26 51 15 1 0; ]
0400401829[444 76 25 51 15 1 0; ]
0400401830[446 78 24 50 15 1 0; ]
0400401831[448 80 23 48 15 1 0; ]
0400401832[450 82 23 47 15 1 0; ]
0400401833[451 83 22 45 15 1 0; ]
0400401834[452 84 22 44 15 1 0; ]
0400401835[452 85 25 43 15 1 0; ]
0400401836[452 85 27 43 15 1 0; ]
0400401837[452 85 28 43 15 1 0; ]
0400401838[453 85 28 43 15 1 0; ]
0400401839[454 84 28 44 15 1 0; ]
0400401840[455 83 28 44 15 1 0; ]
0400401841[457 82 28 45 15 1 0; ]
0400401842[460 81 28 45 15 1 0; ]
0400401843[461 80 29 45 15 1 0; ]
0400401844[462 78 31 47 15 1 0; ]
0400401845[462 77 32 48 15 1 0; ]
0400401846[463 77 32 48 15 1 0; ]
0400401847[465 78 31 47 15 1 0; ]
0400401848[468 80 29 46 15 1 0; ]
0400401849[470 82 28 45 15 1 0; ]
0400401850[472 81 28 46 15 1 0; ]
0400401851[474 80 30 48 15 1 0; ]
0400401852[476 79 30 49 15 1 0; ]
0400401853[477 79 30 49 15 1 0; ]
0400401854[478 78 30 48 15 1 0; ]
0400401855[479 78 30 48 15 1 0; ]
0400401856[]
0400401857[]
0400401858[]
0400401859[]
0400401860[]
0400401861[]
0400401862[]
0400401863[]
0400401864[]
0400401865[]
0400401866[]
0400401867[]
0400401868[]
0400401869[]
0400401870[]
0400401871[]
0400401872[]
0400401873[]
0400401874[]
0400401875[]
0400401876[]
0400401877[]
0400401878[]
0400401879[]
0400401880[]
0400401881[]
0400401882[]
0400401883[]
0400401884[]
0400401885[]
0400401886[]
0400401887[]
0400401888[]
0400401889[]
0400401890[]
0400401891[]
0400401892[]
0400401893[]
0400401894[]
0400401895[]
0400401896[]
0400401897[]
0400401898[]
0400401899[]
0400401900[]
0400401901[]
0400401902[]
0400401903[]
0400401904[]
0400401905[]
0400401906[]
0400401907[]
0400401908[]
0400401909[]
0400401910[]
0400401911[]
0400401912[]
0400401913[]
0400401914[]
0400401915[]
0400401916[]
0400401917[]
0400401918[]
0400401919[]
0400401920[]
0400401921[]
0400401922[]
0400401923[]
0400401924[]
0400401925[]
0400401926[]
0400401927[]
0400401928[]
0400401929[]
0400401930[]
0400401931[]
0400401932[]
0400401933[]
0400401934[]
0400401935[]
0400401936[]
0400401937[]
0400401938[]
0400401939[]
0400401940[]
0400401941[]
0400401942[]
0400401943[]
0400401944[]
0400401945[]
0400401946[]
0400401947[]
0400401948[]
0400401949[]
0400401950[]
0400401951[]
0400401952[]
0400401953[]
0400401954[]
0400401955[]
0400401956[]
0400401957[]
0400401958[]
0400401959[]
0400401960[]
0400401961[]
0400401962[]
0400401963[]
0400401964[]
0400401965[]
0400401966[]
0400401967[]
0400401968[]
0400401969[]
0400401970[]
0400401971[]
0400401972[]
0400401973[]
0400401974[]
0400401975[]
0400401976[]
0400401977[]
0400401978[]
0400401979[]
0400401980[]
0400401981[]
0400401982[]
0400401983[]
0400401984[]
0400401985[]
0400401986[]
0400401987[]
0400401988[]
0400401989[]
0400401990[]
0400401991[]
0400401992[]
0400401993[]
0400401994[]
0400401995[]
0400401996[]
0400401997[]
0400401998[]
0400401999[]
0400402000[]
0400402001[]
0400402002[]
0400402003[]
0400402004[]
0400402005[]
0400402006[]
0400402007[]
0400402008[]
0400402009[]
0400402010[]
0400402011[]
0400402012[]
0400402013[]
0400402014[]
0400402015[]
0400402016[]
0400402017[]
0400402018[]
0400402019[]
0400402020[]
0400402021[]
0400402022[]
0400402023[]
0400402024[]
0400402025[]
0400402026[]
0400402027[]
0400402028[]
0400402029[]
0400402030[]
0400402031[]
0400402032[]
0400402033[]
0400402034[]
0400402035[]
0400402036[]
0400402037[]
0400402038[]
0400402039[]
0400402040[]
0400402041[]
0400402042[]
0400402043[]
0400402044[]
0400402045[]
0400402046[]
0400402047[]
0400402048[]
0400402049[]
0400402050[]
0400402051[]
0400402052[]
0400402053[]
0400402054[]
0400402055[]
0400402056[]
0400402057[]
0400402058[]
0400402059[]
0400402060[]
0400402061[]
0400402062[]
0400402063[]
0400402064[]
0400402065[]
0400402066[]
0400402067[]
0400402068[]
0400402069[]
0400402070[]
0400402071[]
0400402072[]
0400402073[]
0400402074[]
0400402075[]
0400402076[]
0400402077[]
0400402078[]
0400402079[]
0400402080[]
0400402081[]
0400402082[]
0400402083[]
0400402084[]
0400402085[]
0400402086[]
0400402087[]
0400402088[]
0400402089[]
0400402090[]
0400402091[]
0400402092[]
0400402093[]
0400402094[]
0400402095[]
0400402096[]
0400402097[]
0400402098[]
0400402099[]
0400402100[]
0400402101[]
0400402102[]
0400402103[]
0400402104[]
0400402105[]
0400402106[]
0400402107[]
0400402108[]
0400402109[]
0400402110[]
0400402111[]
0400402112[]
0400402113[]
0400402114[]
0400402115[]
0400402116[]
0400402117[]
0400402118[]
0400402119[]
0400402120[]
0400402121[]
0400402122[]
0400402123[]
0400402124[]
0400402125[]
0400402126[]
0400402127[]
0400402128[]
0400402129[]
0400402130[]
0400402131[]
0400402132[]
0400402133[]
0400402134[]
0400402135[]
0400402136[]
0400402137[]
0400402138[]
0400402139[]
0400402140[]
0400402141[]
0400402142[]
0400402143[]
0400402144[]
0400402145[]
0400402146[]
0400402147[]
0400402148[]
0400402149[]
0400402150[]
0400402151[]
0400402152[]
0400402153[]
0400402154[]
0400402155[]
0400402156[]
0400402157[]
0400402158[]
0400402159[]
0400402160[]
0400402161[]
0400402162[]
0400402163[]
0400402164[]
0400402165[]
0400402166[]
0400402167[]
0400402168[]
0400402169[]
0400402170[]
0400402171[]
0400402172[]
0400402173[]
0400402174[]
0400402175[]
0400402176[]
0400402177[]
0400402178[]
0400402179[]
0400402180[]
0400402181[]
0400402182[]
0400402183[]
0400402184[]
0400402185[]
0400402186[]
0400402187[]
0400402188[]
0400402189[]
0400402190[]
0400402191[]
0400402192[]
0400402193[]
0400402194[]
0400402195[]
0400402196[]
0400402197[]
0400402198[278 91 15 30 16 0 1; ]
0400402199[280 90 15 31 16 0 1; ]
0400402200[282 89 15 31 16 0 1; ]
0400402201[284 88 15 31 16 0 1; ]
0400402202[287 88 15 31 16 0 1; ]
0400402203[289 88 16 31 16 0 1; ]
0400402204[290 88 16 31 16 0 1; ]
0400402205[292 89 17 31 16 0 1; ]
0400402206[295 89 16 31 16 0 1; ]
0400402207[298 89 15 31 16 0 1; ]
0400402208[300 89 14 31 16 0 1; ]
0400402209[302 89 14 31 16 0 1; ]
0400402210[303 89 15 31 16 0 1; ]
0400402211[305 89 15 31 16 0 1; ]
0400402212[307 89 16 31 16 0 1; ]
0400402213[308 88 17 31 16 0 1; ]
0400402214[310 88 18 31 16 0 1; ]
0400402215[312 89 18 31 16 0 1; ]
0400402216[314 90 18 31 16 0 1; ]
0400402217[316 90 18 31 16 0 1; ]
0400402218[318 90 17 31 16 0 1; ]
0400402219[320 89 17 30 16 0 1; ]
0400402220[322 89 17 30 16 0 1; ]
0400402221[]
0400402222[]
0400402223[]
0400402224[]
0400402225[]
0400402226[]
0400402227[]
0400402228[]
0400402229[]
0400402230[]
0400402231[]
0400402232[]
0400402233[]
0400402234[]
0400402235[]
0400402236[]
0400402237[]
0400402238[]
0400402239[319 83 12 33 17 1 1; ]
0400402240[350 83 15 31 16 0 1; 319 83 13 33 17 1 1; ]
0400402241[351 83 15 31 16 0 1; 319 83 14 33 17 1 1; ]
0400402242[352 82 15 31 16 0 1; 319 83 15 33 17 1 1; ]
0400402243[353 81 15 32 16 0 1; 319 83 16 33 17 1 1; ]
0400402244[355 80 15 32 16 0 1; 320 83 17 32 17 1 1; ]
0400402245[356 79 15 33 16 0 1; 320 83 17 31 17 1 1; ]
0400402246[358 78 15 33 16 0 1; 321 81 17 30 17 1 1; ]
0400402247[359 77 14 33 16 0 1; 322 79 17 30 17 1 1; ]
0400402248[360 73 14 34 16 0 1; 324 76 17 30 17 1 1; ]
0400402249[362 68 14 35 16 0 1; ]
0400402250[363 66 14 36 16 0 1; ]
0400402251[363 66 15 35 16 0 1; ]
0400402252[364 67 15 32 16 0 1; ]
0400402253[365 68 15 31 16 1 1; 331 70 15 31 17 0 1; ]
0400402254[366 75 15 33 16 1 1; 332 73 15 32 17 0 1; ]
0400402255[367 81 14 34 16 1 1; 332 80 14 32 17 0 1; ]
0400402256[368 85 14 35 16 1 1; 333 86 13 32 17 0 1; ]
0400402257[369 89 14 35 16 1 1; 334 90 13 32 17 0 1; ]
0400402258[370 93 14 35 16 1 1; 335 92 13 32 17 0 1; ]
0400402259[371 95 14 35 16 1 1; 336 94 14 33 17 0 1; ]
0400402260[371 93 15 35 16 1 1; 337 94 14 34 17 0 1; ]
0400402261[372 90 15 35 16 1 1; 338 93 14 33 17 0 1; ]
0400402262[373 87 15 35 16 1 1; 339 90 14 32 17 0 1; ]
0400402263[374 85 15 34 16 1 1; 340 88 14 32 17 0 1; ]
0400402264[376 83 14 33 16 1 1; 340 85 15 32 17 0 1; ]
0400402265[378 80 12 31 16 1 1; 341 82 16 32 17 0 1; ]
0400402266[341 80 17 32 17 0 1; ]
0400402267[342 80 17 32 17 0 1; ]
0400402268[342 79 17 32 17 0 1; ]
0400402269[343 79 17 32 17 0 1; ]
0400402270[344 80 17 33 17 0 1; ]
0400402271[345 81 17 33 17 0 1; ]
0400402272[346 82 17 33 17 0 1; ]
0400402273[346 82 17 33 17 0 1; ]
0400402274[346 83 17 33 17 0 1; ]
0400402275[347 84 17 33 17 0 1; ]
0400402276[347 86 17 33 17 0 1; ]
0400402277[348 88 17 32 17 0 1; ]
0400402278[349 89 17 31 17 0 1; ]
0400402279[350 88 17 31 17 0 1; ]
0400402280[351 88 17 32 17 0 1; ]
0400402281[351 86 18 33 17 0 1; ]
0400402282[352 85 18 34 17 0 1; ]
0400402283[352 83 18 34 17 0 1; ]
0400402284[352 80 18 35 17 0 1; ]
0400402285[353 79 19 35 17 0 1; ]
0400402286[353 78 20 36 17 0 1; ]
0400402287[354 78 20 36 17 0 1; ]
0400402288[354 78 20 36 17 0 1; ]
0400402289[355 79 19 35 17 0 1; ]
0400402290[356 79 19 35 17 0 1; ]
0400402291[357 79 18 35 17 0 1; ]
0400402292[357 77 18 36 17 0 1; ]
0400402293[358 77 18 36 17 0 1; ]
0400402294[358 77 18 36 17 0 1; ]
0400402295[359 78 18 36 17 0 1; ]
0400402296[359 78 19 36 17 0 1; 409 76 15 30 18 1 1; ]
0400402297[360 78 19 35 17 0 1; 410 76 15 32 18 1 1; ]
0400402298[361 78 18 34 17 0 1; 411 76 15 32 18 1 1; ]
0400402299[361 78 18 33 17 0 1; 412 76 14 32 18 1 1; ]
0400402300[363 78 18 34 17 0 1; 413 76 14 31 18 1 1; ]
0400402301[364 78 19 35 17 0 1; 413 77 13 31 18 1 1; 358 79 12 31 19 1 1; ]
0400402302[365 78 19 36 17 0 1; 414 77 14 32 18 1 1; 358 78 12 33 19 1 1; ]
0400402303[365 78 19 36 17 0 1; 414 78 14 33 18 1 1; 358 78 12 33 19 1 1; ]
0400402304[366 79 19 36 17 0 1; 415 79 15 33 18 1 1; 358 79 12 33 19 1 1; ]
0400402305[366 80 19 36 17 0 1; 416 80 15 33 18 1 1; 359 80 12 33 19 1 1; ]
0400402306[367 81 18 35 17 0 1; 417 80 14 32 18 1 1; 360 82 12 33 19 0 1; ]
0400402307[369 82 18 35 17 0 1; 418 80 14 32 18 1 1; 361 83 13 33 19 0 1; ]
0400402308[371 83 18 35 17 0 1; 419 80 14 33 18 1 1; 361 84 15 32 19 0 1; ]
0400402309[371 83 18 35 17 0 1; 420 80 15 35 18 1 1; 361 84 17 32 19 0 1; ]
0400402310[372 84 19 35 17 0 1; 420 80 15 36 18 1 1; 361 83 17 33 19 0 1; ]
0400402311[373 84 20 35 17 0 1; 421 79 16 34 18 1 1; 361 82 17 35 19 0 1; ]
0400402312[374 84 20 35 17 0 1; 422 78 17 34 18 1 1; 361 82 17 36 19 0 1; ]
0400402313[376 83 19 35 17 0 1; 423 78 17 33 18 1 1; 363 82 17 36 19 0 1; ]
0400402314[377 83 19 36 17 0 1; 425 79 17 34 18 1 1; 365 82 17 36 19 0 1; ]
0400402315[378 83 19 37 17 0 1; 427 80 16 35 18 1 1; 367 82 17 36 19 0 1; ]
0400402316[379 83 19 38 17 0 1; 429 80 16 36 18 1 1; 368 82 17 35 19 0 1; ]
0400402317[380 83 19 38 17 0 1; 429 80 16 35 18 1 1; 368 83 17 34 19 0 1; ]
0400402318[380 83 19 38 17 0 1; 430 80 17 35 18 1 1; 368 84 18 33 19 0 1; ]
0400402319[381 83 20 37 17 0 1; 430 79 17 35 18 1 1; 369 84 19 34 19 0 1; ]
0400402320[382 83 20 37 17 0 1; 431 79 17 35 18 1 1; 370 83 20 34 19 0 1; ]
0400402321[384 82 19 37 17 0 1; 433 78 17 35 18 1 1; 371 83 20 35 19 0 1; ]
0400402322[386 80 18 38 17 0 1; 435 77 17 36 18 1 1; 372 82 19 35 19 0 1; ]
0400402323[388 78 18 38 17 0 1; 436 75 17 36 18 1 1; 374 80 18 36 19 0 1; ]
0400402324[388 76 18 39 17 0 1; 438 73 17 37 18 1 1; 375 78 18 36 19 0 1; ]
0400402325[388 74 18 39 17 0 1; 439 71 17 37 18 1 1; 376 76 18 36 19 0 1; ]
0400402326[389 73 19 39 17 0 1; 440 69 17 38 18 1 1; 378 75 18 36 19 0 1; ]
0400402327[390 73 19 39 17 0 1; 442 68 17 39 18 1 1; 378 73 18 36 19 0 1; ]
0400402328[391 73 20 37 17 0 1; 443 67 17 39 18 1 1; 379 70 17 38 19 0 1; ]
0400402329[393 74 20 35 17 0 1; 444 67 17 39 18 1 1; 379 67 17 41 19 0 1; ]
0400402330[394 73 20 36 17 0 1; 445 67 19 39 18 1 1; 380 66 17 43 19 0 1; ]
0400402331[395 73 20 38 17 0 1; 446 67 19 39 18 1 1; 380 67 17 42 19 0 1; ]
0400402332[397 73 20 38 17 0 1; 447 68 19 39 18 1 1; 381 70 18 40 19 0 1; ]
0400402333[398 74 20 38 17 0 1; 449 68 19 39 18 1 1; 382 76 19 36 19 0 1; ]
0400402334[400 76 20 37 17 0 1; 450 69 19 39 18 1 1; 383 76 19 37 19 0 1; ]
0400402335[401 77 20 37 17 0 1; 451 70 19 39 18 1 1; 384 76 19 38 19 0 1; ]
0400402336[402 77 20 37 17 0 1; 452 71 19 37 18 1 1; 384 76 19 38 19 0 1; ]
0400402337[403 77 20 38 17 0 1; 453 72 19 36 18 1 1; 385 76 19 38 19 0 1; ]
0400402338[403 78 20 38 17 0 1; 455 74 19 38 18 1 1; 385 77 20 37 19 0 1; ]
0400402339[404 79 20 39 17 0 1; 457 75 19 41 18 1 1; 385 78 20 37 19 0 1; ]
0400402340[406 81 20 39 17 0 1; 459 77 19 43 18 1 1; 387 80 20 36 19 0 1; ]
0400402341[407 83 20 39 17 0 1; 460 79 19 43 18 1 1; 389 82 19 35 19 0 1; ]
0400402342[408 84 20 39 17 0 1; 462 81 19 42 18 1 1; 391 84 18 35 19 0 1; ]
0400402343[409 86 21 39 17 0 1; 463 83 19 41 18 1 1; 392 86 17 35 19 0 1; ]
0400402344[410 88 22 39 17 0 1; 465 85 18 40 18 1 1; 394 87 17 35 19 0 1; ]
0400402345[412 89 22 40 17 0 1; 467 87 17 39 18 1 1; 394 89 17 36 19 0 1; ]
0400402346[413 90 22 40 17 0 1; 469 89 17 38 18 1 1; 395 91 17 36 19 0 1; ]
0400402347[415 91 22 41 17 0 1; 471 90 17 38 18 1 1; 395 93 18 36 19 0 1; ]
0400402348[416 93 22 40 17 0 1; 472 92 17 38 18 1 1; 395 96 20 36 19 0 1; ]
0400402349[418 94 20 40 17 0 1; 473 92 17 38 18 1 1; 397 97 21 35 19 0 1; ]
0400402350[419 95 20 39 17 0 1; 475 92 17 39 18 1 1; 398 97 21 35 19 0 1; ]
0400402351[422 95 20 39 17 0 1; 477 92 18 39 18 1 1; 400 97 21 35 19 0 1; ]
0400402352[425 94 20 38 17 0 1; 479 91 19 41 18 1 1; 402 95 20 36 19 0 1; ]
0400402353[427 94 20 38 17 0 1; 483 89 18 44 18 1 1; 403 91 19 38 19 0 1; ]
0400402354[428 91 21 38 17 0 1; 484 86 18 42 18 1 1; 405 88 18 39 19 0 1; ]
0400402355[429 87 22 39 17 0 1; 486 83 19 41 18 1 1; 406 85 18 40 19 0 1; ]
0400402356[431 83 23 39 17 0 1; 490 79 18 41 18 1 1; 408 82 18 40 19 0 1; ]
0400402357[432 80 23 40 17 0 1; 490 75 19 42 18 1 1; 409 79 19 41 19 0 1; ]
0400402358[434 77 22 41 17 0 1; 491 72 20 43 18 1 1; 411 77 20 40 19 0 1; ]
0400402359[436 74 21 42 17 0 1; 412 74 21 40 19 0 1; ]
0400402360[438 73 21 42 17 0 1; 414 73 21 39 19 0 1; ]
0400402361[440 72 21 43 17 0 1; 415 73 21 39 19 0 1; ]
0400402362[442 72 21 43 17 0 1; 417 73 21 40 19 0 1; ]
0400402363[444 72 22 43 17 0 1; 418 74 21 41 19 0 1; ]
0400402364[445 73 24 44 17 0 1; 419 77 21 38 19 0 1; ]
0400402365[446 73 24 44 17 0 1; 420 78 21 37 19 0 1; ]
0400402366[448 75 24 43 17 0 1; 422 79 21 37 19 0 1; ]
0400402367[450 77 24 41 17 0 1; 423 79 20 38 19 0 1; ]
0400402368[451 78 24 41 17 0 1; 425 78 19 41 19 0 1; ]
0400402369[452 79 25 41 17 0 1; 427 78 19 42 19 0 1; ]
0400402370[454 79 25 42 17 0 1; 429 79 19 41 19 0 1; ]
0400402371[456 79 26 43 17 0 1; 431 80 19 40 19 0 1; ]
0400402372[458 78 26 44 17 0 1; 433 80 19 39 19 0 1; ]
0400402373[460 77 26 44 17 0 1; 434 80 19 40 19 0 1; ]
0400402374[462 77 26 44 17 0 1; 436 80 20 40 19 0 1; ]
0400402375[465 78 25 43 17 0 1; 437 80 21 41 19 0 1; ]
0400402376[467 79 24 42 17 0 1; 439 80 21 40 19 0 1; ]
0400402377[469 79 23 42 17 0 1; 441 80 21 40 19 0 1; ]
0400402378[472 77 24 43 17 0 1; 443 79 21 39 19 0 1; ]
0400402379[474 74 25 45 17 0 1; 445 75 21 41 19 0 1; ]
0400402380[476 72 26 47 17 0 1; 447 73 20 42 19 0 1; ]
0400402381[478 71 26 48 17 0 1; 449 72 20 43 19 0 1; ]
0400402382[479 71 26 50 17 0 1; 451 72 19 44 19 0 1; ]
0400402383[481 71 27 50 17 0 1; 454 73 17 45 19 0 1; ]
0400402384[482 71 27 50 17 0 1; 457 74 17 45 19 0 1; ]
0400402385[459 75 17 44 19 0 1; ]
0400402386[462 75 17 41 19 0 1; ]
0400402387[463 76 17 39 19 0 1; ]
0400402388[465 77 16 40 19 0 1; ]
0400402389[466 80 15 42 19 0 1; ]
0400402390[467 81 14 43 19 0 1; ]
0400402391[469 81 14 43 19 0 1; ]
0400402392[471 81 14 43 19 0 1; ]
0400402393[474 79 14 43 19 0 1; ]
0400402394[475 80 15 44 19 0 1; ]
0400402395[477 81 16 46 19 0 1; ]
0400402396[478 82 17 47 19 0 1; ]
0400402397[479 81 17 47 19 0 1; ]
0400402398[481 79 17 46 19 0 1; ]
0400402399[482 77 18 45 19 0 1; ]
0400402400[482 77 18 45 19 0 1; ]
0400402401[485 77 17 45 19 0 1; ]
0400402402[487 77 17 45 19 0 1; ]
0400402403[488 76 17 46 19 0 1; ]
0400402404[489 74 18 49 19 0 1; ]
0400402405[490 73 19 50 19 0 1; ]
0400402406[491 74 18 50 19 0 1; ]
0400402407[492 75 17 50 19 0 1; ]
0400402408[493 77 17 50 19 0 1; ]
0400402409[494 78 17 51 19 0 1; ]
0400402410[]
0400402411[]
0400402412[]
0400402413[]
0400402414[]
0400402415[]
0400402416[]
0400402417[]
0400402418[]
0400402419[]
0400402420[]
0400402421[]
0400402422[]
0400402423[]
0400402424[]
0400402425[]
0400402426[]
0400402427[]
0400402428[]
0400402429[]
0400402430[]
0400402431[]
0400402432[]
0400402433[]
0400402434[]
0400402435[]
0400402436[]
0400402437[]
0400402438[]
0400402439[]
0400402440[]
0400402441[]
0400402442[]
0400402443[]
0400402444[]
0400402445[]
0400402446[]
0400402447[]
0400402448[]
0400402449[]
0400402450[]
0400402451[]
0400402452[]
0400402453[]
0400402454[]
0400402455[]
0400402456[]
0400402457[]
0400402458[]
0400402459[]
0400402460[]
0400402461[]
0400402462[]
0400402463[]
0400402464[]
0400402465[]
0400402466[]
0400402467[]
0400402468[]
0400402469[]
0400402470[]
0400402471[]
0400402472[]
0400402473[]
0400402474[]
0400402475[]
0400402476[]
0400402477[]
0400402478[]
0400402479[]
0400402480[]
0400402481[]
0400402482[]
0400402483[]
0400402484[]
0400402485[]
0400402486[]
0400402487[]
0400402488[]
0400402489[]
0400402490[]
0400402491[]
0400402492[]
0400402493[]
0400402494[]
0400402495[]
0400402496[]
0400402497[]
0400402498[]
0400402499[]
0400402500[]
0400402501[]
0400402502[]
0400402503[]
0400402504[]
0400402505[]
0400402506[]
0400402507[]
0400402508[]
0400402509[]
0400402510[]
0400402511[]
0400402512[]
0400402513[]
0400402514[]
0400402515[]
0400402516[]
0400402517[]
0400402518[]
0400402519[]
0400402520[]
0400402521[]
0400402522[]
0400402523[]
0400402524[]
0400402525[]
0400402526[]
0400402527[]
0400402528[]
0400402529[]
0400402530[]
0400402531[]
0400402532[]
0400402533[]
0400402534[]
0400402535[]
0400402536[]
0400402537[]
0400402538[]
0400402539[]
0400402540[]
0400402541[]
0400402542[]
0400402543[]
0400402544[]
0400402545[]
0400402546[]
0400402547[]
0400402548[]
0400402549[]
0400402550[]
0400402551[]
0400402552[]
0400402553[]
0400402554[]
0400402555[]
0400402556[]
0400402557[]
0400402558[]
0400402559[]
0400402560[]
0400402561[]
0400402562[]
0400402563[]
0400402564[]
0400402565[]
0400402566[]
0400402567[]
0400402568[]
0400402569[]
0400402570[]
0400402571[]
0400402572[]
0400402573[]
0400402574[]
0400402575[]
0400402576[]
0400402577[]
0400402578[]
0400402579[]
0400402580[]
0400402581[]
0400402582[]
0400402583[]
0400402584[]
0400402585[]
0400402586[]
0400402587[]
0400402588[]
0400402589[]
0400402590[]
0400402591[]
0400402592[]
0400402593[]
0400402594[]
0400402595[]
0400402596[]
0400402597[]
0400402598[]
0400402599[]
0400402600[]
0400402601[]
0400402602[]
0400402603[]
0400402604[]
0400402605[]
0400402606[]
0400402607[]
0400402608[]
0400402609[]
0400402610[]
0400402611[]
0400402612[]
0400402613[]
0400402614[]
0400402615[]
0400402616[]
0400402617[]
0400402618[]
0400402619[]
0400402620[]
0400402621[]
0400402622[]
0400402623[]
0400402624[]
0400402625[]
0400402626[]
0400402627[]
0400402628[]
0400402629[]
0400402630[]
0400402631[]
0400402632[]
0400402633[]
0400402634[]
0400402635[]
0400402636[]
0400402637[]
0400402638[]
0400402639[]
0400402640[]
0400402641[]
0400402642[]
0400402643[]
0400402644[]
0400402645[]
0400402646[]
0400402647[]
0400402648[]
0400402649[]
0400402650[]
0400402651[]
0400402652[]
0400402653[]
0400402654[]
0400402655[]
0400402656[]
0400402657[]
0400402658[]
0400402659[]
0400402660[]
0400402661[]
0400402662[]
0400402663[]
0400402664[]
0400402665[]
0400402666[]
0400402667[]
0400402668[]
0400402669[]
0400402670[]
0400402671[]
0400402672[]
0400402673[]
0400402674[]
0400402675[]
0400402676[]
0400402677[]
0400402678[]
0400402679[]
0400402680[]
0400402681[]
0400402682[]
0400402683[]
0400402684[]
0400402685[]
0400402686[]
0400402687[]
0400402688[]
0400402689[]
0400402690[]
0400402691[]
0400402692[]
0400402693[]
0400402694[]
0400402695[]
0400402696[]
0400402697[]
0400402698[]
0400402699[]
0400402700[]
0400402701[]
0400402702[]
0400402703[]
0400402704[]
0400402705[]
0400402706[]
0400402707[]
0400402708[]
0400402709[]
0400402710[]
0400402711[]
0400402712[]
0400402713[]
0400402714[]
0400402715[]
0400402716[]
0400402717[]
0400402718[]
0400402719[]
0400402720[]
0400402721[]
0400402722[]
0400402723[]
0400402724[]
0400402725[]
0400402726[]
0400402727[]
0400402728[]
0400402729[]
0400402730[]
0400402731[]
0400402732[]
0400402733[]
0400402734[]
0400402735[]
0400402736[]
0400402737[]
0400402738[]
0400402739[]
0400402740[]
0400402741[]
0400402742[]
0400402743[]
0400402744[]
0400402745[]
0400402746[]
0400402747[]
0400402748[]
0400402749[]
0400402750[]
0400402751[]
0400402752[]
0400402753[]
0400402754[]
0400402755[]
0400402756[]
0400402757[]
0400402758[]
0400402759[]
0400402760[]
0400402761[]
0400402762[]
0400402763[]
0400402764[]
0400402765[]
0400402766[]
0400402767[]
0400402768[]
0400402769[]
0400402770[]
0400402771[]
0400402772[]
0400402773[]
0400402774[]
0400402775[]
0400402776[]
0400402777[]
0400402778[]
0400402779[]
0400402780[]
0400402781[]
0400402782[]
0400402783[]
0400402784[]
0400402785[]
0400402786[]
0400402787[]
0400402788[]
0400402789[]
0400402790[]
0400402791[]
0400402792[]
0400402793[]
0400402794[]
0400402795[]
0400402796[]
0400402797[]
0400402798[]
0400402799[]
0400402800[]
0400402801[]
0400402802[]
0400402803[]
0400402804[]
0400402805[]
0400402806[]
0400402807[136 71 17 55 22 1 1; ]
0400402808[137 71 17 57 22 1 1; ]
0400402809[139 71 17 59 22 1 1; ]
0400402810[140 71 17 60 22 1 1; ]
0400402811[141 71 17 62 22 1 1; ]
0400402812[142 71 17 63 22 1 1; ]
0400402813[143 71 17 64 22 1 1; ]
0400402814[144 71 17 64 22 1 1; ]
0400402815[145 71 17 65 22 1 1; ]
0400402816[146 71 17 57 22 1 1; 128 73 22 55 24 1 1; ]
0400402817[147 71 17 58 22 1 1; 129 73 22 55 24 1 1; ]
0400402818[148 71 17 58 22 1 1; 130 73 22 55 24 1 1; ]
0400402819[149 71 18 58 22 1 1; 131 72 22 56 24 1 1; ]
0400402820[150 71 18 59 22 1 1; 132 72 21 56 24 1 1; ]
0400402821[150 70 18 59 22 1 1; 133 72 21 56 24 1 1; ]
0400402822[151 70 18 59 22 1 1; 134 72 21 56 24 1 1; ]
0400402823[152 70 18 59 22 1 1; 135 72 21 57 24 1 1; ]
0400402824[152 70 18 60 22 1 1; 136 71 20 57 24 1 1; ]
0400402825[153 70 18 60 22 1 1; 137 71 20 57 24 1 1; ]
0400402826[153 70 18 60 22 1 1; 138 71 20 57 24 1 1; ]
0400402827[154 70 18 60 22 1 1; 139 71 20 58 24 1 1; ]
0400402828[154 70 18 61 22 1 1; 141 71 19 58 24 1 1; ]
0400402829[155 70 18 61 22 1 1; 142 70 19 58 24 1 1; ]
0400402830[155 70 18 61 22 1 1; 143 70 19 58 24 1 1; ]
0400402831[155 70 18 61 22 1 1; 144 70 19 59 24 1 1; ]
0400402832[155 70 19 62 22 1 1; 144 70 19 59 24 1 1; 115 67 20 60 25 1 2; ]
0400402833[156 70 19 62 22 1 1; 144 70 18 59 24 1 1; 114 67 20 60 25 1 2; ]
0400402834[156 70 19 62 22 1 1; 145 69 18 59 24 1 1; 114 67 20 60 25 1 2; ]
0400402835[156 69 19 62 22 1 1; 145 69 18 60 24 1 1; 114 67 21 61 25 1 2; ]
0400402836[156 69 19 62 22 1 1; 145 69 18 60 24 1 1; 113 67 21 61 25 1 2; ]
0400402837[156 69 19 63 22 1 1; 145 69 18 60 24 1 1; 113 67 21 61 25 1 2; ]
0400402838[156 69 19 63 22 1 1; 145 68 18 61 24 1 1; 113 67 22 61 25 1 2; ]
0400402839[156 69 19 63 22 1 1; 145 68 18 61 24 1 1; 112 67 22 61 25 1 2; ]
0400402840[156 69 19 63 22 1 1; 145 68 18 62 24 1 1; 112 66 22 62 25 1 2; ]
0400402841[155 69 20 63 22 1 1; 145 68 18 62 24 1 1; 111 66 22 62 25 1 2; ]
0400402842[155 69 20 63 22 1 1; 145 67 18 62 24 1 1; 111 66 23 62 25 1 2; ]
0400402843[155 68 20 63 22 1 1; 145 67 18 63 24 1 1; 111 66 23 63 25 1 2; 96 68 17 62 26 1 1; ]
0400402844[155 68 20 63 22 1 1; 145 67 18 63 24 1 1; 110 66 23 63 25 1 2; 95 69 17 61 26 1 1; ]
0400402845[155 68 20 64 22 1 1; 145 67 18 64 24 1 1; 110 66 23 63 25 1 2; 93 71 17 61 26 1 1; ]
0400402846[155 68 20 64 22 1 1; 145 66 18 64 24 1 1; 109 65 24 64 25 1 2; 92 72 18 60 26 1 1; ]
0400402847[154 68 20 64 22 1 1; 145 66 18 64 24 1 1; 109 65 24 64 25 1 2; 91 72 18 60 26 1 1; ]
0400402848[154 68 20 64 22 1 1; 145 66 18 65 24 1 1; 108 65 24 64 25 1 2; 90 72 18 60 26 1 1; ]
0400402849[154 67 21 64 22 1 1; 145 66 19 65 24 1 1; 108 65 24 65 25 1 2; 89 72 18 60 26 1 1; ]
0400402850[154 67 21 64 22 1 1; 145 65 19 66 24 1 1; 107 64 25 65 25 1 2; 88 72 18 61 26 1 1; ]
0400402851[154 67 21 65 22 1 1; 144 65 19 66 24 1 1; 107 64 25 66 25 1 2; 87 71 19 61 26 1 1; ]
0400402852[153 67 21 65 22 1 1; 144 65 19 67 24 1 1; 106 63 25 66 25 1 2; 86 71 19 61 26 1 1; ]
0400402853[153 67 21 65 22 1 1; 144 65 19 67 24 1 1; 105 63 25 67 25 1 2; 85 71 19 61 26 1 1; ]
0400402854[153 66 21 66 22 1 1; 144 64 19 68 24 1 1; 105 62 25 68 25 1 2; 85 70 19 61 26 1 1; ]
0400402855[153 66 21 66 22 1 1; 144 64 19 68 24 1 1; 104 62 26 69 25 1 2; 84 70 19 61 26 1 1; ]
0400402856[153 66 20 67 22 1 1; 144 64 19 69 24 1 1; 103 61 26 69 25 1 2; 83 70 19 61 26 1 1; ]
0400402857[152 66 20 67 22 1 1; 143 63 19 70 24 1 1; 103 61 26 70 25 1 2; 82 69 19 62 26 1 1; ]
0400402858[152 66 20 68 22 1 1; 143 63 19 70 24 1 1; 102 60 26 71 25 1 2; 82 69 20 62 26 1 1; ]
0400402859[152 65 20 69 22 1 1; 143 63 19 71 24 1 1; 101 60 27 71 25 1 2; 81 68 20 62 26 1 1; ]
0400402860[151 65 20 70 22 1 1; 142 63 20 71 24 1 1; 101 59 27 72 25 1 2; 80 68 20 62 26 1 1; ]
0400402861[151 65 20 70 22 1 1; 142 62 20 72 24 1 1; 100 59 27 73 25 1 2; 80 68 20 62 26 1 1; ]
0400402862[151 65 20 71 22 1 1; 142 62 20 72 24 1 1; 99 58 27 73 25 1 2; 79 67 20 63 26 1 1; ]
0400402863[151 64 20 72 22 1 1; 141 62 20 73 24 1 1; 98 58 28 74 25 1 2; 78 67 20 63 26 1 1; ]
0400402864[150 64 20 73 22 1 1; 141 61 20 74 24 1 1; 97 58 28 74 25 1 2; 78 67 20 63 26 1 1; ]
0400402865[150 64 19 74 22 1 1; 140 61 20 74 24 1 1; 96 58 28 75 25 1 2; 77 66 20 63 26 1 1; ]
0400402866[150 64 19 75 22 1 1; 140 61 21 75 24 1 1; 96 57 28 75 25 1 2; 76 66 20 63 26 1 1; ]
0400402867[149 63 19 76 22 1 1; 139 61 21 76 24 1 1; 95 57 29 76 25 1 2; 76 66 20 64 26 1 1; ]
0400402868[149 63 19 77 22 1 1; 139 60 21 76 24 1 1; 94 57 29 76 25 1 2; 75 65 20 64 26 1 1; ]
0400402869[93 57 30 77 25 1 2; 75 65 20 64 26 1 1; 134 61 31 78 32 1 2; ]
0400402870[92 57 30 77 25 1 2; 74 65 20 64 26 1 1; 133 59 33 78 32 1 2; ]
0400402871[91 57 30 77 25 1 2; 73 64 20 65 26 1 1; 131 58 34 79 32 1 2; ]
0400402872[90 56 31 78 25 1 2; 73 64 20 65 26 1 1; 130 57 35 79 32 1 2; ]
0400402873[89 56 31 78 25 1 2; 72 64 20 65 26 1 1; 129 56 36 79 32 1 2; ]
0400402874[88 56 31 79 25 1 2; 71 63 21 65 26 1 1; 128 57 36 79 32 1 2; ]
0400402875[87 56 31 79 25 1 2; 70 63 21 66 26 1 1; 127 57 35 79 32 1 2; ]
0400402876[85 56 32 80 25 1 2; 69 63 21 66 26 1 1; 126 58 35 79 32 1 2; ]
0400402877[84 55 32 80 25 1 2; 68 62 21 66 26 1 1; 126 59 35 79 32 1 2; ]
0400402878[83 55 32 81 25 1 2; 67 62 21 67 26 1 1; 125 59 34 80 32 1 2; ]
0400402879[82 55 32 81 25 1 2; 66 62 21 67 26 1 1; 123 59 33 81 32 1 2; ]
0400402880[80 55 32 82 25 1 2; 64 62 21 67 26 1 1; 122 59 33 82 32 1 2; ]
0400402881[79 55 33 82 25 1 2; 63 62 21 68 26 1 1; 121 59 32 83 32 1 2; ]
0400402882[78 54 33 83 25 1 2; 62 62 21 68 26 1 1; 120 59 32 83 32 1 2; ]
0400402883[76 54 33 84 25 1 2; 60 61 21 68 26 1 1; 119 59 32 84 32 1 2; ]
0400402884[75 54 33 84 25 1 2; 58 61 22 69 26 1 1; 117 59 32 84 32 1 2; ]
0400402885[73 53 33 85 25 1 2; 57 61 22 69 26 1 1; 115 59 32 84 32 1 2; ]
0400402886[71 53 33 85 25 1 2; 55 61 22 70 26 1 1; 112 58 33 84 32 1 2; ]
0400402887[70 53 33 86 25 1 2; 53 61 22 70 26 1 1; 110 57 34 85 32 1 2; ]
0400402888[68 52 33 87 25 1 2; 52 61 22 71 26 1 1; 107 57 34 85 32 1 2; ]
0400402889[66 52 33 87 25 1 2; 50 60 22 71 26 1 1; 105 56 35 85 32 1 2; ]
0400402890[64 51 32 88 25 1 2; 49 60 22 72 26 1 1; 104 56 35 85 32 1 2; ]
0400402891[62 51 32 89 25 1 2; 47 60 22 73 26 1 1; 102 56 35 85 32 1 2; ]
0400402892[60 50 32 90 25 1 2; 45 59 22 73 26 1 1; 101 55 35 85 32 1 2; ]
0400402893[58 50 32 91 25 1 2; 44 59 22 74 26 1 1; 100 55 35 85 32 1 2; ]
0400402894[56 49 32 92 25 1 2; 42 58 23 75 26 1 1; 98 55 35 86 32 1 2; ]
0400402895[54 48 32 94 25 1 2; 40 58 23 76 26 1 1; 96 54 36 88 32 1 2; ]
0400402896[52 47 32 95 25 1 2; 39 57 23 78 26 1 1; 95 53 37 91 32 1 2; ]
0400402897[49 47 33 95 25 1 2; 37 57 23 78 26 1 1; 93 53 38 92 32 1 2; ]
0400402898[47 46 33 96 25 1 2; 36 56 23 78 26 1 1; 91 52 39 93 32 1 2; ]
0400402899[45 46 34 96 25 1 2; 34 55 23 79 26 1 1; 88 51 39 94 32 1 2; ]
0400402900[43 45 34 97 25 1 2; 32 54 23 80 26 1 1; 86 50 39 94 32 1 2; ]
0400402901[41 44 34 98 25 1 2; 30 54 22 81 26 1 1; 84 49 39 95 32 1 2; ]
0400402902[38 43 33 98 25 1 2; 28 53 22 82 26 1 1; 82 48 38 95 32 1 2; ]
0400402903[36 42 30 99 25 1 2; 25 52 22 84 26 1 1; 80 47 36 95 32 1 2; ]
0400402904[34 42 29 100 25 1 2; 23 52 22 86 26 1 1; 78 47 35 96 32 1 2; ]
0400402905[30 42 31 100 25 1 2; 20 51 21 91 26 1 1; 76 47 35 96 32 1 2; ]
0400402906[24 42 34 101 25 1 2; 73 47 34 98 32 1 2; ]
0400402907[20 43 36 102 25 1 2; 71 47 34 100 32 1 2; ]
0400402908[18 43 35 103 25 1 2; 68 47 34 102 32 1 2; ]
0400402909[15 44 33 105 25 1 2; 66 48 34 103 32 1 2; ]
0400402910[13 44 31 107 25 1 2; 62 48 34 103 32 1 2; ]
0400402911[11 44 31 108 25 1 2; 59 48 34 103 32 1 2; ]
0400402912[8 43 30 110 25 1 2; 55 49 35 103 32 1 2; ]
0400402913[5 42 30 112 25 1 2; 51 49 36 103 32 1 2; ]
0400402914[1 41 32 112 25 1 2; 48 48 36 104 32 1 2; ]
0400402915[45 47 37 105 32 1 2; ]
0400402916[42 46 37 106 32 1 2; ]
0400402917[38 44 38 107 32 1 2; ]
0400402918[35 42 39 108 32 1 2; ]
0400402919[30 38 39 110 32 1 2; ]
0400402920[26 35 40 111 32 1 2; ]
0400402921[22 32 40 112 32 1 2; ]
0400402922[19 30 40 112 32 1 2; ]
0400402923[15 28 40 112 32 1 2; ]
0400402924[12 27 40 112 32 1 2; ]
0400402925[9 26 40 112 32 1 2; ]
0400402926[5 25 41 112 32 1 2; ]
0400402927[1 25 42 114 32 1 2; ]
0400402928[]
0400402929[]
0400402930[]
0400402931[]
0400402932[]
0400402933[]
0400402934[]
0400402935[]
0400402936[]
0400402937[]
0400402938[]
0400402939[]
0400402940[]
0400402941[]
0400402942[]
0400402943[]
0400402944[]
0400402945[]
0400402946[]
0400402947[]
0400402948[]
0400402949[]
0400402950[]
0400402951[]
0400402952[]
0400402953[]
0400402954[]
0400402955[]
0400402956[]
0400402957[]
0400402958[]
0400402959[]
0400402960[]
0400402961[]
0400402962[]
0400402963[]
0400402964[]
0400402965[]
0400402966[]
0400402967[]
0400402968[]
0400402969[]
0400402970[]
0400402971[]
0400402972[]
0400402973[]
0400402974[]
0400402975[]
