0400800001[]
0400800002[]
0400800003[419 97 16 31 0 0 3; ]
0400800004[419 97 16 31 0 0 3; ]
0400800005[419 97 16 31 0 0 3; ]
0400800006[419 97 17 31 0 0 3; ]
0400800007[419 97 17 31 0 0 3; ]
0400800008[419 97 17 31 0 0 3; ]
0400800009[419 97 18 31 0 0 3; ]
0400800010[419 97 18 31 0 0 3; ]
0400800011[433 92 17 30 0 0 3; ]
0400800012[433 91 19 33 0 0 3; ]
0400800013[433 92 19 33 0 0 3; ]
0400800014[433 93 19 33 0 0 3; ]
0400800015[433 94 19 33 0 0 3; ]
0400800016[435 95 18 32 0 0 3; ]
0400800017[437 96 17 32 0 0 3; ]
0400800018[439 98 16 30 0 0 3; ]
0400800019[439 97 16 31 0 0 3; ]
0400800020[440 97 16 31 0 0 3; ]
0400800021[441 97 17 31 0 0 3; ]
0400800022[441 96 17 31 0 0 3; ]
0400800023[442 96 17 31 0 0 3; ]
0400800024[442 94 18 31 0 0 3; ]
0400800025[443 93 18 30 0 0 3; ]
0400800026[445 91 17 30 0 0 3; ]
0400800027[446 90 16 30 0 0 3; ]
0400800028[447 90 16 31 0 0 3; ]
0400800029[448 91 17 32 0 0 3; ]
0400800030[449 92 17 32 0 0 3; ]
0400800031[449 93 18 32 0 0 3; ]
0400800032[450 93 18 32 0 0 3; ]
0400800033[450 94 18 31 0 0 3; ]
0400800034[451 96 18 31 0 0 3; ]
0400800035[452 98 18 31 0 0 3; ]
0400800036[453 99 18 30 0 0 3; ]
0400800037[454 99 18 31 0 0 3; ]
0400800038[455 98 18 31 0 0 3; ]
0400800039[456 97 18 32 0 0 3; ]
0400800040[457 97 18 32 0 0 3; ]
0400800041[458 97 18 32 0 0 3; ]
0400800042[459 97 18 31 0 0 3; ]
0400800043[460 97 18 30 0 0 3; ]
0400800044[461 97 18 30 0 0 3; ]
0400800045[462 97 18 30 0 0 3; ]
0400800046[463 98 18 30 0 0 3; ]
0400800047[464 98 18 30 0 0 3; ]
0400800048[465 98 18 30 0 0 3; ]
0400800049[466 98 18 31 0 0 3; ]
0400800050[468 97 18 31 0 0 3; ]
0400800051[469 97 18 31 0 0 3; ]
0400800052[471 97 18 31 0 0 3; ]
0400800053[472 97 18 31 0 0 3; ]
0400800054[474 97 18 31 0 0 3; ]
0400800055[475 97 18 31 0 0 3; ]
0400800056[477 97 18 31 0 0 3; ]
0400800057[478 97 18 30 0 0 3; ]
0400800058[479 98 18 30 0 0 3; ]
0400800059[481 98 18 30 0 0 3; ]
0400800060[482 99 18 30 0 0 3; ]
0400800061[484 101 18 30 0 0 3; ]
0400800062[485 103 18 31 0 0 3; ]
0400800063[487 106 19 31 0 0 3; ]
0400800064[488 106 18 32 0 0 3; ]
0400800065[490 105 18 33 0 0 3; ]
0400800066[491 104 18 33 0 0 3; ]
0400800067[492 102 18 32 0 0 3; ]
0400800068[]
0400800069[]
0400800070[]
0400800071[]
0400800072[]
0400800073[]
0400800074[]
0400800075[]
0400800076[]
0400800077[]
0400800078[]
0400800079[]
0400800080[]
0400800081[]
0400800082[]
0400800083[]
0400800084[]
0400800085[]
0400800086[]
0400800087[]
0400800088[]
0400800089[]
0400800090[]
0400800091[]
0400800092[]
0400800093[]
0400800094[]
0400800095[]
0400800096[]
0400800097[]
0400800098[]
0400800099[]
0400800100[]
0400800101[]
0400800102[]
0400800103[]
0400800104[]
0400800105[]
0400800106[]
0400800107[]
0400800108[]
0400800109[]
0400800110[]
0400800111[]
0400800112[]
0400800113[]
0400800114[]
0400800115[]
0400800116[]
0400800117[]
0400800118[]
0400800119[]
0400800120[]
0400800121[]
0400800122[]
0400800123[]
0400800124[]
0400800125[]
0400800126[]
0400800127[]
0400800128[]
0400800129[]
0400800130[]
0400800131[]
0400800132[]
0400800133[]
0400800134[]
0400800135[]
0400800136[]
0400800137[]
0400800138[]
0400800139[]
0400800140[]
0400800141[]
0400800142[]
0400800143[]
0400800144[]
0400800145[]
0400800146[]
0400800147[]
0400800148[]
0400800149[]
0400800150[]
0400800151[]
0400800152[]
0400800153[]
0400800154[]
0400800155[]
0400800156[]
0400800157[]
0400800158[]
0400800159[]
0400800160[]
0400800161[]
0400800162[]
0400800163[]
0400800164[]
0400800165[]
0400800166[]
0400800167[]
0400800168[]
0400800169[]
0400800170[]
0400800171[]
0400800172[]
0400800173[]
0400800174[]
0400800175[]
0400800176[]
0400800177[]
0400800178[]
0400800179[]
0400800180[]
0400800181[]
0400800182[]
0400800183[]
0400800184[]
0400800185[]
0400800186[]
0400800187[]
0400800188[]
0400800189[]
0400800190[]
0400800191[]
0400800192[]
0400800193[]
0400800194[]
0400800195[]
0400800196[]
0400800197[]
0400800198[]
0400800199[]
0400800200[]
0400800201[]
0400800202[]
0400800203[]
0400800204[]
0400800205[]
0400800206[]
0400800207[]
0400800208[]
0400800209[]
0400800210[]
0400800211[]
0400800212[]
0400800213[]
0400800214[]
0400800215[]
0400800216[]
0400800217[]
0400800218[]
0400800219[]
0400800220[]
0400800221[]
0400800222[]
0400800223[]
0400800224[]
0400800225[]
0400800226[]
0400800227[]
0400800228[]
0400800229[]
0400800230[]
0400800231[]
0400800232[]
0400800233[]
0400800234[]
0400800235[]
0400800236[]
0400800237[]
0400800238[]
0400800239[]
0400800240[]
0400800241[]
0400800242[]
0400800243[]
0400800244[]
0400800245[]
0400800246[]
0400800247[]
0400800248[]
0400800249[]
0400800250[]
0400800251[]
0400800252[]
0400800253[]
0400800254[]
0400800255[]
0400800256[]
0400800257[]
0400800258[]
0400800259[]
0400800260[]
0400800261[]
0400800262[]
0400800263[]
0400800264[]
0400800265[]
0400800266[]
0400800267[]
0400800268[]
0400800269[]
0400800270[]
0400800271[]
0400800272[]
0400800273[]
0400800274[]
0400800275[]
0400800276[]
0400800277[]
0400800278[]
0400800279[]
0400800280[]
0400800281[478 95 33 35 4 0 2; ]
0400800282[482 95 28 34 4 0 2; ]
0400800283[482 96 27 33 4 0 2; ]
0400800284[479 96 26 31 4 0 2; ]
0400800285[478 96 25 30 4 1 2; ]
0400800286[477 96 24 31 4 1 2; ]
0400800287[476 96 23 32 4 1 2; ]
0400800288[475 95 22 32 4 1 2; ]
0400800289[474 95 22 33 4 1 2; ]
0400800290[473 95 21 33 4 1 2; ]
0400800291[475 96 16 30 59 1 1; ]
0400800292[474 96 16 30 59 1 1; ]
0400800293[472 96 16 30 59 1 1; 493 93 18 34 62 0 1; ]
0400800294[490 92 18 34 62 0 1; ]
0400800295[488 91 18 34 62 0 1; ]
0400800296[487 89 17 34 62 0 1; ]
0400800297[485 87 17 34 62 0 1; ]
0400800298[416 90 17 34 9 1 1; 481 90 17 35 62 0 1; ]
0400800299[411 95 18 33 9 1 1; 478 93 18 35 62 0 1; 493 96 15 30 63 0 1; ]
0400800300[408 88 19 33 9 0 1; 475 86 19 35 62 0 1; 490 89 17 32 63 0 1; ]
0400800301[405 79 20 33 9 0 1; 473 78 19 35 62 0 1; 488 78 17 34 63 0 1; ]
0400800302[402 74 21 34 9 0 1; 471 78 19 35 62 0 1; 485 76 17 36 63 0 1; ]
0400800303[399 72 21 35 9 0 1; 469 72 19 37 62 1 1; 483 74 18 36 63 0 1; ]
0400800304[396 77 21 35 9 0 1; 466 78 19 38 62 1 1; 480 78 18 36 63 0 1; ]
0400800305[394 86 20 33 9 0 1; 478 85 18 35 63 0 1; ]
0400800306[391 91 20 33 9 0 1; 475 89 18 34 63 0 1; ]
0400800307[388 90 20 33 9 0 1; 405 92 17 30 10 0 1; 473 89 18 34 63 0 1; ]
0400800308[385 89 20 34 9 0 1; 402 89 17 31 10 0 1; 471 88 18 34 63 0 1; ]
0400800309[382 87 20 35 9 0 1; 399 87 17 32 10 0 1; 486 88 16 30 18 0 1; 468 87 18 34 63 0 1; ]
0400800310[379 86 20 35 9 0 1; 396 87 18 33 10 0 1; 485 89 16 31 18 0 1; 466 87 19 34 63 1 1; ]
0400800311[376 86 21 35 9 0 1; 393 87 19 34 10 0 1; 483 89 16 31 18 0 1; 463 86 19 34 63 1 1; ]
0400800312[373 86 21 35 9 0 1; 390 88 20 35 10 0 1; 408 88 18 34 12 1 1; 482 89 16 31 18 0 1; 461 86 19 34 63 1 1; ]
0400800313[370 86 22 34 9 0 1; 387 88 19 35 10 0 1; 406 87 18 34 12 1 1; 481 89 16 31 18 0 1; 459 86 19 34 63 1 1; ]
0400800314[367 86 21 34 9 0 1; 384 87 19 34 10 0 1; 403 87 19 34 12 1 1; 480 88 16 31 18 0 1; ]
0400800315[365 86 21 34 9 0 1; 381 87 19 34 10 0 1; 399 86 20 34 12 1 1; 479 88 16 30 18 0 1; ]
0400800316[492 89 19 36 3 0 0; 362 86 21 34 9 0 1; 378 87 19 34 10 0 1; 396 86 22 34 12 0 1; 477 88 17 30 18 0 1; ]
0400800317[491 89 19 36 3 0 0; 359 86 20 34 9 0 1; 375 87 19 34 10 0 1; 394 85 21 35 12 0 1; 474 88 17 30 18 0 1; ]
0400800318[491 89 19 36 3 0 0; 356 86 20 34 9 0 1; 372 87 19 34 10 0 1; 393 85 21 36 12 0 1; 474 88 17 30 18 0 1; ]
0400800319[491 88 19 36 3 0 0; 354 86 20 34 9 0 1; 369 87 19 34 10 0 1; 391 85 21 37 12 0 1; 473 88 16 30 18 0 1; ]
0400800320[491 88 19 36 3 0 0; 351 86 20 34 9 0 1; 366 87 20 34 10 0 1; 388 85 21 37 12 0 1; 472 88 17 30 18 0 1; ]
0400800321[491 88 19 36 3 0 0; 348 85 20 34 9 0 1; 363 87 20 34 10 0 1; 386 85 21 37 12 0 1; 471 88 17 30 18 0 1; ]
0400800322[490 88 19 36 3 0 0; 346 85 20 35 9 0 1; 360 87 21 34 10 0 1; 383 85 21 37 12 0 1; 469 88 17 30 18 0 1; ]
0400800323[490 88 19 36 3 0 0; 343 84 20 35 9 0 1; 357 87 21 33 10 0 1; 379 85 21 37 12 0 1; 468 88 17 30 18 0 1; ]
0400800324[490 88 19 36 3 0 0; 341 84 19 35 9 0 1; 354 87 22 33 10 0 1; 376 85 21 37 12 0 1; 468 88 16 30 18 0 1; ]
0400800325[489 88 20 36 3 0 0; 338 83 19 35 9 1 1; 351 87 22 33 10 0 1; 401 87 18 34 11 1 1; 373 84 22 37 12 0 1; 467 87 16 31 18 0 1; ]
0400800326[489 88 20 35 3 0 0; 336 83 19 35 9 1 1; 348 85 22 33 10 0 1; 399 86 18 35 11 0 1; 370 83 22 37 12 0 1; 466 87 17 32 18 0 1; ]
0400800327[489 88 20 35 3 0 0; 334 83 19 35 9 1 1; 345 84 22 34 10 0 1; 397 85 19 36 11 1 1; 367 83 23 37 12 0 1; 464 86 17 32 18 0 1; ]
0400800328[489 87 20 35 3 0 0; 332 83 19 34 9 1 1; 342 84 22 34 10 0 1; 395 85 19 36 11 0 1; 365 83 23 37 12 0 1; 405 83 19 34 13 1 1; 462 86 18 33 18 0 1; ]
0400800329[489 87 20 35 3 0 0; 330 83 18 33 9 1 1; 340 84 22 34 10 0 1; 393 85 20 36 11 0 1; 363 83 23 37 12 0 1; 403 82 18 34 13 1 1; 461 86 18 33 18 0 1; ]
0400800330[489 87 20 35 3 0 0; 328 83 18 33 9 1 1; 337 83 22 34 10 0 1; 391 84 20 37 11 0 1; 361 83 23 37 12 0 1; 401 82 18 34 13 1 1; 460 86 18 33 18 1 1; ]
0400800331[488 87 20 35 3 0 0; 326 83 18 33 9 1 1; 335 83 22 34 10 1 1; 390 84 20 37 11 0 1; 359 83 23 37 12 0 1; 398 82 18 34 13 1 1; 460 86 17 32 18 1 1; ]
0400800332[488 87 19 34 3 0 0; 324 83 17 33 9 1 1; 333 83 21 34 10 1 1; 388 84 20 37 11 0 1; 356 83 23 37 12 0 1; 397 82 18 34 13 0 1; 459 86 17 32 18 1 1; ]
0400800333[488 88 19 34 3 0 0; 322 83 17 34 9 1 1; 331 83 21 34 10 1 1; 386 84 20 37 11 0 1; 354 83 23 37 12 0 1; 395 82 17 34 13 0 1; 404 83 18 38 15 1 1; 459 87 17 32 18 1 1; ]
0400800334[489 89 19 34 3 0 0; 319 83 18 35 9 1 1; 327 83 22 34 10 1 1; 384 83 20 36 11 0 1; 352 83 23 37 12 0 1; 393 83 16 34 13 0 1; 403 85 18 36 15 1 1; 459 87 16 31 18 1 1; ]
0400800335[490 91 19 34 3 0 0; 316 85 19 35 9 1 1; 325 85 22 34 10 1 1; 350 84 23 37 12 0 1; 382 83 24 41 14 0 2; 401 87 19 35 15 1 1; 459 88 16 30 18 1 1; ]
0400800336[490 92 19 34 3 0 0; 313 86 19 35 9 1 1; 323 88 21 34 10 1 1; 348 87 23 37 12 0 1; 382 86 24 40 14 0 2; 400 90 19 37 15 1 1; ]
0400800337[491 94 19 34 3 0 0; 311 88 20 35 9 1 1; 320 90 21 34 10 1 1; 345 89 23 37 12 0 1; 381 88 24 40 14 0 2; 399 91 19 38 15 1 1; ]
0400800338[491 96 19 34 3 0 0; 309 89 21 34 9 1 1; 318 91 21 34 10 1 1; 343 91 23 35 12 0 1; 380 88 24 40 14 0 2; 398 91 19 38 15 1 1; ]
0400800339[491 95 19 34 3 0 0; 307 88 21 35 9 1 1; 315 90 21 34 10 1 1; 341 91 23 36 12 0 1; 378 87 24 41 14 0 2; 397 91 19 38 15 0 1; 407 88 19 39 16 1 1; ]
0400800340[305 87 22 35 9 1 1; 312 89 22 35 10 1 1; 339 89 22 34 12 0 1; 375 86 24 41 14 0 2; 396 90 19 38 15 0 1; 406 87 19 39 16 1 1; ]
0400800341[303 85 21 35 9 1 1; 311 87 21 35 10 1 1; 337 86 22 34 12 0 1; 373 84 24 40 14 0 2; 395 88 19 38 15 0 1; 404 86 19 38 16 1 1; ]
0400800342[301 82 21 34 9 1 1; 310 84 20 34 10 1 1; 334 83 22 38 12 0 1; 372 82 23 39 14 0 2; 395 85 19 38 15 0 1; 403 84 19 37 16 1 1; ]
0400800343[299 80 21 34 9 1 1; 308 81 20 33 10 1 1; 332 81 21 36 12 0 1; 371 79 23 39 14 0 2; 394 81 26 42 17 0 2; ]
0400800344[298 78 21 34 9 1 1; 305 78 20 33 10 1 1; 331 75 21 37 12 0 1; 369 76 23 40 14 0 2; 393 76 26 41 17 0 2; ]
0400800345[297 75 21 35 9 1 1; 300 76 22 35 10 1 1; 329 76 21 36 12 1 1; 368 74 24 42 14 0 2; 392 75 26 41 17 0 2; ]
0400800346[296 73 21 37 9 1 1; 327 73 21 36 12 1 1; 366 73 23 40 14 0 2; 391 74 26 42 17 0 2; ]
0400800347[295 71 22 38 9 1 1; 325 70 20 36 12 1 1; 365 71 22 40 14 0 2; 390 70 25 42 17 0 2; ]
0400800348[294 69 23 39 9 1 1; 323 71 20 36 12 1 1; 363 70 22 39 14 0 2; 389 70 25 44 17 0 2; ]
0400800349[292 70 22 38 9 1 1; 322 73 20 35 12 1 1; 362 70 22 40 14 0 2; 388 71 25 44 17 0 2; ]
0400800350[290 72 22 38 9 1 1; 320 75 20 35 12 1 1; 360 72 22 43 14 0 2; 388 74 25 43 17 0 2; ]
0400800351[289 76 21 36 9 1 1; 318 77 20 35 12 1 1; 359 76 22 42 14 0 2; 387 77 26 43 17 0 2; ]
0400800352[316 79 20 35 12 1 1; 357 79 22 42 14 0 2; 387 78 24 43 17 0 2; ]
0400800353[315 81 20 35 12 1 1; 356 80 23 42 14 0 2; 386 78 23 43 17 0 2; ]
0400800354[313 82 20 36 12 1 1; 356 81 23 42 14 0 2; 385 80 23 44 17 0 2; ]
0400800355[311 83 20 36 12 1 1; 355 82 24 43 14 0 2; 385 82 24 45 17 0 2; ]
0400800356[309 83 21 37 12 1 1; 354 83 24 43 14 0 2; 384 82 24 45 17 0 2; ]
0400800357[308 83 21 38 12 1 1; 353 83 24 43 14 0 2; 383 82 25 45 17 0 2; ]
0400800358[306 85 21 38 12 1 1; 352 84 24 43 14 0 2; 382 83 25 45 17 0 2; ]
0400800359[305 85 21 38 12 1 1; 351 84 25 43 14 0 2; 382 83 24 44 17 0 2; ]
0400800360[303 86 21 38 12 1 1; 350 84 25 43 14 0 2; 381 83 23 44 17 0 2; ]
0400800361[302 86 21 38 12 1 1; 349 84 24 44 14 0 2; 381 83 23 43 17 0 2; ]
0400800362[299 85 22 38 12 1 1; 348 83 23 44 14 0 2; 380 82 24 44 17 0 2; ]
0400800363[297 83 23 38 12 1 1; 346 81 23 45 14 0 2; 378 81 26 44 17 0 2; ]
0400800364[296 81 23 38 12 1 1; 345 79 24 45 14 0 2; 377 80 27 45 17 0 2; ]
0400800365[295 79 23 38 12 1 1; 344 77 26 46 14 0 2; 376 78 28 46 17 0 2; ]
0400800366[294 78 22 38 12 1 1; 344 75 26 45 14 0 2; 375 76 28 47 17 0 2; ]
0400800367[344 73 25 45 14 1 2; 375 73 28 48 17 0 2; ]
0400800368[344 73 25 45 14 1 2; 374 71 28 49 17 0 2; ]
0400800369[344 73 24 45 14 1 2; 373 71 28 49 17 1 2; ]
0400800370[343 73 24 45 14 1 2; 372 71 29 49 17 1 2; ]
0400800371[341 73 24 45 14 1 2; 371 72 30 48 17 1 2; ]
0400800372[339 74 25 46 14 1 2; 370 74 31 47 17 1 2; ]
0400800373[]
0400800374[337 75 25 44 19 1 2; 373 78 27 45 20 0 2; 270 80 17 31 99 1 -1; ]
0400800375[337 78 25 43 19 1 2; 371 79 29 45 20 0 2; 264 81 24 31 99 1 -1; ]
0400800376[336 81 24 43 19 1 2; 370 81 30 44 20 0 2; 259 81 31 30 99 1 -1; ]
0400800377[336 82 24 42 19 1 2; 368 81 31 44 20 0 2; 253 82 37 30 99 1 -1; ]
0400800378[335 82 24 41 19 1 2; 367 82 32 44 20 0 2; 248 82 43 30 99 1 -1; ]
0400800379[335 82 23 41 19 1 2; 366 81 33 44 20 0 2; ]
0400800380[334 79 23 43 19 1 2; 365 80 34 45 20 0 2; ]
0400800381[333 77 23 45 19 1 2; 365 78 35 45 20 0 2; ]
0400800382[332 76 23 44 19 1 2; 363 78 35 45 20 0 2; ]
0400800383[330 76 23 43 19 1 2; 362 78 36 45 20 0 2; ]
0400800384[328 75 23 42 19 1 2; 360 78 36 45 20 0 2; 229 82 50 30 99 1 -1; ]
0400800385[326 75 24 42 19 1 2; 357 78 36 45 20 0 2; 226 82 50 30 99 1 -1; ]
0400800386[323 75 24 42 19 1 2; 354 78 36 45 20 0 2; 224 82 49 30 99 1 -1; ]
0400800387[321 76 24 43 19 1 2; 350 78 36 45 20 0 2; 222 82 48 31 99 1 -1; ]
0400800388[317 77 25 44 19 1 2; 349 78 19 43 21 0 1; 364 83 22 42 26 0 1; 221 82 47 31 99 1 -1; ]
0400800389[314 78 25 45 19 1 2; 345 79 20 43 21 1 1; 361 83 22 42 26 0 1; 220 82 46 32 99 1 -1; ]
0400800390[310 79 27 45 19 1 2; 341 80 20 43 21 1 1; 359 84 23 43 26 0 1; 216 82 45 32 99 1 -1; ]
0400800391[306 79 28 45 19 1 2; 337 80 21 43 21 1 1; 356 85 23 43 26 0 1; 212 82 43 32 99 1 -1; ]
0400800392[303 80 28 46 19 1 2; 333 80 21 43 21 1 1; 352 85 23 43 26 0 1; 209 81 42 32 99 1 -1; ]
0400800393[299 80 29 46 19 1 2; 329 80 21 43 21 1 1; 349 85 24 43 26 0 1; 205 81 41 33 99 1 -1; ]
0400800394[295 80 29 46 19 1 2; 324 80 21 43 21 1 1; 346 86 24 43 26 0 1; 201 81 40 33 99 1 -1; ]
0400800395[291 80 30 46 19 1 2; 320 80 22 44 21 1 1; 342 86 24 43 26 0 1; 197 81 39 33 99 1 -1; ]
0400800396[288 80 30 47 19 1 2; 316 80 22 44 21 1 1; 338 86 24 43 26 0 1; 194 81 38 33 99 1 -1; ]
0400800397[284 80 29 47 19 1 2; 311 80 22 44 21 1 1; 335 86 23 43 26 0 1; 190 81 37 33 99 1 -1; ]
0400800398[280 80 29 47 19 1 2; 307 80 22 45 21 1 1; 331 86 23 43 26 0 1; 186 81 35 34 99 1 -1; ]
0400800399[276 80 28 48 19 1 2; 302 80 22 45 21 1 1; 326 86 23 43 26 0 1; 182 81 34 34 99 1 -1; ]
0400800400[273 80 28 48 19 1 2; 298 79 22 46 21 1 1; 322 86 23 43 26 0 1; 179 81 33 34 99 1 -1; ]
0400800401[269 79 29 48 19 1 2; 293 79 22 46 21 1 1; 318 85 23 43 26 0 1; 175 81 32 34 99 1 -1; ]
0400800402[265 79 30 48 19 1 2; 288 79 22 47 21 1 1; 313 85 23 43 26 1 1; 171 81 31 34 99 1 -1; ]
0400800403[261 79 29 49 19 1 2; 283 78 22 48 21 1 1; 309 85 24 43 26 1 1; 168 81 30 35 99 1 -1; ]
0400800404[258 78 25 49 19 1 2; 279 78 22 48 21 1 1; 304 85 24 43 26 1 1; 164 81 29 35 99 1 -1; ]
0400800405[253 79 25 49 19 1 2; 274 78 22 48 21 1 1; 300 84 24 43 26 1 1; 160 81 29 35 99 1 -1; ]
0400800406[249 79 25 49 19 1 2; 269 78 22 48 21 1 1; 296 84 24 44 26 1 1; 155 81 29 36 99 1 -1; ]
0400800407[245 79 25 48 19 1 2; 264 78 22 48 21 1 1; 292 84 24 44 26 1 1; 151 80 29 37 99 1 -1; ]
0400800408[240 80 24 48 19 1 2; 259 78 22 48 21 1 1; 288 84 24 45 26 1 1; 147 80 30 37 99 1 -1; ]
0400800409[255 77 23 48 21 1 1; 284 83 24 45 26 1 1; 142 80 30 38 99 1 -1; ]
0400800410[250 77 23 49 21 1 1; 279 83 24 45 26 1 1; 138 80 30 38 99 1 -1; ]
0400800411[245 77 23 49 21 1 1; 275 83 24 45 26 1 1; 134 80 30 39 99 1 -1; ]
0400800412[240 77 23 49 21 1 1; 271 83 24 45 26 1 1; ]
0400800413[235 77 23 49 21 1 1; 267 82 24 45 26 1 1; ]
0400800414[230 77 23 49 21 1 1; 263 82 24 46 26 1 1; ]
0400800415[224 77 24 49 21 1 1; 259 82 24 46 26 1 1; ]
0400800416[219 77 24 50 21 1 1; 254 81 24 47 26 1 1; ]
0400800417[213 77 24 50 21 1 1; 250 81 24 47 26 1 1; ]
0400800418[208 77 25 50 21 1 1; 246 81 24 48 26 1 1; ]
0400800419[242 79 24 47 26 1 1; ]
0400800420[238 78 23 47 26 1 1; ]
0400800421[234 78 23 47 26 1 1; ]
0400800422[230 78 23 47 26 1 1; ]
0400800423[226 79 23 47 26 1 1; 166 79 15 44 100 1 3; ]
0400800424[221 78 23 48 26 1 1; 163 78 14 45 100 1 3; ]
0400800425[489 88 21 34 24 0 0; 217 78 23 50 26 1 1; 160 77 13 46 100 1 3; ]
0400800426[488 89 20 34 24 0 0; 213 79 23 49 26 1 1; 153 74 22 53 66 1 1; ]
0400800427[486 89 20 34 24 0 0; 209 79 23 48 26 1 1; 149 74 22 54 66 1 1; ]
0400800428[485 90 19 34 24 0 0; 205 81 23 49 26 1 1; 144 76 21 53 66 1 1; ]
0400800429[484 90 19 35 24 0 0; 201 83 24 49 26 1 1; 139 78 21 52 66 1 1; ]
0400800430[483 90 19 35 24 0 0; 197 82 24 50 26 1 1; 135 78 21 52 66 1 1; ]
0400800431[482 89 19 35 24 0 0; 193 81 25 51 26 1 1; 130 76 21 54 66 1 1; ]
0400800432[481 88 19 34 24 0 0; 188 78 25 52 26 1 1; 126 72 22 56 66 1 1; ]
0400800433[122 68 28 61 22 1 2; 480 86 20 34 24 0 0; 184 74 26 53 26 1 1; ]
0400800434[117 66 30 61 22 1 2; 479 83 20 32 24 0 0; 180 69 26 56 26 1 1; ]
0400800435[112 63 33 62 22 1 2; 479 81 20 35 24 0 0; 175 65 26 57 26 1 1; ]
0400800436[107 56 37 68 22 1 2; 478 77 19 34 24 0 0; 488 74 22 36 25 0 0; 171 64 26 58 26 1 1; ]
0400800437[103 60 36 65 22 1 2; 476 78 19 35 24 1 0; 486 75 22 37 25 0 0; 168 64 26 57 26 1 1; ]
0400800438[98 60 38 65 22 1 2; 476 77 19 35 24 1 0; 485 75 22 37 25 0 0; 165 64 26 56 26 1 1; ]
0400800439[93 59 39 65 22 1 2; 476 78 19 35 24 1 0; 483 75 22 36 25 0 0; 162 64 26 55 26 1 1; ]
0400800440[88 59 41 65 22 1 2; 475 79 19 35 24 1 0; 482 74 22 36 25 0 0; 159 65 25 55 26 1 1; ]
0400800441[83 61 28 66 23 1 2; 475 82 19 35 24 1 0; 481 74 22 36 25 0 0; 155 66 25 55 26 1 1; 104 68 22 54 30 1 1; ]
0400800442[78 64 28 68 23 1 2; 480 76 21 36 25 0 0; 151 69 25 56 26 1 1; 99 68 22 59 30 1 1; ]
0400800443[72 66 28 69 23 1 2; 478 80 21 36 25 0 0; 146 72 25 56 26 1 1; 95 70 23 59 30 1 1; ]
0400800444[67 69 28 70 23 1 2; 477 83 21 36 25 0 0; 142 74 25 56 26 1 1; 91 74 23 59 30 1 1; ]
0400800445[62 72 29 69 23 1 2; 476 87 21 35 25 0 0; 139 77 25 56 26 1 1; 87 77 23 59 30 1 1; ]
0400800446[57 75 29 69 23 1 2; 475 90 21 35 25 0 0; 136 79 25 56 26 1 1; 83 79 24 59 30 1 1; ]
0400800447[53 77 29 68 23 1 2; 474 93 21 35 25 0 0; 133 82 25 56 26 1 1; 80 81 25 59 30 1 1; ]
0400800448[48 78 29 68 23 1 2; 473 95 22 35 25 0 0; 130 84 25 56 26 1 1; 76 83 25 59 30 1 1; ]
0400800449[44 78 29 68 23 1 2; 472 97 23 34 25 0 0; 127 84 25 56 26 1 1; 72 83 25 59 30 1 1; ]
0400800450[39 78 29 70 23 1 2; 472 97 22 35 25 0 0; 124 84 25 57 26 1 1; 69 84 25 60 30 1 1; ]
0400800451[35 78 28 71 23 1 2; 471 96 21 36 25 0 0; 121 84 25 57 26 1 1; 65 84 25 61 30 1 1; ]
0400800452[31 78 28 72 23 1 2; 471 96 21 36 25 0 0; 118 84 25 57 26 1 1; 62 84 25 61 30 1 1; ]
0400800453[27 78 28 73 23 1 2; 471 95 21 37 25 0 0; 115 84 25 58 26 1 1; 59 84 25 61 30 1 1; ]
0400800454[23 77 29 73 23 1 2; 470 95 21 37 25 0 0; 112 84 25 58 26 1 1; 57 83 25 61 30 1 1; ]
0400800455[19 76 30 73 23 1 2; 470 95 21 37 25 0 0; 109 84 25 59 26 1 1; 54 82 24 60 30 1 1; ]
0400800456[15 75 31 74 23 1 2; 470 94 22 38 25 0 0; 53 81 23 60 30 1 1; ]
0400800457[11 75 32 74 23 1 2; 470 93 22 38 25 1 0; 50 80 23 61 30 1 1; ]
0400800458[6 74 33 75 23 1 2; 470 92 22 38 25 1 0; 47 79 24 62 30 1 1; ]
0400800459[2 74 33 76 23 1 2; 471 91 22 38 25 1 0; 44 78 24 63 30 1 1; ]
0400800460[471 91 23 38 25 1 0; 42 77 24 64 30 1 1; ]
0400800461[472 91 23 38 25 1 0; 39 76 24 65 30 1 1; ]
0400800462[472 91 23 39 25 1 0; 36 76 24 66 30 1 1; ]
0400800463[34 75 25 67 30 1 1; ]
0400800464[31 75 25 67 30 1 1; ]
0400800465[28 74 26 68 30 1 1; ]
0400800466[25 74 26 68 30 1 1; ]
0400800467[23 74 26 69 30 1 1; ]
0400800468[20 73 26 69 30 1 1; ]
0400800469[17 73 26 70 30 1 1; ]
0400800470[15 73 26 70 30 1 1; ]
0400800471[12 73 26 70 30 1 1; ]
0400800472[10 73 26 71 30 1 1; ]
0400800473[8 73 26 71 30 1 1; ]
0400800474[7 73 26 71 30 1 1; ]
0400800475[5 73 26 72 30 1 1; ]
0400800476[4 73 26 72 30 1 1; ]
0400800477[2 73 26 72 30 1 1; ]
0400800478[1 73 26 73 30 1 1; ]
0400800479[0 73 27 73 30 1 1; ]
0400800480[]
0400800481[]
0400800482[]
0400800483[]
0400800484[]
0400800485[]
0400800486[]
0400800487[51 70 27 73 35 1 1; ]
0400800488[51 72 27 72 35 1 1; ]
0400800489[51 73 27 72 35 1 1; ]
0400800490[50 74 28 72 35 1 1; ]
0400800491[50 73 28 73 35 1 1; ]
0400800492[50 73 28 74 35 1 1; ]
0400800493[50 73 28 75 35 1 1; ]
0400800494[50 75 28 74 35 1 1; ]
0400800495[49 77 29 73 35 1 1; ]
0400800496[49 75 29 75 35 1 1; ]
0400800497[49 73 29 78 35 1 1; ]
0400800498[49 74 29 78 35 1 1; ]
0400800499[49 76 29 77 35 1 1; ]
0400800500[48 77 30 77 35 1 1; ]
0400800501[48 77 30 78 35 1 1; 366 91 22 39 38 1 1; ]
0400800502[48 76 30 79 35 1 1; 369 90 22 39 38 1 1; ]
0400800503[47 75 30 80 35 1 1; 373 89 22 39 38 1 1; ]
0400800504[47 74 30 81 35 1 1; 376 88 22 39 38 1 1; ]
0400800505[46 73 30 81 35 1 1; 380 88 22 39 38 1 1; ]
0400800506[45 72 31 82 35 1 1; 383 87 22 39 38 1 1; ]
0400800507[44 72 31 82 35 1 1; 386 87 22 39 38 1 1; ]
0400800508[44 71 31 82 35 1 1; 389 87 22 39 38 1 1; ]
0400800509[43 71 31 82 35 1 1; 392 86 22 39 38 1 1; ]
0400800510[42 71 31 83 35 1 1; 395 84 22 39 38 1 1; ]
0400800511[42 70 32 84 35 1 1; 398 83 23 39 38 1 1; ]
0400800512[41 69 32 85 35 1 1; 401 83 23 39 38 1 1; ]
0400800513[40 69 32 85 35 1 1; 403 83 23 39 38 1 1; ]
0400800514[39 69 32 85 35 1 1; 406 84 23 39 38 1 1; ]
0400800515[39 70 33 84 35 1 1; 408 85 23 39 38 1 1; ]
0400800516[38 72 33 83 35 1 1; 411 87 22 39 38 1 1; ]
0400800517[37 74 33 82 35 1 1; 413 89 22 39 38 1 1; ]
0400800518[34 73 33 82 35 1 1; 414 90 22 39 38 1 1; ]
0400800519[31 73 33 83 35 1 1; 415 91 21 39 38 1 1; ]
0400800520[28 72 33 84 35 1 1; 416 91 21 39 38 1 1; ]
0400800521[25 72 33 84 35 1 1; 417 90 21 39 38 1 1; ]
0400800522[21 72 34 85 35 1 1; 418 90 21 39 38 1 1; ]
0400800523[18 71 34 86 35 1 1; 418 90 21 39 38 1 1; ]
0400800524[15 71 34 86 35 1 1; 418 89 21 39 38 1 1; ]
0400800525[12 71 34 87 35 1 1; 417 89 21 39 38 1 1; ]
0400800526[9 70 34 88 35 1 1; 417 89 21 39 38 1 1; ]
0400800527[5 70 34 88 35 1 1; 417 88 21 39 38 1 1; ]
0400800528[2 69 34 89 35 1 1; 417 88 21 39 38 1 1; ]
0400800529[417 88 21 39 38 1 1; ]
0400800530[417 88 21 39 38 1 1; ]
0400800531[417 87 22 39 38 1 1; ]
0400800532[417 87 21 39 38 1 1; ]
0400800533[488 86 22 37 37 0 0; 418 86 21 39 38 1 1; ]
0400800534[487 86 22 37 37 0 0; 418 86 21 39 38 1 1; ]
0400800535[486 86 23 37 37 0 0; 419 86 20 39 38 1 1; ]
0400800536[485 86 23 37 37 0 0; 420 85 20 39 38 1 1; ]
0400800537[484 85 23 37 37 0 0; 420 85 20 39 38 1 1; ]
0400800538[483 85 23 37 37 0 0; 421 85 20 39 38 1 1; ]
0400800539[482 85 23 38 37 0 0; 423 85 20 39 38 1 1; ]
0400800540[481 85 23 38 37 0 0; 424 85 20 39 38 1 1; ]
0400800541[480 85 23 38 37 0 0; 425 85 21 39 38 1 1; ]
0400800542[479 85 24 38 37 0 0; 427 86 21 39 38 1 1; ]
0400800543[478 85 26 38 37 0 0; 428 86 21 39 38 1 1; ]
0400800544[477 86 26 38 37 0 0; 428 86 21 39 38 1 1; ]
0400800545[476 86 26 38 37 0 0; 429 87 21 39 38 1 1; ]
0400800546[475 86 26 39 37 0 0; 430 87 22 39 38 1 1; ]
0400800547[474 86 26 39 37 0 0; ]
0400800548[473 86 26 39 37 0 0; ]
0400800549[472 87 26 39 37 0 0; ]
0400800550[471 88 26 38 37 0 0; ]
0400800551[470 89 26 38 37 0 0; ]
0400800552[469 89 26 38 37 0 0; ]
0400800553[468 89 25 38 37 0 0; ]
0400800554[467 89 25 39 37 0 0; ]
0400800555[466 89 25 39 37 0 0; ]
0400800556[466 88 25 40 37 0 0; ]
0400800557[463 89 25 40 37 0 0; 441 91 18 38 39 1 1; ]
0400800558[461 90 25 39 37 0 0; 442 92 18 37 39 1 1; ]
0400800559[459 91 25 39 37 0 0; 443 92 18 37 39 1 1; ]
0400800560[458 91 25 38 37 0 0; 443 93 18 37 39 1 1; ]
0400800561[458 91 25 38 37 0 0; 444 93 18 36 39 1 1; ]
0400800562[457 91 24 38 37 1 0; 445 94 18 36 39 1 1; ]
0400800563[456 91 23 38 37 1 0; 445 94 18 36 39 1 1; ]
0400800564[455 91 22 38 37 1 0; 446 94 18 36 39 1 1; ]
0400800565[454 91 22 38 37 1 0; 446 94 18 36 39 1 1; ]
0400800566[453 90 22 38 37 1 0; 447 94 18 36 39 1 1; ]
0400800567[452 91 22 38 37 1 0; 448 93 18 37 39 1 1; ]
0400800568[448 93 19 37 39 1 1; ]
0400800569[448 93 19 37 39 1 1; ]
0400800570[448 92 19 37 39 1 1; ]
0400800571[449 91 19 38 39 1 1; ]
0400800572[450 91 19 39 39 1 1; ]
0400800573[450 91 19 39 39 1 1; ]
0400800574[450 89 20 39 39 1 1; ]
0400800575[450 86 20 39 39 1 1; ]
0400800576[450 84 21 40 39 1 1; ]
0400800577[448 82 21 41 39 1 1; ]
0400800578[447 81 21 42 39 1 1; 425 80 22 38 40 1 0; ]
0400800579[446 81 22 42 39 1 1; 422 80 22 38 40 1 0; ]
0400800580[445 82 21 41 39 1 1; 420 81 23 38 40 1 0; ]
0400800581[445 83 21 41 39 1 1; 417 81 24 39 40 1 0; ]
0400800582[444 84 20 40 39 1 1; 414 82 24 39 40 1 0; ]
0400800583[443 85 20 39 39 1 1; 411 83 25 39 40 1 0; ]
0400800584[442 85 20 39 39 1 1; 408 83 25 39 40 1 0; ]
0400800585[441 85 20 39 39 1 1; 405 84 25 39 40 1 0; ]
0400800586[439 85 20 40 39 1 1; 401 84 26 39 40 1 0; ]
0400800587[437 84 21 40 39 1 1; 398 85 26 38 40 1 0; ]
0400800588[436 85 21 41 39 1 1; 395 85 26 38 40 1 0; ]
0400800589[434 86 21 41 39 1 1; 392 85 26 38 40 1 0; ]
0400800590[433 86 22 41 39 1 1; 388 86 27 38 40 1 0; ]
0400800591[431 87 22 42 39 1 1; 385 86 27 39 40 1 0; ]
0400800592[429 88 22 42 39 1 1; 381 87 27 39 40 1 0; ]
0400800593[428 88 22 42 39 1 1; 378 87 27 39 40 1 0; ]
0400800594[426 88 23 42 39 1 1; 375 87 27 39 40 1 0; ]
0400800595[425 88 23 42 39 1 1; 371 87 28 39 40 1 0; ]
0400800596[423 88 23 42 39 1 1; 368 87 28 40 40 1 0; ]
0400800597[422 88 23 42 39 1 1; 364 87 28 40 40 1 0; ]
0400800598[420 88 24 42 39 1 1; 361 87 28 40 40 1 0; ]
0400800599[418 88 24 42 39 1 1; 358 87 28 40 40 1 0; ]
0400800600[417 88 24 42 39 1 1; 354 87 28 40 40 1 0; ]
0400800601[415 88 24 43 39 1 1; 352 87 28 40 40 1 0; ]
0400800602[414 87 25 43 39 1 1; 349 87 28 40 40 1 0; ]
0400800603[412 88 25 43 39 1 1; 345 87 28 40 40 1 0; ]
0400800604[411 88 25 44 39 1 1; 341 87 28 40 40 1 0; ]
0400800605[410 88 25 44 39 1 1; 338 88 28 40 40 1 0; ]
0400800606[409 89 25 44 39 1 1; 334 88 28 40 40 1 0; ]
0400800607[407 89 25 44 39 1 1; 331 89 28 40 40 1 0; ]
0400800608[406 90 24 43 39 1 1; 328 91 28 39 40 1 0; ]
0400800609[405 90 24 43 39 1 1; 326 91 27 39 40 1 0; ]
0400800610[404 90 24 43 39 1 1; 324 90 27 39 40 1 0; ]
0400800611[402 90 25 43 39 1 1; 321 90 26 39 40 1 0; ]
0400800612[401 89 24 44 39 1 1; 318 89 27 40 40 1 0; ]
0400800613[400 87 26 44 39 1 1; 314 88 27 40 40 1 0; ]
0400800614[398 87 26 45 39 1 1; 311 87 27 41 40 1 0; 163 94 59 35 101 1 -1; ]
0400800615[397 86 26 45 39 1 1; 308 86 27 41 40 1 0; 160 94 62 35 101 1 -1; ]
0400800616[396 86 25 45 39 1 1; 305 85 27 41 40 1 0; 157 93 64 35 101 1 -1; ]
0400800617[395 86 25 45 39 1 1; 302 84 27 42 40 1 0; 153 93 67 35 101 1 -1; ]
0400800618[394 84 26 45 39 1 1; 299 84 28 42 40 1 0; 150 93 70 35 101 1 -1; ]
0400800619[393 83 26 46 39 1 1; 296 83 28 43 40 1 0; 147 93 73 35 101 1 -1; ]
0400800620[392 82 27 46 39 1 1; 293 83 28 43 40 1 0; 143 93 75 35 101 1 -1; ]
0400800621[392 81 27 46 39 1 1; 290 82 28 43 40 1 0; 140 93 78 35 101 1 -1; ]
0400800622[391 81 27 46 39 1 1; 288 82 28 43 40 1 0; 137 93 81 34 101 1 -1; ]
0400800623[390 80 26 46 39 1 1; 285 81 28 43 40 1 0; 134 92 84 34 101 1 -1; ]
0400800624[389 80 26 47 39 1 1; 283 82 29 45 40 1 0; 130 92 87 34 101 1 -1; ]
0400800625[389 80 25 47 39 1 1; 280 82 29 47 40 1 0; 127 92 89 34 101 1 -1; ]
0400800626[388 80 26 47 39 1 1; 278 83 29 48 40 1 0; 124 92 92 34 101 1 -1; ]
0400800627[387 80 27 47 39 1 1; 275 83 29 49 40 1 0; 120 92 95 34 101 1 -1; ]
0400800628[386 80 27 47 39 1 1; 273 83 29 50 40 1 0; 117 92 98 34 101 1 -1; ]
0400800629[386 81 27 47 39 1 1; 271 83 29 51 40 1 0; 114 91 100 34 101 1 -1; ]
0400800630[385 81 27 48 39 1 1; 269 83 29 51 40 1 0; 114 91 99 34 101 1 -1; ]
0400800631[384 81 27 48 39 1 1; 266 83 29 51 40 1 0; 114 90 98 35 101 1 -1; ]
0400800632[383 82 27 48 39 1 1; 264 83 29 50 40 1 0; 114 90 97 35 101 1 -1; ]
0400800633[383 82 27 46 39 1 1; 262 83 29 50 40 1 0; 114 89 96 36 101 1 -1; ]
0400800634[382 82 26 45 39 1 1; 260 82 29 49 40 1 0; 88 87 19 45 42 1 1; 114 89 95 36 101 1 -1; ]
0400800635[382 82 26 45 39 1 1; 258 82 29 47 40 1 0; 86 85 19 44 42 1 1; 114 88 94 37 101 1 -1; ]
0400800636[381 81 27 45 39 1 1; 256 81 29 46 40 1 0; 85 83 19 43 42 1 1; 114 87 93 37 101 1 -1; ]
0400800637[380 79 27 46 39 1 1; 253 80 29 44 40 1 0; 84 82 19 43 42 1 1; 114 87 92 37 101 1 -1; ]
0400800638[379 78 28 47 39 1 1; 251 79 29 42 40 1 0; 82 81 20 42 42 1 1; 42 82 25 46 44 1 0; 114 86 91 38 101 1 -1; ]
0400800639[379 77 28 48 39 1 1; 248 79 29 51 40 1 0; 81 80 20 42 42 1 1; 41 82 25 46 44 1 0; 114 86 90 38 101 1 -1; ]
0400800640[378 77 28 48 39 1 1; 246 79 29 51 40 1 0; 80 81 20 42 42 1 1; 69 80 19 47 43 1 1; 38 82 25 45 44 1 0; 114 85 89 39 101 1 -1; ]
0400800641[377 78 29 49 39 1 1; 244 78 28 51 40 1 0; 78 83 20 42 42 1 1; 67 82 19 47 43 1 1; 36 82 25 45 44 1 0; 114 85 88 39 101 1 -1; ]
0400800642[376 79 29 49 39 1 1; 241 79 28 51 40 1 0; 77 83 21 42 42 1 1; 65 84 20 47 43 1 1; 32 82 25 45 44 1 0; 114 84 87 40 101 1 -1; ]
0400800643[375 80 29 49 39 1 1; 239 80 28 51 40 1 0; 76 84 21 42 42 1 1; 64 85 20 47 43 1 1; 28 83 25 45 44 1 0; 114 83 86 40 101 1 -1; ]
0400800644[373 80 29 49 39 1 1; 236 81 28 52 40 1 0; 74 84 21 43 42 1 1; 62 85 20 47 43 1 1; 27 86 25 43 44 1 0; 114 83 85 41 101 1 -1; ]
0400800645[372 81 29 49 39 1 1; 234 81 28 52 40 1 0; 73 84 21 43 42 1 1; 60 85 20 47 43 1 1; 26 83 25 45 44 1 0; 110 84 83 41 101 1 -1; ]
0400800646[371 81 30 48 39 1 1; 232 81 27 53 40 1 0; 72 84 22 44 42 1 1; 58 84 20 47 43 1 1; 23 83 25 45 44 1 0; 107 85 81 40 101 1 -1; ]
0400800647[370 81 30 48 39 1 1; 230 80 27 53 40 1 0; 70 84 22 44 42 1 1; 57 84 20 47 43 1 1; 18 83 27 45 44 1 0; 104 86 78 40 101 1 -1; ]
0400800648[368 81 31 49 39 1 1; 228 80 27 53 40 1 0; 69 83 22 44 42 1 1; 56 83 21 49 43 1 1; 14 84 28 46 44 1 0; 100 87 76 40 101 1 -1; ]
0400800649[366 81 32 51 39 1 1; 226 79 27 53 40 1 0; 68 83 22 44 42 1 1; 55 83 22 49 43 1 1; 11 84 27 45 44 1 0; 97 88 74 39 101 1 -1; ]
0400800650[364 81 32 52 39 1 1; 222 80 27 53 40 1 0; 67 83 21 45 42 1 1; 53 83 21 49 43 1 1; 8 84 27 45 44 1 0; 94 89 71 39 101 1 -1; ]
0400800651[363 81 33 53 39 1 1; 219 80 27 53 40 1 0; 65 84 21 45 42 1 1; 50 85 21 48 43 1 1; 6 84 25 43 44 1 0; 90 90 69 39 101 1 -1; ]
0400800652[361 82 33 53 39 1 1; 215 82 28 53 40 1 0; 64 85 21 46 42 1 1; 49 86 21 49 43 1 1; 87 91 67 38 101 1 -1; ]
0400800653[359 82 34 54 39 1 1; 210 83 28 53 40 1 0; 61 88 21 45 42 1 1; 48 87 21 50 43 1 1; 84 92 65 38 101 1 -1; ]
0400800654[357 83 34 54 39 1 1; 207 84 28 54 40 1 0; 59 90 21 45 42 1 1; 46 87 22 50 43 1 1; 80 93 62 38 101 1 -1; ]
0400800655[356 85 34 54 39 1 1; 205 85 28 54 40 1 0; 58 90 20 45 42 1 1; 43 88 24 50 43 1 1; 77 94 60 37 101 1 -1; ]
0400800656[355 86 33 54 39 1 1; 202 86 28 55 40 1 0; 58 91 19 45 42 1 1; 42 89 24 50 43 1 1; 73 95 58 37 101 1 -1; ]
0400800657[353 88 33 54 39 1 1; 199 87 28 55 40 1 0; 41 91 24 51 43 1 1; 70 96 55 37 101 1 -1; ]
0400800658[352 88 33 54 39 1 1; 196 87 28 55 40 1 0; 39 92 25 50 43 1 1; 67 97 53 36 101 1 -1; ]
0400800659[350 88 33 54 39 1 1; 194 87 28 56 40 1 0; 37 93 25 49 43 1 1; 113 91 25 46 46 1 0; 63 98 51 36 101 1 -1; ]
0400800660[348 88 33 54 39 1 1; 191 87 28 56 40 1 0; 35 95 24 50 43 1 1; 113 91 25 46 46 1 0; 59 96 54 38 101 1 -1; ]
0400800661[346 88 34 53 39 1 1; 188 87 28 56 40 1 0; 112 89 26 48 46 1 0; 54 94 57 40 101 1 -1; ]
0400800662[344 88 35 53 39 1 1; 185 87 28 55 40 1 0; 112 88 27 49 46 1 0; 50 92 60 42 101 1 -1; ]
0400800663[342 86 35 54 39 1 1; 182 87 28 55 40 1 0; 111 87 27 50 46 1 0; 45 91 64 43 101 1 -1; ]
0400800664[340 85 35 55 39 1 1; 180 86 28 55 40 1 0; 111 85 28 50 46 1 0; 41 90 67 45 101 1 -1; ]
0400800665[339 83 35 56 39 1 1; 177 86 28 55 40 1 0; 111 84 28 50 46 1 0; 37 89 70 46 101 1 -1; ]
0400800666[337 82 35 56 39 1 1; 174 85 28 54 40 1 0; 111 83 28 50 46 1 0; 32 89 73 46 101 1 -1; ]
0400800667[336 82 35 56 39 1 1; 171 84 28 54 40 1 0; 110 83 28 50 46 1 0; 28 89 76 47 101 1 -1; ]
0400800668[334 82 35 56 39 1 1; 168 83 28 53 40 1 0; 110 83 28 50 46 1 0; 23 89 80 47 101 1 -1; ]
0400800669[333 83 35 56 39 1 1; 166 85 28 50 40 1 0; 110 84 28 49 46 1 0; 19 90 83 48 101 1 -1; ]
0400800670[331 84 36 57 39 1 1; 163 86 28 48 40 1 0; 109 86 27 48 46 1 0; 14 91 86 48 101 1 -1; ]
0400800671[329 85 36 57 39 1 1; 161 87 28 48 40 1 0; 109 87 27 48 46 1 0; 10 92 89 48 101 1 -1; ]
0400800672[328 86 37 58 39 1 1; 158 89 28 48 40 1 0; 109 89 26 48 46 1 0; 5 93 92 49 101 1 -1; ]
0400800673[326 87 37 58 39 1 1; 156 91 28 48 40 1 0; 110 90 26 48 46 1 0; 1 95 96 49 101 1 -1; ]
0400800674[325 91 37 57 39 1 1; 153 93 29 49 40 1 0; 111 92 25 49 46 1 0; ]
0400800675[324 93 37 56 39 1 1; 151 94 29 49 40 1 0; 113 94 25 50 46 1 0; ]
0400800676[324 93 37 56 39 1 1; 148 94 29 49 40 1 0; 113 95 25 50 46 1 0; ]
0400800677[323 93 37 57 39 1 1; 146 94 29 50 40 1 0; 113 95 26 50 46 1 0; ]
0400800678[321 91 38 59 39 1 1; 143 94 29 50 40 1 0; 113 96 26 51 46 1 0; ]
0400800679[319 90 38 60 39 1 1; 141 93 29 50 40 1 0; 113 93 26 53 46 1 0; ]
0400800680[318 88 38 61 39 1 1; 139 93 30 51 40 1 0; 114 90 26 54 46 1 0; 0 94 91 50 101 1 -1; ]
0400800681[318 87 38 62 39 1 1; 136 92 30 52 40 1 0; 115 89 26 53 46 1 0; 0 94 89 50 101 1 -1; ]
0400800682[318 86 37 62 39 1 1; 134 91 30 53 40 1 0; 115 89 26 52 46 1 0; 1 93 88 50 101 1 -1; ]
0400800683[318 85 36 63 39 1 1; 131 90 30 54 40 1 0; 116 88 26 52 46 1 0; 2 93 86 50 101 1 -1; ]
0400800684[318 84 35 63 39 1 1; 130 88 28 54 40 1 0; 116 87 26 52 46 1 0; 2 92 85 50 101 1 -1; ]
0400800685[317 83 36 64 39 1 1; 128 87 27 54 40 1 0; 117 87 26 52 46 1 0; 3 92 84 50 101 1 -1; ]
0400800686[315 82 37 64 39 1 1; 126 86 27 55 40 1 0; 117 86 26 53 46 1 0; 3 91 82 50 101 1 -1; ]
0400800687[313 81 38 64 39 1 1; 123 85 27 55 40 1 0; 117 85 26 53 46 1 0; 4 91 81 50 101 1 -1; ]
0400800688[312 81 39 64 39 1 1; 118 84 26 53 46 1 0; 5 91 80 51 101 1 -1; ]
0400800689[311 81 38 64 39 1 1; 118 83 27 54 46 1 0; 5 90 78 51 101 1 -1; ]
0400800690[310 81 38 63 39 1 1; 118 83 27 55 46 1 0; 2 89 82 51 101 1 -1; ]
0400800691[309 81 37 63 39 1 1; 118 82 27 56 46 1 0; 0 88 85 52 101 1 -1; ]
0400800692[308 81 37 63 39 1 1; 119 81 28 57 46 1 0; ]
0400800693[306 81 37 63 39 1 1; 119 81 28 58 46 1 0; ]
0400800694[305 80 37 64 39 1 1; 119 80 29 59 46 1 0; ]
0400800695[303 78 37 65 39 1 1; 119 80 29 59 46 1 0; ]
0400800696[302 77 37 66 39 1 1; 119 79 30 60 46 1 0; ]
0400800697[300 75 37 67 39 1 1; 119 79 30 60 46 1 0; ]
0400800698[298 74 38 68 39 1 1; 119 78 30 61 46 1 0; ]
0400800699[296 74 38 68 39 1 1; 119 78 31 61 46 1 0; ]
0400800700[294 74 38 67 39 1 1; 118 77 31 61 46 1 0; ]
0400800701[292 74 38 66 39 1 1; 118 77 31 61 46 1 0; ]
0400800702[289 74 38 66 39 1 1; 118 75 31 62 46 1 0; ]
0400800703[286 74 39 66 39 1 1; 117 74 31 63 46 1 0; ]
0400800704[283 74 39 67 39 1 1; 116 74 31 63 46 1 0; ]
0400800705[280 74 40 67 39 1 1; 116 74 31 62 46 1 0; ]
0400800706[278 74 41 68 39 1 1; 115 75 32 61 46 1 0; ]
0400800707[275 74 41 69 39 1 1; 114 75 32 60 46 1 0; ]
0400800708[273 74 42 70 39 1 1; 113 75 32 60 46 1 0; ]
0400800709[271 74 43 71 39 1 1; 112 75 32 61 46 1 0; ]
0400800710[268 74 43 72 39 1 1; 112 74 32 62 46 1 0; ]
0400800711[266 73 44 72 39 1 1; 111 73 32 63 46 1 0; ]
0400800712[264 70 44 72 39 1 1; 110 72 32 63 46 1 0; ]
0400800713[261 69 44 72 39 1 1; 110 71 32 64 46 1 0; ]
0400800714[258 69 45 72 39 1 1; 110 71 33 64 46 1 0; ]
0400800715[255 69 46 72 39 1 1; 109 70 33 64 46 1 0; ]
0400800716[252 69 46 73 39 1 1; 109 70 33 64 46 1 0; ]
0400800717[250 69 46 73 39 1 1; 109 70 34 65 46 1 0; ]
0400800718[247 69 43 75 39 1 1; 109 69 34 65 46 1 0; ]
0400800719[245 69 43 75 39 1 1; 108 69 35 65 46 1 0; ]
0400800720[242 69 44 75 39 1 1; 108 69 35 65 46 1 0; ]
0400800721[239 69 44 75 39 1 1; 108 68 36 66 46 1 0; ]
0400800722[236 70 44 75 39 1 1; 108 68 36 66 46 1 0; ]
0400800723[233 69 45 76 39 1 1; 108 68 37 66 46 1 0; ]
0400800724[229 69 46 78 39 1 1; 106 67 38 67 46 1 0; ]
0400800725[226 68 47 79 39 1 1; 105 67 39 67 46 1 0; ]
0400800726[224 68 45 79 39 1 1; 106 67 39 67 46 1 0; ]
0400800727[221 68 44 80 39 1 1; 106 66 38 68 46 1 0; ]
0400800728[218 67 45 80 39 1 1; 106 66 38 68 46 1 0; ]
0400800729[215 67 46 81 39 1 1; 105 67 39 68 46 1 0; ]
0400800730[211 66 46 81 39 1 1; 103 67 39 69 46 1 0; ]
0400800731[207 66 46 82 39 1 1; 101 68 40 69 46 1 0; ]
0400800732[203 66 46 82 39 1 1; 101 68 40 67 46 1 0; ]
0400800733[198 65 46 83 39 1 1; 100 68 40 67 46 1 0; ]
0400800734[196 65 43 84 39 1 1; 99 66 41 68 46 1 0; ]
0400800735[191 65 45 85 39 1 1; 98 64 41 70 46 1 0; ]
0400800736[187 64 47 86 39 1 1; 97 65 42 71 46 1 0; ]
0400800737[182 64 49 87 39 1 1; 95 66 43 71 46 1 0; ]
0400800738[177 65 50 88 39 1 1; 94 67 44 71 46 1 0; ]
0400800739[173 66 50 89 39 1 1; 92 68 44 72 46 1 0; ]
0400800740[168 66 51 91 39 1 1; 90 68 45 72 46 1 0; ]
0400800741[163 67 51 92 39 1 1; 89 69 46 72 46 1 0; ]
0400800742[158 67 52 93 39 1 1; 87 69 46 73 46 1 0; ]
0400800743[153 67 53 94 39 1 1; 85 69 46 73 46 1 0; ]
0400800744[149 67 53 95 39 1 1; 83 68 47 73 46 1 0; ]
0400800745[144 65 54 95 39 1 1; 81 68 47 73 46 1 0; ]
0400800746[139 63 55 96 39 1 1; 79 68 47 74 46 1 0; ]
0400800747[134 62 56 96 39 1 1; 77 67 45 74 46 1 0; ]
0400800748[129 61 57 96 39 1 1; 75 66 44 74 46 1 0; ]
0400800749[124 60 57 96 39 1 1; 72 65 43 74 46 1 0; ]
0400800750[119 60 58 96 39 1 1; 70 64 42 74 46 1 0; ]
0400800751[115 59 58 96 39 1 1; 68 63 42 75 46 1 0; ]
0400800752[110 59 59 96 39 1 1; 66 62 43 76 46 1 0; ]
0400800753[105 58 60 97 39 1 1; 63 62 43 78 46 1 0; ]
0400800754[99 57 60 99 39 1 1; 61 61 43 79 46 1 0; ]
0400800755[94 56 61 102 39 1 1; 58 60 43 80 46 1 0; ]
0400800756[88 55 62 104 39 1 1; 54 60 44 81 46 1 0; ]
0400800757[83 55 62 106 39 1 1; 51 59 44 82 46 1 0; ]
0400800758[78 54 63 107 39 1 1; ]
0400800759[72 53 64 109 39 1 1; ]
0400800760[67 53 65 110 39 1 1; ]
0400800761[63 52 65 111 39 1 1; ]
0400800762[58 52 65 111 39 1 1; ]
0400800763[54 51 65 112 39 1 1; 42 56 39 83 50 1 0; ]
0400800764[49 51 67 112 39 1 1; 39 56 39 84 50 1 0; ]
0400800765[43 51 68 113 39 1 1; 36 56 38 84 50 1 0; ]
0400800766[39 50 69 114 39 1 1; 33 56 38 85 50 1 0; ]
0400800767[34 50 70 115 39 1 1; 30 56 39 85 50 1 0; ]
0400800768[31 50 70 117 39 1 1; 28 56 39 86 50 1 0; ]
0400800769[28 49 70 120 39 1 1; 25 56 40 86 50 1 0; ]
0400800770[24 49 70 122 39 1 1; 23 56 41 87 50 1 0; ]
0400800771[18 49 72 124 39 1 1; ]
0400800772[11 48 74 126 39 1 1; ]
0400800773[4 47 76 128 39 1 1; ]
0400800774[]
0400800775[]
0400800776[]
0400800777[]
0400800778[]
0400800779[]
0400800780[]
0400800781[]
0400800782[]
0400800783[]
0400800784[]
0400800785[]
0400800786[]
0400800787[]
0400800788[]
0400800789[]
0400800790[]
0400800791[]
0400800792[]
0400800793[]
0400800794[]
0400800795[]
0400800796[]
0400800797[]
0400800798[]
0400800799[]
0400800800[]
0400800801[]
0400800802[]
0400800803[]
0400800804[]
0400800805[]
0400800806[]
0400800807[]
0400800808[]
0400800809[]
0400800810[]
0400800811[]
0400800812[]
0400800813[]
0400800814[]
0400800815[]
0400800816[]
0400800817[]
0400800818[]
0400800819[]
0400800820[]
0400800821[]
0400800822[]
0400800823[]
0400800824[]
0400800825[]
0400800826[]
0400800827[]
0400800828[]
0400800829[]
0400800830[]
0400800831[]
0400800832[]
0400800833[]
0400800834[]
0400800835[]
0400800836[]
0400800837[]
0400800838[]
0400800839[]
0400800840[]
0400800841[]
0400800842[]
0400800843[]
0400800844[]
0400800845[]
0400800846[]
0400800847[]
0400800848[]
0400800849[]
0400800850[]
0400800851[]
0400800852[]
0400800853[]
0400800854[]
0400800855[]
0400800856[]
0400800857[]
0400800858[]
0400800859[]
0400800860[]
0400800861[]
0400800862[]
0400800863[]
0400800864[]
0400800865[]
0400800866[]
0400800867[]
0400800868[]
0400800869[]
0400800870[]
0400800871[]
0400800872[]
0400800873[]
0400800874[]
0400800875[]
0400800876[]
0400800877[]
0400800878[]
0400800879[]
0400800880[]
0400800881[]
0400800882[]
0400800883[]
0400800884[]
0400800885[]
0400800886[]
0400800887[]
0400800888[]
0400800889[]
0400800890[]
0400800891[]
0400800892[]
0400800893[]
0400800894[]
0400800895[]
0400800896[]
0400800897[]
0400800898[]
0400800899[]
0400800900[]
0400800901[]
0400800902[]
0400800903[]
0400800904[]
0400800905[]
0400800906[]
0400800907[]
0400800908[]
0400800909[]
0400800910[]
0400800911[]
0400800912[]
0400800913[]
0400800914[]
0400800915[]
0400800916[]
0400800917[]
0400800918[]
0400800919[]
0400800920[]
0400800921[]
0400800922[]
0400800923[]
0400800924[]
0400800925[]
0400800926[]
0400800927[]
0400800928[]
0400800929[]
0400800930[]
0400800931[]
0400800932[]
0400800933[]
0400800934[]
0400800935[]
0400800936[]
0400800937[]
0400800938[]
0400800939[]
0400800940[]
0400800941[]
0400800942[]
0400800943[]
0400800944[]
0400800945[]
0400800946[]
0400800947[]
0400800948[]
0400800949[]
0400800950[]
0400800951[]
0400800952[]
0400800953[]
0400800954[]
0400800955[]
0400800956[]
0400800957[]
0400800958[]
0400800959[]
0400800960[]
0400800961[]
0400800962[]
0400800963[]
0400800964[]
0400800965[]
0400800966[]
0400800967[]
0400800968[]
0400800969[]
0400800970[]
0400800971[]
0400800972[]
0400800973[]
0400800974[]
0400800975[]
0400800976[]
0400800977[]
0400800978[]
0400800979[]
0400800980[]
0400800981[]
0400800982[]
0400800983[]
0400800984[]
0400800985[]
0400800986[]
0400800987[]
0400800988[]
0400800989[]
0400800990[]
0400800991[]
0400800992[]
0400800993[]
0400800994[]
0400800995[]
0400800996[]
0400800997[]
0400800998[]
0400800999[]
0400801000[]
0400801001[]
0400801002[]
0400801003[]
0400801004[]
0400801005[]
0400801006[]
0400801007[]
0400801008[]
0400801009[]
0400801010[]
0400801011[]
0400801012[]
0400801013[]
0400801014[]
0400801015[]
0400801016[]
0400801017[]
0400801018[]
0400801019[]
0400801020[]
0400801021[]
0400801022[]
0400801023[]
0400801024[]
0400801025[]
0400801026[]
0400801027[]
0400801028[]
0400801029[]
0400801030[]
0400801031[]
0400801032[]
0400801033[]
0400801034[]
0400801035[]
0400801036[]
0400801037[]
0400801038[]
0400801039[]
0400801040[]
0400801041[]
0400801042[]
0400801043[]
0400801044[]
0400801045[]
0400801046[]
0400801047[]
0400801048[]
0400801049[]
0400801050[]
0400801051[]
0400801052[]
0400801053[]
0400801054[]
0400801055[]
0400801056[]
0400801057[]
0400801058[]
0400801059[]
0400801060[]
0400801061[]
0400801062[]
0400801063[]
0400801064[]
0400801065[]
0400801066[]
0400801067[]
0400801068[]
0400801069[]
0400801070[]
0400801071[]
0400801072[]
0400801073[]
0400801074[]
0400801075[]
0400801076[]
0400801077[]
0400801078[]
0400801079[]
0400801080[]
0400801081[]
0400801082[]
0400801083[]
0400801084[]
0400801085[]
0400801086[]
0400801087[]
0400801088[]
0400801089[]
0400801090[]
0400801091[]
0400801092[]
0400801093[]
0400801094[]
0400801095[]
0400801096[]
0400801097[]
0400801098[]
0400801099[]
0400801100[]
0400801101[]
0400801102[]
0400801103[]
0400801104[]
0400801105[]
0400801106[]
0400801107[]
0400801108[]
0400801109[]
0400801110[]
0400801111[]
0400801112[]
0400801113[]
0400801114[]
0400801115[]
0400801116[]
0400801117[]
0400801118[]
0400801119[]
0400801120[]
0400801121[]
0400801122[]
0400801123[]
0400801124[]
0400801125[]
0400801126[]
0400801127[]
0400801128[]
0400801129[]
0400801130[]
0400801131[]
0400801132[]
0400801133[]
0400801134[]
0400801135[]
0400801136[]
0400801137[]
0400801138[]
0400801139[]
0400801140[]
0400801141[]
0400801142[]
0400801143[]
0400801144[]
0400801145[]
0400801146[]
0400801147[]
0400801148[]
0400801149[]
0400801150[]
0400801151[]
0400801152[]
0400801153[]
0400801154[]
0400801155[]
0400801156[]
0400801157[]
0400801158[]
0400801159[]
0400801160[]
0400801161[]
0400801162[]
0400801163[]
0400801164[]
0400801165[]
0400801166[]
0400801167[]
0400801168[]
0400801169[]
0400801170[]
0400801171[]
0400801172[]
0400801173[]
0400801174[]
0400801175[]
0400801176[]
0400801177[]
0400801178[]
0400801179[]
0400801180[]
0400801181[]
0400801182[]
0400801183[]
0400801184[]
0400801185[]
0400801186[]
0400801187[]
0400801188[]
0400801189[]
0400801190[]
0400801191[]
0400801192[]
0400801193[]
0400801194[]
0400801195[]
0400801196[]
0400801197[]
0400801198[]
0400801199[]
0400801200[]
0400801201[]
0400801202[]
0400801203[]
0400801204[]
0400801205[]
0400801206[]
0400801207[]
0400801208[]
0400801209[]
0400801210[]
0400801211[]
0400801212[]
0400801213[]
0400801214[]
0400801215[]
0400801216[]
0400801217[]
0400801218[]
0400801219[]
0400801220[]
0400801221[]
0400801222[]
0400801223[]
0400801224[]
0400801225[]
0400801226[]
0400801227[]
0400801228[]
0400801229[]
0400801230[]
0400801231[]
0400801232[]
0400801233[]
0400801234[]
0400801235[]
0400801236[]
0400801237[]
0400801238[]
0400801239[]
0400801240[]
0400801241[]
0400801242[]
0400801243[]
0400801244[]
0400801245[]
0400801246[]
0400801247[]
0400801248[]
0400801249[]
0400801250[]
0400801251[]
0400801252[]
0400801253[]
0400801254[]
0400801255[]
0400801256[]
0400801257[]
0400801258[]
0400801259[]
0400801260[]
0400801261[]
0400801262[]
0400801263[]
0400801264[]
0400801265[]
0400801266[]
0400801267[]
0400801268[]
0400801269[]
0400801270[]
0400801271[]
0400801272[]
0400801273[]
0400801274[]
0400801275[]
0400801276[]
0400801277[]
0400801278[]
0400801279[]
0400801280[]
0400801281[]
0400801282[]
0400801283[]
0400801284[]
0400801285[]
0400801286[]
0400801287[]
0400801288[]
0400801289[]
0400801290[]
0400801291[]
0400801292[]
0400801293[]
0400801294[]
0400801295[]
0400801296[]
0400801297[]
0400801298[]
0400801299[]
0400801300[]
0400801301[]
0400801302[]
0400801303[]
0400801304[]
0400801305[]
0400801306[]
0400801307[]
0400801308[]
0400801309[]
0400801310[]
0400801311[]
0400801312[]
0400801313[]
0400801314[]
0400801315[]
0400801316[]
0400801317[]
0400801318[]
0400801319[]
0400801320[]
0400801321[]
0400801322[]
0400801323[]
0400801324[]
0400801325[]
0400801326[]
0400801327[]
0400801328[]
0400801329[]
0400801330[]
0400801331[]
0400801332[]
0400801333[]
0400801334[479 99 19 34 54 0 0; ]
0400801335[478 99 19 32 54 0 0; ]
0400801336[477 100 19 30 54 0 0; ]
0400801337[476 100 19 30 54 0 0; ]
0400801338[475 99 19 30 54 0 0; ]
0400801339[474 99 19 31 54 0 0; ]
0400801340[473 99 19 31 54 0 0; ]
0400801341[472 99 19 32 54 0 0; ]
0400801342[471 98 19 32 54 0 0; ]
0400801343[470 97 19 32 54 0 0; ]
0400801344[469 97 19 31 54 0 0; ]
0400801345[468 96 19 31 54 0 0; ]
0400801346[466 97 19 31 54 0 0; ]
0400801347[465 97 19 31 54 0 0; ]
0400801348[464 98 19 30 54 0 0; ]
0400801349[463 99 19 30 54 0 0; ]
0400801350[463 98 18 30 54 0 0; ]
0400801351[463 97 18 30 54 0 0; ]
0400801352[463 96 18 30 54 0 0; 433 88 25 43 55 1 0; ]
0400801353[463 96 18 31 54 0 0; 433 88 25 43 55 1 0; ]
0400801354[464 96 18 31 54 0 0; 433 88 25 43 55 1 0; ]
0400801355[465 96 18 32 54 0 0; 434 88 25 43 55 1 0; ]
0400801356[466 95 18 32 54 0 0; 434 88 25 43 55 1 0; ]
0400801357[467 94 18 32 54 0 0; 434 87 26 43 55 1 0; ]
0400801358[468 94 18 32 54 0 0; 435 87 26 44 55 1 0; ]
0400801359[468 93 18 32 54 0 0; 435 87 26 44 55 1 0; ]
0400801360[469 93 18 32 54 0 0; 435 87 26 44 55 1 0; ]
0400801361[469 93 19 32 54 0 0; 436 87 26 44 55 1 0; ]
0400801362[470 93 19 32 54 0 0; 436 87 27 44 55 1 0; ]
0400801363[470 94 19 31 54 0 0; 436 86 27 44 55 1 0; ]
0400801364[470 94 19 30 54 0 0; 436 86 27 45 55 1 0; ]
0400801365[472 94 19 30 54 0 0; 437 86 27 45 55 1 0; ]
0400801366[474 94 18 31 54 0 0; 437 86 28 45 55 1 0; ]
0400801367[475 94 18 31 54 0 0; 437 86 28 45 55 1 0; ]
0400801368[474 95 20 31 54 0 0; 438 86 28 46 55 1 0; ]
0400801369[474 95 21 32 54 0 0; 439 87 28 46 55 1 0; ]
0400801370[475 95 21 33 54 0 0; 441 87 28 48 55 1 0; ]
0400801371[477 95 20 33 54 0 0; 441 87 28 48 55 1 0; ]
0400801372[478 95 20 33 54 0 0; 442 86 28 48 55 1 0; ]
0400801373[478 95 20 33 54 0 0; 442 85 28 48 55 0 0; ]
0400801374[479 96 20 32 54 0 0; 443 85 28 48 55 0 0; ]
0400801375[479 96 20 32 54 0 0; 443 85 28 47 55 0 0; ]
0400801376[481 96 19 31 54 0 0; 443 85 28 47 55 0 0; ]
0400801377[482 96 19 31 54 0 0; 442 86 28 47 55 0 0; ]
0400801378[482 96 19 31 54 0 0; 442 86 28 47 55 0 0; ]
0400801379[482 96 20 33 54 0 0; 442 87 28 47 55 0 0; ]
0400801380[482 97 20 33 54 0 0; 442 87 29 47 55 0 0; ]
0400801381[482 97 20 33 54 0 0; 441 89 29 47 55 0 0; ]
0400801382[482 97 20 33 54 0 0; 440 90 29 47 55 0 0; ]
0400801383[482 98 20 32 54 0 0; 441 90 29 47 55 0 0; ]
0400801384[482 98 21 31 54 0 0; 441 89 28 47 55 0 0; ]
0400801385[483 97 20 32 54 0 0; 442 89 28 47 55 0 0; ]
0400801386[483 96 19 33 54 0 0; 442 89 27 48 55 0 0; ]
0400801387[483 96 19 33 54 0 0; 442 89 27 48 55 0 0; ]
0400801388[483 96 19 33 54 0 0; 442 88 26 48 55 0 0; ]
0400801389[483 96 19 33 54 0 0; 442 88 26 48 55 0 0; ]
0400801390[483 96 19 33 54 0 0; 441 89 26 48 55 0 0; ]
0400801391[482 97 19 32 54 0 0; 440 89 27 47 55 0 0; ]
0400801392[482 98 20 31 54 0 0; 439 90 28 47 55 0 0; ]
0400801393[482 98 20 32 54 0 0; 438 90 29 47 55 0 0; ]
0400801394[482 98 20 33 54 0 0; 437 89 30 47 55 0 0; ]
0400801395[482 96 19 33 54 0 0; 436 89 30 48 55 0 0; ]
0400801396[482 95 19 34 54 0 0; 436 88 30 49 55 0 0; ]
0400801397[482 94 19 34 54 0 0; 435 87 31 50 55 0 0; 472 94 16 31 68 0 1; ]
0400801398[482 93 19 34 54 0 0; 435 85 30 51 55 0 0; 471 93 16 31 68 0 1; ]
0400801399[482 92 19 33 54 0 0; 436 83 30 52 55 0 0; 470 92 17 31 68 0 1; ]
0400801400[482 91 20 33 54 0 0; 436 83 29 52 55 0 0; 468 91 17 31 68 0 1; ]
0400801401[483 91 20 33 54 0 0; 436 83 29 51 55 0 0; 467 91 17 31 68 0 1; ]
0400801402[483 91 20 33 54 0 0; 437 84 28 50 55 0 0; 466 91 17 30 68 0 1; ]
0400801403[483 91 19 33 54 0 0; 437 85 28 48 55 0 0; 465 91 17 31 68 0 1; ]
0400801404[483 91 19 33 54 0 0; 437 85 28 47 55 0 0; 465 91 18 32 68 0 1; ]
0400801405[483 91 19 33 54 0 0; 437 85 28 47 55 0 0; 464 91 18 33 68 0 1; ]
0400801406[483 91 19 34 54 0 0; 438 85 28 47 55 0 0; 463 91 18 33 68 0 1; ]
0400801407[484 91 20 34 54 0 0; 438 85 28 48 55 0 0; 462 91 18 33 68 0 1; ]
0400801408[484 91 20 35 54 0 0; 438 85 28 48 55 0 0; 462 92 17 33 68 0 1; ]
0400801409[484 91 21 35 54 0 0; 439 85 28 48 55 0 0; 461 92 16 32 68 0 1; ]
0400801410[484 91 21 35 54 0 0; 439 84 28 49 55 0 0; 460 91 17 33 68 0 1; ]
0400801411[485 91 21 35 54 0 0; 439 84 28 49 55 0 0; 459 91 17 33 68 1 1; ]
0400801412[486 91 21 35 54 0 0; 440 83 28 50 55 0 0; 458 90 18 34 68 1 1; ]
0400801413[486 91 21 35 54 0 0; 440 83 27 50 55 0 0; ]
0400801414[487 91 21 35 54 0 0; 441 84 27 50 55 0 0; ]
0400801415[488 91 22 35 54 0 0; 442 84 26 51 55 0 0; ]
0400801416[488 91 22 35 54 0 0; 442 84 26 50 55 0 0; ]
0400801417[489 91 21 34 54 0 0; 443 85 26 50 55 0 0; ]
0400801418[490 91 21 34 54 0 0; 443 85 26 50 55 0 0; ]
0400801419[443 86 26 49 55 0 0; ]
0400801420[443 85 27 50 55 0 0; ]
0400801421[443 84 27 50 55 0 0; ]
0400801422[442 84 28 50 55 0 0; ]
0400801423[442 83 28 50 55 0 0; ]
0400801424[443 82 28 50 55 0 0; ]
0400801425[443 81 28 50 55 0 0; ]
0400801426[444 80 28 49 55 0 0; ]
0400801427[444 80 28 49 55 0 0; ]
0400801428[444 80 28 49 55 0 0; ]
0400801429[444 80 28 49 55 0 0; ]
0400801430[444 81 28 49 55 0 0; ]
0400801431[444 81 28 49 55 0 0; ]
0400801432[445 81 28 49 55 0 0; ]
0400801433[446 81 27 49 55 0 0; ]
0400801434[446 81 26 49 55 0 0; ]
0400801435[445 81 28 49 55 0 0; ]
0400801436[446 81 27 49 55 0 0; ]
0400801437[446 82 26 48 55 0 0; ]
0400801438[446 82 26 48 55 0 0; ]
0400801439[446 81 26 48 55 0 0; ]
0400801440[446 80 26 49 55 0 0; ]
0400801441[446 79 26 51 55 0 0; ]
0400801442[445 77 27 52 55 1 0; ]
0400801443[444 77 27 52 55 1 0; ]
0400801444[443 78 27 52 55 1 0; ]
0400801445[442 79 27 52 55 1 0; ]
0400801446[441 79 27 52 55 1 0; ]
0400801447[440 80 27 51 55 1 0; ]
0400801448[439 81 27 51 55 1 0; ]
0400801449[438 81 27 51 55 1 0; ]
0400801450[437 82 27 51 55 1 0; ]
0400801451[]
0400801452[]
0400801453[]
0400801454[]
0400801455[]
0400801456[]
0400801457[]
0400801458[]
0400801459[]
0400801460[]
0400801461[]
0400801462[]
0400801463[]
0400801464[]
0400801465[]
0400801466[]
0400801467[]
0400801468[]
0400801469[]
0400801470[]
0400801471[]
0400801472[]
0400801473[]
0400801474[]
0400801475[]
0400801476[]
0400801477[]
0400801478[]
0400801479[]
0400801480[]
0400801481[]
0400801482[]
0400801483[]
0400801484[]
0400801485[]
0400801486[]
0400801487[]
0400801488[]
0400801489[]
0400801490[]
0400801491[]
0400801492[]
0400801493[]
0400801494[]
0400801495[]
0400801496[]
0400801497[]
0400801498[]
0400801499[]
0400801500[]
0400801501[]
0400801502[]
0400801503[]
0400801504[]
0400801505[]
0400801506[]
0400801507[]
0400801508[]
0400801509[]
0400801510[]
0400801511[]
0400801512[482 83 27 49 54 0 0; ]
0400801513[482 83 27 49 54 0 0; ]
0400801514[482 85 28 48 54 0 0; ]
0400801515[482 85 27 48 54 0 0; ]
0400801516[482 85 27 48 54 0 0; ]
0400801517[483 85 27 48 54 0 0; ]
0400801518[483 85 27 48 54 0 0; ]
0400801519[484 85 27 48 54 0 0; ]
0400801520[]
0400801521[]
0400801522[]
0400801523[]
0400801524[]
0400801525[]
0400801526[]
0400801527[]
0400801528[229 82 17 47 69 1 1; ]
0400801529[225 82 21 48 69 1 1; ]
0400801530[222 82 22 49 69 1 1; ]
0400801531[219 81 23 50 69 1 1; ]
0400801532[217 80 23 51 69 1 1; ]
0400801533[214 79 23 52 69 1 1; ]
0400801534[211 79 24 52 69 0 1; ]
0400801535[208 79 24 53 69 0 1; ]
0400801536[205 79 24 53 69 0 1; ]
0400801537[203 79 24 53 69 0 1; ]
0400801538[200 79 24 54 69 0 1; ]
0400801539[198 79 23 54 69 0 1; ]
0400801540[196 79 23 54 69 0 1; ]
0400801541[191 78 24 55 69 0 1; ]
0400801542[187 78 25 55 69 0 1; ]
0400801543[184 77 25 55 69 0 1; ]
0400801544[181 77 26 56 69 0 1; ]
0400801545[178 77 27 56 69 0 1; ]
0400801546[174 77 27 56 69 0 1; ]
0400801547[170 77 27 56 69 0 1; ]
0400801548[167 76 27 56 69 0 1; ]
0400801549[164 74 28 57 69 0 1; ]
0400801550[159 76 28 58 69 0 1; ]
0400801551[154 78 29 58 69 0 1; ]
0400801552[150 78 29 58 69 0 1; ]
0400801553[146 77 29 59 69 0 1; ]
0400801554[143 77 29 59 69 0 1; ]
0400801555[139 77 29 59 69 0 1; ]
0400801556[135 78 30 60 69 0 1; ]
0400801557[131 80 30 60 69 0 1; ]
0400801558[127 77 31 60 69 0 1; ]
0400801559[123 76 32 61 69 0 1; ]
0400801560[119 76 31 62 69 0 1; ]
0400801561[115 77 31 64 69 0 1; ]
0400801562[111 78 31 65 69 0 1; ]
0400801563[107 75 31 64 69 0 1; ]
0400801564[103 73 31 63 69 0 1; ]
0400801565[98 73 31 63 69 0 1; ]
0400801566[93 73 31 64 69 0 1; ]
0400801567[88 73 31 65 69 0 1; ]
0400801568[84 73 31 65 69 1 1; ]
0400801569[79 70 31 66 69 1 1; ]
0400801570[75 69 31 67 69 1 1; ]
0400801571[71 70 31 68 69 1 1; ]
0400801572[67 71 31 69 69 1 1; ]
0400801573[62 76 31 66 69 1 1; ]
0400801574[57 78 31 65 69 1 1; ]
0400801575[52 76 31 66 69 1 1; ]
0400801576[47 74 31 66 69 1 1; ]
0400801577[42 74 31 67 69 1 1; ]
0400801578[36 73 31 68 69 1 1; ]
0400801579[31 72 31 69 69 1 1; ]
0400801580[26 71 31 70 69 1 1; ]
0400801581[20 66 31 72 69 1 1; ]
0400801582[14 65 32 73 69 1 1; ]
0400801583[9 64 33 74 69 1 1; ]
0400801584[3 64 34 74 69 1 1; ]
0400801585[]
0400801586[]
0400801587[]
0400801588[]
0400801589[]
0400801590[]
0400801591[]
0400801592[]
0400801593[]
0400801594[]
0400801595[]
0400801596[]
0400801597[]
0400801598[]
0400801599[]
0400801600[]
0400801601[]
0400801602[]
0400801603[]
0400801604[]
0400801605[]
0400801606[]
0400801607[]
0400801608[]
0400801609[]
0400801610[]
0400801611[]
0400801612[]
0400801613[]
0400801614[]
0400801615[]
0400801616[]
0400801617[]
0400801618[]
0400801619[]
0400801620[]
0400801621[]
0400801622[]
0400801623[]
0400801624[]
0400801625[]
0400801626[]
0400801627[]
0400801628[]
0400801629[]
0400801630[]
0400801631[]
0400801632[]
0400801633[]
0400801634[]
0400801635[]
0400801636[]
0400801637[]
0400801638[]
0400801639[]
0400801640[427 88 22 37 70 1 0; ]
0400801641[428 88 22 37 70 1 0; ]
0400801642[429 88 23 37 70 1 0; ]
0400801643[431 88 23 37 70 1 0; ]
0400801644[432 88 23 37 70 1 0; ]
0400801645[433 88 23 37 70 1 0; ]
0400801646[434 88 23 37 70 0 0; ]
0400801647[436 87 23 37 70 0 0; ]
0400801648[438 87 23 38 70 0 0; 243 87 19 38 71 1 1; ]
0400801649[439 87 24 38 70 0 0; 242 87 19 38 71 1 1; ]
0400801650[441 87 24 39 70 0 0; 241 87 19 38 71 0 1; ]
0400801651[443 87 24 39 70 0 0; 239 87 19 38 71 0 1; ]
0400801652[444 86 24 39 70 0 0; 237 87 20 38 71 0 1; ]
0400801653[445 86 24 39 70 0 0; 235 86 20 38 71 0 1; ]
0400801654[446 86 24 39 70 0 0; 233 86 21 38 71 0 1; ]
0400801655[446 86 24 39 70 0 0; 231 86 21 38 71 0 1; ]
0400801656[447 86 24 39 70 0 0; 228 86 21 38 71 0 1; ]
0400801657[448 86 24 39 70 0 0; 226 86 21 38 71 0 1; ]
0400801658[448 86 24 39 70 0 0; 223 86 21 38 71 0 1; ]
0400801659[449 87 24 39 70 0 0; 221 87 20 38 71 0 1; ]
0400801660[450 87 24 39 70 0 0; 218 87 20 38 71 0 1; ]
0400801661[450 89 24 39 70 0 0; 215 88 20 39 71 0 1; ]
0400801662[451 90 24 39 70 0 0; 212 89 19 39 71 0 1; ]
0400801663[451 91 24 39 70 0 0; 210 90 19 39 71 0 1; ]
0400801664[452 93 24 38 70 0 0; 206 93 20 39 71 0 1; ]
0400801665[453 95 24 38 70 0 0; 203 94 21 39 71 0 1; ]
0400801666[453 96 23 38 70 0 0; 199 95 22 39 71 0 1; ]
0400801667[454 96 23 38 70 0 0; 196 96 22 39 71 0 1; ]
0400801668[454 96 23 38 70 0 0; 193 95 23 40 71 0 1; ]
0400801669[455 94 24 38 70 0 0; 190 93 24 40 71 0 1; ]
0400801670[456 91 24 38 70 0 0; 188 91 24 41 71 0 1; ]
0400801671[457 89 24 37 70 0 0; 187 89 23 42 71 0 1; ]
0400801672[459 88 24 37 70 0 0; 186 87 21 43 71 0 1; ]
0400801673[460 87 23 37 70 0 0; 184 85 20 43 71 0 1; ]
0400801674[462 86 23 37 70 0 0; 183 84 19 43 71 0 1; ]
0400801675[463 85 23 37 70 0 0; 181 84 19 44 71 0 1; ]
0400801676[464 84 23 36 70 0 0; 178 84 20 45 71 0 1; ]
0400801677[466 84 23 36 70 0 0; 176 84 22 45 71 0 1; ]
0400801678[467 84 23 36 70 0 0; 172 85 25 46 71 0 1; ]
0400801679[468 85 23 35 70 0 0; 170 85 25 46 71 0 1; ]
0400801680[469 86 23 35 70 0 0; 167 85 24 46 71 0 1; ]
0400801681[470 86 23 34 70 0 0; 165 85 24 46 71 0 1; ]
0400801682[471 86 23 34 70 0 0; 162 85 23 46 71 0 1; ]
0400801683[472 86 23 34 70 0 0; 159 85 22 46 71 0 1; ]
0400801684[473 86 23 34 70 0 0; 157 85 21 46 71 0 1; ]
0400801685[474 86 23 34 70 0 0; 154 85 20 46 71 0 1; ]
0400801686[475 86 23 35 70 0 0; 151 85 20 46 71 0 1; ]
0400801687[475 87 23 35 70 0 0; 148 85 20 46 71 0 1; ]
0400801688[476 87 23 35 70 0 0; 145 85 21 46 71 0 1; ]
0400801689[477 87 23 35 70 0 0; 142 85 21 46 71 0 1; ]
0400801690[478 87 23 35 70 0 0; 139 85 22 46 71 0 1; ]
0400801691[478 87 23 35 70 0 0; 136 85 22 46 71 0 1; ]
0400801692[479 87 23 35 70 0 0; 133 85 23 46 71 0 1; ]
0400801693[480 87 24 35 70 0 0; 130 85 24 46 71 0 1; ]
0400801694[481 87 24 35 70 0 0; 127 84 24 46 71 0 1; ]
0400801695[482 86 24 35 70 0 0; 124 84 23 46 71 0 1; ]
0400801696[482 86 24 35 70 0 0; 121 84 23 46 71 0 1; ]
0400801697[483 86 24 35 70 0 0; 117 83 23 46 71 0 1; ]
0400801698[484 86 24 35 70 0 0; 114 83 23 46 71 0 1; ]
0400801699[485 86 24 35 70 0 0; 111 83 23 46 71 0 1; ]
0400801700[485 86 24 34 70 0 0; 108 83 23 46 71 0 1; ]
0400801701[486 87 23 34 70 0 0; 105 83 23 46 71 0 1; ]
0400801702[487 87 23 34 70 0 0; 101 83 24 46 71 0 1; ]
0400801703[487 88 23 33 70 0 0; 98 83 24 47 71 0 1; ]
0400801704[488 88 23 33 70 0 0; 95 83 25 47 71 0 1; ]
0400801705[92 83 25 47 71 0 1; ]
0400801706[89 83 25 46 71 0 1; ]
0400801707[85 83 24 46 71 0 1; ]
0400801708[82 83 24 46 71 0 1; ]
0400801709[79 83 23 46 71 0 1; ]
0400801710[75 83 23 46 71 0 1; ]
0400801711[72 83 23 46 71 0 1; ]
0400801712[68 83 23 47 71 0 1; ]
0400801713[65 83 23 47 71 0 1; ]
0400801714[61 83 23 47 71 0 1; ]
0400801715[57 83 23 47 71 0 1; ]
0400801716[53 83 24 47 71 0 1; ]
0400801717[49 84 24 47 71 0 1; ]
0400801718[45 85 25 47 71 0 1; ]
0400801719[41 86 26 48 71 0 1; ]
0400801720[37 86 25 48 71 0 1; ]
0400801721[32 85 25 48 71 0 1; ]
0400801722[28 84 25 48 71 0 1; ]
0400801723[24 83 24 48 71 0 1; ]
0400801724[20 82 23 49 71 0 1; ]
0400801725[16 82 22 49 71 0 1; ]
0400801726[12 82 22 49 71 0 1; ]
0400801727[7 82 23 50 71 0 1; ]
0400801728[3 81 24 50 71 0 1; ]
0400801729[]
0400801730[]
0400801731[]
0400801732[]
0400801733[]
0400801734[]
0400801735[]
0400801736[]
0400801737[]
0400801738[]
0400801739[]
0400801740[]
0400801741[]
0400801742[]
0400801743[]
0400801744[]
0400801745[]
0400801746[]
0400801747[]
0400801748[]
0400801749[]
0400801750[]
0400801751[]
0400801752[]
0400801753[]
0400801754[]
0400801755[]
0400801756[]
0400801757[]
0400801758[]
0400801759[]
0400801760[]
0400801761[]
0400801762[]
0400801763[]
0400801764[]
0400801765[]
0400801766[]
0400801767[]
0400801768[]
0400801769[]
0400801770[]
0400801771[]
0400801772[]
0400801773[]
0400801774[]
0400801775[]
0400801776[]
0400801777[]
0400801778[]
0400801779[]
0400801780[]
0400801781[]
0400801782[]
0400801783[]
0400801784[]
0400801785[]
0400801786[]
0400801787[]
0400801788[]
0400801789[]
0400801790[]
0400801791[]
0400801792[]
0400801793[]
0400801794[]
0400801795[]
0400801796[]
0400801797[]
0400801798[]
0400801799[]
0400801800[]
0400801801[]
0400801802[]
0400801803[]
0400801804[]
0400801805[]
0400801806[]
0400801807[]
0400801808[]
0400801809[]
0400801810[]
0400801811[]
0400801812[]
0400801813[]
0400801814[]
0400801815[]
0400801816[]
0400801817[]
0400801818[]
0400801819[]
0400801820[]
0400801821[]
0400801822[]
0400801823[]
0400801824[]
0400801825[]
0400801826[]
0400801827[]
0400801828[]
0400801829[]
0400801830[]
0400801831[140 100 20 30 72 0 3; ]
0400801832[136 99 20 30 72 0 3; ]
0400801833[133 97 20 30 72 0 3; ]
0400801834[129 97 21 31 72 0 3; ]
0400801835[126 96 21 31 72 0 3; ]
0400801836[122 97 21 31 72 0 3; ]
0400801837[119 98 21 31 72 0 3; ]
0400801838[115 98 21 32 72 0 3; ]
0400801839[111 98 22 32 72 0 3; ]
0400801840[107 98 22 32 72 0 3; ]
0400801841[103 99 22 32 72 0 3; ]
0400801842[99 100 22 31 72 0 3; ]
0400801843[95 100 22 31 72 0 3; ]
0400801844[91 100 23 32 72 0 3; ]
0400801845[87 100 23 32 72 0 3; ]
0400801846[83 100 23 33 72 0 3; ]
0400801847[78 100 23 34 72 0 3; ]
0400801848[74 99 23 34 72 0 3; ]
0400801849[70 99 23 34 72 0 3; ]
0400801850[66 99 23 34 72 0 3; ]
0400801851[62 98 23 34 72 0 3; ]
0400801852[57 97 23 34 72 0 3; ]
0400801853[53 96 23 35 72 0 3; ]
0400801854[48 96 23 35 72 0 3; ]
0400801855[43 96 23 36 72 0 3; ]
0400801856[38 96 23 36 72 0 3; ]
0400801857[33 96 24 36 72 0 3; ]
0400801858[28 96 24 37 72 0 3; ]
0400801859[23 95 24 37 72 0 3; ]
0400801860[18 95 24 38 72 0 3; ]
0400801861[12 95 25 39 72 0 3; ]
0400801862[7 95 25 39 72 0 3; ]
0400801863[1 95 25 40 72 0 3; ]
0400801864[]
0400801865[]
0400801866[]
0400801867[]
0400801868[]
0400801869[]
0400801870[]
0400801871[]
0400801872[]
0400801873[]
0400801874[]
0400801875[]
0400801876[]
0400801877[]
0400801878[]
0400801879[]
0400801880[]
0400801881[]
0400801882[]
0400801883[]
0400801884[]
0400801885[]
0400801886[]
0400801887[]
0400801888[]
0400801889[]
0400801890[]
0400801891[]
0400801892[]
0400801893[]
0400801894[]
0400801895[]
0400801896[]
0400801897[]
0400801898[]
0400801899[]
0400801900[]
0400801901[]
0400801902[]
0400801903[]
0400801904[]
0400801905[]
0400801906[]
0400801907[]
0400801908[]
0400801909[]
0400801910[]
0400801911[]
0400801912[]
0400801913[]
0400801914[]
0400801915[]
0400801916[]
0400801917[]
0400801918[]
0400801919[]
0400801920[]
0400801921[]
0400801922[]
0400801923[]
0400801924[]
0400801925[]
0400801926[]
0400801927[]
0400801928[]
0400801929[]
0400801930[]
0400801931[]
0400801932[]
0400801933[]
0400801934[]
0400801935[]
0400801936[]
0400801937[]
0400801938[]
0400801939[]
0400801940[]
0400801941[]
0400801942[]
0400801943[]
0400801944[]
0400801945[]
0400801946[]
0400801947[]
0400801948[]
0400801949[]
0400801950[]
0400801951[]
0400801952[]
0400801953[]
0400801954[]
0400801955[]
0400801956[]
0400801957[]
0400801958[]
0400801959[]
0400801960[]
0400801961[]
0400801962[]
0400801963[]
0400801964[]
0400801965[]
0400801966[]
0400801967[]
0400801968[]
0400801969[]
0400801970[]
0400801971[]
0400801972[]
0400801973[]
0400801974[]
0400801975[]
0400801976[]
0400801977[]
0400801978[]
0400801979[]
0400801980[]
0400801981[]
0400801982[]
0400801983[]
0400801984[]
0400801985[]
0400801986[]
0400801987[]
0400801988[]
0400801989[]
0400801990[]
0400801991[]
0400801992[]
0400801993[]
0400801994[]
0400801995[]
0400801996[]
0400801997[]
0400801998[]
0400801999[]
0400802000[]
0400802001[]
0400802002[]
0400802003[]
0400802004[]
0400802005[]
0400802006[]
0400802007[]
0400802008[]
0400802009[]
0400802010[]
0400802011[]
0400802012[]
0400802013[]
0400802014[]
0400802015[]
0400802016[]
0400802017[]
0400802018[]
0400802019[]
0400802020[]
0400802021[]
0400802022[]
0400802023[]
0400802024[]
0400802025[]
0400802026[]
0400802027[]
0400802028[]
0400802029[]
0400802030[]
0400802031[]
0400802032[]
0400802033[]
0400802034[]
0400802035[]
0400802036[]
0400802037[]
0400802038[]
0400802039[]
0400802040[]
0400802041[]
0400802042[]
0400802043[]
0400802044[]
0400802045[]
0400802046[]
0400802047[]
0400802048[]
0400802049[]
0400802050[]
0400802051[]
0400802052[]
0400802053[]
0400802054[]
0400802055[]
0400802056[]
0400802057[]
0400802058[]
0400802059[]
0400802060[]
0400802061[]
0400802062[]
0400802063[]
0400802064[]
0400802065[]
0400802066[]
0400802067[]
0400802068[]
0400802069[]
0400802070[]
0400802071[]
0400802072[]
0400802073[]
0400802074[]
0400802075[]
0400802076[]
0400802077[]
0400802078[]
0400802079[]
0400802080[]
0400802081[]
0400802082[]
0400802083[]
0400802084[]
0400802085[]
0400802086[]
0400802087[]
0400802088[]
0400802089[]
0400802090[]
0400802091[]
0400802092[]
0400802093[]
0400802094[]
0400802095[432 100 16 30 75 0 1; ]
0400802096[432 100 17 30 75 0 1; ]
0400802097[431 99 17 30 75 0 1; ]
0400802098[]
0400802099[]
0400802100[]
0400802101[]
0400802102[]
0400802103[]
0400802104[429 98 17 30 75 0 1; ]
0400802105[429 99 18 30 75 0 1; ]
0400802106[428 100 18 30 75 0 1; ]
0400802107[428 100 18 30 75 0 1; ]
0400802108[428 100 18 30 75 0 1; ]
0400802109[428 100 18 30 75 0 1; ]
0400802110[428 100 18 30 75 0 1; ]
0400802111[428 99 18 31 75 0 1; ]
0400802112[427 98 19 32 75 0 1; ]
0400802113[426 97 20 32 75 0 1; ]
0400802114[426 96 20 33 75 0 1; ]
0400802115[426 95 20 33 75 0 1; ]
0400802116[426 94 20 33 75 0 1; ]
0400802117[426 93 20 33 75 0 1; ]
0400802118[426 93 20 33 75 0 1; ]
0400802119[426 94 19 33 75 0 1; ]
0400802120[426 94 19 33 75 0 1; ]
0400802121[426 96 19 33 75 0 1; ]
0400802122[425 95 19 33 75 0 1; ]
0400802123[425 95 19 32 75 0 1; ]
0400802124[424 95 20 32 75 0 1; ]
0400802125[424 95 20 32 75 0 1; ]
0400802126[423 95 20 32 75 0 1; ]
0400802127[423 95 20 32 75 0 1; ]
0400802128[423 95 20 32 75 0 1; ]
0400802129[423 95 20 32 75 0 1; ]
0400802130[423 95 19 31 75 0 1; ]
0400802131[423 94 18 31 75 0 1; ]
0400802132[423 94 18 31 75 0 1; ]
0400802133[423 94 18 31 75 0 1; ]
0400802134[423 94 18 31 75 0 1; ]
0400802135[423 94 18 32 75 0 1; ]
0400802136[423 94 19 33 75 0 1; ]
0400802137[423 94 18 32 75 0 1; ]
0400802138[424 94 18 32 75 0 1; ]
0400802139[425 93 17 32 75 0 1; ]
0400802140[427 92 17 32 75 0 1; ]
0400802141[429 91 16 32 75 0 1; ]
0400802142[431 92 16 32 75 0 1; ]
0400802143[434 92 17 32 75 0 1; ]
0400802144[437 93 17 32 75 0 1; ]
0400802145[441 94 18 33 75 0 1; ]
0400802146[444 94 19 33 75 1 1; ]
0400802147[449 94 19 34 75 1 1; ]
0400802148[]
0400802149[]
0400802150[]
0400802151[]
0400802152[]
0400802153[]
0400802154[]
0400802155[]
0400802156[]
0400802157[]
0400802158[]
0400802159[]
0400802160[]
0400802161[]
0400802162[]
0400802163[]
0400802164[]
0400802165[]
0400802166[]
0400802167[]
0400802168[]
0400802169[]
0400802170[]
0400802171[]
0400802172[]
0400802173[]
0400802174[]
0400802175[]
0400802176[]
0400802177[]
0400802178[]
0400802179[]
0400802180[]
0400802181[]
0400802182[]
0400802183[]
0400802184[]
0400802185[]
0400802186[411 82 22 34 79 1 2; ]
0400802187[411 82 22 34 79 1 2; ]
0400802188[411 83 22 34 79 1 2; ]
0400802189[411 83 22 34 79 1 2; ]
0400802190[410 84 22 34 79 1 2; ]
0400802191[410 84 22 34 79 1 2; ]
0400802192[409 84 22 35 79 1 2; ]
0400802193[409 84 22 35 79 1 2; ]
0400802194[408 84 23 35 79 1 2; ]
0400802195[407 85 23 35 79 1 2; ]
0400802196[406 85 23 35 79 1 2; ]
0400802197[406 85 23 36 79 1 2; ]
0400802198[405 85 24 36 79 1 2; ]
0400802199[404 85 24 36 79 1 2; ]
0400802200[403 84 24 37 79 1 2; ]
0400802201[402 82 24 38 79 1 2; ]
0400802202[401 82 24 38 79 1 2; ]
0400802203[400 81 24 39 79 1 2; ]
0400802204[398 81 25 39 79 1 2; ]
0400802205[397 81 25 39 79 1 2; ]
0400802206[396 81 25 39 79 1 2; ]
0400802207[395 83 25 39 79 1 2; ]
0400802208[394 84 24 38 79 1 2; ]
0400802209[393 85 24 38 79 1 2; ]
0400802210[392 87 23 38 79 1 2; ]
0400802211[391 87 24 38 79 1 2; ]
0400802212[390 88 25 39 79 1 2; ]
0400802213[389 89 26 40 79 1 2; ]
0400802214[388 89 28 42 79 1 2; ]
0400802215[387 88 27 42 79 1 2; ]
0400802216[386 88 26 42 79 1 2; ]
0400802217[385 88 25 43 79 1 2; ]
0400802218[384 89 25 43 79 1 2; ]
0400802219[383 91 25 43 79 1 2; ]
0400802220[382 92 25 43 79 1 2; ]
0400802221[381 92 25 44 79 1 2; ]
0400802222[380 92 25 45 79 1 2; ]
0400802223[379 92 26 46 79 1 2; ]
0400802224[378 92 27 47 79 1 2; ]
0400802225[377 92 27 47 79 1 2; ]
0400802226[376 91 28 47 79 1 2; ]
0400802227[375 91 28 47 79 1 2; ]
0400802228[374 90 29 47 79 1 2; ]
0400802229[373 89 29 47 79 0 2; ]
0400802230[372 88 29 48 79 0 2; ]
0400802231[370 88 29 48 79 0 2; 480 84 30 52 80 1 2; ]
0400802232[369 87 29 49 79 0 2; 478 83 31 52 80 1 2; ]
0400802233[368 88 29 50 79 0 2; 476 83 31 52 80 0 2; ]
0400802234[367 88 28 51 79 0 2; 474 87 29 53 81 0 1; ]
0400802235[366 89 28 51 79 0 2; 471 85 28 55 81 0 1; ]
0400802236[365 90 28 52 79 0 2; 468 85 28 57 81 0 1; ]
0400802237[364 91 28 51 79 0 2; 466 84 27 58 81 0 1; ]
0400802238[363 92 28 51 79 0 2; 463 85 26 58 81 0 1; ]
0400802239[362 89 29 51 79 0 2; 461 86 25 59 81 0 1; ]
0400802240[361 86 30 52 79 0 2; 459 82 25 60 81 0 1; ]
0400802241[360 86 30 53 79 0 2; 458 83 25 58 81 0 1; 478 87 22 48 83 0 1; ]
0400802242[359 86 31 54 79 0 2; 453 83 26 56 81 0 1; 473 86 24 48 83 0 1; ]
0400802243[358 85 32 54 79 0 2; 449 84 28 54 81 0 1; 471 86 25 48 83 0 1; ]
0400802244[357 82 32 54 79 0 2; 446 80 30 56 81 0 1; 470 83 23 47 83 0 1; ]
0400802245[357 87 30 52 79 0 2; 445 83 28 57 82 0 2; 468 85 24 47 83 0 1; ]
0400802246[357 91 28 51 79 0 2; 442 85 29 58 82 0 2; 465 90 25 48 83 0 1; ]
0400802247[357 93 27 51 79 0 2; 439 87 30 58 82 0 2; 463 95 24 48 83 0 1; ]
0400802248[357 93 27 51 79 0 2; 436 88 30 58 82 0 2; 460 92 23 49 83 0 1; ]
0400802249[356 92 27 51 79 0 2; 433 88 31 58 82 0 2; 457 93 24 49 83 0 1; ]
0400802250[354 92 28 52 79 0 2; 430 88 32 58 82 0 2; 454 93 25 49 83 0 1; ]
0400802251[353 91 28 52 79 0 2; 426 88 32 58 82 0 2; 450 94 26 49 83 0 1; ]
0400802252[353 91 28 53 79 0 2; 423 88 33 58 82 0 2; 448 94 26 49 83 0 1; ]
0400802253[352 91 28 53 79 0 2; 420 88 35 58 82 0 2; 446 94 26 50 83 0 1; ]
0400802254[351 91 29 54 79 0 2; 416 87 36 59 82 0 2; 445 92 26 50 83 0 1; ]
0400802255[351 91 29 54 79 0 2; 413 85 38 60 82 0 2; 443 91 25 51 83 0 1; ]
0400802256[351 90 29 53 79 0 2; 409 85 40 61 82 0 2; 443 89 24 52 83 0 1; ]
0400802257[350 89 30 53 79 0 2; 405 85 42 60 82 0 2; 440 90 25 51 83 0 1; ]
0400802258[350 89 30 54 79 0 2; 402 86 43 60 82 0 2; 437 91 25 51 83 0 1; ]
0400802259[350 91 31 55 79 0 2; 400 86 43 60 82 0 2; 435 92 26 51 83 0 1; ]
0400802260[349 91 31 55 79 0 2; 398 87 44 60 82 0 2; 433 93 27 52 83 0 1; ]
0400802261[349 91 32 56 79 0 2; 398 87 40 61 82 0 2; 432 93 28 54 83 0 1; ]
0400802262[349 91 32 56 79 0 2; 397 86 59 63 82 0 2; ]
0400802263[350 91 31 55 79 0 2; 396 85 59 64 82 0 2; ]
0400802264[351 90 30 55 79 0 2; 395 83 59 65 82 0 2; ]
0400802265[352 88 30 55 79 0 2; 393 82 58 66 82 0 2; ]
0400802266[352 86 30 55 79 0 2; 392 80 58 67 82 0 2; ]
0400802267[353 84 30 56 79 0 2; 389 78 58 67 82 0 2; 132 90 16 43 102 1 3; ]
0400802268[353 82 30 56 79 0 2; 387 75 59 67 82 0 2; 131 90 16 44 102 1 3; ]
0400802269[353 80 30 57 79 0 2; 383 73 61 67 82 0 2; 130 89 16 44 102 1 3; ]
0400802270[353 78 31 58 79 0 2; 379 71 64 67 82 0 2; 129 89 16 44 102 1 3; ]
0400802271[354 77 32 59 79 0 2; 375 70 67 67 82 0 2; 128 89 16 44 102 1 3; ]
0400802272[353 70 88 67 82 0 2; 127 88 16 45 102 1 3; ]
0400802273[353 71 84 67 82 0 2; 126 88 16 45 102 1 3; ]
0400802274[353 71 82 67 82 0 2; 125 87 16 45 102 1 3; ]
0400802275[354 72 80 68 82 0 2; 124 87 16 46 102 1 3; ]
0400802276[353 72 78 69 82 0 2; 123 86 16 46 102 1 3; ]
0400802277[352 73 77 70 82 0 2; 122 86 16 46 102 1 3; ]
0400802278[352 73 76 71 82 0 2; 121 86 16 46 102 1 3; ]
0400802279[352 73 75 70 82 0 2; 121 85 16 47 102 1 3; ]
0400802280[352 74 74 70 82 0 2; 120 85 16 47 102 1 3; ]
0400802281[349 74 75 70 82 0 2; 119 84 16 47 102 1 3; ]
0400802282[344 75 76 69 82 0 2; 118 84 16 48 102 1 3; ]
0400802283[340 74 77 70 82 0 2; 117 84 17 49 102 1 3; ]
0400802284[336 74 79 71 82 0 2; 116 84 17 49 102 1 3; ]
0400802285[332 73 81 73 82 0 2; 115 84 18 50 102 1 3; ]
0400802286[331 73 82 74 82 0 2; 114 83 19 51 102 1 3; ]
0400802287[331 73 76 73 82 0 2; 113 83 19 52 102 1 3; ]
0400802288[360 80 44 66 82 0 2; 328 74 37 73 84 0 1; 111 83 20 52 102 1 3; ]
0400802289[359 78 42 66 82 0 2; 326 71 33 74 84 0 1; 110 82 21 52 102 1 3; ]
0400802290[357 78 41 66 82 0 2; 324 69 31 75 84 0 1; 109 82 22 53 102 1 3; ]
0400802291[357 75 43 69 82 0 2; 322 68 30 76 84 0 1; 108 81 22 53 102 1 3; ]
0400802292[355 74 45 71 82 0 2; 318 66 31 77 84 0 1; 107 80 23 53 102 1 3; ]
0400802293[353 72 48 73 82 0 2; 314 65 32 77 84 0 1; 106 78 24 53 102 1 3; ]
0400802294[351 71 51 73 82 0 2; 310 64 34 78 84 0 1; 105 77 24 53 102 1 3; ]
0400802295[348 70 54 72 82 0 2; 306 64 35 78 84 0 1; 104 75 25 54 102 1 3; ]
0400802296[345 69 58 71 82 0 2; 303 64 37 78 84 0 1; 103 74 26 54 102 1 3; ]
0400802297[343 69 61 72 82 0 2; 299 64 38 78 84 0 1; 102 72 26 54 102 1 3; ]
0400802298[341 69 63 73 82 0 2; 295 64 39 78 84 0 1; 102 71 27 54 102 1 3; ]
0400802299[338 70 66 72 82 0 2; 292 64 39 78 84 0 1; 101 71 27 55 102 1 3; ]
0400802300[364 70 40 71 82 0 2; 288 64 39 79 84 0 1; 332 70 35 75 85 0 2; 101 71 27 55 102 1 3; ]
0400802301[364 74 40 70 82 0 2; 284 64 38 79 84 0 1; 329 71 36 77 85 0 2; 98 72 32 54 86 1 0; ]
0400802302[364 74 41 71 82 0 2; 281 64 37 80 84 0 1; 326 72 36 78 85 0 2; 97 73 32 54 86 1 0; ]
0400802303[363 74 43 73 82 0 2; 277 65 35 81 84 0 1; 324 73 37 78 85 0 2; 96 73 32 54 86 1 0; ]
0400802304[362 75 44 73 82 0 2; 271 66 36 81 84 0 1; 321 74 38 78 85 0 2; 96 74 33 54 86 1 0; ]
0400802305[361 78 47 74 82 0 2; 265 66 37 81 84 0 1; 318 75 38 78 85 0 2; 95 74 33 54 86 1 0; ]
0400802306[361 75 47 74 82 0 2; 260 67 39 82 84 0 1; 315 75 38 78 85 0 2; 95 75 33 54 86 1 0; ]
0400802307[361 76 47 74 82 0 2; 255 67 41 84 84 0 1; 311 75 38 79 85 0 2; 95 75 33 53 86 1 0; ]
0400802308[362 77 48 74 82 0 2; 250 67 43 85 84 0 1; 307 75 38 80 85 0 2; 94 75 34 53 86 1 0; ]
0400802309[363 77 46 74 82 0 2; 246 67 44 85 84 0 1; 302 75 38 81 85 0 2; 95 75 34 54 86 1 0; ]
0400802310[365 76 45 74 82 0 2; 242 67 44 84 84 0 1; 299 75 38 82 85 0 2; 95 75 34 55 86 1 0; ]
0400802311[367 74 45 75 82 0 2; 239 66 45 84 84 0 1; 296 73 38 81 85 0 2; 95 72 35 56 86 1 0; ]
0400802312[369 71 47 76 82 0 2; 236 61 45 86 84 0 1; 294 70 38 81 85 0 2; 95 68 35 57 86 1 0; ]
0400802313[371 69 48 78 82 0 2; 233 60 45 85 84 0 1; 292 68 38 81 85 0 2; 96 66 35 58 86 1 0; ]
0400802314[374 67 48 79 82 0 2; 230 60 45 85 84 0 1; 290 66 38 82 85 0 2; 96 64 36 60 86 1 0; ]
0400802315[376 65 48 80 82 0 2; 228 57 43 86 84 1 1; 289 65 38 83 85 0 2; 97 62 36 61 86 1 0; ]
0400802316[378 65 48 81 82 0 2; 226 55 41 87 84 1 1; 285 63 40 82 85 0 2; 98 61 36 62 86 1 0; ]
0400802317[379 67 49 80 82 0 2; 224 55 39 87 84 1 1; 282 63 43 81 85 0 2; 99 62 36 61 86 1 0; ]
0400802318[380 70 50 79 82 0 2; 222 56 36 88 84 1 1; 278 68 44 79 85 0 2; 99 64 37 61 86 1 0; ]
0400802319[380 71 51 80 82 0 2; 217 56 37 88 84 1 1; 275 69 46 80 85 0 2; 100 66 37 61 86 1 0; ]
0400802320[380 71 52 82 82 0 2; 213 61 38 88 84 1 1; 271 70 47 82 85 0 2; 100 67 37 61 86 1 0; ]
0400802321[384 71 50 85 82 0 2; 210 59 38 88 84 1 1; 267 71 48 85 85 0 2; 102 68 37 61 86 1 0; ]
0400802322[387 71 49 86 82 0 2; 208 60 40 88 84 1 1; 264 71 48 86 85 0 2; 102 68 37 61 86 1 0; ]
0400802323[391 72 49 86 82 0 2; 205 63 41 87 84 1 1; 263 73 48 86 85 0 2; 103 69 38 61 86 1 0; ]
0400802324[393 74 48 84 82 0 2; 202 66 43 86 84 1 1; 261 73 48 87 85 0 2; 103 71 38 61 86 1 0; ]
0400802325[396 76 48 82 82 0 2; 199 68 44 86 84 1 1; 259 74 48 87 85 0 2; 104 72 38 62 86 1 0; ]
0400802326[400 74 47 82 82 0 2; 193 65 42 85 84 1 1; 256 74 48 87 85 0 2; 104 70 38 62 86 1 0; ]
0400802327[403 72 47 82 82 0 2; 187 61 39 85 84 1 1; 252 70 50 88 85 0 2; 104 66 38 61 86 1 0; ]
0400802328[406 70 47 83 82 0 2; 183 60 38 84 84 1 1; 248 65 52 88 85 0 2; 105 64 38 62 86 1 0; ]
0400802329[408 68 47 83 82 0 2; 180 58 37 84 84 1 1; 243 64 56 88 85 0 2; 105 63 38 62 86 1 0; ]
0400802330[410 66 47 83 82 0 2; 176 56 37 85 84 1 1; 237 63 60 87 85 0 2; 105 61 38 63 86 1 0; ]
0400802331[412 64 47 84 82 0 2; 172 54 37 85 84 1 1; 236 62 61 89 85 0 2; 105 60 38 64 86 1 0; ]
0400802332[415 62 47 85 82 0 2; 168 51 37 87 84 1 1; 234 60 61 89 85 0 2; 105 57 39 67 86 1 0; ]
0400802333[417 60 48 86 82 0 2; 165 48 38 89 84 1 1; 232 58 62 90 85 0 2; 104 55 40 69 86 1 0; ]
0400802334[420 58 49 87 82 0 2; 160 47 39 89 84 1 1; 230 56 62 90 85 0 2; 104 54 41 70 86 1 0; ]
0400802335[423 56 51 88 82 0 2; 156 47 40 89 84 1 1; 227 57 63 90 85 0 2; 103 54 41 70 86 1 0; ]
0400802336[426 57 51 89 82 0 2; 152 47 40 89 84 1 1; 225 57 64 91 85 0 2; 102 55 42 70 86 1 0; ]
0400802337[429 58 52 90 82 0 2; 147 47 41 90 84 1 1; 101 55 42 70 86 1 0; 219 57 32 86 87 0 1; 245 63 42 87 91 0 2; ]
0400802338[431 59 53 91 82 0 2; 143 47 41 90 84 1 1; 101 56 42 69 86 1 0; 216 57 33 85 87 0 1; 242 61 42 89 91 0 2; ]
0400802339[432 59 54 92 82 0 2; 139 47 42 90 84 1 1; 100 55 42 69 86 1 0; 212 57 34 84 87 0 1; 239 60 42 90 91 0 2; ]
0400802340[433 60 55 93 82 0 2; 134 47 42 91 84 1 1; 99 54 42 69 86 1 0; 207 56 35 83 87 0 1; 237 60 42 91 91 0 2; ]
0400802341[434 61 57 93 82 0 2; 130 47 42 91 84 1 1; 97 56 42 69 86 1 0; 202 59 38 84 87 0 1; 234 62 42 92 91 0 2; ]
0400802342[435 61 57 94 82 0 2; 125 47 43 92 84 1 1; 96 58 42 68 86 1 0; 196 64 41 84 87 0 1; 231 65 42 93 91 0 2; ]
0400802343[437 62 58 94 82 0 2; 121 47 43 92 84 1 1; 95 59 42 68 86 1 0; 191 66 42 84 87 0 1; 229 65 42 94 91 0 2; ]
0400802344[438 63 58 95 82 0 2; 116 48 43 93 84 1 1; 94 59 41 67 86 1 0; 187 65 42 84 87 0 1; 226 65 42 94 91 0 2; ]
0400802345[441 63 60 95 82 0 2; 111 49 43 94 84 1 1; 92 60 41 67 86 1 0; 184 65 41 83 87 1 1; 224 65 42 93 91 0 2; ]
0400802346[443 64 62 95 82 0 2; 107 49 44 95 84 1 1; 92 60 41 67 86 1 0; 180 65 38 81 87 1 1; 222 66 42 91 91 0 2; ]
0400802347[447 64 61 95 82 0 2; 102 50 44 96 84 1 1; 177 66 35 80 87 1 1; 220 67 42 93 91 0 2; ]
0400802348[98 51 44 97 84 1 1; 174 66 33 80 87 1 1; 218 67 42 96 91 0 2; ]
0400802349[92 50 42 98 84 1 1; 171 65 32 81 87 1 1; 215 67 43 95 91 0 2; ]
0400802350[87 50 41 98 84 1 1; 167 64 31 81 87 1 1; 212 67 44 94 91 0 2; ]
0400802351[82 50 40 98 84 1 1; 163 63 31 82 87 1 1; 209 67 45 94 91 0 2; ]
0400802352[77 51 41 97 84 1 1; 159 62 31 83 87 1 1; 205 67 47 96 91 0 2; ]
0400802353[72 52 41 96 84 1 1; 155 63 32 84 87 1 1; 202 67 46 97 91 0 2; ]
0400802354[66 53 41 95 84 1 1; 151 64 34 84 87 1 1; 200 67 46 98 91 0 2; ]
0400802355[61 54 41 94 84 1 1; 146 65 35 84 87 1 1; 85 63 46 71 88 1 0; 197 67 46 99 91 0 2; ]
0400802356[55 52 41 96 84 1 1; 142 65 35 84 87 1 1; 80 62 49 75 88 1 0; 195 67 46 99 91 0 2; ]
0400802357[49 49 40 99 84 1 1; 138 65 34 85 87 1 1; 75 61 53 78 88 1 0; 192 67 46 100 91 0 2; ]
0400802358[43 49 41 100 84 1 1; 134 65 32 85 87 1 1; 72 60 55 80 88 1 0; 190 67 46 100 91 0 2; ]
0400802359[37 49 43 101 84 1 1; 130 65 31 86 87 1 1; 70 59 56 80 88 1 0; 188 67 46 101 91 0 2; ]
0400802360[32 49 44 102 84 1 1; 126 63 31 87 87 1 1; 70 59 56 80 88 1 0; 186 66 46 102 91 0 2; ]
0400802361[27 48 45 102 84 1 1; 122 61 30 88 87 1 1; 70 59 56 79 88 1 0; 184 65 47 103 91 0 2; ]
0400802362[23 47 46 102 84 1 1; 118 58 30 89 87 1 1; 69 58 57 78 88 1 0; 182 64 48 104 91 0 2; ]
0400802363[19 46 48 102 84 1 1; 114 57 30 90 87 1 1; 69 58 57 77 88 1 0; 180 64 48 104 91 0 2; ]
0400802364[14 47 48 102 84 1 1; 110 59 30 90 87 1 1; 69 58 56 77 88 1 0; 177 65 49 104 91 0 2; ]
0400802365[8 48 48 102 84 1 1; 106 61 30 90 87 1 1; 69 58 53 76 88 1 0; 174 66 49 103 91 0 2; ]
0400802366[2 48 48 102 84 1 1; 102 61 30 89 87 1 1; 70 58 50 76 88 1 0; 171 66 50 103 91 1 2; ]
0400802367[98 61 30 87 87 1 1; 70 59 49 76 88 1 0; 168 65 50 103 91 1 2; ]
0400802368[70 59 47 76 88 1 0; 167 66 50 103 91 1 2; ]
0400802369[70 59 47 76 88 1 0; 166 66 49 104 91 1 2; ]
0400802370[71 60 46 76 88 1 0; 164 67 49 105 91 1 2; ]
0400802371[72 58 46 78 88 1 0; 163 67 49 105 91 1 2; ]
0400802372[74 56 47 80 88 1 0; 162 67 49 106 91 1 2; ]
0400802373[75 55 47 81 88 1 0; 160 66 49 108 91 1 2; ]
0400802374[75 55 47 81 88 1 0; 159 65 48 109 91 1 2; ]
0400802375[76 55 48 80 88 1 0; 157 65 48 110 91 1 2; ]
0400802376[77 56 48 80 88 1 0; 155 64 49 111 91 1 2; 59 63 32 91 92 1 1; ]
0400802377[77 56 49 79 88 1 0; 153 63 49 113 91 1 2; 54 62 35 92 92 1 1; ]
0400802378[77 56 50 79 88 1 0; 151 63 50 113 91 1 2; 49 61 38 93 92 1 1; ]
0400802379[77 56 51 80 88 1 0; 149 63 50 113 91 1 2; 44 60 39 95 92 1 1; ]
0400802380[77 55 51 81 88 1 0; 146 63 49 113 91 1 2; 39 59 39 96 92 1 1; ]
0400802381[77 54 52 81 88 1 0; 144 64 49 112 91 1 2; 34 59 39 97 92 1 1; ]
0400802382[77 53 52 82 88 1 0; 141 65 48 110 91 1 2; 29 58 38 98 92 1 1; ]
0400802383[78 52 52 84 88 1 0; 139 62 48 112 91 1 2; 24 57 38 99 92 1 1; ]
0400802384[79 50 52 86 88 1 0; 136 61 49 114 91 1 2; 18 56 39 100 92 1 1; ]
0400802385[81 48 51 88 88 1 0; 133 60 50 115 91 1 2; 12 55 40 101 92 1 1; ]
0400802386[81 48 51 89 88 1 0; 130 59 51 116 91 1 2; 6 54 41 102 92 1 1; ]
0400802387[81 48 52 89 88 1 0; 127 59 52 116 91 1 2; 0 53 42 103 92 1 1; ]
0400802388[81 48 52 89 88 1 0; 123 59 53 116 91 1 2; ]
0400802389[82 48 53 90 88 1 0; 119 59 54 116 91 1 2; ]
0400802390[82 48 54 91 88 1 0; 115 59 55 117 91 1 2; ]
0400802391[82 48 55 91 88 1 0; 111 60 57 117 91 1 2; ]
0400802392[82 48 56 92 88 1 0; 106 61 58 117 91 1 2; ]
0400802393[82 48 56 93 88 1 0; ]
0400802394[83 48 55 94 88 1 0; ]
0400802395[83 48 55 95 88 1 0; ]
0400802396[83 47 54 96 88 1 0; ]
0400802397[83 47 55 97 88 1 0; ]
0400802398[83 46 57 98 88 1 0; ]
0400802399[84 46 59 99 88 1 0; ]
0400802400[84 45 62 100 88 1 0; ]
0400802401[84 44 62 107 88 1 0; 66 61 38 105 93 1 2; ]
0400802402[85 43 63 113 88 1 0; 62 60 39 107 93 1 2; ]
0400802403[85 41 64 118 88 1 0; 57 59 40 108 93 1 2; ]
0400802404[86 40 64 124 88 1 0; 51 58 42 109 93 1 2; ]
0400802405[86 39 65 130 88 1 0; 46 57 43 111 93 1 2; ]
0400802406[87 38 66 135 88 1 0; 40 55 44 112 93 1 2; ]
0400802407[87 36 67 140 88 1 0; 34 54 45 114 93 1 2; ]
0400802408[88 35 68 144 88 1 0; 28 52 46 116 93 1 2; ]
0400802409[88 34 69 147 88 1 0; 21 50 47 119 93 1 2; ]
0400802410[89 33 70 150 88 0 0; 14 48 48 121 93 1 2; ]
0400802411[89 31 71 152 88 0 0; 8 48 49 122 93 1 2; ]
0400802412[90 30 72 154 88 0 0; 3 47 50 122 93 1 2; ]
0400802413[90 29 74 155 88 0 0; ]
0400802414[91 28 75 157 88 0 0; ]
0400802415[91 26 76 157 88 0 0; ]
0400802416[91 25 82 159 88 0 0; ]
0400802417[91 24 88 160 88 0 0; ]
0400802418[91 24 91 161 88 0 0; ]
0400802419[91 24 93 163 88 0 0; ]
0400802420[90 24 94 165 88 0 0; ]
0400802421[89 24 96 167 88 0 0; ]
0400802422[89 24 97 169 88 0 0; ]
0400802423[88 23 98 171 88 0 0; ]
0400802424[88 22 100 173 88 0 0; ]
0400802425[87 20 102 176 88 0 0; ]
0400802426[87 18 103 178 88 0 0; ]
0400802427[86 16 103 179 88 0 0; ]
0400802428[86 15 103 181 88 0 0; ]
0400802429[86 12 103 182 88 0 0; ]
0400802430[85 10 103 183 88 0 0; ]
0400802431[83 10 104 186 88 0 0; ]
0400802432[82 10 105 189 88 0 0; ]
0400802433[80 10 106 193 88 0 0; ]
0400802434[78 9 107 198 88 0 0; ]
0400802435[76 5 108 204 88 0 0; ]
0400802436[74 1 109 209 88 0 0; ]
0400802437[]
0400802438[]
0400802439[]
0400802440[]
0400802441[]
0400802442[]
0400802443[]
0400802444[]
0400802445[]
0400802446[]
0400802447[]
0400802448[]
0400802449[]
0400802450[]
0400802451[]
0400802452[]
0400802453[]
0400802454[]
0400802455[]
0400802456[]
0400802457[]
0400802458[]
0400802459[]
0400802460[]
0400802461[]
0400802462[]
0400802463[]
0400802464[]
0400802465[]
0400802466[]
0400802467[]
0400802468[]
0400802469[]
0400802470[]
0400802471[]
0400802472[]
0400802473[]
0400802474[]
0400802475[]
0400802476[]
0400802477[]
0400802478[]
0400802479[]
0400802480[]
0400802481[]
0400802482[]
0400802483[]
0400802484[]
0400802485[]
0400802486[]
0400802487[]
0400802488[]
0400802489[]
0400802490[]
0400802491[]
0400802492[]
0400802493[]
0400802494[]
0400802495[]
0400802496[]
0400802497[]
0400802498[]
0400802499[]
0400802500[]
0400802501[]
0400802502[]
0400802503[]
0400802504[]
0400802505[]
0400802506[]
0400802507[]
0400802508[]
0400802509[]
0400802510[]
0400802511[]
0400802512[]
0400802513[]
0400802514[]
0400802515[]
0400802516[]
0400802517[]
0400802518[]
0400802519[]
0400802520[]
0400802521[]
0400802522[]
0400802523[]
0400802524[]
0400802525[]
0400802526[]
0400802527[]
0400802528[]
0400802529[]
0400802530[]
0400802531[]
0400802532[]
0400802533[]
0400802534[]
0400802535[]
0400802536[]
0400802537[]
0400802538[]
0400802539[]
0400802540[]
0400802541[]
0400802542[]
0400802543[]
0400802544[]
0400802545[]
0400802546[]
0400802547[]
0400802548[]
0400802549[]
0400802550[]
0400802551[]
0400802552[]
0400802553[]
0400802554[]
0400802555[]
0400802556[]
0400802557[]
0400802558[]
0400802559[]
0400802560[]
0400802561[]
0400802562[]
0400802563[]
0400802564[]
0400802565[]
0400802566[]
0400802567[]
0400802568[]
0400802569[]
0400802570[]
0400802571[]
0400802572[]
0400802573[]
0400802574[]
0400802575[]
0400802576[]
0400802577[]
0400802578[]
0400802579[]
0400802580[]
0400802581[]
0400802582[]
0400802583[]
0400802584[]
0400802585[]
0400802586[]
0400802587[]
0400802588[]
0400802589[]
0400802590[]
0400802591[]
0400802592[]
0400802593[]
0400802594[]
0400802595[]
0400802596[]
0400802597[]
0400802598[]
0400802599[]
0400802600[]
0400802601[]
0400802602[]
0400802603[]
0400802604[]
0400802605[]
0400802606[]
0400802607[]
0400802608[]
0400802609[]
0400802610[]
0400802611[]
0400802612[]
0400802613[]
0400802614[]
0400802615[]
0400802616[]
0400802617[]
0400802618[]
0400802619[]
0400802620[]
0400802621[]
0400802622[]
0400802623[]
0400802624[]
0400802625[]
0400802626[]
0400802627[]
0400802628[]
0400802629[]
0400802630[]
0400802631[]
0400802632[]
0400802633[]
0400802634[]
0400802635[]
0400802636[]
0400802637[]
0400802638[]
0400802639[]
0400802640[]
0400802641[]
0400802642[]
0400802643[]
0400802644[]
0400802645[]
0400802646[]
0400802647[]
0400802648[]
0400802649[]
0400802650[]
0400802651[]
0400802652[]
0400802653[]
0400802654[]
0400802655[]
0400802656[]
0400802657[]
0400802658[]
0400802659[]
0400802660[]
0400802661[]
0400802662[]
0400802663[]
0400802664[]
0400802665[]
0400802666[]
0400802667[]
0400802668[]
0400802669[]
0400802670[]
0400802671[]
0400802672[]
0400802673[]
0400802674[]
0400802675[]
0400802676[]
0400802677[]
0400802678[]
0400802679[]
0400802680[]
0400802681[]
0400802682[]
0400802683[]
0400802684[]
0400802685[]
0400802686[]
0400802687[]
0400802688[]
0400802689[]
0400802690[]
0400802691[]
0400802692[]
0400802693[]
0400802694[]
0400802695[]
0400802696[]
0400802697[]
0400802698[]
0400802699[]
0400802700[]
0400802701[]
0400802702[]
0400802703[]
0400802704[]
0400802705[]
0400802706[]
0400802707[]
0400802708[]
0400802709[]
0400802710[]
0400802711[]
0400802712[]
0400802713[]
0400802714[]
0400802715[]
0400802716[]
0400802717[]
0400802718[]
0400802719[]
0400802720[]
0400802721[]
0400802722[]
0400802723[]
0400802724[]
0400802725[]
0400802726[]
0400802727[]
0400802728[]
0400802729[]
0400802730[]
0400802731[]
0400802732[]
0400802733[]
0400802734[]
0400802735[]
0400802736[]
0400802737[]
0400802738[]
0400802739[]
0400802740[]
0400802741[]
0400802742[]
0400802743[]
0400802744[]
0400802745[]
0400802746[]
0400802747[]
0400802748[]
0400802749[]
0400802750[]
0400802751[]
0400802752[]
0400802753[]
0400802754[]
0400802755[]
0400802756[]
0400802757[357 109 17 30 98 0 1; ]
0400802758[354 107 18 31 98 0 1; ]
0400802759[352 106 19 31 98 0 1; ]
0400802760[349 105 19 31 98 0 1; ]
0400802761[346 104 19 31 98 0 1; ]
0400802762[344 103 19 31 98 0 1; ]
0400802763[342 103 19 31 98 0 1; ]
0400802764[341 102 19 31 98 0 1; ]
0400802765[340 101 19 31 98 0 1; ]
0400802766[339 100 19 31 98 0 1; ]
0400802767[339 100 19 31 98 0 1; ]
0400802768[339 100 19 31 98 0 1; ]
0400802769[339 100 19 31 98 0 1; ]
0400802770[338 100 19 31 98 0 1; ]
0400802771[338 100 19 32 98 0 1; ]
0400802772[338 100 19 32 98 0 1; ]
0400802773[337 102 19 32 98 0 1; ]
0400802774[336 103 19 31 98 0 1; ]
0400802775[335 104 19 31 98 0 1; ]
0400802776[334 105 19 31 98 0 1; ]
0400802777[333 106 19 31 98 0 1; ]
0400802778[332 107 19 31 98 0 1; ]
0400802779[331 108 20 31 98 0 1; ]
0400802780[330 107 20 31 98 0 1; ]
0400802781[329 107 20 32 98 0 1; ]
0400802782[328 106 20 32 98 0 1; ]
0400802783[327 105 20 32 98 0 1; ]
0400802784[326 104 20 33 98 0 1; ]
0400802785[325 103 21 33 98 0 1; ]
0400802786[324 102 21 34 98 0 1; ]
0400802787[323 100 21 34 98 0 1; ]
0400802788[322 100 21 34 98 0 1; ]
0400802789[321 100 21 34 98 0 1; ]
0400802790[321 100 20 34 98 0 1; ]
0400802791[320 100 20 34 98 0 1; ]
0400802792[319 100 20 34 98 0 1; ]
0400802793[319 99 20 34 98 0 1; ]
0400802794[318 98 20 34 98 0 1; ]
0400802795[318 97 20 34 98 0 1; ]
0400802796[318 96 20 34 98 0 1; ]
0400802797[318 95 20 34 98 0 1; ]
0400802798[317 95 20 34 98 0 1; ]
0400802799[317 95 20 34 98 0 1; ]
0400802800[317 95 20 34 98 0 1; ]
0400802801[317 95 20 34 98 0 1; ]
0400802802[317 96 20 34 98 0 1; ]
0400802803[317 96 21 36 98 0 1; ]
0400802804[316 95 21 36 98 0 1; ]
0400802805[316 95 21 37 98 0 1; ]
0400802806[316 95 22 38 98 0 1; ]
0400802807[315 95 22 39 98 0 1; ]
0400802808[315 95 22 39 98 0 1; ]
0400802809[314 95 22 39 98 0 1; ]
0400802810[313 94 22 40 98 0 1; ]
0400802811[312 94 22 40 98 0 1; ]
0400802812[311 94 22 40 98 0 1; ]
0400802813[310 93 22 40 98 0 1; ]
0400802814[309 93 22 40 98 0 1; ]
0400802815[308 92 22 40 98 0 1; ]
0400802816[307 91 22 40 98 0 1; ]
0400802817[306 91 22 40 98 0 1; ]
0400802818[304 90 23 41 98 0 1; ]
0400802819[303 90 23 42 98 0 1; ]
0400802820[302 90 23 42 98 0 1; ]
0400802821[301 90 23 42 98 0 1; ]
0400802822[300 91 24 41 98 0 1; ]
0400802823[298 92 24 41 98 0 1; ]
0400802824[297 93 24 41 98 0 1; ]
0400802825[296 94 24 41 98 0 1; ]
0400802826[295 95 23 41 98 0 1; ]
0400802827[294 97 23 41 98 0 1; ]
0400802828[293 98 22 41 98 0 1; ]
0400802829[291 99 23 42 98 0 1; ]
0400802830[289 101 23 42 98 0 1; ]
0400802831[287 103 23 42 98 0 1; ]
0400802832[284 104 24 43 98 0 1; ]
0400802833[282 104 24 43 98 0 1; ]
0400802834[279 104 25 43 98 0 1; ]
0400802835[277 103 25 43 98 0 1; ]
0400802836[275 101 25 43 98 0 1; ]
0400802837[273 99 25 43 98 0 1; ]
0400802838[271 96 25 43 98 0 1; ]
0400802839[269 93 25 43 98 0 1; ]
0400802840[267 91 25 44 98 0 1; ]
0400802841[265 88 25 44 98 0 1; ]
0400802842[263 87 25 45 98 0 1; ]
0400802843[262 86 25 45 98 0 1; ]
0400802844[260 86 25 46 98 0 1; ]
0400802845[258 86 25 46 98 0 1; ]
0400802846[257 87 25 47 98 0 1; ]
0400802847[255 89 25 48 98 0 1; ]
0400802848[254 90 25 49 98 0 1; ]
0400802849[252 91 25 49 98 0 1; ]
0400802850[250 91 25 49 98 0 1; ]
0400802851[249 91 26 49 98 0 1; ]
0400802852[247 91 26 50 98 0 1; ]
0400802853[245 90 26 50 98 0 1; ]
0400802854[244 90 26 51 98 0 1; ]
0400802855[242 90 26 52 98 0 1; ]
0400802856[239 89 27 54 98 0 1; ]
0400802857[237 89 28 56 98 0 1; ]
0400802858[235 89 28 57 98 0 1; ]
0400802859[234 89 28 57 98 0 1; ]
0400802860[232 88 28 58 98 0 1; ]
0400802861[231 88 28 58 98 0 1; ]
0400802862[230 88 28 58 98 0 1; ]
0400802863[228 87 29 59 98 0 1; ]
0400802864[226 86 29 60 98 0 1; ]
0400802865[225 85 30 61 98 0 1; ]
0400802866[223 84 30 61 98 0 1; ]
0400802867[221 82 30 61 98 0 1; ]
0400802868[219 81 31 62 98 0 1; ]
0400802869[217 81 31 62 98 0 1; ]
0400802870[215 81 31 63 98 0 1; ]
0400802871[214 82 32 63 98 0 1; ]
0400802872[212 83 32 64 98 0 1; ]
0400802873[210 84 32 65 98 0 1; ]
0400802874[208 86 33 66 98 0 1; ]
0400802875[206 88 33 67 98 0 1; ]
0400802876[204 91 33 68 98 0 1; ]
0400802877[203 95 34 69 98 0 1; ]
0400802878[201 95 34 70 98 0 1; ]
0400802879[200 96 33 70 98 0 1; ]
0400802880[198 96 33 70 98 0 1; ]
0400802881[197 94 33 71 98 0 1; ]
0400802882[195 92 33 71 98 0 1; ]
0400802883[193 89 33 71 98 0 1; ]
0400802884[191 86 33 72 98 0 1; ]
0400802885[189 83 33 73 98 0 1; ]
0400802886[186 81 34 76 98 0 1; ]
0400802887[184 79 35 79 98 0 1; ]
0400802888[181 77 35 80 98 0 1; ]
0400802889[179 75 35 80 98 0 1; ]
0400802890[178 73 35 81 98 0 1; ]
0400802891[176 71 35 81 98 0 1; ]
0400802892[174 69 35 81 98 0 1; ]
0400802893[172 66 35 82 98 0 1; ]
0400802894[169 64 35 84 98 0 1; ]
0400802895[166 64 35 86 98 0 1; ]
0400802896[163 64 36 88 98 0 1; ]
0400802897[160 66 36 90 98 0 1; ]
0400802898[157 67 36 92 98 0 1; ]
0400802899[154 69 37 93 98 0 1; ]
0400802900[151 71 37 94 98 0 1; ]
0400802901[148 73 38 94 98 0 1; ]
0400802902[144 75 39 95 98 0 1; ]
0400802903[141 76 40 96 98 0 1; ]
0400802904[138 75 40 97 98 0 1; ]
0400802905[134 73 41 99 98 0 1; ]
0400802906[131 70 41 101 98 0 1; ]
0400802907[127 65 41 104 98 0 1; ]
0400802908[123 62 43 106 98 0 1; ]
0400802909[118 59 44 109 98 0 1; ]
0400802910[114 57 45 112 98 0 1; ]
0400802911[109 56 46 114 98 0 1; ]
0400802912[103 54 47 117 98 0 1; ]
0400802913[98 53 48 119 98 0 1; ]
0400802914[92 52 49 121 98 0 1; ]
0400802915[87 52 49 123 98 0 1; ]
0400802916[81 51 50 126 98 0 1; ]
0400802917[76 50 50 128 98 0 1; ]
0400802918[69 49 51 130 98 0 1; ]
0400802919[62 47 51 134 98 0 1; ]
0400802920[55 43 52 137 98 0 1; ]
0400802921[46 38 54 141 98 0 1; ]
0400802922[37 33 55 146 98 0 1; ]
0400802923[26 30 59 152 98 0 1; ]
0400802924[15 28 63 158 98 0 1; ]
0400802925[4 27 65 163 98 0 1; ]
0400802926[]
0400802927[]
0400802928[]
0400802929[]
0400802930[]
0400802931[]
0400802932[]
0400802933[]
0400802934[]
0400802935[]
0400802936[]
0400802937[]
0400802938[]
0400802939[]
0400802940[]
0400802941[]
0400802942[]
0400802943[]
0400802944[]
0400802945[]
0400802946[]
0400802947[]
0400802948[]
0400802949[]
0400802950[]
0400802951[]
0400802952[]
0400802953[]
0400802954[]
0400802955[]
0400802956[]
0400802957[]
0400802958[]
0400802959[]
0400802960[]
0400802961[]
0400802962[]
0400802963[]
0400802964[]
0400802965[]
0400802966[]
0400802967[]
0400802968[]
0400802969[]
0400802970[]
0400802971[]
0400802972[]
0400802973[]
0400802974[]
0400802975[]
0400802976[]
0400802977[]
0400802978[]
0400802979[]
0400802980[]
0400802981[]
0400802982[]
0400802983[]
0400802984[]
0400802985[]
0400802986[]
0400802987[]
0400802988[]
0400802989[]
0400802990[]
0400802991[]
0400802992[]
0400802993[]
0400802994[]
0400802995[]
0400802996[]
0400802997[]
0400802998[]
0400802999[]
0400803000[]
0400803001[]
0400803002[]
0400803003[]
0400803004[]
0400803005[]
0400803006[]
0400803007[]
0400803008[]
0400803009[]
0400803010[]
0400803011[]
0400803012[]
0400803013[]
0400803014[]
0400803015[]
0400803016[]
0400803017[]
0400803018[]
0400803019[]
0400803020[]
0400803021[]
0400803022[]
0400803023[]
0400803024[]
0400803025[]
0400803026[]
0400803027[]
0400803028[]
0400803029[]
0400803030[]
0400803031[]
0400803032[]
0400803033[]
0400803034[]
0400803035[]
0400803036[]
0400803037[]
0400803038[]
0400803039[]
0400803040[]
0400803041[]
0400803042[]
0400803043[]
0400803044[]
0400803045[]
0400803046[]
0400803047[]
0400803048[]
0400803049[]
0400803050[]
