0400900001[]
0400900002[]
0400900003[]
0400900004[]
0400900005[]
0400900006[]
0400900007[]
0400900008[]
0400900009[]
0400900010[]
0400900011[]
0400900012[]
0400900013[]
0400900014[]
0400900015[]
0400900016[]
0400900017[]
0400900018[]
0400900019[]
0400900020[]
0400900021[]
0400900022[]
0400900023[]
0400900024[]
0400900025[]
0400900026[]
0400900027[]
0400900028[]
0400900029[]
0400900030[]
0400900031[]
0400900032[]
0400900033[]
0400900034[]
0400900035[]
0400900036[]
0400900037[]
0400900038[]
0400900039[]
0400900040[]
0400900041[]
0400900042[]
0400900043[]
0400900044[]
0400900045[]
0400900046[]
0400900047[]
0400900048[]
0400900049[]
0400900050[]
0400900051[]
0400900052[]
0400900053[]
0400900054[]
0400900055[]
0400900056[]
0400900057[]
0400900058[]
0400900059[]
0400900060[]
0400900061[]
0400900062[]
0400900063[]
0400900064[]
0400900065[]
0400900066[]
0400900067[]
0400900068[]
0400900069[]
0400900070[]
0400900071[]
0400900072[]
0400900073[]
0400900074[]
0400900075[]
0400900076[]
0400900077[]
0400900078[]
0400900079[]
0400900080[]
0400900081[]
0400900082[]
0400900083[]
0400900084[]
0400900085[]
0400900086[]
0400900087[]
0400900088[]
0400900089[]
0400900090[]
0400900091[]
0400900092[]
0400900093[]
0400900094[]
0400900095[]
0400900096[]
0400900097[]
0400900098[]
0400900099[]
0400900100[]
0400900101[]
0400900102[]
0400900103[]
0400900104[]
0400900105[]
0400900106[]
0400900107[]
0400900108[]
0400900109[]
0400900110[]
0400900111[]
0400900112[]
0400900113[]
0400900114[]
0400900115[]
0400900116[]
0400900117[]
0400900118[]
0400900119[]
0400900120[]
0400900121[]
0400900122[]
0400900123[]
0400900124[]
0400900125[]
0400900126[]
0400900127[]
0400900128[]
0400900129[]
0400900130[]
0400900131[]
0400900132[]
0400900133[]
0400900134[]
0400900135[]
0400900136[]
0400900137[]
0400900138[]
0400900139[]
0400900140[]
0400900141[]
0400900142[]
0400900143[]
0400900144[]
0400900145[]
0400900146[]
0400900147[]
0400900148[]
0400900149[]
0400900150[]
0400900151[]
0400900152[]
0400900153[248 103 20 30 0 0 3; ]
0400900154[247 102 20 30 0 0 3; ]
0400900155[246 102 20 30 0 0 3; ]
0400900156[245 102 20 30 0 0 3; ]
0400900157[244 102 20 30 0 0 3; ]
0400900158[243 102 20 30 0 0 3; ]
0400900159[242 102 20 30 0 0 3; ]
0400900160[241 101 20 31 0 0 3; ]
0400900161[239 100 20 31 0 0 3; ]
0400900162[238 100 20 32 0 0 3; ]
0400900163[237 100 20 33 0 0 3; ]
0400900164[235 101 20 33 0 0 3; ]
0400900165[234 103 20 34 0 0 3; ]
0400900166[232 106 20 35 0 0 3; ]
0400900167[231 108 20 37 0 0 3; ]
0400900168[229 110 20 37 0 0 3; ]
0400900169[228 111 20 38 0 0 3; ]
0400900170[227 112 20 38 0 0 3; ]
0400900171[225 112 20 38 0 0 3; ]
0400900172[224 113 20 38 0 0 3; ]
0400900173[223 113 20 38 0 0 3; ]
0400900174[220 113 20 35 1 0 0; ]
0400900175[219 112 20 35 1 0 0; ]
0400900176[217 111 20 35 1 0 0; ]
0400900177[216 111 20 35 1 0 0; ]
0400900178[215 111 20 35 1 0 0; ]
0400900179[213 111 20 35 1 0 0; ]
0400900180[211 111 20 35 1 0 0; ]
0400900181[209 111 20 35 1 0 0; ]
0400900182[208 111 20 35 1 0 0; ]
0400900183[206 111 20 35 1 0 0; ]
0400900184[204 111 20 35 1 0 0; ]
0400900185[202 111 20 35 1 0 0; ]
0400900186[200 111 20 35 1 0 0; ]
0400900187[199 111 20 35 1 0 0; ]
0400900188[197 111 20 35 1 0 0; ]
0400900189[195 111 20 35 1 0 0; ]
0400900190[193 111 20 35 1 0 0; ]
0400900191[191 111 20 35 1 0 0; ]
0400900192[189 111 20 34 1 0 0; ]
0400900193[187 111 20 34 1 0 0; ]
0400900194[185 111 20 33 1 0 0; ]
0400900195[183 111 20 34 1 0 0; ]
0400900196[180 110 20 34 1 0 0; ]
0400900197[178 109 21 36 1 0 0; ]
0400900198[175 109 21 38 1 0 0; ]
0400900199[173 109 21 38 1 0 0; ]
0400900200[171 109 21 38 1 0 0; ]
0400900201[169 109 21 38 1 0 0; ]
0400900202[167 109 21 38 1 0 0; ]
0400900203[165 109 21 38 1 0 0; ]
0400900204[162 109 21 38 1 0 0; ]
0400900205[160 109 21 38 1 0 0; ]
0400900206[158 109 21 38 1 0 0; ]
0400900207[155 108 21 38 1 0 0; ]
0400900208[152 108 21 38 1 0 0; ]
0400900209[149 107 21 38 1 0 0; ]
0400900210[146 106 21 38 1 0 0; ]
0400900211[144 106 21 38 1 0 0; ]
0400900212[142 106 21 38 1 0 0; ]
0400900213[139 106 21 38 1 0 0; ]
0400900214[136 106 21 38 1 0 0; ]
0400900215[133 106 21 38 1 0 0; ]
0400900216[130 106 21 38 1 0 0; ]
0400900217[126 106 21 38 1 0 0; ]
0400900218[123 106 21 38 1 0 0; ]
0400900219[120 106 21 38 1 0 0; ]
0400900220[116 106 21 38 1 0 0; ]
0400900221[113 106 21 38 1 0 0; ]
0400900222[110 106 21 38 1 0 0; ]
0400900223[106 106 22 39 1 0 0; ]
0400900224[102 105 23 41 1 0 0; ]
0400900225[98 105 24 42 1 0 0; ]
0400900226[94 104 24 42 1 0 0; ]
0400900227[90 104 24 42 1 0 0; ]
0400900228[86 103 24 42 1 0 0; ]
0400900229[82 103 24 42 1 0 0; ]
0400900230[78 103 24 42 1 0 0; ]
0400900231[74 103 24 42 1 0 0; ]
0400900232[69 103 24 42 1 0 0; ]
0400900233[65 103 24 42 1 1 0; ]
0400900234[61 103 24 42 1 1 0; ]
0400900235[57 103 24 42 1 1 0; ]
0400900236[53 103 24 42 1 1 0; ]
0400900237[51 104 24 42 1 1 0; ]
0400900238[43 103 24 42 1 1 0; ]
0400900239[37 102 24 42 1 1 0; ]
0400900240[33 102 24 42 1 1 0; ]
0400900241[31 102 24 42 1 1 0; ]
0400900242[]
0400900243[]
0400900244[]
0400900245[]
0400900246[]
0400900247[]
0400900248[]
0400900249[]
0400900250[]
0400900251[]
0400900252[]
0400900253[]
0400900254[]
0400900255[]
0400900256[]
0400900257[]
0400900258[]
0400900259[]
0400900260[]
0400900261[]
0400900262[]
0400900263[]
0400900264[]
0400900265[]
0400900266[]
0400900267[]
0400900268[]
0400900269[]
0400900270[]
0400900271[]
0400900272[]
0400900273[]
0400900274[]
0400900275[]
0400900276[]
0400900277[]
0400900278[]
0400900279[]
0400900280[]
0400900281[]
0400900282[]
0400900283[]
0400900284[]
0400900285[]
0400900286[]
0400900287[]
0400900288[]
0400900289[]
0400900290[]
0400900291[]
0400900292[]
0400900293[]
0400900294[]
0400900295[]
0400900296[]
0400900297[]
0400900298[]
0400900299[]
0400900300[0 105 18 46 66 1 3; ]
0400900301[2 105 18 46 66 1 3; ]
0400900302[3 105 19 47 66 1 3; ]
0400900303[5 105 19 47 66 1 3; ]
0400900304[7 105 19 48 66 1 3; ]
0400900305[9 105 20 48 66 1 3; ]
0400900306[10 105 20 49 66 1 3; ]
0400900307[12 105 20 49 66 1 3; ]
0400900308[14 105 21 50 66 1 3; ]
0400900309[16 106 23 41 2 0 0; ]
0400900310[17 106 23 42 2 0 0; ]
0400900311[19 106 23 44 2 0 0; ]
0400900312[20 106 23 45 2 0 0; ]
0400900313[22 106 23 45 2 0 0; ]
0400900314[24 107 23 45 2 0 0; ]
0400900315[26 107 23 45 2 0 0; ]
0400900316[28 107 23 45 2 0 0; ]
0400900317[30 107 23 45 2 0 0; ]
0400900318[32 107 23 45 2 0 0; ]
0400900319[34 107 23 45 2 0 0; ]
0400900320[36 107 23 45 2 0 0; ]
0400900321[38 107 23 45 2 0 0; ]
0400900322[40 107 23 45 2 0 0; ]
0400900323[42 107 23 45 2 0 0; ]
0400900324[44 106 23 45 2 0 0; ]
0400900325[45 106 23 45 2 0 0; ]
0400900326[47 107 23 45 2 0 0; ]
0400900327[49 107 23 45 2 0 0; ]
0400900328[51 107 23 45 2 0 0; ]
0400900329[54 107 23 45 2 0 0; ]
0400900330[56 107 23 45 2 0 0; ]
0400900331[58 106 23 46 2 0 0; ]
0400900332[60 104 23 47 2 0 0; ]
0400900333[62 102 23 47 2 0 0; ]
0400900334[64 102 23 48 2 0 0; ]
0400900335[67 102 23 48 2 0 0; ]
0400900336[69 102 23 48 2 0 0; ]
0400900337[71 102 23 48 2 0 0; ]
0400900338[72 102 23 48 2 0 0; ]
0400900339[73 102 24 47 2 0 0; ]
0400900340[75 101 25 47 2 0 0; ]
0400900341[76 101 25 46 2 0 0; ]
0400900342[78 101 25 46 2 0 0; ]
0400900343[80 100 25 47 2 0 0; ]
0400900344[82 99 25 47 2 0 0; ]
0400900345[85 99 25 48 2 0 0; ]
0400900346[88 98 26 48 2 0 0; ]
0400900347[90 97 27 48 2 0 0; ]
0400900348[93 97 28 48 2 0 0; ]
0400900349[95 97 28 48 2 0 0; ]
0400900350[98 97 28 48 2 0 0; ]
0400900351[100 97 28 48 2 0 0; ]
0400900352[102 97 28 48 2 0 0; ]
0400900353[105 97 28 48 2 0 0; ]
0400900354[107 96 28 48 2 0 0; ]
0400900355[110 95 27 48 2 0 0; ]
0400900356[112 94 27 48 2 0 0; ]
0400900357[115 92 26 48 2 0 0; ]
0400900358[118 92 26 50 2 0 0; ]
0400900359[120 91 26 51 2 0 0; ]
0400900360[123 91 26 51 2 0 0; ]
0400900361[125 90 26 52 2 0 0; ]
0400900362[127 90 26 52 2 0 0; ]
0400900363[129 89 26 52 2 0 0; ]
0400900364[130 89 26 52 2 0 0; ]
0400900365[132 89 26 52 2 0 0; ]
0400900366[134 89 26 52 2 0 0; ]
0400900367[136 89 26 51 2 0 0; ]
0400900368[139 90 26 51 2 0 0; ]
0400900369[141 90 26 51 2 0 0; ]
0400900370[142 90 27 50 2 0 0; ]
0400900371[144 89 28 49 2 0 0; ]
0400900372[145 89 29 49 2 0 0; ]
0400900373[147 89 29 48 2 0 0; ]
0400900374[150 89 29 48 2 0 0; ]
0400900375[153 89 28 48 2 0 0; ]
0400900376[156 89 26 48 2 0 0; ]
0400900377[159 89 26 48 2 0 0; ]
0400900378[161 89 26 48 2 0 0; ]
0400900379[163 89 26 49 2 0 0; ]
0400900380[164 89 26 49 2 0 0; ]
0400900381[166 89 26 49 2 0 0; ]
0400900382[168 88 26 50 2 0 0; ]
0400900383[170 88 26 50 2 0 0; ]
0400900384[172 87 26 50 2 0 0; ]
0400900385[174 87 26 51 2 0 0; ]
0400900386[176 86 26 51 2 0 0; ]
0400900387[178 85 27 51 2 0 0; ]
0400900388[181 85 28 52 2 0 0; ]
0400900389[183 85 28 52 2 0 0; ]
0400900390[186 85 28 52 2 0 0; ]
0400900391[188 85 28 52 2 0 0; ]
0400900392[191 85 28 52 2 0 0; ]
0400900393[193 85 28 52 2 0 0; ]
0400900394[196 85 28 52 2 0 0; ]
0400900395[198 86 28 52 2 0 0; ]
0400900396[201 88 28 52 2 0 0; ]
0400900397[203 89 28 52 2 0 0; ]
0400900398[206 91 28 52 2 0 0; ]
0400900399[210 93 28 52 2 0 0; ]
0400900400[213 95 28 52 2 0 0; ]
0400900401[217 97 28 52 2 0 0; ]
0400900402[221 98 28 52 2 0 0; ]
0400900403[226 99 28 52 2 0 0; ]
0400900404[231 100 28 52 2 0 0; ]
0400900405[237 101 28 52 2 0 0; ]
0400900406[242 101 28 52 2 0 0; ]
0400900407[248 102 28 52 2 0 0; ]
0400900408[254 102 28 52 2 0 0; ]
0400900409[260 102 28 52 2 0 0; ]
0400900410[266 102 28 52 2 0 0; ]
0400900411[272 102 28 52 2 0 0; ]
0400900412[280 102 28 53 2 0 0; ]
0400900413[287 102 28 53 2 0 0; ]
0400900414[295 102 28 53 2 0 0; ]
0400900415[304 102 28 53 2 0 0; ]
0400900416[314 102 28 53 2 0 0; ]
0400900417[324 102 28 53 2 0 0; ]
0400900418[335 102 28 51 2 0 0; ]
0400900419[346 101 28 50 2 0 0; ]
0400900420[357 101 28 50 2 0 0; ]
0400900421[369 100 28 49 2 0 0; ]
0400900422[380 99 29 50 2 0 0; ]
0400900423[391 98 30 51 2 0 0; ]
0400900424[402 96 31 51 2 0 0; ]
0400900425[414 94 31 52 2 0 0; ]
0400900426[426 93 31 52 2 0 0; ]
0400900427[440 91 31 52 2 0 0; ]
0400900428[454 88 31 52 2 0 0; ]
0400900429[469 86 31 52 2 0 0; ]
0400900430[]
0400900431[]
0400900432[]
0400900433[]
0400900434[]
0400900435[]
0400900436[]
0400900437[]
0400900438[7 109 23 56 3 0 0; ]
0400900439[20 110 23 56 3 0 0; ]
0400900440[34 112 23 56 3 0 0; ]
0400900441[48 114 23 56 3 0 0; ]
0400900442[64 115 23 56 3 0 0; ]
0400900443[80 116 23 55 3 0 0; ]
0400900444[96 116 23 54 3 0 0; ]
0400900445[112 117 25 54 3 0 0; ]
0400900446[128 117 26 54 3 0 0; ]
0400900447[143 117 27 54 3 0 0; ]
0400900448[159 118 28 54 3 0 0; ]
0400900449[174 118 29 54 3 0 0; ]
0400900450[190 118 29 54 3 0 0; ]
0400900451[207 118 28 52 3 0 0; ]
0400900452[223 117 26 50 3 0 0; ]
0400900453[240 116 25 48 3 0 0; ]
0400900454[257 116 25 49 3 0 0; ]
0400900455[274 117 25 49 3 0 0; ]
0400900456[291 117 25 49 3 0 0; ]
0400900457[309 117 25 50 3 0 0; ]
0400900458[326 116 25 51 3 0 0; ]
0400900459[344 115 25 52 3 0 0; ]
0400900460[361 115 25 52 3 0 0; ]
0400900461[379 114 25 53 3 0 0; ]
0400900462[397 114 25 54 3 0 0; ]
0400900463[417 114 25 55 3 0 0; ]
0400900464[438 114 25 56 3 0 0; ]
0400900465[459 114 25 56 3 0 0; ]
0400900466[480 114 25 56 3 0 0; ]
0400900467[]
0400900468[]
0400900469[]
0400900470[]
0400900471[6 114 37 81 4 0 3; ]
0400900472[33 116 37 81 4 0 3; ]
0400900473[61 117 37 81 4 0 3; ]
0400900474[88 118 37 81 4 0 3; ]
0400900475[115 119 37 81 4 0 3; ]
0400900476[142 119 37 81 4 0 3; ]
0400900477[171 119 37 81 4 0 3; 17 129 33 57 5 0 3; ]
0400900478[200 119 38 81 4 0 3; 42 131 35 57 5 0 3; ]
0400900479[229 118 38 81 4 0 3; 68 131 36 57 5 0 3; ]
0400900480[257 118 39 81 4 0 3; 93 131 36 57 5 0 3; ]
0400900481[286 118 39 81 4 0 3; 118 131 36 57 5 0 3; ]
0400900482[314 117 39 81 4 0 3; 143 131 36 57 5 0 3; ]
0400900483[346 116 39 81 4 0 3; 169 132 35 57 5 0 3; ]
0400900484[380 116 39 81 4 0 3; 196 133 33 57 5 0 3; ]
0400900485[415 116 39 81 4 0 3; 224 135 32 57 5 0 3; ]
0400900486[451 117 40 81 4 0 3; 253 136 32 57 5 0 3; ]
0400900487[284 137 32 57 5 0 3; ]
0400900488[316 139 32 57 5 0 3; ]
0400900489[345 138 32 57 5 0 3; ]
0400900490[375 136 32 57 5 0 3; ]
0400900491[405 134 32 57 5 0 3; ]
0400900492[437 130 32 57 5 0 3; ]
0400900493[469 127 32 57 5 0 3; ]
0400900494[]
0400900495[]
0400900496[]
0400900497[]
0400900498[]
0400900499[]
0400900500[]
0400900501[]
0400900502[]
0400900503[]
0400900504[]
0400900505[]
0400900506[]
0400900507[]
0400900508[]
0400900509[]
0400900510[]
0400900511[]
0400900512[]
0400900513[]
0400900514[]
0400900515[]
0400900516[]
0400900517[]
0400900518[]
0400900519[]
0400900520[]
0400900521[]
0400900522[]
0400900523[]
0400900524[]
0400900525[]
0400900526[]
0400900527[]
0400900528[]
0400900529[]
0400900530[]
0400900531[]
0400900532[]
0400900533[]
0400900534[]
0400900535[]
0400900536[]
0400900537[]
0400900538[]
0400900539[]
0400900540[]
0400900541[]
0400900542[]
0400900543[]
0400900544[]
0400900545[]
0400900546[]
0400900547[]
0400900548[]
0400900549[]
0400900550[]
0400900551[]
0400900552[]
0400900553[]
0400900554[]
0400900555[]
0400900556[]
0400900557[]
0400900558[]
0400900559[]
0400900560[]
0400900561[]
0400900562[]
0400900563[]
0400900564[]
0400900565[]
0400900566[]
0400900567[]
0400900568[]
0400900569[]
0400900570[]
0400900571[]
0400900572[]
0400900573[]
0400900574[]
0400900575[]
0400900576[]
0400900577[]
0400900578[]
0400900579[]
0400900580[]
0400900581[]
0400900582[]
0400900583[]
0400900584[]
0400900585[]
0400900586[]
0400900587[]
0400900588[]
0400900589[]
0400900590[]
0400900591[]
0400900592[]
0400900593[]
0400900594[]
0400900595[]
0400900596[]
0400900597[]
0400900598[]
0400900599[]
0400900600[]
0400900601[]
0400900602[]
0400900603[]
0400900604[]
0400900605[]
0400900606[]
0400900607[]
0400900608[]
0400900609[]
0400900610[]
0400900611[]
0400900612[]
0400900613[]
0400900614[]
0400900615[]
0400900616[]
0400900617[]
0400900618[]
0400900619[]
0400900620[]
0400900621[]
0400900622[297 100 42 30 6 0 -1; ]
0400900623[303 99 43 31 6 0 -1; ]
0400900624[309 98 45 31 6 0 -1; ]
0400900625[314 97 47 32 6 0 -1; ]
0400900626[319 97 48 32 6 0 -1; ]
0400900627[324 97 50 32 6 0 -1; ]
0400900628[329 97 51 32 6 0 -1; ]
0400900629[334 98 53 32 6 0 -1; ]
0400900630[339 98 51 32 6 0 -1; ]
0400900631[344 98 50 32 6 0 -1; ]
0400900632[348 98 49 32 6 0 -1; ]
0400900633[352 98 50 32 6 0 -1; ]
0400900634[355 97 51 32 6 0 -1; ]
0400900635[358 97 52 32 6 0 -1; 317 102 36 31 8 0 -1; ]
0400900636[362 97 53 32 6 0 -1; 321 101 36 32 8 0 -1; ]
0400900637[365 96 53 33 6 0 -1; 324 101 37 32 8 0 -1; ]
0400900638[368 96 53 34 6 0 -1; 326 101 39 32 8 0 -1; ]
0400900639[371 96 53 35 6 0 -1; 328 101 41 32 8 0 -1; ]
0400900640[374 96 53 35 6 0 -1; 329 101 43 32 8 0 -1; ]
0400900641[377 95 53 35 6 0 -1; 331 101 44 32 8 0 -1; ]
0400900642[380 95 53 35 6 0 -1; 334 100 44 32 8 0 -1; ]
0400900643[382 94 53 35 6 0 -1; 336 100 45 32 8 0 -1; ]
0400900644[385 93 53 35 6 0 -1; 338 99 45 32 8 0 -1; ]
0400900645[386 97 53 32 7 0 2; 354 98 32 32 9 0 2; ]
0400900646[388 97 53 32 7 0 2; 356 98 32 32 9 0 2; ]
0400900647[391 97 53 32 7 0 2; 358 98 32 32 9 0 2; ]
0400900648[393 97 53 32 7 0 2; 361 98 32 32 9 0 2; ]
0400900649[395 97 54 32 7 0 2; 364 98 31 32 9 0 2; ]
0400900650[398 97 54 32 7 0 2; 367 98 30 32 9 0 2; ]
0400900651[400 97 54 32 7 0 2; 368 98 30 32 9 0 2; ]
0400900652[402 97 54 32 7 0 2; 369 98 31 32 9 0 2; ]
0400900653[404 97 54 32 7 0 2; 370 98 33 32 9 0 2; ]
0400900654[407 97 54 32 7 0 2; 372 98 34 32 9 0 2; ]
0400900655[409 97 54 32 7 0 2; 374 97 34 32 9 0 2; ]
0400900656[411 97 54 32 7 0 2; 376 96 35 32 9 0 2; ]
0400900657[414 97 54 32 7 0 2; 378 96 35 32 9 0 2; ]
0400900658[415 97 54 32 7 0 2; 380 96 35 32 9 0 2; ]
0400900659[416 97 54 32 7 0 2; 383 96 34 32 9 0 2; ]
0400900660[417 97 54 32 7 0 2; 385 97 33 32 9 0 2; ]
0400900661[419 97 54 32 7 0 2; 386 97 33 32 9 0 2; ]
0400900662[421 97 54 32 7 0 2; 388 97 33 32 9 0 2; ]
0400900663[423 97 54 33 7 0 2; 389 97 33 32 9 0 2; ]
0400900664[425 97 55 33 7 0 2; 391 97 33 32 9 0 2; ]
0400900665[427 97 56 33 7 0 2; 393 97 33 32 9 0 2; ]
0400900666[428 97 56 33 7 0 2; 396 97 33 32 9 0 2; ]
0400900667[430 97 57 33 7 0 2; 399 97 33 32 9 0 2; ]
0400900668[431 97 58 33 7 0 2; 401 98 33 32 9 0 2; ]
0400900669[432 98 60 33 7 0 2; 402 98 33 32 9 0 2; ]
0400900670[433 98 60 33 7 0 2; 404 97 33 32 9 0 2; ]
0400900671[434 98 60 33 7 0 2; 405 99 33 32 9 0 2; ]
0400900672[436 98 60 33 7 0 2; 406 99 33 32 9 0 2; ]
0400900673[437 98 60 33 7 0 2; 408 99 33 32 9 0 2; ]
0400900674[439 98 60 33 7 0 2; 409 98 33 32 9 0 2; ]
0400900675[441 97 59 33 7 0 2; 411 98 33 32 9 0 2; ]
0400900676[443 97 59 33 7 0 2; 412 95 33 32 9 0 2; ]
0400900677[444 97 59 33 7 0 2; 413 94 33 32 9 0 2; ]
0400900678[445 96 58 33 7 0 2; 414 93 33 32 9 0 2; ]
0400900679[446 95 58 33 7 0 2; 415 92 33 32 9 0 2; ]
0400900680[446 94 58 33 7 0 2; 415 93 33 32 9 0 2; 380 96 20 30 13 0 1; ]
0400900681[446 93 58 33 7 0 2; 415 94 33 32 9 0 2; 380 97 20 30 13 0 1; ]
0400900682[447 95 58 33 7 0 2; 416 95 33 32 9 0 2; 380 98 20 31 13 0 1; ]
0400900683[448 97 58 33 7 0 2; 416 97 33 32 9 0 2; 380 99 20 31 13 0 1; ]
0400900684[448 98 58 33 7 0 2; 416 98 33 32 9 0 2; 379 100 20 31 13 0 1; ]
0400900685[448 99 58 33 7 0 2; 415 99 33 32 9 0 2; 379 101 20 31 13 0 1; ]
0400900686[448 99 58 33 7 0 2; 415 100 33 32 9 0 2; 378 102 20 31 13 0 1; ]
0400900687[448 99 58 33 7 0 2; 415 101 33 32 9 0 2; 377 103 20 31 13 0 1; ]
0400900688[448 99 58 33 7 0 2; 415 100 33 32 9 0 2; 377 103 20 31 13 0 1; ]
0400900689[448 99 58 33 7 0 2; 415 99 33 32 9 0 2; 376 103 20 31 13 0 1; ]
0400900690[448 99 57 33 7 0 2; 415 98 33 32 9 0 2; 375 103 20 31 13 0 1; ]
0400900691[448 99 57 33 7 0 2; 415 98 33 32 9 0 2; 374 102 20 31 13 0 1; ]
0400900692[447 99 56 33 7 0 2; 415 98 33 32 9 0 2; 373 102 20 31 13 0 1; ]
0400900693[447 98 56 33 7 0 2; 414 98 33 32 9 0 2; 372 101 20 31 13 0 1; ]
0400900694[446 98 55 33 7 0 2; 414 98 33 32 9 0 2; 371 100 20 31 13 0 1; ]
0400900695[445 98 54 33 7 0 2; 413 98 33 32 9 0 2; 369 100 20 31 13 0 1; ]
0400900696[444 98 53 33 7 0 2; 413 98 33 32 9 0 2; 367 100 20 31 13 0 1; ]
0400900697[443 98 52 33 7 0 2; 412 98 33 32 9 0 2; 365 100 20 31 13 0 1; ]
0400900698[442 98 52 33 7 0 2; 412 98 33 32 9 0 2; 363 100 20 31 13 0 1; ]
0400900699[441 98 52 34 7 0 2; 410 98 33 32 9 0 2; 361 100 20 31 13 0 1; ]
0400900700[440 98 52 34 7 0 2; 408 98 33 32 9 0 2; 359 100 20 31 13 0 1; ]
0400900701[438 98 54 34 7 0 2; 406 98 33 32 9 0 2; 358 100 20 31 13 0 1; ]
0400900702[437 98 55 34 7 0 2; 404 99 33 32 9 0 2; 356 100 20 31 13 0 1; ]
0400900703[436 98 55 34 7 0 2; 403 99 33 32 9 0 2; 354 100 20 31 13 0 1; ]
0400900704[435 98 56 34 7 0 2; 401 99 33 32 9 0 2; 353 100 20 32 13 0 1; ]
0400900705[433 98 57 34 7 0 2; 400 99 33 32 9 0 2; 351 100 20 32 13 0 1; ]
0400900706[431 98 58 34 7 0 2; 399 99 33 32 9 0 2; 349 100 20 32 13 0 1; ]
0400900707[430 98 59 34 7 0 2; 398 99 33 32 9 0 2; 348 100 20 32 13 0 1; ]
0400900708[428 98 59 34 7 0 2; 397 99 33 32 9 0 2; 346 100 20 32 13 0 1; ]
0400900709[427 98 59 34 7 0 2; 396 99 33 32 9 0 2; 344 100 20 32 13 0 1; ]
0400900710[426 98 58 34 7 0 2; 395 99 33 32 9 0 2; 342 100 20 32 13 0 1; ]
0400900711[425 98 56 34 7 0 2; 393 99 33 32 9 0 2; 340 100 20 32 13 0 1; ]
0400900712[424 98 54 34 7 0 2; 392 99 33 32 9 0 2; 338 100 20 32 13 0 1; ]
0400900713[423 98 53 34 7 0 2; 390 99 33 32 9 0 2; 336 100 20 32 13 0 1; ]
0400900714[421 98 53 34 7 0 2; 389 99 33 32 9 0 2; 334 100 20 32 13 0 1; ]
0400900715[420 98 54 34 7 0 2; 387 99 33 32 9 0 2; 332 100 20 32 13 0 1; ]
0400900716[418 98 54 34 7 0 2; 386 99 33 32 9 0 2; 329 101 20 32 13 0 1; ]
0400900717[417 98 55 34 7 0 2; 385 99 33 32 9 0 2; 327 101 20 32 13 0 1; ]
0400900718[416 98 56 34 7 0 2; 385 99 31 32 9 0 2; 326 101 20 32 13 0 1; ]
0400900719[414 98 57 34 7 0 2; 385 100 31 32 9 0 2; 324 101 20 32 13 0 1; ]
0400900720[429 98 42 34 7 0 2; 382 99 46 32 9 0 2; 323 101 20 32 13 0 1; ]
0400900721[427 99 43 34 7 0 2; 382 99 42 32 9 0 2; 321 101 20 32 13 0 1; ]
0400900722[426 99 44 33 7 0 2; 381 99 45 32 9 0 2; 320 101 20 32 13 0 1; ]
0400900723[425 100 44 33 7 0 2; 381 99 45 32 9 0 2; 318 101 20 32 13 0 1; ]
0400900724[424 100 44 33 7 0 2; 381 99 45 32 9 0 2; 316 101 20 32 13 0 1; ]
0400900725[423 101 43 33 7 0 2; 381 99 45 32 9 0 2; 314 101 20 32 13 0 1; ]
0400900726[422 101 43 33 7 0 2; 381 99 45 32 9 0 2; 312 102 20 32 13 0 1; ]
0400900727[421 101 42 33 7 0 2; 381 99 45 32 9 0 2; 310 102 20 32 13 0 1; ]
0400900728[420 102 42 33 7 0 2; 378 99 45 32 9 0 2; 307 102 20 32 13 0 1; ]
0400900729[419 102 42 33 7 0 2; 376 100 45 32 9 0 2; 305 102 20 32 13 0 1; ]
0400900730[419 102 42 33 7 0 2; 373 101 45 32 9 0 2; 303 103 20 32 13 0 1; ]
0400900731[418 103 42 33 7 0 2; 372 101 45 32 9 0 2; 301 103 20 32 13 0 1; ]
0400900732[418 103 42 33 7 0 2; 370 101 45 32 9 0 2; 298 103 20 32 13 0 1; ]
0400900733[417 103 42 33 7 0 2; 369 102 45 32 9 0 2; 297 103 20 32 13 0 1; ]
0400900734[416 103 42 33 7 0 2; 368 102 45 32 9 0 2; 295 103 20 32 13 0 1; ]
0400900735[414 103 42 34 7 0 2; 367 102 45 32 9 0 2; 294 103 20 32 13 0 1; ]
0400900736[413 102 42 34 7 0 2; 367 102 45 32 9 0 2; 293 103 20 32 13 0 1; ]
0400900737[412 102 44 34 7 0 2; 366 102 45 32 9 0 2; 291 103 20 32 13 0 1; ]
0400900738[411 101 49 35 7 0 2; 365 102 45 32 9 0 2; 290 103 20 32 13 0 1; ]
0400900739[410 100 60 36 7 0 2; 364 102 45 32 9 0 2; 288 103 20 32 13 0 1; ]
0400900740[410 100 60 37 7 0 2; 364 102 45 32 9 0 2; 287 103 20 32 13 0 1; ]
0400900741[409 99 60 37 7 0 2; 363 101 45 32 9 0 2; 286 103 20 32 13 0 1; ]
0400900742[409 99 61 37 7 0 2; 363 101 45 32 9 0 2; 284 102 20 32 13 0 1; ]
0400900743[409 99 61 37 7 0 2; 362 101 45 32 9 0 2; 283 102 20 32 13 0 1; ]
0400900744[409 99 61 38 7 0 2; 362 102 45 32 9 0 2; 282 103 20 32 13 0 1; ]
0400900745[408 99 61 38 7 0 2; 362 102 45 32 9 0 2; 280 104 20 32 13 0 1; ]
0400900746[408 99 61 37 7 0 2; 362 102 45 32 9 0 2; 279 105 20 32 13 0 1; ]
0400900747[408 99 61 37 7 0 2; 362 102 45 32 9 0 2; 278 105 20 32 13 0 1; ]
0400900748[408 99 61 37 7 0 2; 361 102 45 32 9 0 2; 277 105 20 32 13 0 1; ]
0400900749[408 99 61 37 7 0 2; 361 102 45 32 9 0 2; 276 105 20 32 13 0 1; ]
0400900750[408 100 61 37 7 0 2; 361 102 45 32 9 0 2; 275 105 20 32 13 0 1; ]
0400900751[408 100 61 36 7 0 2; 361 102 45 32 9 0 2; 274 105 20 32 13 0 1; ]
0400900752[408 100 61 37 7 0 2; 361 102 45 32 9 0 2; 273 104 20 32 13 0 1; ]
0400900753[407 100 62 37 7 0 2; 360 102 45 32 9 0 2; 272 104 20 32 13 0 1; ]
0400900754[406 100 62 38 7 0 2; 360 102 45 32 9 0 2; 272 103 20 32 13 0 1; ]
0400900755[406 100 63 38 7 0 2; 360 102 45 32 9 0 2; 271 103 20 32 13 0 1; ]
0400900756[405 99 64 38 7 0 2; 360 101 45 32 9 0 2; 270 103 20 33 13 0 1; ]
0400900757[405 99 64 38 7 0 2; 360 101 45 32 9 0 2; 268 102 20 33 13 0 1; ]
0400900758[404 99 65 39 7 0 2; 359 101 45 32 9 0 2; 267 102 20 33 13 0 1; ]
0400900759[404 99 65 39 7 0 2; 359 101 45 32 9 0 2; 267 102 20 33 13 0 1; ]
0400900760[404 99 66 39 7 0 2; 358 101 45 32 9 0 2; 266 102 20 33 13 0 1; ]
0400900761[404 99 66 39 7 0 2; 358 101 45 32 9 0 2; 265 102 20 33 13 0 1; ]
0400900762[404 99 66 39 7 0 2; 358 101 45 32 9 0 2; 264 102 20 33 13 0 1; ]
0400900763[404 99 66 40 7 0 2; 357 101 45 32 9 0 2; 263 102 20 33 13 0 1; ]
0400900764[404 99 66 40 7 0 2; 357 101 45 32 9 0 2; 263 102 20 33 13 0 1; ]
0400900765[404 99 49 40 7 0 2; 357 101 45 32 9 0 2; 262 102 20 33 13 0 1; 450 97 20 38 20 0 1; ]
0400900766[403 99 49 40 7 0 2; 358 101 45 32 9 0 2; 261 102 20 33 13 0 1; 450 97 20 38 20 0 1; ]
0400900767[403 99 50 40 7 0 2; 358 101 45 32 9 0 2; 260 102 20 33 13 0 1; 450 97 20 38 20 0 1; ]
0400900768[403 98 50 40 7 0 2; 358 101 45 32 9 0 2; 259 103 20 33 13 0 1; 451 98 20 38 20 0 1; ]
0400900769[403 98 50 40 7 0 2; 358 101 45 32 9 0 2; 259 103 20 33 13 0 1; 451 98 20 38 20 0 1; ]
0400900770[402 98 50 40 7 0 2; 358 101 45 32 9 0 2; 258 103 20 33 13 0 1; 451 97 20 38 20 0 1; ]
0400900771[402 98 50 40 7 0 2; 358 101 45 32 9 0 2; 257 103 20 33 13 0 1; 452 97 20 38 20 0 1; ]
0400900772[403 98 51 40 7 0 2; 358 101 45 32 9 0 2; 256 103 20 33 13 0 1; 452 96 20 38 20 0 1; ]
0400900773[403 97 51 40 7 0 2; 359 101 45 32 9 0 2; 255 103 20 33 13 0 1; 453 96 20 38 20 0 1; ]
0400900774[403 97 51 40 7 0 2; 359 101 44 32 9 0 2; 255 103 20 33 13 0 1; 453 96 20 38 20 0 1; ]
0400900775[403 97 51 40 7 0 2; 359 101 44 32 9 0 2; 254 103 20 33 13 0 1; 454 96 20 38 20 0 1; ]
0400900776[403 97 52 40 7 0 2; 359 101 44 32 9 0 2; 253 103 20 33 13 0 1; 454 96 20 38 20 0 1; ]
0400900777[404 97 52 40 7 0 2; 360 101 44 32 9 0 2; 253 103 20 33 13 0 1; 455 96 20 38 20 0 1; ]
0400900778[404 98 53 40 7 0 2; 360 101 44 32 9 0 2; 252 103 20 33 13 0 1; 456 96 20 38 20 0 1; ]
0400900779[404 98 54 40 7 0 2; 360 101 44 32 9 0 2; 252 103 20 33 13 0 1; 456 96 20 38 20 0 1; ]
0400900780[405 99 55 40 7 0 2; 361 101 44 33 9 0 2; 251 104 20 33 13 0 1; 457 97 20 38 20 0 1; ]
0400900781[405 99 55 40 7 0 2; 362 101 44 33 9 0 2; 251 104 20 33 13 0 1; 458 97 20 38 20 0 1; ]
0400900782[405 100 56 40 7 0 2; 363 101 44 33 9 0 2; 251 105 20 33 13 0 1; 459 98 20 38 20 0 1; ]
0400900783[405 101 55 40 7 0 2; 363 101 44 33 9 0 2; 250 105 20 33 13 0 1; 460 99 20 38 20 0 1; ]
0400900784[406 102 54 40 7 0 2; 364 102 44 33 9 0 2; 250 105 20 33 13 0 1; 461 99 20 38 20 0 1; ]
0400900785[406 102 53 40 7 0 2; 365 102 44 33 9 0 2; 250 106 20 33 13 0 1; 462 99 20 38 20 0 1; ]
0400900786[407 103 53 40 7 0 2; 366 103 44 33 9 0 2; 250 106 20 33 13 0 1; 463 99 20 38 20 0 1; ]
0400900787[407 103 53 40 7 0 2; 367 104 44 33 9 0 2; 250 106 20 33 13 0 1; 464 99 20 38 20 0 1; ]
0400900788[408 103 53 40 7 0 2; 368 104 43 33 9 0 2; 249 107 20 33 13 0 1; 465 99 20 38 20 0 1; ]
0400900789[409 103 53 40 7 0 2; 370 104 43 33 9 0 2; 249 107 20 33 13 0 1; 466 99 20 38 20 0 1; ]
0400900790[411 103 53 40 7 0 2; 371 104 42 33 9 0 2; 249 107 20 33 13 0 1; 467 99 20 38 20 0 1; ]
0400900791[412 103 54 40 7 0 2; 372 104 42 33 9 0 2; 249 107 20 33 13 0 1; 171 110 20 30 14 0 -1; 468 99 20 38 20 0 1; ]
0400900792[413 103 55 40 7 0 2; 373 104 42 33 9 0 2; 249 107 20 33 13 0 1; 171 110 20 30 14 0 -1; 469 99 20 38 20 0 1; ]
0400900793[414 103 56 40 7 0 2; 374 104 42 33 9 0 2; 249 107 20 33 13 0 1; 172 110 20 31 14 0 -1; 470 99 20 38 20 0 1; ]
0400900794[415 102 54 40 7 0 2; 374 104 42 33 9 0 2; 249 107 20 33 13 0 1; 172 109 20 31 14 0 -1; 471 99 20 38 20 0 1; ]
0400900795[416 101 53 40 7 0 2; 375 104 42 33 9 0 2; 248 107 20 33 13 0 1; 173 109 20 31 14 0 -1; 472 99 20 39 20 0 1; ]
0400900796[417 101 53 40 7 0 2; 375 103 42 33 9 0 2; 248 106 20 33 13 0 1; 173 108 20 31 14 0 -1; 473 99 20 39 20 0 1; ]
0400900797[418 101 62 41 7 0 2; 376 103 42 33 9 0 2; 248 106 20 33 13 0 1; 173 108 20 31 14 0 -1; 474 99 20 39 20 0 1; ]
0400900798[419 100 73 41 7 0 2; 376 102 42 33 9 0 2; 247 106 20 33 13 0 1; 173 108 20 31 14 0 -1; ]
0400900799[419 100 74 41 7 0 2; 376 101 42 33 9 0 2; 247 105 20 33 13 0 1; 174 108 20 31 14 0 -1; ]
0400900800[420 100 74 41 7 0 2; 377 101 42 33 9 0 2; 246 105 20 33 13 0 1; 174 107 20 31 14 0 -1; ]
0400900801[420 100 74 41 7 0 2; 377 101 42 33 9 0 2; 246 105 20 33 13 0 1; 174 107 20 31 14 0 -1; ]
0400900802[421 100 74 42 7 0 2; 377 100 42 33 9 0 2; 245 104 20 33 13 0 1; 173 107 20 31 14 0 -1; ]
0400900803[421 100 75 42 7 0 2; 378 100 42 33 9 0 2; 245 104 20 34 13 0 1; 173 107 20 31 14 0 -1; ]
0400900804[422 100 75 42 7 0 2; 378 100 42 33 9 0 2; 245 104 20 35 13 0 1; 173 107 20 31 14 0 -1; ]
0400900805[422 100 75 42 7 0 2; 379 100 42 33 9 0 2; 244 104 20 35 13 0 1; 172 107 20 31 14 0 -1; ]
0400900806[423 100 75 42 7 0 2; 379 100 42 33 9 0 2; 244 104 20 36 13 0 1; 172 107 20 31 14 0 -1; ]
0400900807[423 100 75 42 7 0 2; 380 100 42 33 9 0 2; 244 104 20 36 13 0 1; 171 107 20 31 14 0 -1; ]
0400900808[424 100 75 42 7 0 2; 381 100 42 33 9 0 2; 243 104 20 36 13 0 1; 171 107 20 31 14 0 -1; ]
0400900809[424 100 75 42 7 0 2; 381 100 42 33 9 0 2; 243 104 20 36 13 0 1; 171 108 20 31 14 0 -1; ]
0400900810[425 100 75 42 7 0 2; 382 100 42 33 9 0 2; 242 104 20 36 13 0 1; 171 108 20 31 14 0 -1; ]
0400900811[426 100 75 42 7 0 2; 383 100 42 34 9 0 2; 241 104 20 36 13 0 1; 171 108 20 31 14 0 -1; ]
0400900812[426 100 75 42 7 0 2; 383 100 42 35 9 0 2; 240 104 20 36 13 0 1; 171 108 20 31 14 0 -1; ]
0400900813[427 100 75 42 7 0 2; 383 100 42 36 9 0 2; 239 104 20 36 13 0 1; 171 108 20 31 14 0 -1; ]
0400900814[427 100 75 42 7 0 2; 405 103 21 31 10 0 2; 238 104 20 36 13 0 1; 171 108 20 31 14 0 -1; 383 101 24 35 21 0 2; ]
0400900815[428 100 75 42 7 0 2; 406 104 21 31 10 0 2; 237 105 20 36 13 0 1; 171 109 20 31 14 0 -1; 383 101 25 37 21 0 2; ]
0400900816[429 100 74 43 7 0 2; 406 104 21 31 10 0 2; 237 106 20 36 13 0 1; 170 110 20 30 15 0 2; 383 101 25 39 21 0 2; ]
0400900817[429 100 74 43 7 0 2; 406 104 21 32 10 0 2; 236 106 20 36 13 0 1; 170 110 20 30 15 0 2; 383 101 26 40 21 0 2; ]
0400900818[430 100 74 44 7 0 2; 407 104 21 32 10 0 2; 235 106 20 36 13 0 1; 170 110 20 30 15 0 2; 383 101 26 41 21 0 2; ]
0400900819[431 99 74 44 7 0 2; 407 104 21 32 10 0 2; 235 106 20 36 13 0 1; 169 109 20 30 15 0 2; 383 101 26 41 21 0 2; ]
0400900820[432 99 74 45 7 0 2; 408 104 21 33 10 0 2; 234 106 20 36 13 0 1; 169 109 20 30 15 0 2; 384 100 26 41 21 0 2; ]
0400900821[432 99 74 45 7 0 2; 409 103 21 33 10 0 2; 234 106 20 36 13 0 1; 169 109 20 30 15 0 2; 384 100 26 41 21 0 2; ]
0400900822[433 98 75 44 7 0 2; 410 101 21 34 10 0 2; 233 105 20 36 13 0 1; 169 109 20 30 15 0 2; 385 99 26 41 21 0 2; ]
0400900823[433 96 75 44 7 0 2; 411 100 21 34 10 0 2; 233 104 20 36 13 0 1; 169 109 20 30 15 0 2; 386 98 26 41 21 0 2; ]
0400900824[434 94 76 43 7 0 2; 412 99 21 34 10 0 2; 233 103 20 36 13 0 1; 169 108 20 30 15 0 2; 386 97 26 41 21 0 2; ]
0400900825[435 93 76 43 7 0 2; 412 98 21 34 10 0 2; 232 101 20 36 13 0 1; 169 108 20 30 15 0 2; 387 95 26 41 21 0 2; ]
0400900826[413 97 21 34 10 0 2; 232 99 20 36 13 0 1; 169 107 20 30 15 0 2; 388 94 26 41 21 0 2; 432 92 20 39 22 0 1; ]
0400900827[413 96 21 34 10 0 2; 232 99 20 36 13 0 1; 169 106 20 30 15 0 2; 389 92 26 41 21 0 2; 433 91 20 39 22 0 1; 451 99 20 32 23 0 1; ]
0400900828[414 94 21 34 10 0 2; 231 98 20 36 13 0 1; 169 105 20 30 15 0 2; 389 92 26 40 21 0 2; 434 91 20 39 22 0 1; 452 99 20 33 23 0 1; ]
0400900829[415 93 21 34 10 0 2; 231 98 20 36 13 0 1; 170 104 20 30 15 0 2; 390 92 26 39 21 0 2; 435 90 20 39 22 0 1; 453 99 20 33 23 0 1; ]
0400900830[415 93 21 35 10 0 2; 230 98 20 36 13 0 1; 170 102 20 30 15 0 2; 390 92 26 39 21 0 2; 435 90 20 39 22 0 1; 454 99 20 33 23 0 1; ]
0400900831[416 93 21 36 10 0 2; 230 98 20 36 13 0 1; 170 101 20 30 15 0 2; 391 92 26 39 21 0 2; 436 90 20 39 22 0 1; 455 99 20 34 23 0 1; ]
0400900832[417 93 21 37 10 0 2; 229 98 20 36 13 0 1; 170 101 20 30 15 0 2; 391 92 26 39 21 0 2; 436 90 20 39 22 0 1; 456 99 20 34 23 0 1; ]
0400900833[417 92 21 37 10 0 2; 229 98 20 36 13 0 1; 170 101 20 31 15 0 2; 392 92 26 39 21 0 2; 436 91 20 39 22 0 1; 457 99 20 35 23 0 1; ]
0400900834[418 92 21 37 10 0 2; 228 98 20 36 13 0 1; 169 101 20 31 15 0 2; 392 92 26 40 21 0 2; 437 91 20 39 22 0 1; 458 99 20 35 23 0 1; ]
0400900835[419 92 21 38 10 0 2; 227 98 20 36 13 0 1; 169 101 20 32 15 0 2; 393 92 26 41 21 0 2; 437 91 20 39 22 0 1; 459 99 20 36 23 0 1; ]
0400900836[419 92 21 38 10 0 2; 227 98 20 36 13 0 1; 169 101 20 32 15 0 2; 394 91 26 42 21 0 2; 438 91 20 39 22 0 1; 461 99 20 36 23 0 1; ]
0400900837[420 92 21 38 10 0 2; 226 98 20 36 13 0 1; 169 101 20 32 15 0 2; 395 91 26 42 21 0 2; 438 91 20 39 22 0 1; 462 99 20 36 23 0 1; ]
0400900838[421 92 21 38 10 0 2; 226 98 20 36 13 0 1; 169 101 20 32 15 0 2; 397 91 26 42 21 0 2; 439 91 20 39 22 0 1; 463 99 20 37 23 0 1; ]
0400900839[422 92 21 38 10 0 2; 225 98 20 37 13 0 1; 169 101 20 32 15 0 2; 399 91 25 42 21 0 2; 440 91 20 39 22 0 1; 464 99 20 37 23 0 1; ]
0400900840[423 92 21 38 10 0 2; 225 98 20 37 13 0 1; 169 101 20 32 15 0 2; 401 91 24 42 21 0 2; 440 91 20 39 22 0 1; 465 98 20 37 23 0 1; ]
0400900841[424 92 21 38 10 0 2; 225 98 20 37 13 0 1; 169 101 20 32 15 0 2; 404 91 22 42 21 0 2; 441 91 20 39 22 0 1; 466 98 20 37 23 0 1; ]
0400900842[424 93 21 38 10 0 2; 224 98 20 37 13 0 1; 169 101 20 32 15 0 2; 406 91 21 42 21 0 2; 442 92 20 39 22 0 1; 467 98 20 38 23 0 1; ]
0400900843[425 93 21 38 10 0 2; 224 98 20 37 13 0 1; 169 101 20 32 15 0 2; 408 92 21 42 21 0 2; 443 92 20 39 22 0 1; 468 98 20 38 23 0 1; ]
0400900844[426 93 21 38 10 0 2; 224 98 20 38 13 0 1; 169 101 20 32 15 0 2; 409 92 21 42 21 0 2; 445 92 20 39 22 0 1; 469 98 20 39 23 0 1; ]
0400900845[426 93 21 38 10 0 2; 224 98 20 38 13 0 1; 169 101 20 32 15 0 2; 410 92 21 42 21 0 2; 446 92 20 39 22 0 1; 470 98 20 39 23 0 1; ]
0400900846[426 93 21 38 10 0 2; 223 98 20 38 13 0 1; 169 101 20 32 15 0 2; 411 92 21 42 21 0 2; 446 92 20 39 22 0 1; 471 98 20 39 23 0 1; ]
0400900847[426 93 21 38 10 0 2; 223 98 20 38 13 0 1; 169 101 20 32 15 0 2; 412 92 21 42 21 0 2; 447 92 20 39 22 0 1; 472 98 20 40 23 0 1; ]
0400900848[426 93 21 38 10 0 2; 223 98 20 38 13 0 1; 169 101 20 32 15 0 2; 413 92 21 42 21 0 2; 448 92 20 39 22 0 1; 473 98 20 40 23 0 1; ]
0400900849[427 93 21 38 10 0 2; 223 98 20 38 13 0 1; 169 101 20 32 15 0 2; 414 92 21 42 21 0 2; 449 92 20 39 22 0 1; 474 98 20 40 23 0 1; ]
0400900850[428 93 21 38 10 0 2; 223 98 20 38 13 0 1; 169 101 20 32 15 0 2; 414 92 21 42 21 0 2; 450 92 20 39 22 0 1; 475 98 20 40 23 0 1; ]
0400900851[430 93 21 38 10 0 2; 223 98 20 38 13 0 1; 169 101 20 32 15 0 2; 415 92 21 42 21 0 2; 451 91 20 39 22 0 1; 476 98 20 41 23 0 1; ]
0400900852[431 93 21 38 10 0 2; 222 97 20 38 13 0 1; 169 101 20 32 15 0 2; 415 93 21 42 21 0 2; 451 91 20 39 22 0 1; 477 98 20 41 23 0 1; ]
0400900853[414 91 38 40 11 0 2; 221 96 20 38 13 0 1; 169 101 20 32 15 0 2; 452 91 20 39 22 0 1; 478 97 20 41 23 0 1; ]
0400900854[414 90 38 40 11 0 2; 220 96 20 39 13 0 1; 169 101 20 32 15 0 2; 453 90 20 39 22 0 1; 480 97 20 42 23 0 1; ]
0400900855[415 89 38 40 11 0 2; 219 95 20 39 13 0 1; 169 101 20 32 15 0 2; 454 90 20 39 22 0 1; 481 95 20 42 23 0 1; ]
0400900856[415 88 38 40 11 0 2; 218 95 20 39 13 0 1; 169 101 20 32 15 0 2; 455 89 20 39 22 0 1; 483 94 20 42 23 0 1; ]
0400900857[415 88 38 40 11 0 2; 218 95 20 40 13 0 1; 170 101 20 32 15 0 2; 455 89 20 40 22 0 1; 484 92 20 43 23 0 1; ]
0400900858[416 88 38 40 11 0 2; 217 94 20 40 13 0 1; 170 100 20 32 15 0 2; 456 89 20 41 22 0 1; 485 93 20 44 23 0 1; ]
0400900859[416 88 39 40 11 0 2; 217 94 20 40 13 0 1; 170 100 20 32 15 0 2; 457 89 20 42 22 0 1; 485 93 21 45 23 0 1; ]
0400900860[416 89 39 39 11 0 2; 216 94 20 40 13 0 1; 171 100 20 32 15 0 2; 458 89 20 43 22 0 1; 486 94 21 45 23 0 1; ]
0400900861[416 90 40 39 11 0 2; 216 95 20 40 13 0 1; 171 100 20 32 15 0 2; 459 89 20 43 22 0 1; 487 94 22 45 23 0 1; ]
0400900862[416 91 41 39 11 0 2; 216 95 20 40 13 0 1; 171 100 20 32 15 0 2; 459 89 20 43 22 0 1; 488 94 22 45 23 0 1; ]
0400900863[417 91 41 39 11 0 2; 215 95 20 40 13 0 1; 171 100 20 32 15 0 2; 460 89 20 43 22 0 1; ]
0400900864[417 91 41 39 11 0 2; 215 96 20 40 13 0 1; 171 100 20 32 15 0 2; 460 88 20 43 22 0 1; ]
0400900865[418 91 41 39 11 0 2; 215 96 20 40 13 0 1; 171 100 20 32 15 0 2; 461 88 20 43 22 0 1; ]
0400900866[420 90 41 40 11 0 2; 214 96 20 40 13 0 1; 171 100 20 32 15 0 2; 462 88 20 43 22 0 1; ]
0400900867[422 90 41 41 11 0 2; 214 96 20 40 13 0 1; 171 100 20 32 15 0 2; 463 88 20 43 22 0 1; ]
0400900868[424 89 41 42 11 0 2; 213 96 20 40 13 0 1; 171 100 20 32 15 0 2; 464 88 20 43 22 0 1; ]
0400900869[425 89 41 42 11 0 2; 213 97 20 40 13 0 1; 171 100 20 32 15 0 2; 465 88 20 43 22 0 1; ]
0400900870[426 89 41 42 11 0 2; 212 97 20 40 13 0 1; 171 100 20 32 15 0 2; 466 89 20 43 22 0 1; ]
0400900871[427 89 41 42 11 0 2; 212 97 20 40 13 0 1; 172 99 20 32 15 0 2; 468 89 20 43 22 0 1; ]
0400900872[428 89 41 42 11 0 2; 212 97 20 40 13 0 1; 172 99 20 32 15 0 2; 469 88 20 43 22 0 1; ]
0400900873[429 89 41 42 11 0 2; 211 96 20 40 13 0 1; 172 99 20 32 15 0 2; 471 88 20 44 22 0 1; ]
0400900874[430 89 41 42 11 0 2; 211 96 20 40 13 0 1; 173 98 20 32 15 0 2; 472 87 20 44 22 0 1; ]
0400900875[431 89 41 42 11 0 2; 211 96 20 40 13 0 1; 174 98 20 32 15 0 2; 473 87 20 44 22 0 1; ]
0400900876[433 88 41 42 11 0 2; 210 96 20 40 13 0 1; 174 98 20 32 15 0 2; 475 87 20 44 22 0 1; ]
0400900877[434 88 40 43 11 0 2; 210 96 20 40 13 0 1; 174 98 20 32 15 0 2; 476 87 20 44 22 0 1; ]
0400900878[435 88 40 43 11 0 2; 209 95 20 41 13 0 1; 174 98 20 32 15 0 2; 477 87 20 44 22 0 1; ]
0400900879[436 88 40 43 11 0 2; 209 95 20 41 13 0 1; 174 98 20 32 15 0 2; 478 87 20 44 22 0 1; ]
0400900880[437 87 40 44 11 0 2; 208 94 20 42 13 0 1; 174 98 20 32 15 0 2; 480 87 20 44 22 0 1; ]
0400900881[438 87 40 44 11 0 2; 208 94 20 42 13 0 1; 174 98 20 32 15 0 2; 481 87 20 44 22 0 1; ]
0400900882[439 86 40 45 11 0 2; 207 94 20 43 13 0 1; 174 98 20 32 15 0 2; 482 87 20 44 22 0 1; ]
0400900883[440 86 40 45 11 0 2; 207 93 20 43 13 0 1; 174 98 20 32 15 0 2; 483 87 20 44 22 0 1; ]
0400900884[442 85 40 45 11 0 2; 207 93 20 43 13 0 1; 174 98 20 32 15 0 2; 485 87 20 44 22 0 1; ]
0400900885[443 85 41 46 11 0 2; 207 93 20 43 13 0 1; 174 98 20 32 15 0 2; 486 87 21 45 22 0 1; ]
0400900886[444 85 41 46 11 0 2; 207 93 20 43 13 0 1; 175 98 20 32 15 0 2; 487 87 22 45 22 0 1; ]
0400900887[445 85 41 46 11 0 2; 207 93 20 42 13 0 1; 175 98 20 33 15 0 2; 488 87 22 45 22 0 1; ]
0400900888[446 85 41 46 11 0 2; 207 93 20 41 13 0 1; 175 98 21 33 15 0 2; ]
0400900889[447 85 42 46 11 0 2; 207 93 20 41 13 0 1; 175 98 21 33 15 0 2; ]
0400900890[448 86 42 46 11 0 2; 207 93 20 40 13 0 1; 176 98 22 34 15 0 2; ]
0400900891[448 87 42 46 11 0 2; 206 93 20 40 13 0 1; 176 98 23 34 15 0 2; ]
0400900892[449 88 43 46 11 0 2; 206 93 20 41 13 0 1; 176 98 23 35 15 0 2; ]
0400900893[449 88 43 46 11 0 2; 205 94 20 41 13 0 1; 176 98 24 35 15 0 2; ]
0400900894[450 88 44 46 11 0 2; 205 94 20 41 13 0 1; 175 98 24 36 15 0 2; ]
0400900895[450 88 46 46 11 0 2; 204 94 20 42 13 0 1; 175 98 24 36 15 0 2; ]
0400900896[451 87 47 46 11 0 2; 203 94 21 42 13 0 1; 175 98 25 36 15 0 2; ]
0400900897[451 87 49 46 11 0 2; 203 94 21 42 13 0 1; 174 98 25 36 15 0 2; ]
0400900898[451 87 50 46 11 0 2; 202 95 21 42 13 0 1; 174 98 25 36 15 0 2; ]
0400900899[469 87 33 46 11 0 2; 201 95 21 42 13 0 1; 174 98 25 36 15 0 2; 451 91 20 45 24 0 1; ]
0400900900[469 88 33 46 11 0 2; 201 96 21 42 13 0 1; 173 98 25 36 15 0 2; 452 91 20 45 24 0 1; ]
0400900901[470 88 33 46 11 0 2; 200 96 21 42 13 0 1; 173 98 25 36 15 0 2; 453 92 20 45 24 0 1; ]
0400900902[471 89 33 46 11 0 2; 199 97 21 42 13 0 1; 173 99 25 36 15 0 2; 454 92 20 45 24 0 1; ]
0400900903[471 89 33 46 11 0 2; 198 97 21 42 13 0 1; 173 100 25 35 15 0 2; 455 92 20 45 24 0 1; ]
0400900904[472 90 33 46 11 0 2; 198 98 21 42 13 0 1; 172 100 25 35 15 0 2; 455 93 20 45 24 0 1; ]
0400900905[473 90 33 46 11 0 2; 197 99 21 42 13 0 1; 172 101 25 34 15 0 2; 456 94 20 46 24 0 1; ]
0400900906[473 90 33 46 11 0 2; 196 99 20 42 13 0 1; 172 102 25 33 15 0 2; 457 94 20 46 24 0 1; ]
0400900907[474 91 34 46 11 0 2; 196 99 20 42 13 0 1; 172 102 24 34 15 0 2; 458 94 20 46 24 0 1; ]
0400900908[474 91 35 45 11 0 2; 195 98 20 42 13 0 1; 172 102 23 34 15 0 2; 458 94 20 46 24 0 1; ]
0400900909[475 91 36 44 11 0 2; 194 98 20 42 13 0 1; 172 101 21 35 15 0 2; 458 94 20 46 24 1 1; ]
0400900910[194 97 21 42 13 0 1; 172 101 21 35 15 0 2; 459 94 20 46 24 1 1; ]
0400900911[193 96 21 42 13 0 1; 172 100 20 35 15 0 2; 459 94 20 46 24 0 1; ]
0400900912[192 96 21 42 13 0 1; 172 100 20 35 15 0 2; 460 91 20 47 24 0 1; ]
0400900913[190 94 21 42 13 0 1; 172 98 20 35 15 0 2; 460 88 20 48 24 0 1; ]
0400900914[189 91 21 42 13 0 1; 171 96 20 35 15 0 2; 461 86 20 48 24 0 1; ]
0400900915[188 89 21 43 13 0 1; 171 93 20 35 15 0 2; 461 84 20 48 24 0 1; ]
0400900916[186 87 21 44 13 0 1; 170 90 20 35 15 0 2; 462 81 20 48 24 0 1; ]
0400900917[185 85 21 45 13 0 1; 170 89 20 35 15 0 2; 463 80 20 48 24 0 1; ]
0400900918[184 84 21 46 13 0 1; 170 89 20 35 15 0 2; 464 79 20 48 24 0 1; ]
0400900919[183 82 21 48 13 0 1; 170 89 20 35 15 0 2; 465 80 20 48 24 0 1; ]
0400900920[170 87 32 40 15 0 2; 466 81 20 47 24 0 1; ]
0400900921[169 87 32 41 15 0 2; 467 82 20 47 24 0 1; ]
0400900922[168 87 32 43 15 0 2; 468 82 20 46 24 0 1; ]
0400900923[167 87 32 44 15 0 2; 468 83 20 46 24 0 1; ]
0400900924[166 87 32 45 15 0 2; 469 84 20 46 24 0 1; ]
0400900925[165 87 32 45 15 0 2; 470 84 20 46 24 0 1; ]
0400900926[164 87 32 46 15 0 2; 470 85 20 46 24 0 1; ]
0400900927[163 87 31 46 15 0 2; 471 84 20 46 24 0 1; ]
0400900928[163 87 31 46 15 0 2; 472 83 20 46 24 0 1; ]
0400900929[163 87 31 46 15 0 2; 473 82 20 46 24 0 1; ]
0400900930[163 87 30 46 15 0 2; 475 82 20 46 24 0 1; ]
0400900931[164 87 29 46 15 0 2; 476 81 20 46 24 0 1; ]
0400900932[165 87 28 46 15 0 2; 478 81 20 46 24 0 1; ]
0400900933[166 87 27 46 15 0 2; 479 81 20 47 24 0 1; ]
0400900934[166 86 26 46 15 0 2; 481 81 20 48 24 0 1; ]
0400900935[167 86 25 46 15 0 2; 483 80 20 48 24 0 1; ]
0400900936[168 86 25 46 15 0 2; 485 80 20 48 24 0 1; ]
0400900937[169 86 24 46 15 0 2; 488 81 20 48 24 0 1; ]
0400900938[170 86 24 46 15 0 2; 490 81 20 48 24 0 1; ]
0400900939[171 86 24 47 15 0 2; ]
0400900940[172 88 24 47 15 0 2; ]
0400900941[174 89 24 49 15 0 2; ]
0400900942[175 91 24 50 15 0 2; ]
0400900943[175 91 24 51 15 0 2; ]
0400900944[175 91 24 51 15 0 2; ]
0400900945[175 91 24 52 15 0 2; ]
0400900946[175 91 25 52 15 0 2; ]
0400900947[174 91 25 52 15 0 2; ]
0400900948[174 90 26 53 15 0 2; ]
0400900949[171 90 29 53 15 0 2; ]
0400900950[170 90 31 54 15 0 2; ]
0400900951[169 90 32 54 15 0 2; ]
0400900952[169 90 32 54 15 0 2; ]
0400900953[169 90 32 54 15 0 2; ]
0400900954[182 96 22 39 15 0 2; 166 90 20 51 16 0 1; ]
0400900955[182 96 22 39 15 0 2; 165 89 21 53 16 0 1; ]
0400900956[181 96 23 39 15 0 2; 163 89 23 54 16 0 1; ]
0400900957[180 96 24 39 15 0 2; 162 88 24 56 16 0 1; ]
0400900958[180 96 25 39 15 0 2; 161 88 24 56 16 0 1; ]
0400900959[179 96 25 39 15 0 2; 159 88 24 56 16 0 1; ]
0400900960[178 96 25 39 15 0 2; 158 88 24 56 16 0 1; ]
0400900961[178 96 25 39 15 0 2; 157 88 24 56 16 0 1; ]
0400900962[177 96 25 40 15 0 2; 156 89 24 56 16 0 1; ]
0400900963[177 96 25 41 15 0 2; 155 89 24 56 16 0 1; ]
0400900964[176 96 25 41 15 0 2; 153 89 24 56 16 0 1; ]
0400900965[176 97 25 41 15 0 2; 151 90 24 56 16 0 1; ]
0400900966[175 98 25 41 15 0 2; 149 90 24 56 16 0 1; ]
0400900967[147 90 24 56 16 0 1; 175 99 22 41 17 0 1; ]
0400900968[146 91 24 56 16 0 1; 175 99 22 41 17 0 1; ]
0400900969[144 91 24 56 16 0 1; 174 99 22 41 17 0 1; ]
0400900970[142 91 24 56 16 0 1; 174 98 22 41 17 0 1; ]
0400900971[140 91 24 56 16 0 1; 173 98 22 41 17 0 1; ]
0400900972[138 90 25 56 16 0 1; 173 98 22 41 17 0 1; ]
0400900973[135 88 25 57 16 0 1; 172 96 22 41 17 0 1; ]
0400900974[133 85 26 58 16 0 1; 171 93 22 42 17 0 1; ]
0400900975[130 82 26 59 16 0 1; 170 90 22 42 17 0 1; ]
0400900976[128 81 26 60 16 0 1; 169 87 22 43 17 0 1; ]
0400900977[126 80 26 61 16 0 1; 168 86 22 43 17 0 1; ]
0400900978[124 79 26 62 16 0 1; 167 86 22 43 17 0 1; ]
0400900979[122 78 26 64 16 0 1; 166 86 22 43 17 0 1; ]
0400900980[120 79 27 63 16 0 1; 165 86 22 43 17 0 1; ]
0400900981[119 80 29 62 16 0 1; 164 87 22 43 17 0 1; ]
0400900982[118 82 30 62 16 0 1; 164 89 22 43 17 0 1; ]
0400900983[116 83 31 62 16 0 1; 164 90 21 43 17 0 1; ]
0400900984[115 84 31 61 16 0 1; 164 91 21 43 17 0 1; ]
0400900985[113 85 31 61 16 0 1; 164 92 20 43 17 0 1; ]
0400900986[112 86 32 61 16 0 1; 164 93 20 43 17 0 1; ]
0400900987[111 86 32 61 16 0 1; 164 93 20 43 17 0 1; ]
0400900988[110 87 32 61 16 0 1; 164 94 20 43 17 0 1; ]
0400900989[108 87 32 62 16 0 1; 164 95 20 44 17 0 1; ]
0400900990[106 87 32 63 16 0 1; 164 95 20 44 17 0 1; ]
0400900991[104 86 32 64 16 0 1; 164 95 20 45 17 0 1; ]
0400900992[103 86 32 66 16 0 1; 164 96 20 45 17 0 1; ]
0400900993[102 86 32 66 16 0 1; 164 96 20 46 17 0 1; ]
0400900994[101 86 33 67 16 0 1; 165 96 20 46 17 0 1; ]
0400900995[100 86 33 67 16 0 1; 166 96 20 46 17 0 1; ]
0400900996[99 86 33 67 16 0 1; 167 96 21 47 17 0 1; ]
0400900997[98 86 33 68 16 0 1; 169 96 21 47 17 0 1; ]
0400900998[98 86 33 68 16 0 1; 170 97 22 45 18 0 2; ]
0400900999[97 86 33 69 16 0 1; 170 97 22 45 18 0 2; ]
0400901000[96 85 33 70 16 0 1; 171 97 22 46 18 0 2; ]
0400901001[96 85 33 70 16 0 1; 171 97 22 46 18 0 2; ]
0400901002[95 85 33 71 16 0 1; 172 97 22 47 18 0 2; ]
0400901003[94 85 33 71 16 0 1; 172 97 22 47 18 0 2; ]
0400901004[94 85 33 72 16 0 1; 172 97 22 47 18 0 2; ]
0400901005[93 85 33 72 16 0 1; 172 97 22 48 18 0 2; ]
0400901006[93 85 33 73 16 0 1; 172 96 22 48 18 0 2; ]
0400901007[92 85 33 73 16 0 1; 172 96 22 49 18 0 2; ]
0400901008[90 85 33 74 16 0 1; 172 96 22 49 18 0 2; ]
0400901009[89 85 33 74 16 0 1; 172 96 22 49 18 0 2; ]
0400901010[88 84 33 75 16 0 1; 172 94 22 50 18 0 2; ]
0400901011[86 84 34 76 16 0 1; 171 93 22 51 18 0 2; ]
0400901012[84 82 34 77 16 0 1; 171 92 22 51 18 0 2; ]
0400901013[82 81 35 78 16 0 1; 170 91 22 52 18 0 2; ]
0400901014[80 79 36 79 16 0 1; 169 90 22 52 18 0 2; ]
0400901015[77 77 37 80 16 0 1; 169 90 22 53 18 0 2; ]
0400901016[73 79 38 80 16 0 1; 168 90 22 53 18 0 2; ]
0400901017[69 81 40 80 16 0 1; 167 90 23 54 18 0 2; ]
0400901018[66 82 40 80 16 0 1; 166 90 25 54 18 0 2; ]
0400901019[62 82 41 80 16 0 1; 165 90 26 55 18 0 2; ]
0400901020[60 82 41 80 16 0 1; 164 90 27 55 18 0 2; ]
0400901021[57 82 41 81 16 0 1; 163 90 28 55 18 0 2; ]
0400901022[55 81 41 82 16 0 1; 162 90 28 55 18 0 2; ]
0400901023[53 79 41 84 16 0 1; 162 91 29 55 18 0 2; ]
0400901024[52 78 41 86 16 0 1; 162 91 29 55 18 0 2; ]
0400901025[49 77 41 86 16 0 1; 161 91 30 55 18 0 2; ]
0400901026[47 77 41 86 16 0 1; 160 91 31 55 18 0 2; ]
0400901027[45 77 41 86 16 0 1; 160 91 31 55 18 0 2; ]
0400901028[42 77 41 86 16 0 1; 159 91 32 55 18 0 2; ]
0400901029[40 77 41 86 16 0 1; 159 91 32 55 18 0 2; ]
0400901030[37 77 41 86 16 0 1; 158 91 32 55 18 0 2; ]
0400901031[36 77 41 88 16 0 1; 158 90 33 56 18 0 2; ]
0400901032[34 76 40 89 16 0 1; 157 88 33 57 18 0 2; ]
0400901033[32 76 40 90 16 0 1; 157 88 33 57 18 0 2; ]
0400901034[30 75 39 91 16 0 1; 157 88 20 55 19 0 1; 171 96 20 46 27 0 1; ]
0400901035[28 75 39 92 16 0 1; 157 88 20 56 19 0 1; 171 95 20 47 27 0 1; ]
0400901036[26 74 39 93 16 0 1; 156 88 21 56 19 0 1; 172 95 20 48 27 0 1; ]
0400901037[24 73 39 94 16 0 1; 156 88 21 57 19 0 1; 172 95 20 48 27 0 1; ]
0400901038[22 73 39 94 16 0 1; 155 88 22 58 19 0 1; 173 94 20 48 27 0 1; ]
0400901039[20 72 39 95 16 0 1; 155 88 22 58 19 0 1; 173 94 20 48 27 0 1; ]
0400901040[17 71 39 96 16 0 1; 155 88 23 59 19 0 1; 174 94 20 48 27 0 1; ]
0400901041[15 69 39 96 16 0 1; 154 88 23 59 19 0 1; 174 94 20 48 27 0 1; ]
0400901042[10 69 43 98 16 0 1; 154 87 24 60 19 0 1; 175 94 20 48 27 0 1; ]
0400901043[6 69 46 100 16 0 1; 154 87 24 60 19 0 1; 175 94 20 49 27 0 1; ]
0400901044[2 68 48 102 16 0 1; 153 86 24 61 19 0 1; 175 94 20 49 27 0 1; ]
0400901045[153 86 24 61 19 0 1; 175 94 20 49 27 0 1; ]
0400901046[152 86 25 61 19 0 1; 176 94 20 50 27 0 1; ]
0400901047[152 86 25 62 19 0 1; 176 93 20 51 27 0 1; ]
0400901048[151 86 25 62 19 0 1; 176 93 20 51 27 0 1; ]
0400901049[151 86 26 62 19 0 1; 176 93 20 51 27 0 1; ]
0400901050[150 86 26 62 19 0 1; 176 93 20 51 27 0 1; ]
0400901051[150 86 26 63 19 0 1; 176 93 21 52 27 0 1; ]
0400901052[150 86 27 63 19 0 1; 176 93 21 52 27 0 1; ]
0400901053[149 86 27 63 19 0 1; 176 93 21 52 27 0 1; ]
0400901054[149 86 28 64 19 0 1; 176 93 22 52 27 0 1; ]
0400901055[149 86 28 64 19 0 1; 176 93 22 52 27 0 1; ]
0400901056[148 87 29 65 19 0 1; 176 93 22 52 27 0 1; ]
0400901057[148 87 30 66 19 0 1; 177 93 21 52 27 0 1; ]
0400901058[147 87 30 66 19 0 1; 177 93 21 52 27 0 1; ]
0400901059[146 87 31 67 19 0 1; 176 93 21 52 27 0 1; ]
0400901060[145 86 31 67 19 0 1; 176 93 21 52 27 0 1; ]
0400901061[144 86 31 68 19 0 1; 175 93 21 52 27 0 1; ]
0400901062[143 86 32 68 19 0 1; 174 91 22 54 27 0 1; ]
0400901063[142 85 32 68 19 0 1; 174 89 22 56 27 0 1; ]
0400901064[140 83 32 69 19 0 1; 173 87 23 58 27 0 1; ]
0400901065[139 81 32 70 19 0 1; 173 87 23 58 27 0 1; ]
0400901066[138 80 32 70 19 0 1; 172 87 24 58 27 0 1; ]
0400901067[137 79 32 70 19 0 1; 171 87 24 58 27 0 1; ]
0400901068[136 79 32 70 19 0 1; 170 87 24 58 27 0 1; ]
0400901069[136 79 32 70 19 0 1; 169 87 24 58 27 0 1; ]
0400901070[135 79 32 70 19 0 1; 168 87 24 58 27 0 1; ]
0400901071[135 79 32 70 19 0 1; 168 87 24 58 27 0 1; ]
0400901072[135 79 32 70 19 0 1; 168 87 24 58 27 0 1; ]
0400901073[135 79 32 70 19 0 1; 168 87 24 58 27 0 1; ]
0400901074[135 79 32 70 19 0 1; 168 87 24 58 27 0 1; ]
0400901075[135 79 32 70 19 0 1; 168 87 24 58 27 0 1; ]
0400901076[135 79 32 70 19 0 1; 168 87 24 58 27 0 1; ]
0400901077[135 79 32 70 19 0 1; 168 87 24 58 27 0 1; ]
0400901078[135 79 32 70 19 0 1; 168 87 24 58 27 0 1; ]
0400901079[135 79 32 70 19 0 1; 168 87 24 58 27 0 1; ]
0400901080[135 79 32 70 19 0 1; 168 87 24 58 27 0 1; ]
0400901081[135 79 32 70 19 0 1; 168 87 24 58 27 0 1; ]
0400901082[135 79 32 70 19 0 1; 168 87 24 58 27 0 1; ]
0400901083[135 79 32 70 19 0 1; 168 87 24 58 27 0 1; ]
0400901084[109 71 36 82 19 0 1; 150 84 30 61 27 0 1; ]
0400901085[108 71 37 85 19 0 1; 148 84 30 63 27 0 1; ]
0400901086[105 70 37 88 19 0 1; 147 84 30 65 27 0 1; ]
0400901087[103 70 37 90 19 0 1; 145 84 30 66 27 0 1; ]
0400901088[100 70 37 92 19 0 1; 144 84 30 67 27 0 1; ]
0400901089[98 70 37 94 19 0 1; 142 84 30 68 27 0 1; ]
0400901090[97 69 37 95 19 0 1; 141 84 30 68 27 0 1; ]
0400901091[96 68 37 97 19 0 1; 140 84 30 68 27 0 1; ]
0400901092[95 66 37 97 19 0 1; 139 84 30 68 27 0 1; ]
0400901093[93 65 37 97 19 0 1; 138 83 30 68 27 0 1; ]
0400901094[90 59 37 97 19 0 1; 136 82 30 69 27 0 1; ]
0400901095[88 63 37 97 19 0 1; 134 77 30 73 27 0 1; 112 77 20 54 28 1 1; ]
0400901096[85 62 37 97 19 0 1; 132 78 30 70 27 0 1; 111 77 20 54 28 0 1; ]
0400901097[82 61 37 97 19 0 1; 130 76 30 71 27 0 1; 110 78 20 54 28 0 1; ]
0400901098[79 62 38 98 19 0 1; 129 78 30 71 27 0 1; 110 78 20 54 28 0 1; ]
0400901099[76 62 40 99 19 0 1; 127 80 30 71 27 0 1; 110 78 20 55 28 0 1; ]
0400901100[73 63 41 100 19 0 1; 125 81 30 71 27 0 1; 110 78 24 58 28 0 1; ]
0400901101[70 63 43 101 19 0 1; 124 81 30 71 27 0 1; 109 79 25 60 28 0 1; ]
0400901102[67 63 44 101 19 0 1; 122 81 31 71 27 0 1; 107 80 25 61 28 0 1; ]
0400901103[64 63 45 102 19 0 1; 119 81 31 71 27 0 1; 105 82 26 61 28 0 1; ]
0400901104[61 62 47 103 19 0 1; 117 80 32 72 27 0 1; 104 82 26 61 28 0 1; ]
0400901105[57 62 48 104 19 0 1; 114 80 33 72 27 0 1; 103 81 24 61 28 0 1; ]
0400901106[54 62 48 105 19 0 1; 111 79 33 72 27 0 1; 103 79 22 61 28 1 1; ]
0400901107[51 61 48 106 19 0 1; 109 79 33 73 27 0 1; 103 79 22 61 28 1 1; ]
0400901108[47 61 48 106 19 0 1; 107 78 33 73 27 0 1; ]
0400901109[44 60 48 107 19 0 1; 104 78 33 74 27 0 1; ]
0400901110[40 59 48 108 19 0 1; 102 78 33 74 27 0 1; ]
0400901111[37 59 48 108 19 0 1; 99 77 33 75 27 0 1; ]
0400901112[33 58 49 111 19 0 1; 97 77 33 76 27 0 1; ]
0400901113[29 57 50 113 19 0 1; 95 76 34 78 27 0 1; ]
0400901114[25 56 50 116 19 0 1; 92 75 34 80 27 0 1; ]
0400901115[21 55 51 118 19 0 1; 89 74 34 82 27 0 1; ]
0400901116[17 54 52 120 19 0 1; 87 73 34 84 27 0 1; ]
0400901117[13 53 52 122 19 0 1; 84 73 34 85 27 0 1; ]
0400901118[9 52 52 125 19 0 1; 82 72 34 86 27 0 1; ]
0400901119[4 51 53 127 19 0 1; 79 72 33 87 27 0 1; 98 81 24 68 29 1 1; ]
0400901120[76 72 33 88 27 0 1; 97 81 25 68 29 1 1; ]
0400901121[74 72 32 89 27 0 1; 96 80 26 68 29 0 1; ]
0400901122[71 72 32 90 27 0 1; 95 80 26 68 29 0 1; ]
0400901123[68 71 32 91 27 0 1; 96 80 26 68 29 0 1; ]
0400901124[65 71 33 92 27 0 1; 96 80 26 69 29 0 1; ]
0400901125[61 71 33 94 27 0 1; 96 80 26 70 29 0 1; ]
0400901126[58 71 34 96 27 0 1; 96 80 26 71 29 0 1; ]
0400901127[55 71 35 97 27 0 1; 96 81 28 72 29 0 1; ]
0400901128[50 70 37 99 27 0 1; 94 81 32 73 29 0 1; ]
0400901129[45 69 38 100 27 0 1; 91 82 36 74 29 0 1; ]
0400901130[40 68 40 101 27 0 1; 89 82 38 74 29 0 1; ]
0400901131[35 67 41 103 27 0 1; 88 82 38 74 29 0 1; ]
0400901132[29 66 42 104 27 0 1; 86 82 38 74 29 0 1; ]
0400901133[23 65 43 105 27 0 1; 85 81 37 74 29 0 1; ]
0400901134[17 64 44 106 27 0 1; 84 80 35 74 29 0 1; ]
0400901135[11 62 45 108 27 0 1; 84 77 33 77 29 0 1; ]
0400901136[4 61 46 109 27 0 1; 84 75 32 80 29 0 1; ]
0400901137[84 74 31 80 29 0 1; ]
0400901138[83 74 31 80 29 0 1; ]
0400901139[81 74 31 80 29 0 1; ]
0400901140[79 74 32 81 29 0 1; ]
0400901141[77 74 35 83 29 0 1; ]
0400901142[75 74 38 85 29 0 1; ]
0400901143[73 74 39 86 29 0 1; ]
0400901144[71 74 39 87 29 0 1; ]
0400901145[69 73 39 88 29 0 1; ]
0400901146[67 73 37 88 29 0 1; ]
0400901147[65 73 35 89 29 0 1; ]
0400901148[63 71 34 91 29 0 1; ]
0400901149[62 69 33 93 29 0 1; ]
0400901150[60 68 33 94 29 0 1; ]
0400901151[58 68 33 95 29 0 1; ]
0400901152[55 68 34 96 29 0 1; ]
0400901153[53 68 35 97 29 0 1; ]
0400901154[48 68 38 98 29 0 1; ]
0400901155[41 67 43 99 29 0 1; ]
0400901156[35 66 45 101 29 0 1; ]
0400901157[30 65 45 102 29 0 1; ]
0400901158[26 64 45 105 29 0 1; ]
0400901159[22 63 45 107 29 0 1; ]
0400901160[19 63 45 110 29 0 1; ]
0400901161[17 64 43 113 29 0 1; ]
0400901162[15 65 41 117 29 0 1; ]
0400901163[10 63 41 117 29 0 1; ]
0400901164[6 61 41 117 29 0 1; ]
0400901165[2 60 41 117 29 0 1; ]
0400901166[]
0400901167[]
0400901168[]
0400901169[]
0400901170[]
0400901171[]
0400901172[]
0400901173[]
0400901174[]
0400901175[]
0400901176[]
0400901177[]
0400901178[]
0400901179[]
0400901180[]
0400901181[]
0400901182[]
0400901183[]
0400901184[]
0400901185[]
0400901186[]
0400901187[]
0400901188[]
0400901189[]
0400901190[]
0400901191[]
0400901192[]
0400901193[]
0400901194[]
0400901195[]
0400901196[]
0400901197[]
0400901198[]
0400901199[]
0400901200[]
0400901201[]
0400901202[]
0400901203[]
0400901204[]
0400901205[]
0400901206[]
0400901207[]
0400901208[]
0400901209[]
0400901210[]
0400901211[]
0400901212[]
0400901213[]
0400901214[]
0400901215[]
0400901216[]
0400901217[]
0400901218[]
0400901219[]
0400901220[]
0400901221[]
0400901222[]
0400901223[]
0400901224[]
0400901225[]
0400901226[]
0400901227[]
0400901228[]
0400901229[]
0400901230[]
0400901231[]
0400901232[]
0400901233[]
0400901234[]
0400901235[]
0400901236[]
0400901237[]
0400901238[]
0400901239[]
0400901240[]
0400901241[]
0400901242[]
0400901243[]
0400901244[]
0400901245[]
0400901246[]
0400901247[]
0400901248[]
0400901249[]
0400901250[]
0400901251[]
0400901252[]
0400901253[]
0400901254[]
0400901255[]
0400901256[]
0400901257[]
0400901258[]
0400901259[]
0400901260[]
0400901261[]
0400901262[]
0400901263[]
0400901264[]
0400901265[]
0400901266[]
0400901267[]
0400901268[]
0400901269[]
0400901270[]
0400901271[]
0400901272[]
0400901273[]
0400901274[]
0400901275[]
0400901276[]
0400901277[]
0400901278[]
0400901279[]
0400901280[]
0400901281[]
0400901282[]
0400901283[]
0400901284[]
0400901285[]
0400901286[]
0400901287[]
0400901288[]
0400901289[]
0400901290[]
0400901291[]
0400901292[]
0400901293[]
0400901294[]
0400901295[]
0400901296[]
0400901297[]
0400901298[]
0400901299[]
0400901300[]
0400901301[]
0400901302[]
0400901303[]
0400901304[]
0400901305[]
0400901306[]
0400901307[]
0400901308[]
0400901309[]
0400901310[]
0400901311[]
0400901312[]
0400901313[]
0400901314[]
0400901315[]
0400901316[]
0400901317[]
0400901318[]
0400901319[]
0400901320[]
0400901321[]
0400901322[]
0400901323[]
0400901324[]
0400901325[]
0400901326[]
0400901327[]
0400901328[]
0400901329[]
0400901330[]
0400901331[]
0400901332[]
0400901333[]
0400901334[]
0400901335[]
0400901336[]
0400901337[]
0400901338[]
0400901339[]
0400901340[]
0400901341[]
0400901342[]
0400901343[]
0400901344[]
0400901345[]
0400901346[]
0400901347[]
0400901348[]
0400901349[]
0400901350[]
0400901351[]
0400901352[]
0400901353[]
0400901354[]
0400901355[]
0400901356[]
0400901357[]
0400901358[]
0400901359[]
0400901360[]
0400901361[]
0400901362[]
0400901363[]
0400901364[]
0400901365[]
0400901366[]
0400901367[]
0400901368[]
0400901369[]
0400901370[]
0400901371[]
0400901372[]
0400901373[]
0400901374[]
0400901375[]
0400901376[]
0400901377[]
0400901378[]
0400901379[]
0400901380[]
0400901381[]
0400901382[]
0400901383[]
0400901384[]
0400901385[]
0400901386[]
0400901387[]
0400901388[]
0400901389[]
0400901390[]
0400901391[]
0400901392[]
0400901393[]
0400901394[]
0400901395[]
0400901396[]
0400901397[]
0400901398[]
0400901399[]
0400901400[]
0400901401[]
0400901402[]
0400901403[]
0400901404[]
0400901405[]
0400901406[]
0400901407[]
0400901408[]
0400901409[]
0400901410[]
0400901411[]
0400901412[]
0400901413[]
0400901414[]
0400901415[]
0400901416[]
0400901417[]
0400901418[]
0400901419[]
0400901420[]
0400901421[]
0400901422[]
0400901423[]
0400901424[]
0400901425[]
0400901426[]
0400901427[]
0400901428[]
0400901429[]
0400901430[]
0400901431[]
0400901432[]
0400901433[]
0400901434[]
0400901435[]
0400901436[]
0400901437[]
0400901438[]
0400901439[]
0400901440[]
0400901441[]
0400901442[]
0400901443[]
0400901444[]
0400901445[]
0400901446[]
0400901447[]
0400901448[]
0400901449[]
0400901450[]
0400901451[]
0400901452[]
0400901453[]
0400901454[]
0400901455[]
0400901456[]
0400901457[]
0400901458[]
0400901459[]
0400901460[]
0400901461[]
0400901462[]
0400901463[]
0400901464[]
0400901465[]
0400901466[]
0400901467[]
0400901468[]
0400901469[]
0400901470[]
0400901471[]
0400901472[]
0400901473[]
0400901474[]
0400901475[]
0400901476[]
0400901477[]
0400901478[]
0400901479[]
0400901480[]
0400901481[]
0400901482[]
0400901483[]
0400901484[]
0400901485[]
0400901486[]
0400901487[]
0400901488[]
0400901489[]
0400901490[]
0400901491[]
0400901492[]
0400901493[]
0400901494[]
0400901495[]
0400901496[]
0400901497[]
0400901498[]
0400901499[]
0400901500[]
0400901501[]
0400901502[]
0400901503[]
0400901504[]
0400901505[]
0400901506[]
0400901507[]
0400901508[]
0400901509[]
0400901510[]
0400901511[]
0400901512[]
0400901513[]
0400901514[]
0400901515[]
0400901516[]
0400901517[]
0400901518[]
0400901519[]
0400901520[]
0400901521[]
0400901522[]
0400901523[]
0400901524[]
0400901525[]
0400901526[]
0400901527[]
0400901528[]
0400901529[]
0400901530[]
0400901531[]
0400901532[]
0400901533[]
0400901534[]
0400901535[]
0400901536[]
0400901537[]
0400901538[]
0400901539[]
0400901540[]
0400901541[]
0400901542[]
0400901543[]
0400901544[]
0400901545[]
0400901546[]
0400901547[]
0400901548[]
0400901549[]
0400901550[]
0400901551[]
0400901552[]
0400901553[]
0400901554[]
0400901555[]
0400901556[]
0400901557[]
0400901558[]
0400901559[]
0400901560[]
0400901561[]
0400901562[]
0400901563[]
0400901564[]
0400901565[]
0400901566[]
0400901567[]
0400901568[]
0400901569[]
0400901570[]
0400901571[]
0400901572[]
0400901573[]
0400901574[]
0400901575[]
0400901576[]
0400901577[]
0400901578[]
0400901579[]
0400901580[]
0400901581[]
0400901582[]
0400901583[]
0400901584[]
0400901585[]
0400901586[]
0400901587[]
0400901588[]
0400901589[]
0400901590[]
0400901591[]
0400901592[]
0400901593[]
0400901594[]
0400901595[]
0400901596[]
0400901597[]
0400901598[]
0400901599[]
0400901600[]
0400901601[]
0400901602[]
0400901603[]
0400901604[]
0400901605[]
0400901606[]
0400901607[]
0400901608[]
0400901609[]
0400901610[]
0400901611[]
0400901612[]
0400901613[]
0400901614[]
0400901615[]
0400901616[]
0400901617[]
0400901618[]
0400901619[]
0400901620[]
0400901621[]
0400901622[]
0400901623[]
0400901624[]
0400901625[]
0400901626[]
0400901627[]
0400901628[]
0400901629[]
0400901630[]
0400901631[]
0400901632[]
0400901633[]
0400901634[]
0400901635[]
0400901636[]
0400901637[]
0400901638[]
0400901639[]
0400901640[]
0400901641[]
0400901642[]
0400901643[]
0400901644[]
0400901645[]
0400901646[]
0400901647[]
0400901648[]
0400901649[]
0400901650[]
0400901651[]
0400901652[]
0400901653[]
0400901654[]
0400901655[]
0400901656[]
0400901657[]
0400901658[]
0400901659[]
0400901660[]
0400901661[]
0400901662[]
0400901663[]
0400901664[]
0400901665[]
0400901666[]
0400901667[]
0400901668[]
0400901669[]
0400901670[]
0400901671[]
0400901672[]
0400901673[]
0400901674[]
0400901675[]
0400901676[]
0400901677[]
0400901678[]
0400901679[]
0400901680[]
0400901681[]
0400901682[]
0400901683[]
0400901684[]
0400901685[]
0400901686[]
0400901687[]
0400901688[]
0400901689[]
0400901690[]
0400901691[]
0400901692[]
0400901693[]
0400901694[]
0400901695[]
0400901696[]
0400901697[]
0400901698[]
0400901699[]
0400901700[]
0400901701[]
0400901702[]
0400901703[]
0400901704[]
0400901705[]
0400901706[]
0400901707[]
0400901708[]
0400901709[]
0400901710[]
0400901711[]
0400901712[]
0400901713[]
0400901714[]
0400901715[]
0400901716[]
0400901717[]
0400901718[]
0400901719[]
0400901720[]
0400901721[]
0400901722[]
0400901723[]
0400901724[]
0400901725[]
0400901726[]
0400901727[]
0400901728[]
0400901729[]
0400901730[]
0400901731[]
0400901732[]
0400901733[]
0400901734[]
0400901735[]
0400901736[]
0400901737[]
0400901738[]
0400901739[]
0400901740[]
0400901741[]
0400901742[]
0400901743[]
0400901744[]
0400901745[]
0400901746[]
0400901747[]
0400901748[]
0400901749[]
0400901750[]
0400901751[]
0400901752[]
0400901753[]
0400901754[]
0400901755[]
0400901756[]
0400901757[]
0400901758[]
0400901759[]
0400901760[]
0400901761[]
0400901762[]
0400901763[]
0400901764[]
0400901765[]
0400901766[]
0400901767[]
0400901768[]
0400901769[]
0400901770[]
0400901771[]
0400901772[]
0400901773[]
0400901774[]
0400901775[]
0400901776[]
0400901777[]
0400901778[]
0400901779[]
0400901780[]
0400901781[]
0400901782[]
0400901783[]
0400901784[]
0400901785[]
0400901786[]
0400901787[]
0400901788[]
0400901789[]
0400901790[]
0400901791[]
0400901792[]
0400901793[]
0400901794[]
0400901795[]
0400901796[]
0400901797[]
0400901798[]
0400901799[]
0400901800[]
0400901801[]
0400901802[]
0400901803[]
0400901804[]
0400901805[]
0400901806[]
0400901807[]
0400901808[]
0400901809[]
0400901810[]
0400901811[]
0400901812[]
0400901813[]
0400901814[]
0400901815[]
0400901816[]
0400901817[]
0400901818[]
0400901819[]
0400901820[]
0400901821[]
0400901822[]
0400901823[]
0400901824[]
0400901825[]
0400901826[]
0400901827[]
0400901828[]
0400901829[]
0400901830[]
0400901831[]
0400901832[]
0400901833[]
0400901834[]
0400901835[]
0400901836[]
0400901837[]
0400901838[]
0400901839[]
0400901840[]
0400901841[]
0400901842[]
0400901843[]
0400901844[]
0400901845[]
0400901846[]
0400901847[]
0400901848[]
0400901849[]
0400901850[]
0400901851[]
0400901852[]
0400901853[]
0400901854[]
0400901855[]
0400901856[]
0400901857[]
0400901858[]
0400901859[]
0400901860[]
0400901861[]
0400901862[]
0400901863[]
0400901864[]
0400901865[]
0400901866[]
0400901867[]
0400901868[]
0400901869[]
0400901870[]
0400901871[]
0400901872[]
0400901873[]
0400901874[]
0400901875[]
0400901876[]
0400901877[]
0400901878[]
0400901879[]
0400901880[]
0400901881[]
0400901882[]
0400901883[]
0400901884[]
0400901885[]
0400901886[]
0400901887[]
0400901888[]
0400901889[]
0400901890[]
0400901891[]
0400901892[]
0400901893[]
0400901894[]
0400901895[]
0400901896[]
0400901897[]
0400901898[]
0400901899[]
0400901900[]
0400901901[]
0400901902[]
0400901903[]
0400901904[]
0400901905[]
0400901906[]
0400901907[]
0400901908[]
0400901909[]
0400901910[]
0400901911[]
0400901912[]
0400901913[]
0400901914[]
0400901915[]
0400901916[]
0400901917[]
0400901918[]
0400901919[]
0400901920[]
0400901921[]
0400901922[]
0400901923[]
0400901924[]
0400901925[]
0400901926[]
0400901927[]
0400901928[]
0400901929[]
0400901930[]
0400901931[]
0400901932[]
0400901933[]
0400901934[]
0400901935[]
0400901936[]
0400901937[]
0400901938[]
0400901939[]
0400901940[]
0400901941[]
0400901942[]
0400901943[]
0400901944[]
0400901945[]
0400901946[]
0400901947[]
0400901948[]
0400901949[]
0400901950[]
0400901951[]
0400901952[]
0400901953[]
0400901954[]
0400901955[]
0400901956[]
0400901957[]
0400901958[]
0400901959[]
0400901960[]
0400901961[]
0400901962[]
0400901963[]
0400901964[]
0400901965[]
0400901966[]
0400901967[]
0400901968[]
0400901969[]
0400901970[]
0400901971[]
0400901972[]
0400901973[]
0400901974[]
0400901975[]
0400901976[]
0400901977[]
0400901978[]
0400901979[]
0400901980[]
0400901981[]
0400901982[]
0400901983[]
0400901984[]
0400901985[]
0400901986[]
0400901987[]
0400901988[]
0400901989[]
0400901990[]
0400901991[]
0400901992[]
0400901993[]
0400901994[]
0400901995[]
0400901996[]
0400901997[]
0400901998[]
0400901999[]
0400902000[]
0400902001[]
0400902002[]
0400902003[]
0400902004[]
0400902005[]
0400902006[]
0400902007[]
0400902008[]
0400902009[]
0400902010[]
0400902011[]
0400902012[]
0400902013[]
0400902014[]
0400902015[]
0400902016[]
0400902017[]
0400902018[]
0400902019[]
0400902020[]
0400902021[]
0400902022[]
0400902023[]
0400902024[]
0400902025[]
0400902026[]
0400902027[]
0400902028[]
0400902029[]
0400902030[]
0400902031[]
0400902032[]
0400902033[]
0400902034[]
0400902035[]
0400902036[]
0400902037[]
0400902038[]
0400902039[]
0400902040[]
0400902041[]
0400902042[]
0400902043[]
0400902044[]
0400902045[]
0400902046[]
0400902047[]
0400902048[]
0400902049[]
0400902050[]
0400902051[]
0400902052[]
0400902053[]
0400902054[]
0400902055[]
0400902056[]
0400902057[]
0400902058[]
0400902059[]
0400902060[]
0400902061[]
0400902062[]
0400902063[]
0400902064[]
0400902065[]
0400902066[]
0400902067[]
0400902068[]
0400902069[]
0400902070[]
0400902071[]
0400902072[]
0400902073[]
0400902074[]
0400902075[]
0400902076[]
0400902077[]
0400902078[]
0400902079[]
0400902080[]
0400902081[]
0400902082[]
0400902083[]
0400902084[]
0400902085[]
0400902086[]
0400902087[]
0400902088[]
0400902089[]
0400902090[]
0400902091[]
0400902092[]
0400902093[]
0400902094[]
0400902095[]
0400902096[]
0400902097[]
0400902098[]
0400902099[]
0400902100[]
0400902101[]
0400902102[]
0400902103[]
0400902104[]
0400902105[]
0400902106[]
0400902107[]
0400902108[]
0400902109[]
0400902110[]
0400902111[]
0400902112[]
0400902113[]
0400902114[]
0400902115[]
0400902116[]
0400902117[]
0400902118[]
0400902119[]
0400902120[]
0400902121[]
0400902122[]
0400902123[]
0400902124[]
0400902125[]
0400902126[]
0400902127[]
0400902128[]
0400902129[]
0400902130[]
0400902131[]
0400902132[]
0400902133[]
0400902134[]
0400902135[]
0400902136[]
0400902137[]
0400902138[]
0400902139[]
0400902140[]
0400902141[]
0400902142[]
0400902143[]
0400902144[]
0400902145[]
0400902146[]
0400902147[]
0400902148[]
0400902149[]
0400902150[]
0400902151[]
0400902152[]
0400902153[]
0400902154[]
0400902155[357 98 50 30 32 0 -1; ]
0400902156[357 98 50 30 32 0 -1; ]
0400902157[357 97 50 30 32 0 -1; ]
0400902158[357 96 50 30 32 0 -1; ]
0400902159[357 95 50 30 32 0 -1; ]
0400902160[357 93 50 30 32 0 -1; ]
0400902161[357 93 50 30 32 0 -1; ]
0400902162[357 93 50 30 32 0 -1; ]
0400902163[356 93 50 30 32 0 -1; ]
0400902164[356 93 50 30 32 0 -1; ]
0400902165[355 93 50 30 32 0 -1; ]
0400902166[355 94 50 30 32 0 -1; ]
0400902167[354 94 50 30 32 0 -1; ]
0400902168[353 95 50 30 32 0 -1; ]
0400902169[352 96 50 30 32 0 -1; ]
0400902170[351 97 50 30 32 0 -1; ]
0400902171[351 97 50 30 32 0 -1; ]
0400902172[351 97 50 30 32 0 -1; ]
0400902173[352 97 50 30 32 0 -1; ]
0400902174[352 97 50 30 32 0 -1; ]
0400902175[352 97 50 30 32 0 -1; ]
0400902176[352 97 50 30 32 0 -1; ]
0400902177[352 97 50 30 32 0 -1; ]
0400902178[352 97 50 30 32 0 -1; ]
0400902179[352 97 50 30 32 0 -1; ]
0400902180[352 98 50 30 32 0 -1; ]
0400902181[376 98 30 30 32 0 -1; ]
0400902182[375 99 31 30 32 0 -1; ]
0400902183[373 100 34 30 32 0 -1; ]
0400902184[372 101 37 30 32 0 -1; ]
0400902185[371 102 40 30 32 0 -1; ]
0400902186[]
0400902187[]
0400902188[]
0400902189[]
0400902190[]
0400902191[]
0400902192[]
0400902193[]
0400902194[]
0400902195[]
0400902196[]
0400902197[]
0400902198[367 102 23 31 33 0 -1; ]
0400902199[365 101 24 32 33 0 -1; ]
0400902200[364 101 26 33 33 0 -1; ]
0400902201[363 100 27 34 33 0 -1; ]
0400902202[362 100 27 34 33 0 -1; ]
0400902203[362 99 27 34 33 0 -1; ]
0400902204[361 99 27 34 33 0 -1; ]
0400902205[361 99 27 34 33 0 -1; ]
0400902206[361 99 27 34 33 0 -1; ]
0400902207[361 99 27 34 33 0 -1; ]
0400902208[361 99 27 34 33 0 -1; ]
0400902209[361 98 27 34 33 0 -1; ]
0400902210[361 98 27 34 33 0 -1; ]
0400902211[361 98 27 34 33 0 -1; ]
0400902212[361 98 27 34 33 0 -1; ]
0400902213[361 98 27 34 33 0 -1; ]
0400902214[360 97 27 34 33 0 -1; ]
0400902215[358 96 27 34 33 0 -1; ]
0400902216[365 96 20 31 35 0 2; ]
0400902217[364 96 20 31 35 0 2; ]
0400902218[364 96 20 31 35 0 2; ]
0400902219[364 96 20 31 35 0 2; ]
0400902220[364 96 20 31 35 0 2; ]
0400902221[364 96 20 31 35 0 2; ]
0400902222[363 95 20 31 35 0 2; ]
0400902223[363 95 20 31 35 0 2; ]
0400902224[362 95 20 31 35 0 2; ]
0400902225[362 95 20 31 35 0 2; ]
0400902226[362 94 20 31 35 0 2; ]
0400902227[361 94 20 31 35 0 2; ]
0400902228[361 94 20 31 35 0 2; ]
0400902229[361 94 20 31 35 0 2; ]
0400902230[361 94 20 31 35 0 2; ]
0400902231[361 94 20 31 35 0 2; ]
0400902232[361 94 20 31 35 0 2; ]
0400902233[361 94 20 31 35 0 2; ]
0400902234[361 94 20 31 35 0 2; ]
0400902235[361 93 20 31 35 0 2; ]
0400902236[361 93 20 31 35 0 2; ]
0400902237[360 93 20 31 35 0 2; ]
0400902238[360 93 20 31 35 0 2; ]
0400902239[360 93 20 31 35 0 2; ]
0400902240[360 93 20 31 35 0 2; ]
0400902241[360 93 20 31 35 0 2; ]
0400902242[359 93 20 31 35 0 2; ]
0400902243[359 93 20 31 35 0 2; ]
0400902244[359 93 21 31 35 0 2; ]
0400902245[359 93 21 31 35 0 2; ]
0400902246[358 93 22 31 35 0 2; ]
0400902247[358 94 21 31 35 0 2; ]
0400902248[358 94 21 31 35 0 2; ]
0400902249[358 94 20 31 35 0 2; ]
0400902250[358 94 20 31 35 0 2; ]
0400902251[358 94 20 31 35 0 2; ]
0400902252[358 94 20 31 35 0 2; ]
0400902253[358 94 20 31 35 0 2; ]
0400902254[358 94 20 31 35 0 2; ]
0400902255[358 94 20 31 35 0 2; ]
0400902256[358 94 20 32 35 0 2; ]
0400902257[358 94 20 32 35 0 2; ]
0400902258[358 94 20 32 35 0 2; ]
0400902259[358 94 20 33 35 0 2; ]
0400902260[358 94 20 33 35 0 2; ]
0400902261[357 93 20 33 35 0 2; ]
0400902262[357 93 20 33 35 0 2; ]
0400902263[357 93 20 33 35 0 2; ]
0400902264[356 93 20 33 35 0 2; ]
0400902265[356 93 20 33 35 0 2; ]
0400902266[356 93 21 33 35 0 2; ]
0400902267[355 93 21 33 35 0 2; ]
0400902268[355 93 21 33 35 0 2; ]
0400902269[355 93 21 33 35 0 2; ]
0400902270[355 93 21 33 35 0 2; ]
0400902271[355 94 21 33 35 0 2; ]
0400902272[355 94 21 33 35 0 2; ]
0400902273[355 94 22 33 35 0 2; ]
0400902274[355 94 22 33 35 0 2; ]
0400902275[355 94 22 33 35 0 2; ]
0400902276[355 94 22 33 35 0 2; 419 96 20 30 38 0 3; ]
0400902277[355 94 22 33 35 0 2; 420 96 20 30 38 0 3; ]
0400902278[355 94 22 34 35 0 2; 421 96 20 30 38 0 3; 452 98 20 31 50 0 1; ]
0400902279[355 94 22 34 35 0 2; 422 96 20 30 38 0 3; 454 98 20 32 50 0 1; ]
0400902280[355 94 22 34 35 0 2; 422 96 20 30 38 0 3; 455 98 20 32 50 0 1; ]
0400902281[355 94 22 34 35 0 2; 423 96 20 30 38 0 3; 456 98 20 33 50 0 1; ]
0400902282[355 94 22 34 35 0 2; 424 96 20 30 38 0 3; 458 98 20 33 50 0 1; ]
0400902283[354 94 22 34 35 0 2; 424 97 20 30 38 0 3; 459 98 20 33 50 0 1; ]
0400902284[354 94 22 34 35 0 2; 460 97 20 33 50 0 1; ]
0400902285[354 94 22 35 35 0 2; 462 97 20 33 50 0 1; ]
0400902286[354 94 22 35 35 0 2; 463 96 20 33 50 0 1; ]
0400902287[354 94 22 35 35 0 2; 464 96 20 33 50 0 1; ]
0400902288[353 93 22 35 35 0 2; 465 96 20 33 50 0 1; ]
0400902289[353 93 22 35 35 0 2; 466 96 20 33 50 0 1; ]
0400902290[353 93 22 35 35 0 2; 467 96 20 33 50 0 1; ]
0400902291[352 92 22 35 35 0 2; 467 96 20 33 50 0 1; ]
0400902292[352 92 22 35 35 0 2; 468 96 20 33 50 0 1; ]
0400902293[352 93 22 35 35 0 2; 468 97 20 33 50 0 1; ]
0400902294[352 93 23 35 35 0 2; ]
0400902295[351 93 23 35 35 0 2; ]
0400902296[351 93 23 34 35 0 2; ]
0400902297[351 93 23 34 35 0 2; ]
0400902298[350 93 23 34 35 0 2; ]
0400902299[350 93 23 34 35 0 2; ]
0400902300[350 93 23 34 35 0 2; ]
0400902301[349 93 23 34 35 0 2; ]
0400902302[349 93 23 34 35 0 2; ]
0400902303[348 93 23 34 35 0 2; 432 96 20 30 40 0 1; ]
0400902304[347 93 23 34 35 0 2; 433 96 20 31 40 0 1; ]
0400902305[347 93 23 34 35 0 2; 434 96 20 32 40 0 1; ]
0400902306[346 93 23 34 35 0 2; 434 96 20 32 40 0 1; ]
0400902307[345 93 23 35 35 0 2; 435 96 20 33 40 0 1; ]
0400902308[345 93 23 36 35 0 2; 435 96 20 33 40 0 1; ]
0400902309[344 93 23 36 35 0 2; 435 96 20 33 40 0 1; ]
0400902310[343 93 23 37 35 0 2; 435 96 20 33 40 0 1; ]
0400902311[343 93 23 37 35 0 2; 435 96 20 33 40 0 1; ]
0400902312[342 92 23 37 35 0 2; 435 96 20 33 40 0 1; ]
0400902313[341 92 23 38 35 0 2; 435 96 20 33 40 0 1; ]
0400902314[340 92 23 38 35 0 2; 436 96 20 33 40 0 1; ]
0400902315[340 92 23 38 35 0 2; 436 96 20 33 40 0 1; ]
0400902316[339 92 23 38 35 0 2; 436 96 20 33 40 0 1; ]
0400902317[339 92 24 38 35 0 2; 436 96 20 33 40 0 1; ]
0400902318[338 92 24 38 35 0 2; 437 96 20 33 40 0 1; ]
0400902319[337 91 24 38 35 0 2; 437 95 20 33 40 0 1; ]
0400902320[337 91 25 38 35 0 2; 438 94 20 33 40 0 1; ]
0400902321[336 91 25 38 35 0 2; 438 94 20 33 40 0 1; ]
0400902322[335 90 25 38 35 0 2; 439 93 20 33 40 0 1; ]
0400902323[334 88 25 39 35 0 2; 439 93 20 33 40 0 1; ]
0400902324[333 87 25 39 35 0 2; 440 92 20 33 40 0 1; ]
0400902325[333 86 25 40 35 0 2; 440 92 20 33 40 0 1; ]
0400902326[332 85 25 40 35 0 2; 441 91 20 33 40 0 1; ]
0400902327[331 85 25 41 35 0 2; 441 91 20 33 40 0 1; ]
0400902328[331 85 25 41 35 0 2; 441 90 20 33 40 0 1; ]
0400902329[331 85 25 41 35 0 2; 442 90 20 33 40 0 1; ]
0400902330[330 85 25 41 35 0 2; 443 92 20 33 40 0 1; ]
0400902331[330 85 25 41 35 0 2; 443 93 20 33 40 0 1; ]
0400902332[330 86 25 41 35 0 2; 444 95 20 33 40 0 1; ]
0400902333[329 87 25 41 35 0 2; 445 96 20 33 40 0 1; ]
0400902334[329 88 25 41 35 0 2; 446 96 20 33 40 0 1; ]
0400902335[329 90 25 41 35 0 2; 447 97 20 33 40 0 1; ]
0400902336[329 91 25 41 35 0 2; 448 97 20 33 40 0 1; ]
0400902337[329 91 25 41 35 0 2; 448 97 20 33 40 0 1; ]
0400902338[329 90 25 41 35 0 2; 449 96 20 33 40 0 1; 402 98 20 31 42 0 1; ]
0400902339[329 90 25 41 35 0 2; 450 96 20 33 40 0 1; 401 97 20 31 42 0 1; ]
0400902340[328 89 25 41 35 0 2; 451 96 20 33 40 0 1; 401 96 20 31 42 0 1; ]
0400902341[328 89 25 42 35 0 2; 452 96 20 33 40 0 1; 401 95 20 31 42 0 1; ]
0400902342[328 89 25 42 35 0 2; 453 95 20 33 40 0 1; 401 95 20 31 42 0 1; ]
0400902343[328 89 25 42 35 0 2; 454 94 20 33 40 0 1; 401 94 20 31 42 0 1; ]
0400902344[328 89 25 42 35 0 2; 455 94 20 33 40 0 1; 400 94 20 31 42 0 1; ]
0400902345[327 89 25 42 35 0 2; 456 93 20 33 40 0 1; 400 94 20 31 42 0 1; ]
0400902346[327 89 25 42 35 0 2; 457 93 20 33 40 0 1; 400 94 20 31 42 0 1; ]
0400902347[327 89 25 42 35 0 2; 458 93 20 33 40 0 1; 400 94 20 31 42 0 1; ]
0400902348[326 89 25 43 35 0 2; 459 94 20 33 40 0 1; 399 94 20 31 42 0 1; ]
0400902349[326 89 25 43 35 0 2; 460 94 20 33 40 0 1; 399 95 20 31 42 0 1; ]
0400902350[325 90 25 43 35 0 2; 461 95 20 34 40 0 1; 399 96 20 31 42 0 1; ]
0400902351[325 90 25 43 35 0 2; 463 96 20 34 40 0 1; 399 97 20 31 42 0 1; ]
0400902352[325 91 25 44 35 0 2; 464 97 20 34 40 0 1; 399 99 20 31 42 0 1; ]
0400902353[324 92 25 44 35 0 2; 465 99 20 34 40 0 1; 398 101 20 31 42 0 1; ]
0400902354[324 93 25 45 35 0 2; 465 99 20 35 40 0 1; 398 102 20 31 42 0 1; ]
0400902355[324 94 25 45 35 0 2; 466 100 20 36 40 0 1; 398 102 20 31 42 0 1; ]
0400902356[324 94 25 46 35 0 2; 467 100 20 37 40 0 1; 398 103 20 31 42 0 1; ]
0400902357[323 94 25 46 35 0 2; 467 100 20 38 40 0 1; 398 103 20 31 42 0 1; ]
0400902358[323 94 25 46 35 0 2; 468 100 20 38 40 0 1; 397 103 20 31 42 0 1; ]
0400902359[322 94 25 46 35 0 2; 469 100 20 39 40 0 1; 397 103 20 31 42 0 1; ]
0400902360[322 94 25 47 35 0 2; 470 100 20 39 40 0 1; 397 102 20 32 42 0 1; ]
0400902361[322 93 25 47 35 0 2; 471 99 20 39 40 0 1; 396 101 20 32 42 0 1; ]
0400902362[321 92 26 47 35 0 2; 472 99 20 39 40 0 1; 396 100 20 33 42 0 1; ]
0400902363[320 91 26 42 35 0 2; 473 98 20 39 40 0 1; 396 99 20 33 42 0 1; ]
0400902364[320 89 26 45 35 0 2; 475 97 20 39 40 0 1; 395 98 20 33 42 0 1; ]
0400902365[319 87 27 47 35 0 2; 476 96 20 39 40 0 1; 395 96 20 33 42 0 1; ]
0400902366[319 86 27 47 35 0 2; 477 93 20 39 40 0 1; 395 95 20 33 42 0 1; ]
0400902367[318 84 27 47 35 0 2; 478 90 20 39 40 0 1; 395 93 20 33 42 0 1; ]
0400902368[318 82 28 46 35 0 2; 479 89 20 39 40 0 1; 395 91 20 32 42 0 1; ]
0400902369[317 82 28 45 35 0 2; 480 88 20 39 40 0 1; 395 92 20 32 42 0 1; ]
0400902370[316 82 28 45 35 0 2; 481 88 20 39 40 0 1; 395 93 20 32 42 0 1; ]
0400902371[316 84 29 46 35 0 2; 482 89 20 39 40 0 1; 394 94 20 32 42 0 1; ]
0400902372[315 86 29 47 35 0 2; 483 91 20 39 40 0 1; 394 95 20 32 42 0 1; ]
0400902373[315 87 29 47 35 0 2; 484 94 20 39 40 0 1; 393 96 20 32 42 0 1; ]
0400902374[314 87 29 47 35 0 2; 484 97 20 39 40 0 1; 393 96 20 32 42 0 1; ]
0400902375[314 88 30 47 35 0 2; 485 98 20 39 40 0 1; 393 97 20 33 42 0 1; ]
0400902376[313 88 30 47 35 0 2; 487 98 20 39 40 0 1; 392 98 20 34 42 0 1; ]
0400902377[313 88 30 46 35 0 2; 392 98 20 35 42 0 1; ]
0400902378[312 89 30 46 35 0 2; 391 99 20 35 42 0 1; ]
0400902379[312 89 31 45 35 0 2; 391 99 20 35 42 0 1; ]
0400902380[311 90 31 45 35 0 2; 391 100 20 35 42 0 1; ]
0400902381[311 90 31 44 35 0 2; 390 100 20 35 42 0 1; ]
0400902382[310 90 30 44 35 0 2; 390 101 20 35 42 0 1; ]
0400902383[310 90 30 44 35 0 2; 389 101 20 35 42 0 1; ]
0400902384[310 90 30 44 35 0 2; 389 101 20 35 42 0 1; ]
0400902385[310 90 30 44 35 0 2; 389 101 20 35 42 0 1; ]
0400902386[308 90 31 44 35 0 2; 389 100 20 35 42 0 1; ]
0400902387[306 89 33 44 35 0 2; 388 99 20 35 42 0 1; ]
0400902388[303 88 36 44 35 0 2; 388 99 20 35 42 0 1; ]
0400902389[300 87 39 45 35 0 2; 388 97 20 35 42 0 1; ]
0400902390[297 87 41 45 35 0 2; 388 95 20 35 42 0 1; ]
0400902391[296 86 42 45 35 0 2; 388 93 20 35 42 0 1; ]
0400902392[296 85 42 46 35 0 2; 387 91 20 35 42 0 1; ]
0400902393[296 84 42 47 35 0 2; 387 90 20 35 42 0 1; ]
0400902394[296 84 42 48 35 0 2; 387 90 20 35 42 0 1; ]
0400902395[296 83 42 49 35 0 2; 387 91 20 36 42 0 1; ]
0400902396[296 82 42 51 35 0 2; 387 91 20 36 42 0 1; ]
0400902397[298 83 40 50 35 0 2; 386 93 20 36 42 0 1; ]
0400902398[299 83 38 49 35 0 2; 386 94 20 36 42 0 1; ]
0400902399[300 83 36 49 35 0 2; 386 94 20 37 42 0 1; ]
0400902400[301 84 34 49 35 0 2; 386 94 20 37 42 0 1; ]
0400902401[301 84 34 48 35 0 2; 386 94 20 38 42 0 1; ]
0400902402[301 84 33 48 35 0 2; 385 94 20 38 42 0 1; ]
0400902403[301 83 33 49 35 0 2; 385 94 20 39 42 0 1; ]
0400902404[301 82 33 49 35 0 2; 385 94 20 39 42 0 1; ]
0400902405[301 81 33 50 35 0 2; 385 93 20 40 42 0 1; ]
0400902406[300 80 33 51 35 0 2; 385 92 20 41 42 0 1; ]
0400902407[299 78 33 52 35 0 2; 384 92 20 42 42 0 1; ]
0400902408[299 79 33 53 35 0 2; 384 91 20 42 42 0 1; ]
0400902409[298 79 33 54 35 0 2; 384 91 20 42 42 0 1; ]
0400902410[298 79 33 55 35 0 2; 384 91 20 42 42 0 1; ]
0400902411[297 79 33 56 35 0 2; 383 91 20 42 42 0 1; ]
0400902412[296 79 33 57 35 0 2; 383 92 20 42 42 0 1; ]
0400902413[295 79 33 57 35 0 2; 382 92 20 42 42 0 1; ]
0400902414[294 79 33 57 35 0 2; 382 92 20 42 42 0 1; ]
0400902415[293 79 34 57 35 0 2; 381 91 20 42 42 0 1; ]
0400902416[292 79 34 57 35 0 2; 381 91 20 42 42 0 1; ]
0400902417[291 78 35 57 35 0 2; 380 91 20 42 42 0 1; ]
0400902418[290 78 35 57 35 0 2; 380 90 20 42 42 0 1; ]
0400902419[288 77 36 57 35 0 2; 379 90 20 42 42 0 1; ]
0400902420[287 77 36 57 35 0 2; 379 90 20 42 42 0 1; ]
0400902421[286 78 37 57 35 0 2; 378 90 20 42 42 0 1; ]
0400902422[285 78 37 57 35 0 2; 377 89 20 43 42 0 1; ]
0400902423[284 78 37 57 35 0 2; 377 89 21 43 42 0 1; ]
0400902424[283 78 38 57 35 0 2; 376 89 21 43 42 0 1; ]
0400902425[282 78 38 57 35 0 2; 375 89 21 43 42 0 1; ]
0400902426[281 78 39 57 35 0 2; 374 89 21 43 42 0 1; ]
0400902427[280 78 39 58 35 0 2; 373 89 21 43 42 0 1; ]
0400902428[279 77 40 58 35 0 2; 372 89 21 43 42 0 1; ]
0400902429[278 77 40 59 35 0 2; 371 88 21 43 42 0 1; ]
0400902430[277 76 41 60 35 0 2; 370 88 21 43 42 0 1; ]
0400902431[276 75 41 60 35 0 2; 369 88 21 43 42 0 1; ]
0400902432[275 74 41 60 35 0 2; 369 87 21 43 42 0 1; ]
0400902433[274 73 42 59 35 0 2; 368 87 21 43 42 0 1; ]
0400902434[273 73 42 59 35 0 2; 367 87 21 43 42 0 1; ]
0400902435[271 72 43 58 35 0 2; 366 86 21 43 42 0 1; ]
0400902436[270 72 44 58 35 0 2; 365 86 21 43 42 0 1; ]
0400902437[269 72 44 58 35 0 2; 364 86 21 44 42 0 1; ]
0400902438[267 72 45 58 35 0 2; 363 86 21 44 42 0 1; ]
0400902439[266 72 46 58 35 0 2; 362 86 21 44 42 0 1; ]
0400902440[264 72 48 59 35 0 2; 361 85 21 45 42 0 1; ]
0400902441[263 72 49 59 35 0 2; 360 85 21 46 42 0 1; ]
0400902442[261 72 51 60 35 0 2; 358 85 22 46 42 0 1; ]
0400902443[260 73 53 60 35 0 2; 357 85 22 47 42 0 1; ]
0400902444[259 73 53 60 35 0 2; 357 85 22 47 42 0 1; ]
0400902445[258 73 53 60 35 0 2; 356 85 22 47 42 0 1; ]
0400902446[257 73 53 60 35 0 2; 355 85 22 47 42 0 1; ]
0400902447[354 85 22 47 42 0 1; 255 75 24 57 61 0 2; 274 73 21 54 62 0 1; 289 76 20 55 63 0 1; ]
0400902448[353 85 22 47 42 0 1; 254 73 24 58 61 0 2; 273 71 21 55 62 0 1; 289 75 20 56 63 0 1; ]
0400902449[352 85 22 47 42 0 1; 253 71 24 60 61 0 2; 272 70 21 56 62 0 1; 288 75 20 56 63 0 1; ]
0400902450[351 84 22 47 42 0 1; 251 70 25 61 61 0 2; 271 70 21 57 62 0 1; 287 74 20 57 63 0 1; ]
0400902451[350 84 23 47 42 0 1; 249 69 25 61 61 0 2; 269 69 21 57 62 0 1; 287 74 20 57 63 0 1; ]
0400902452[348 84 23 47 42 0 1; 248 69 25 62 61 0 2; 268 70 22 57 62 0 1; 286 74 20 57 63 0 1; ]
0400902453[347 84 23 47 42 0 1; 246 69 25 63 61 0 2; 266 70 22 57 62 0 1; 285 74 20 57 63 0 1; ]
0400902454[345 84 24 47 42 0 1; 244 69 26 63 61 0 2; 264 71 23 57 62 0 1; 285 74 20 57 63 0 1; ]
0400902455[344 84 24 49 42 0 1; 242 69 26 64 61 0 2; 262 72 23 57 62 0 1; 284 74 20 56 63 0 1; ]
0400902456[343 85 24 51 42 0 1; 240 70 27 64 61 0 2; 261 72 23 57 62 0 1; 283 75 20 56 63 0 1; ]
0400902457[342 85 24 52 42 0 1; 239 70 27 65 61 0 2; 259 73 23 58 62 0 1; 282 75 20 56 63 0 1; ]
0400902458[341 86 24 53 42 0 1; 237 71 28 65 61 0 2; 258 73 23 58 62 0 1; 281 75 20 56 63 0 1; ]
0400902459[340 86 24 54 42 0 1; 235 72 29 65 61 0 2; 256 73 23 59 62 0 1; 280 76 21 57 63 0 1; ]
0400902460[339 86 24 54 42 0 1; 233 73 30 66 61 0 2; 255 74 23 59 62 0 1; 280 76 21 57 63 0 1; ]
0400902461[338 85 24 54 42 0 1; 232 73 30 66 61 0 2; 254 74 24 60 62 0 1; 279 77 22 58 63 0 1; ]
0400902462[337 85 24 54 42 0 1; 231 72 30 67 61 0 2; 253 73 24 61 62 0 1; 278 77 23 59 63 0 1; ]
0400902463[336 84 24 54 42 0 1; 230 72 30 67 61 0 2; 251 73 24 62 62 0 1; 277 76 24 59 63 0 1; ]
0400902464[335 83 24 54 42 0 1; 229 72 30 68 61 0 2; 250 73 24 63 62 0 1; 276 75 24 59 63 0 1; ]
0400902465[334 82 24 54 42 0 1; 228 72 30 69 61 0 2; 249 71 24 63 62 0 1; 275 74 25 59 63 0 1; ]
0400902466[333 79 24 54 42 0 1; 227 70 31 70 61 0 2; 248 68 24 64 62 0 1; 275 73 25 59 63 0 1; ]
0400902467[332 76 24 54 42 0 1; 225 67 32 72 61 0 2; 247 65 24 65 62 0 1; 274 72 26 59 63 0 1; ]
0400902468[330 74 24 54 42 0 1; 223 64 33 70 61 0 2; 245 62 24 65 62 0 1; 273 70 26 59 63 0 1; ]
0400902469[329 72 24 54 42 0 1; 221 61 34 74 61 0 2; 244 61 24 66 62 0 1; 273 69 27 60 63 0 1; ]
0400902470[328 72 24 54 42 0 1; 220 60 34 76 61 0 2; 243 60 24 66 62 0 1; 272 68 27 61 63 0 1; ]
0400902471[327 72 24 54 42 0 1; 219 60 34 75 61 0 2; 241 59 24 66 62 0 1; 271 67 28 61 63 0 1; ]
0400902472[325 72 24 54 42 0 1; 217 60 34 74 61 0 2; 239 59 24 67 62 0 1; 271 66 28 61 63 0 1; ]
0400902473[324 73 25 55 42 0 1; 216 60 34 73 61 0 2; 238 59 24 67 62 0 1; 270 66 29 61 63 0 1; ]
0400902474[323 73 25 56 42 0 1; 215 60 34 72 61 0 2; 236 59 24 67 62 0 1; 269 67 30 61 63 0 1; ]
0400902475[322 74 25 56 42 0 1; 214 60 34 76 61 0 2; 234 60 25 67 62 0 1; 268 69 31 61 63 0 1; ]
0400902476[321 74 25 56 42 0 1; 212 60 34 76 61 0 2; 233 61 26 67 62 0 1; 267 70 33 60 63 0 1; ]
0400902477[320 75 25 57 42 0 1; 210 60 34 76 61 0 2; 231 63 27 68 62 0 1; 266 73 34 59 63 0 1; ]
0400902478[319 76 25 57 42 0 1; 208 60 34 77 61 0 2; 230 63 28 68 62 0 1; 267 74 34 59 63 0 1; ]
0400902479[318 76 25 58 42 0 1; 206 60 34 77 61 0 2; 228 64 28 69 62 0 1; 270 76 32 59 63 0 1; ]
0400902480[318 77 25 58 42 0 1; 203 60 34 77 61 0 2; 227 64 28 69 62 0 1; 274 77 30 59 63 0 1; ]
0400902481[316 78 26 59 42 0 1; 201 60 35 77 61 0 2; 225 64 29 70 62 0 1; 277 78 29 59 63 0 1; ]
0400902482[315 78 27 59 42 0 1; 199 60 36 77 61 0 2; 223 64 29 70 62 0 1; 278 78 28 59 63 0 1; ]
0400902483[313 79 28 59 42 0 1; 197 60 37 77 61 0 2; 221 63 29 71 62 0 1; 278 78 29 59 63 0 1; ]
0400902484[312 79 28 59 42 0 1; 194 61 37 77 61 0 2; 220 63 29 72 62 0 1; 278 78 30 59 63 0 1; ]
0400902485[311 79 28 59 42 0 1; 192 61 38 77 61 0 2; 218 62 29 73 62 0 1; 278 77 32 59 63 0 1; ]
0400902486[309 79 28 59 42 0 1; 190 61 38 77 61 0 2; 216 61 29 74 62 0 1; 278 77 34 59 63 0 1; ]
0400902487[308 79 28 59 42 0 1; 188 61 39 77 61 0 2; 214 61 29 74 62 0 1; 278 77 34 59 63 0 1; ]
0400902488[307 79 27 59 42 0 1; 185 61 39 78 61 0 2; 212 61 29 75 62 0 1; 280 77 33 60 63 0 1; ]
0400902489[306 79 26 59 42 0 1; 183 62 40 78 61 0 2; 211 61 29 76 62 0 1; 283 78 32 61 63 0 1; ]
0400902490[304 78 25 59 42 0 1; 181 62 40 79 61 0 2; 209 61 29 76 62 0 1; 288 78 29 63 63 0 1; ]
0400902491[295 79 33 65 43 0 2; 179 63 41 80 61 0 2; 207 61 29 77 62 0 1; ]
0400902492[295 79 34 65 43 0 2; 177 63 42 81 61 0 2; 204 61 29 77 62 0 1; ]
0400902493[295 79 35 65 43 0 2; 175 64 43 82 61 0 2; 202 61 30 78 62 0 1; ]
0400902494[295 79 36 65 43 0 2; 173 64 43 83 61 0 2; 200 62 30 79 62 0 1; ]
0400902495[295 79 37 65 43 0 2; 171 64 43 83 61 0 2; 198 62 31 79 62 0 1; ]
0400902496[295 79 38 65 43 0 2; 169 64 43 83 61 0 2; 195 63 31 80 62 0 1; ]
0400902497[295 79 40 65 43 0 2; 166 63 43 84 61 0 2; 193 62 31 81 62 0 1; ]
0400902498[295 79 41 65 43 0 2; 164 63 43 84 61 0 2; 191 62 31 81 62 0 1; ]
0400902499[294 84 26 57 44 0 1; 308 79 30 71 45 0 1; 162 62 43 84 61 0 2; 189 61 31 82 62 0 1; ]
0400902500[293 83 27 59 44 0 1; 310 78 28 71 45 0 1; 160 62 42 84 61 0 2; 187 61 31 83 62 0 1; ]
0400902501[292 82 28 60 44 0 1; 312 78 27 71 45 0 1; 158 62 42 85 61 0 2; 184 60 31 84 62 0 1; ]
0400902502[291 82 29 61 44 0 1; 313 77 27 71 45 0 1; 155 62 41 85 61 0 2; 182 60 31 84 62 0 1; ]
0400902503[289 81 29 61 44 0 1; 315 77 27 71 45 0 1; 153 62 40 86 61 0 2; 180 59 31 85 62 0 1; ]
0400902504[288 81 29 61 44 0 1; 316 77 28 71 45 0 1; 151 62 39 87 61 0 2; 177 58 32 86 62 0 1; ]
0400902505[286 81 29 61 44 0 1; 317 77 30 71 45 0 1; 149 62 38 89 61 0 2; 174 58 32 86 62 0 1; ]
0400902506[285 81 29 61 44 0 1; 317 77 31 71 45 0 1; 146 61 38 89 61 0 2; 172 57 33 87 62 0 1; ]
0400902507[283 80 29 61 44 0 1; 318 77 32 71 45 0 1; 143 60 38 90 61 0 2; 169 56 33 88 62 0 1; ]
0400902508[281 80 29 62 44 0 1; 319 77 32 71 45 0 1; 140 60 38 90 61 0 2; 166 55 33 88 62 0 1; ]
0400902509[279 79 29 63 44 0 1; 321 76 32 72 45 0 1; 136 59 38 91 61 0 2; 163 54 34 89 62 0 1; ]
0400902510[277 78 29 64 44 0 1; 324 76 31 72 45 0 1; 133 57 39 91 61 0 2; 160 53 34 90 62 0 1; ]
0400902511[275 77 29 65 44 0 1; 328 75 30 72 45 0 1; 129 56 41 92 61 0 2; 157 52 34 91 62 0 1; ]
0400902512[273 76 29 67 44 0 1; 328 74 34 74 45 0 1; 125 54 43 93 61 0 2; 154 51 34 92 62 0 1; ]
0400902513[270 74 29 69 44 0 1; 329 72 38 75 45 0 1; 122 53 43 94 61 0 2; 150 50 34 93 62 0 1; ]
0400902514[267 73 29 70 44 0 1; 329 72 41 75 45 0 1; 118 52 43 95 61 0 2; 147 49 34 94 62 0 1; ]
0400902515[265 72 30 71 44 0 1; 330 72 43 76 45 0 1; 115 52 43 96 61 0 2; 143 48 34 96 62 0 1; ]
0400902516[262 72 30 73 44 0 1; 331 72 45 76 45 0 1; 111 51 43 97 61 0 2; 140 48 34 97 62 0 1; ]
0400902517[261 72 30 73 44 0 1; 332 72 46 76 45 0 1; 108 51 42 98 61 0 2; 136 48 34 98 62 0 1; ]
0400902518[259 72 30 74 44 0 1; 334 73 47 76 45 0 1; 104 51 42 99 61 0 2; 133 48 34 100 62 0 1; ]
0400902519[257 74 31 74 44 0 1; 336 74 47 76 45 0 1; 101 52 41 101 61 0 2; 130 48 35 101 62 0 1; ]
0400902520[256 77 32 75 44 0 1; 339 75 46 77 45 0 1; 99 52 41 102 61 0 2; 126 48 36 102 62 0 1; ]
0400902521[255 78 32 75 44 0 1; 344 76 40 81 45 0 1; 96 52 41 104 61 0 2; 123 49 37 103 62 0 1; ]
0400902522[254 79 32 76 44 0 1; 349 78 35 85 45 0 1; 94 52 42 106 61 0 2; 120 50 38 104 62 0 1; ]
0400902523[255 79 32 76 44 0 1; 353 78 33 86 45 0 1; 92 52 43 109 61 0 2; 120 50 38 105 62 0 1; ]
0400902524[255 79 32 77 44 0 1; 358 78 35 87 45 0 1; 91 52 45 111 61 0 2; 120 50 38 106 62 0 1; ]
0400902525[257 79 32 78 44 0 1; 362 78 38 87 45 0 1; 89 52 46 113 61 0 2; 120 50 38 107 62 0 1; ]
0400902526[258 79 32 79 44 0 1; 367 78 42 87 45 0 1; 88 52 48 113 61 0 2; 120 50 38 108 62 0 1; ]
0400902527[261 79 32 80 44 0 1; 372 78 43 88 45 0 1; 87 51 49 112 61 0 2; 120 50 38 109 62 0 1; ]
0400902528[262 78 33 81 44 0 1; 378 77 42 88 45 0 1; 86 51 50 112 61 0 2; 120 49 39 110 62 0 1; ]
0400902529[263 77 34 82 44 0 1; 386 76 40 88 45 0 1; 85 50 52 111 61 0 2; 120 48 39 112 62 0 1; ]
0400902530[265 76 35 83 44 0 1; 394 74 38 88 45 0 1; 85 48 52 113 61 0 2; 120 46 40 113 62 0 1; ]
0400902531[266 75 36 84 44 0 1; 401 74 37 88 45 0 1; 85 47 53 115 61 0 2; 121 43 41 114 62 0 1; ]
0400902532[268 75 36 84 44 0 1; 408 74 37 88 45 0 1; 85 46 53 117 61 0 2; 121 42 42 116 62 0 1; ]
0400902533[270 75 36 84 44 0 1; 415 74 38 90 45 0 1; 85 46 54 118 61 0 2; 121 41 42 117 62 0 1; ]
0400902534[272 75 36 84 44 0 1; 422 74 39 92 45 0 1; 85 46 54 119 61 0 2; 121 41 42 118 62 0 1; ]
0400902535[274 75 36 84 44 0 1; 429 74 41 94 45 0 1; 85 46 54 120 61 0 2; 121 41 42 120 62 0 1; ]
0400902536[276 75 36 84 44 0 1; 434 74 45 94 45 0 1; 84 46 54 121 61 0 2; 121 41 42 121 62 0 1; ]
0400902537[278 75 36 84 44 0 1; 440 74 49 94 45 0 1; 83 46 54 122 61 0 2; 121 41 42 122 62 0 1; ]
0400902538[279 75 36 85 44 0 1; 447 74 51 94 45 0 1; 82 47 55 123 61 0 2; 121 40 44 123 62 0 1; ]
0400902539[280 74 37 86 44 0 1; 453 74 52 94 45 0 1; 81 46 55 124 61 0 2; 120 39 45 124 62 0 1; ]
0400902540[282 73 38 88 44 0 1; 79 45 56 126 61 0 2; 120 38 46 125 62 0 1; ]
0400902541[282 71 38 90 44 0 1; 77 44 57 127 61 0 2; 119 37 47 127 62 0 1; ]
0400902542[283 69 39 92 44 0 1; 75 42 59 128 61 0 2; 118 37 47 128 62 0 1; ]
0400902543[284 71 39 92 44 0 1; 74 41 59 130 61 0 2; 117 37 48 129 62 0 1; ]
0400902544[285 72 39 92 44 0 1; 72 40 59 132 61 0 2; 115 37 48 130 62 0 1; ]
0400902545[286 73 39 93 44 0 1; 69 39 59 134 61 0 2; 113 37 49 131 62 0 1; ]
0400902546[286 74 39 93 44 0 1; 67 39 59 136 61 0 2; 110 37 49 133 62 0 1; ]
0400902547[286 74 39 94 44 0 1; 64 39 59 139 61 0 2; 108 37 49 134 62 0 1; ]
0400902548[286 74 40 95 44 0 1; 60 39 60 141 61 0 2; 105 37 50 136 62 0 1; ]
0400902549[285 73 40 97 44 0 1; 56 39 60 143 61 0 2; 101 36 51 137 62 0 1; ]
0400902550[285 72 41 99 44 0 1; 52 39 61 145 61 0 2; 97 34 53 139 62 0 1; ]
0400902551[284 71 42 100 44 0 1; 47 39 62 146 61 0 2; 93 33 54 141 62 0 1; ]
0400902552[283 71 42 102 44 0 1; 43 38 62 148 61 0 2; 88 31 56 143 62 0 1; ]
0400902553[282 69 42 103 44 0 1; 37 37 62 149 61 0 2; 84 28 56 147 62 0 1; ]
0400902554[281 68 42 104 44 0 1; 32 34 63 150 61 0 2; 79 24 57 151 62 0 1; ]
0400902555[280 66 42 105 44 0 1; 26 31 63 152 61 0 2; 74 21 58 154 62 0 1; ]
0400902556[278 64 42 105 44 0 1; 20 29 65 153 61 0 2; 68 19 59 158 62 0 1; ]
0400902557[277 62 42 106 44 0 1; 13 26 67 155 61 0 2; 63 16 60 161 62 0 1; ]
0400902558[275 61 44 106 44 0 1; 7 23 69 158 61 0 2; 57 14 61 165 62 0 1; ]
0400902559[272 61 45 107 44 0 1; 0 21 71 161 61 0 2; 51 12 62 168 62 0 1; ]
0400902560[270 61 46 108 44 0 1; 45 9 63 171 62 0 1; ]
0400902561[267 61 46 109 44 0 1; 39 8 65 174 62 0 1; ]
0400902562[265 61 46 110 44 0 1; 32 7 66 177 62 0 1; ]
0400902563[262 61 46 112 44 0 1; 25 8 67 180 62 0 1; ]
0400902564[259 63 46 114 44 0 1; 18 8 68 182 62 0 1; ]
0400902565[256 64 46 117 44 0 1; 10 8 69 185 62 0 1; ]
0400902566[253 66 46 119 44 0 1; 3 9 71 188 62 0 1; ]
0400902567[250 66 46 120 44 0 1; ]
0400902568[248 66 46 121 44 0 1; ]
0400902569[246 66 47 122 44 0 1; ]
0400902570[244 65 47 123 44 0 1; ]
0400902571[242 64 47 123 44 0 1; ]
0400902572[240 63 47 123 44 0 1; ]
0400902573[240 63 47 123 44 0 1; ]
0400902574[240 63 47 123 44 0 1; ]
0400902575[240 63 47 123 44 0 1; ]
0400902576[240 63 47 123 44 0 1; ]
0400902577[240 63 47 123 44 0 1; ]
0400902578[240 63 47 123 44 0 1; ]
0400902579[240 63 47 123 44 0 1; ]
0400902580[240 63 47 123 44 0 1; ]
0400902581[240 63 47 123 44 0 1; ]
0400902582[240 63 47 123 44 0 1; ]
0400902583[240 63 47 123 44 0 1; ]
0400902584[240 63 47 123 44 0 1; ]
0400902585[152 40 59 146 44 0 1; ]
0400902586[144 39 61 150 44 0 1; ]
0400902587[135 38 63 153 44 0 1; ]
0400902588[126 37 65 156 44 0 1; ]
0400902589[118 35 66 159 44 0 1; ]
0400902590[110 34 67 163 44 0 1; ]
0400902591[102 32 67 166 44 0 1; ]
0400902592[94 30 67 169 44 0 1; ]
0400902593[86 27 67 172 44 0 1; ]
0400902594[78 25 67 175 44 0 1; ]
0400902595[70 24 67 178 44 0 1; ]
0400902596[61 22 67 181 44 0 1; ]
0400902597[51 21 69 184 44 0 1; ]
0400902598[41 20 72 186 44 0 1; ]
0400902599[30 19 75 189 44 0 1; ]
0400902600[19 18 78 192 44 0 1; ]
0400902601[7 17 81 196 44 0 1; ]
0400902602[]
0400902603[]
0400902604[]
0400902605[]
0400902606[]
0400902607[]
0400902608[]
0400902609[]
0400902610[]
0400902611[]
0400902612[]
0400902613[]
0400902614[]
0400902615[]
0400902616[]
0400902617[]
0400902618[]
0400902619[]
0400902620[]
0400902621[]
0400902622[]
0400902623[]
0400902624[]
0400902625[]
0400902626[]
0400902627[]
0400902628[]
0400902629[]
0400902630[]
0400902631[]
0400902632[]
0400902633[]
0400902634[]
0400902635[]
0400902636[]
0400902637[]
0400902638[]
0400902639[]
0400902640[]
0400902641[]
0400902642[]
0400902643[]
0400902644[]
0400902645[]
0400902646[]
0400902647[]
0400902648[]
0400902649[]
0400902650[]
0400902651[]
0400902652[]
0400902653[]
0400902654[]
0400902655[]
0400902656[]
0400902657[]
0400902658[]
0400902659[]
0400902660[]
0400902661[]
0400902662[]
0400902663[]
0400902664[]
0400902665[]
0400902666[]
0400902667[]
0400902668[]
0400902669[]
0400902670[]
0400902671[]
0400902672[]
0400902673[]
0400902674[]
0400902675[]
0400902676[]
0400902677[]
0400902678[]
0400902679[]
0400902680[]
0400902681[]
0400902682[]
0400902683[]
0400902684[]
0400902685[]
0400902686[]
0400902687[]
0400902688[]
0400902689[]
0400902690[]
0400902691[]
0400902692[]
0400902693[]
0400902694[]
0400902695[]
0400902696[]
0400902697[]
0400902698[]
0400902699[]
0400902700[]
0400902701[]
0400902702[]
0400902703[]
0400902704[]
0400902705[]
0400902706[]
0400902707[]
0400902708[]
0400902709[]
0400902710[]
0400902711[]
0400902712[]
0400902713[]
0400902714[]
0400902715[]
0400902716[]
0400902717[]
0400902718[]
0400902719[]
0400902720[]
0400902721[]
0400902722[]
0400902723[]
0400902724[]
0400902725[]
0400902726[]
0400902727[]
0400902728[]
0400902729[]
0400902730[]
0400902731[]
0400902732[]
0400902733[]
0400902734[]
0400902735[]
0400902736[]
0400902737[]
0400902738[]
0400902739[]
0400902740[]
0400902741[]
0400902742[]
0400902743[]
0400902744[]
0400902745[]
0400902746[]
0400902747[]
0400902748[]
0400902749[]
0400902750[]
0400902751[]
0400902752[]
0400902753[]
0400902754[]
0400902755[]
0400902756[]
0400902757[]
0400902758[]
0400902759[]
0400902760[]
0400902761[]
0400902762[]
0400902763[]
0400902764[]
0400902765[]
0400902766[]
0400902767[]
0400902768[]
0400902769[]
0400902770[]
0400902771[]
0400902772[]
0400902773[]
0400902774[]
0400902775[]
0400902776[]
0400902777[]
0400902778[]
0400902779[]
0400902780[]
0400902781[]
0400902782[]
0400902783[]
0400902784[]
0400902785[]
0400902786[]
0400902787[]
0400902788[]
0400902789[]
0400902790[]
0400902791[]
0400902792[]
0400902793[]
0400902794[]
0400902795[]
0400902796[]
0400902797[]
0400902798[]
0400902799[]
0400902800[]
0400902801[]
0400902802[]
0400902803[]
0400902804[]
0400902805[]
0400902806[]
0400902807[]
0400902808[]
0400902809[]
0400902810[]
0400902811[]
0400902812[]
0400902813[]
0400902814[]
0400902815[]
0400902816[]
0400902817[]
0400902818[]
0400902819[]
0400902820[]
0400902821[]
0400902822[]
0400902823[]
0400902824[]
0400902825[]
0400902826[]
0400902827[]
0400902828[]
0400902829[]
0400902830[]
0400902831[]
0400902832[]
0400902833[]
0400902834[]
0400902835[]
0400902836[]
0400902837[]
0400902838[]
0400902839[]
0400902840[]
0400902841[]
0400902842[]
0400902843[]
0400902844[]
0400902845[]
0400902846[]
0400902847[]
0400902848[]
0400902849[]
0400902850[]
0400902851[]
0400902852[]
0400902853[]
0400902854[]
0400902855[]
0400902856[]
0400902857[]
0400902858[]
0400902859[]
0400902860[]
0400902861[]
0400902862[]
0400902863[]
0400902864[]
0400902865[]
0400902866[]
0400902867[]
0400902868[]
0400902869[]
0400902870[]
0400902871[]
0400902872[]
0400902873[]
0400902874[]
0400902875[]
0400902876[]
0400902877[]
0400902878[]
0400902879[]
0400902880[]
0400902881[]
0400902882[]
0400902883[]
0400902884[]
0400902885[]
0400902886[]
0400902887[]
0400902888[]
0400902889[]
0400902890[]
0400902891[]
0400902892[]
0400902893[]
0400902894[]
0400902895[]
0400902896[]
0400902897[]
0400902898[]
0400902899[]
0400902900[]
0400902901[]
0400902902[]
0400902903[]
0400902904[]
0400902905[]
0400902906[]
0400902907[]
0400902908[]
0400902909[]
0400902910[]
0400902911[]
0400902912[]
0400902913[]
0400902914[]
0400902915[]
0400902916[]
0400902917[]
0400902918[]
0400902919[]
0400902920[]
0400902921[]
0400902922[]
0400902923[]
0400902924[]
0400902925[]
0400902926[]
0400902927[]
0400902928[]
0400902929[]
0400902930[]
0400902931[]
0400902932[]
0400902933[]
0400902934[]
0400902935[]
0400902936[]
0400902937[]
0400902938[]
0400902939[]
0400902940[]
0400902941[]
0400902942[]
0400902943[]
0400902944[]
0400902945[]
0400902946[]
0400902947[]
0400902948[]
0400902949[]
0400902950[]
0400902951[]
0400902952[]
0400902953[]
0400902954[]
0400902955[]
0400902956[]
0400902957[]
0400902958[]
0400902959[]
0400902960[]
0400902961[]
0400902962[]
0400902963[]
0400902964[]
0400902965[]
0400902966[]
0400902967[]
0400902968[]
0400902969[]
0400902970[]
0400902971[]
0400902972[]
0400902973[]
0400902974[]
0400902975[]
0400902976[]
0400902977[]
0400902978[]
0400902979[]
0400902980[]
0400902981[]
0400902982[]
0400902983[]
0400902984[]
0400902985[]
0400902986[]
0400902987[]
0400902988[]
0400902989[]
0400902990[]
0400902991[]
0400902992[]
0400902993[]
0400902994[]
0400902995[]
0400902996[]
0400902997[]
0400902998[]
0400902999[]
0400903000[]
0400903001[]
0400903002[]
0400903003[]
0400903004[]
0400903005[]
0400903006[]
0400903007[]
0400903008[]
0400903009[]
0400903010[]
0400903011[]
0400903012[]
0400903013[]
0400903014[]
0400903015[]
0400903016[]
0400903017[]
0400903018[]
0400903019[]
0400903020[]
0400903021[]
0400903022[]
0400903023[]
0400903024[]
0400903025[]
0400903026[]
0400903027[]
0400903028[]
0400903029[]
0400903030[]
0400903031[]
0400903032[]
0400903033[]
