0401100001[]
0401100002[]
0401100003[]
0401100004[]
0401100005[]
0401100006[]
0401100007[]
0401100008[]
0401100009[]
0401100010[]
0401100011[]
0401100012[]
0401100013[]
0401100014[]
0401100015[]
0401100016[]
0401100017[]
0401100018[]
0401100019[]
0401100020[]
0401100021[]
0401100022[]
0401100023[]
0401100024[]
0401100025[]
0401100026[]
0401100027[]
0401100028[]
0401100029[]
0401100030[]
0401100031[]
0401100032[]
0401100033[]
0401100034[]
0401100035[]
0401100036[]
0401100037[]
0401100038[]
0401100039[]
0401100040[]
0401100041[]
0401100042[]
0401100043[]
0401100044[]
0401100045[]
0401100046[]
0401100047[]
0401100048[]
0401100049[]
0401100050[]
0401100051[]
0401100052[]
0401100053[]
0401100054[]
0401100055[]
0401100056[]
0401100057[]
0401100058[]
0401100059[]
0401100060[]
0401100061[]
0401100062[]
0401100063[]
0401100064[]
0401100065[]
0401100066[]
0401100067[]
0401100068[]
0401100069[]
0401100070[]
0401100071[]
0401100072[]
0401100073[]
0401100074[]
0401100075[]
0401100076[]
0401100077[]
0401100078[]
0401100079[]
0401100080[]
0401100081[]
0401100082[]
0401100083[]
0401100084[]
0401100085[]
0401100086[]
0401100087[]
0401100088[]
0401100089[]
0401100090[]
0401100091[]
0401100092[]
0401100093[]
0401100094[]
0401100095[]
0401100096[]
0401100097[]
0401100098[]
0401100099[]
0401100100[]
0401100101[]
0401100102[]
0401100103[]
0401100104[]
0401100105[]
0401100106[]
0401100107[]
0401100108[]
0401100109[]
0401100110[]
0401100111[]
0401100112[]
0401100113[]
0401100114[]
0401100115[]
0401100116[]
0401100117[]
0401100118[]
0401100119[]
0401100120[]
0401100121[]
0401100122[]
0401100123[]
0401100124[]
0401100125[]
0401100126[]
0401100127[]
0401100128[]
0401100129[]
0401100130[]
0401100131[]
0401100132[]
0401100133[]
0401100134[]
0401100135[]
0401100136[]
0401100137[]
0401100138[]
0401100139[]
0401100140[]
0401100141[]
0401100142[]
0401100143[]
0401100144[]
0401100145[]
0401100146[]
0401100147[]
0401100148[]
0401100149[]
0401100150[]
0401100151[]
0401100152[]
0401100153[]
0401100154[]
0401100155[]
0401100156[]
0401100157[]
0401100158[]
0401100159[]
0401100160[]
0401100161[]
0401100162[]
0401100163[]
0401100164[]
0401100165[]
0401100166[]
0401100167[]
0401100168[]
0401100169[]
0401100170[]
0401100171[]
0401100172[]
0401100173[]
0401100174[]
0401100175[]
0401100176[498 70 12 35 3 0 1; ]
0401100177[497 70 12 35 3 0 1; ]
0401100178[497 69 13 35 3 0 1; ]
0401100179[496 69 13 36 3 0 1; ]
0401100180[495 69 13 36 3 0 1; ]
0401100181[495 68 13 36 3 0 1; ]
0401100182[494 68 13 36 3 0 1; ]
0401100183[493 68 14 36 3 0 1; ]
0401100184[493 68 14 36 3 0 1; ]
0401100185[492 67 14 36 3 0 1; ]
0401100186[491 67 14 36 3 0 1; ]
0401100187[491 67 15 36 3 0 1; ]
0401100188[490 67 15 36 3 0 1; ]
0401100189[490 67 15 36 3 0 1; 479 68 12 36 4 1 -1; ]
0401100190[489 68 15 37 3 0 1; 479 68 12 36 4 0 -1; ]
0401100191[489 68 15 37 3 0 1; 479 68 12 36 4 0 -1; ]
0401100192[488 68 15 38 3 0 1; 479 68 12 36 4 0 -1; ]
0401100193[488 69 15 38 3 0 1; 479 68 12 36 4 0 -1; ]
0401100194[488 69 15 38 3 0 1; 479 68 12 36 4 0 -1; ]
0401100195[487 69 15 38 3 0 1; 479 68 12 36 4 0 -1; ]
0401100196[487 69 14 38 3 0 1; 479 68 12 36 4 0 -1; ]
0401100197[487 69 14 38 3 0 1; 479 68 12 36 4 0 -1; ]
0401100198[487 69 14 38 3 0 1; 479 68 13 36 4 0 -1; ]
0401100199[487 68 14 38 3 0 1; 479 68 13 36 4 0 -1; ]
0401100200[487 68 14 38 3 0 1; 479 68 13 36 4 0 -1; ]
0401100201[487 67 14 38 3 0 1; 479 68 13 36 4 0 -1; ]
0401100202[487 67 13 38 3 0 1; 479 68 13 36 4 0 -1; ]
0401100203[487 66 13 38 3 0 1; 479 68 13 36 4 0 -1; ]
0401100204[487 66 13 38 3 0 1; 479 68 13 36 4 0 -1; ]
0401100205[487 65 13 38 3 0 1; 479 68 13 36 4 0 -1; ]
0401100206[487 65 13 38 3 0 1; 480 66 13 37 4 0 -1; ]
0401100207[488 64 13 38 3 0 1; 481 65 12 37 4 0 -1; ]
0401100208[488 64 13 38 3 0 1; 482 64 12 37 4 0 -1; ]
0401100209[489 63 12 38 3 0 1; 482 63 12 37 4 0 -1; ]
0401100210[489 63 12 39 3 0 1; 483 63 12 37 4 0 -1; 217 71 13 30 11 0 2; ]
0401100211[490 63 12 39 3 0 1; 484 63 11 37 4 0 -1; 217 70 13 30 11 0 2; ]
0401100212[491 62 12 39 3 0 1; 485 63 11 38 4 0 -1; 217 70 14 31 11 0 2; ]
0401100213[492 62 12 39 3 0 1; 486 63 11 39 4 0 -1; 217 70 14 31 11 0 2; ]
0401100214[479 64 25 36 5 1 2; 218 71 14 31 11 0 2; ]
0401100215[479 63 25 37 5 1 2; 218 72 14 31 11 0 2; ]
0401100216[480 62 25 37 5 1 2; 219 72 14 31 11 0 2; ]
0401100217[481 61 25 38 5 1 2; 219 72 14 31 11 0 2; ]
0401100218[482 60 25 38 5 1 2; 220 71 14 31 11 0 2; ]
0401100219[482 59 25 38 5 1 2; 220 71 14 31 11 0 2; ]
0401100220[483 58 25 39 5 1 2; 221 70 14 31 11 0 2; ]
0401100221[484 57 25 39 5 1 2; 221 68 14 31 11 0 2; ]
0401100222[485 56 25 39 5 1 2; 222 67 14 31 11 0 2; ]
0401100223[223 64 14 31 11 0 2; 378 61 11 30 14 1 3; ]
0401100224[223 66 15 31 11 0 2; 379 62 11 30 14 1 3; ]
0401100225[223 67 15 31 11 0 2; 380 63 11 30 14 1 3; ]
0401100226[223 68 15 31 11 0 2; 381 64 11 30 14 1 3; ]
0401100227[224 69 16 31 11 0 2; 382 66 11 30 14 1 3; ]
0401100228[224 71 16 31 11 0 2; 382 67 11 30 14 1 3; ]
0401100229[224 72 16 31 11 0 2; 383 68 11 30 14 1 3; ]
0401100230[225 72 16 31 11 0 2; 384 68 11 30 14 1 3; ]
0401100231[225 72 16 32 11 0 2; 385 68 11 30 14 1 3; ]
0401100232[226 72 15 32 11 0 2; 386 68 11 30 14 1 3; ]
0401100233[227 72 15 32 11 0 2; 387 68 11 30 14 1 3; ]
0401100234[227 73 15 32 11 0 2; 388 69 11 30 14 1 3; ]
0401100235[228 73 15 32 11 0 2; 389 69 11 30 14 1 3; ]
0401100236[229 73 14 32 11 0 2; 390 70 11 30 14 1 3; ]
0401100237[229 74 14 32 11 0 2; 392 71 11 30 14 1 3; ]
0401100238[230 74 14 32 11 0 2; 393 72 11 30 14 1 3; ]
0401100239[231 75 14 32 11 0 2; 394 73 11 30 14 1 3; ]
0401100240[232 76 14 32 11 0 2; 395 74 11 30 14 1 3; ]
0401100241[232 77 13 31 11 0 2; 396 75 11 30 14 1 3; ]
0401100242[233 79 13 31 11 0 2; 397 75 11 30 14 1 3; ]
0401100243[234 80 13 31 11 0 2; 398 76 11 30 14 1 3; ]
0401100244[234 80 13 31 11 0 2; 399 76 11 30 14 1 3; ]
0401100245[234 80 13 31 11 0 2; 400 76 11 30 14 1 3; ]
0401100246[235 80 13 31 11 0 2; 401 76 11 30 14 1 3; ]
0401100247[274 80 13 30 7 0 1; 235 80 13 31 11 0 2; 401 75 11 30 14 1 3; ]
0401100248[275 80 13 30 7 0 1; 236 80 13 31 11 0 2; 402 75 11 30 14 1 3; ]
0401100249[275 80 13 30 7 0 1; 236 80 13 31 11 0 2; 403 75 11 30 14 1 3; ]
0401100250[276 80 13 30 7 0 1; 236 80 13 31 11 0 2; 404 75 11 30 14 1 3; ]
0401100251[276 80 13 30 7 0 1; 237 80 13 31 11 0 2; 404 75 11 30 14 1 3; ]
0401100252[277 80 13 30 7 0 1; 237 80 13 31 11 0 2; 405 74 11 30 14 1 3; ]
0401100253[277 80 13 30 7 0 1; 237 80 14 31 11 0 2; 406 74 11 30 14 1 3; ]
0401100254[278 80 13 30 7 0 1; 238 80 14 31 11 0 2; 407 74 11 30 14 1 3; ]
0401100255[278 80 13 30 7 0 1; 238 80 14 31 11 0 2; 408 74 11 30 14 1 3; ]
0401100256[238 80 14 31 11 0 2; 408 73 11 30 14 1 3; ]
0401100257[238 79 14 31 11 0 2; 409 73 11 30 14 1 3; ]
0401100258[238 78 14 31 11 0 2; 410 73 11 30 14 1 3; ]
0401100259[238 77 14 31 11 0 2; 411 73 11 30 14 1 3; ]
0401100260[238 76 14 31 11 0 2; ]
0401100261[238 75 14 32 11 0 2; ]
0401100262[238 75 14 32 11 0 2; ]
0401100263[281 76 13 30 7 0 1; 238 74 14 32 11 0 2; ]
0401100264[281 75 14 30 7 0 1; 238 73 14 32 11 0 2; ]
0401100265[282 74 14 31 7 0 1; 238 72 14 32 11 0 2; ]
0401100266[282 74 14 31 7 0 1; 239 72 14 32 11 0 2; ]
0401100267[282 74 14 31 7 0 1; 239 72 14 32 11 0 2; ]
0401100268[283 74 13 31 7 0 1; 239 72 14 32 11 0 2; ]
0401100269[283 74 13 31 7 0 1; 239 72 15 32 11 0 2; ]
0401100270[284 74 13 31 7 0 1; 239 72 15 32 11 0 2; ]
0401100271[284 74 13 31 7 0 1; 240 72 15 32 11 0 2; ]
0401100272[284 74 13 31 7 0 1; 240 72 15 32 11 0 2; ]
0401100273[285 74 13 31 7 0 1; 240 72 16 32 11 0 2; ]
0401100274[285 74 13 31 7 0 1; 240 72 16 32 11 0 2; ]
0401100275[286 74 13 31 7 0 1; 241 72 16 32 11 0 2; ]
0401100276[286 74 13 31 7 0 1; 241 73 16 33 11 0 2; ]
0401100277[287 75 13 31 7 0 1; 241 74 16 33 11 0 2; ]
0401100278[287 76 13 31 7 0 1; 241 75 16 34 11 0 2; ]
0401100279[288 77 13 31 7 0 1; 241 75 15 34 11 0 2; ]
0401100280[288 78 14 31 7 0 1; 241 76 15 34 11 0 2; ]
0401100281[289 78 14 31 7 0 1; 242 77 15 35 11 0 2; ]
0401100282[289 79 14 31 7 0 1; 242 78 15 35 11 0 2; ]
0401100283[290 80 14 31 7 0 1; 242 79 15 36 11 0 2; ]
0401100284[290 81 14 31 7 0 1; 242 80 15 36 11 0 2; ]
0401100285[291 81 14 31 7 0 1; 242 80 14 36 11 0 2; ]
0401100286[291 82 14 31 7 0 1; 243 80 15 36 11 0 2; ]
0401100287[292 83 14 31 7 0 1; 243 79 15 36 11 0 2; ]
0401100288[293 82 15 31 7 0 1; 244 79 15 36 11 0 2; ]
0401100289[293 81 15 32 7 0 1; 245 78 15 36 11 0 2; ]
0401100290[294 80 16 33 7 0 1; 245 78 15 36 11 0 2; ]
0401100291[295 79 16 33 7 0 1; 246 77 15 36 11 0 2; ]
0401100292[296 78 16 34 7 0 1; 246 77 16 36 11 0 2; ]
0401100293[296 77 16 34 7 0 1; 247 76 16 36 11 0 2; ]
0401100294[297 76 16 34 7 0 1; 248 76 16 36 11 0 2; ]
0401100295[298 75 16 34 7 0 1; 248 75 16 36 11 0 2; ]
0401100296[299 74 17 35 7 0 1; 249 75 16 36 11 0 2; ]
0401100297[300 74 17 35 7 0 1; 249 74 16 36 11 0 2; ]
0401100298[301 73 17 35 7 0 1; 250 74 16 36 11 0 2; ]
0401100299[302 73 17 35 7 0 1; 250 73 17 36 11 0 2; ]
0401100300[303 73 17 35 7 0 1; 251 73 17 36 11 0 2; ]
0401100301[304 73 16 35 7 0 1; 252 72 17 36 11 0 2; ]
0401100302[306 73 16 35 7 0 1; 253 72 17 37 11 0 2; ]
0401100303[307 73 16 35 7 0 1; 254 72 17 37 11 0 2; ]
0401100304[308 73 16 35 7 0 1; 256 72 18 37 11 0 2; ]
0401100305[310 74 16 35 7 0 1; 257 72 18 37 11 0 2; ]
0401100306[312 74 16 35 7 0 1; 259 72 18 37 11 0 2; ]
0401100307[313 74 16 35 7 0 1; 260 72 19 37 11 0 2; ]
0401100308[315 75 16 35 7 0 1; 261 72 19 38 11 0 2; ]
0401100309[317 75 17 35 7 0 1; 263 72 19 38 11 0 2; ]
0401100310[318 75 17 35 7 0 1; 264 72 19 38 11 0 2; ]
0401100311[320 76 17 35 7 0 1; 265 73 20 38 11 0 2; ]
0401100312[322 76 17 35 7 0 1; 267 73 20 38 11 0 2; ]
0401100313[323 76 17 35 7 0 1; 268 73 20 38 11 0 2; ]
0401100314[326 76 15 34 7 0 1; 270 73 21 39 11 0 2; ]
0401100315[328 75 14 33 7 0 1; 271 73 21 39 11 0 2; ]
0401100316[331 74 13 32 7 0 1; 272 73 21 39 11 0 2; ]
0401100317[334 74 11 31 7 0 1; 274 73 22 39 11 0 2; ]
0401100318[336 72 11 33 7 0 1; 275 72 23 39 11 0 2; ]
0401100319[338 71 11 34 7 1 1; 275 71 24 39 11 0 2; ]
0401100320[276 70 25 39 11 0 2; ]
0401100321[277 69 26 39 11 0 2; ]
0401100322[279 69 26 39 11 0 2; ]
0401100323[349 69 11 34 8 1 1; 281 70 26 39 11 0 2; ]
0401100324[352 69 11 35 8 1 1; 283 70 26 39 11 0 2; ]
0401100325[354 69 11 35 8 0 1; 285 71 26 39 11 0 2; ]
0401100326[356 69 11 36 8 0 1; 287 72 26 39 11 0 2; ]
0401100327[359 69 11 36 8 0 1; 289 72 25 39 11 0 2; ]
0401100328[361 69 11 36 8 0 1; 291 73 25 39 11 0 2; ]
0401100329[362 69 11 36 8 0 1; 293 73 25 39 11 0 2; ]
0401100330[364 69 11 36 8 0 1; 295 74 25 39 11 0 2; ]
0401100331[366 69 11 36 8 0 1; 298 74 25 39 11 0 2; ]
0401100332[367 70 12 36 8 0 1; 300 75 25 39 11 0 2; ]
0401100333[369 72 13 36 8 0 1; 302 76 25 39 11 0 2; ]
0401100334[370 73 14 35 8 0 1; 304 76 24 39 11 0 2; ]
0401100335[371 75 16 35 8 1 1; 306 77 24 39 11 0 2; ]
0401100336[308 77 24 39 11 0 2; ]
0401100337[310 78 24 39 11 0 2; ]
0401100338[312 77 25 39 11 0 2; ]
0401100339[382 74 16 42 9 1 1; 314 76 25 40 11 0 2; ]
0401100340[384 72 16 42 9 1 1; 315 75 26 40 11 0 2; ]
0401100341[386 71 17 42 9 0 1; 317 74 26 40 11 0 2; ]
0401100342[388 71 17 42 9 0 1; 319 74 27 41 11 0 2; ]
0401100343[390 70 17 42 9 0 1; 321 74 27 41 11 0 2; ]
0401100344[392 71 17 42 9 0 1; 322 74 28 41 11 0 2; ]
0401100345[394 72 17 41 9 0 1; 324 74 29 41 11 0 2; ]
0401100346[397 72 17 40 9 0 1; 326 74 29 41 11 0 2; ]
0401100347[400 73 17 40 9 0 1; 328 74 30 41 11 0 2; ]
0401100348[403 73 16 40 9 0 1; 329 74 30 41 11 0 2; ]
0401100349[406 73 15 40 9 0 1; 331 75 31 42 11 0 2; ]
0401100350[409 71 15 40 9 0 1; 334 73 28 43 11 0 2; ]
0401100351[411 69 15 40 9 0 1; 337 72 26 44 11 0 2; ]
0401100352[414 68 15 41 9 0 1; 340 71 25 45 11 0 2; ]
0401100353[416 68 15 41 9 0 1; 343 70 24 46 11 0 2; ]
0401100354[419 69 15 41 9 0 1; 345 70 24 47 11 0 2; ]
0401100355[421 69 14 41 9 1 1; 347 70 23 48 11 0 2; ]
0401100356[423 71 14 41 9 1 1; 349 70 23 48 11 0 2; ]
0401100357[424 72 14 41 9 1 1; 351 70 23 48 11 0 2; ]
0401100358[427 74 14 41 9 0 1; 353 70 24 48 11 0 2; ]
0401100359[430 75 14 42 9 0 1; 354 72 26 48 11 0 2; ]
0401100360[432 75 14 42 9 0 1; 355 74 28 48 11 0 2; ]
0401100361[435 75 14 42 9 0 1; 356 76 31 47 11 0 2; ]
0401100362[438 75 14 42 9 0 1; 358 74 31 48 11 0 2; ]
0401100363[441 75 14 42 9 0 1; 360 72 31 48 11 0 2; ]
0401100364[362 70 31 49 11 0 2; ]
0401100365[364 68 31 49 11 0 2; ]
0401100366[366 66 31 50 11 0 2; ]
0401100367[367 64 31 50 11 0 2; ]
0401100368[370 64 31 49 11 0 2; ]
0401100369[456 62 14 48 10 1 3; 372 64 31 49 11 0 2; ]
0401100370[459 64 14 48 10 1 3; 374 64 31 48 11 0 2; 144 63 14 42 32 1 -1; ]
0401100371[462 65 14 48 10 1 3; 376 64 31 48 11 0 2; 145 64 15 41 32 1 -1; ]
0401100372[464 67 14 48 10 1 3; 378 64 31 48 11 0 2; 145 66 15 41 32 1 -1; ]
0401100373[467 69 14 48 10 1 3; 380 65 31 48 11 0 2; 146 68 15 41 32 1 -1; ]
0401100374[469 71 14 48 10 1 3; 382 67 30 49 11 0 2; 146 69 15 41 32 1 -1; ]
0401100375[472 72 14 48 10 1 3; 384 69 30 49 11 0 2; 146 71 16 40 32 1 -1; ]
0401100376[475 74 14 48 10 1 3; 386 71 30 49 11 0 2; 147 73 16 40 32 1 -1; ]
0401100377[477 76 14 48 10 1 3; 388 74 30 50 11 0 2; 147 74 16 40 32 1 -1; ]
0401100378[480 76 13 49 10 1 3; 390 73 30 50 11 0 2; 147 76 17 40 32 1 -1; ]
0401100379[483 75 13 50 10 1 3; 393 71 30 50 11 0 2; 145 75 20 42 15 0 2; ]
0401100380[486 74 13 51 10 1 3; 395 70 29 50 11 0 2; 146 74 19 42 15 0 2; ]
0401100381[489 73 13 51 10 1 3; 398 69 29 50 11 0 2; 147 72 19 43 15 0 2; ]
0401100382[491 72 13 52 10 1 3; 401 68 28 50 11 0 2; 148 71 18 44 15 0 2; ]
0401100383[494 71 13 52 10 1 3; 403 67 28 50 11 0 2; 149 69 18 45 15 0 2; ]
0401100384[497 70 13 51 10 1 3; 406 66 28 50 11 0 2; 150 68 17 46 15 0 2; ]
0401100385[408 64 27 50 11 0 2; 151 66 17 47 15 0 2; ]
0401100386[411 63 27 50 11 0 2; 151 65 18 47 15 0 2; ]
0401100387[413 62 27 50 11 0 2; 151 65 18 47 15 0 2; ]
0401100388[416 61 26 51 11 0 2; 151 64 19 47 15 0 2; ]
0401100389[418 60 26 51 11 0 2; 151 64 20 47 15 0 2; ]
0401100390[421 59 26 51 11 0 2; 151 63 21 47 15 0 2; ]
0401100391[423 57 25 51 11 0 2; 151 62 22 47 15 0 2; ]
0401100392[426 56 25 51 11 0 2; 151 62 22 47 15 0 2; ]
0401100393[428 55 25 51 11 0 2; 151 61 23 47 15 0 2; ]
0401100394[431 56 24 51 11 0 2; 152 62 23 47 15 0 2; ]
0401100395[433 56 24 50 11 0 2; 153 63 23 47 15 0 2; ]
0401100396[435 57 24 50 11 0 2; 153 64 23 47 15 0 2; ]
0401100397[438 58 24 50 11 0 2; 154 64 23 47 15 0 2; ]
0401100398[440 58 24 50 11 0 2; 155 65 23 47 15 0 2; ]
0401100399[443 59 23 50 11 0 2; 156 66 23 48 15 0 2; ]
0401100400[445 59 23 50 11 0 2; 157 67 23 48 15 0 2; ]
0401100401[448 60 23 49 11 0 2; 158 68 23 48 15 0 2; ]
0401100402[450 60 23 49 11 0 2; 158 69 23 48 15 0 2; ]
0401100403[453 61 22 49 11 0 2; 159 69 23 48 15 0 2; ]
0401100404[160 69 23 48 15 0 2; 457 59 14 47 23 1 1; ]
0401100405[161 68 24 48 15 0 2; 460 59 18 47 23 1 1; ]
0401100406[162 67 24 48 15 0 2; ]
0401100407[163 66 24 48 15 0 2; ]
0401100408[163 65 24 49 15 0 2; 473 57 17 52 24 1 1; ]
0401100409[164 63 25 49 15 0 2; 475 55 17 54 24 0 1; ]
0401100410[165 62 25 49 15 0 2; 478 52 17 56 24 0 1; ]
0401100411[166 60 25 50 15 0 2; 480 50 17 58 24 0 1; ]
0401100412[167 59 25 50 15 0 2; 482 48 18 59 24 0 1; ]
0401100413[167 57 26 51 15 0 2; 484 50 19 48 25 0 2; ]
0401100414[168 56 26 51 15 0 2; 486 47 21 52 25 0 2; ]
0401100415[169 55 26 52 15 0 2; ]
0401100416[170 53 27 52 15 0 2; ]
0401100417[171 52 27 52 15 0 2; ]
0401100418[172 52 27 52 15 0 2; ]
0401100419[173 53 27 52 15 0 2; ]
0401100420[174 53 27 52 15 0 2; ]
0401100421[175 53 27 52 15 0 2; ]
0401100422[176 54 27 52 15 0 2; ]
0401100423[177 54 27 52 15 0 2; ]
0401100424[178 55 27 52 15 0 2; ]
0401100425[179 55 27 52 15 0 2; ]
0401100426[180 55 27 52 15 0 2; ]
0401100427[181 56 27 52 15 0 2; ]
0401100428[182 56 27 52 15 0 2; ]
0401100429[183 57 27 52 15 0 2; ]
0401100430[184 57 27 52 15 0 2; ]
0401100431[185 57 27 52 15 0 2; ]
0401100432[186 58 29 52 15 0 2; ]
0401100433[187 59 30 52 15 0 2; ]
0401100434[188 60 31 52 15 0 2; ]
0401100435[189 62 33 52 15 0 2; ]
0401100436[189 63 34 52 15 0 2; ]
0401100437[190 64 36 52 15 0 2; ]
0401100438[]
0401100439[189 65 22 50 16 0 1; 199 64 27 51 17 0 1; ]
0401100440[191 65 23 50 16 0 1; 201 65 27 51 17 0 1; ]
0401100441[192 65 23 50 16 0 1; 202 65 27 51 17 0 1; ]
0401100442[194 66 23 50 16 0 1; 204 65 27 51 17 0 1; ]
0401100443[195 66 23 51 16 0 1; 206 65 27 51 17 0 1; ]
0401100444[196 66 24 51 16 0 1; 208 65 27 51 17 0 1; ]
0401100445[198 66 24 51 16 0 1; 209 66 27 51 17 0 1; ]
0401100446[199 66 24 51 16 0 1; 211 66 27 52 17 0 1; ]
0401100447[200 66 24 51 16 0 1; 213 66 27 52 17 0 1; ]
0401100448[202 66 25 52 16 0 1; 214 66 27 52 17 0 1; ]
0401100449[203 66 25 52 16 0 1; 216 66 27 52 17 0 1; ]
0401100450[204 66 25 52 16 0 1; 218 66 27 52 17 0 1; ]
0401100451[206 66 25 52 16 0 1; 220 67 27 52 17 0 1; ]
0401100452[207 67 25 52 16 0 1; 221 67 27 52 17 0 1; ]
0401100453[208 67 26 52 16 0 1; 223 67 27 52 17 0 1; ]
0401100454[210 67 26 53 16 0 1; 225 67 27 53 17 0 1; ]
0401100455[211 67 26 53 16 0 1; 226 67 27 53 17 0 1; ]
0401100456[212 67 26 53 16 0 1; 228 68 27 53 17 0 1; ]
0401100457[214 67 27 53 16 0 1; 230 68 27 53 17 0 1; ]
0401100458[217 66 25 54 16 0 1; 230 67 28 53 17 0 1; ]
0401100459[220 65 24 54 16 0 1; 231 66 29 54 17 0 1; ]
0401100460[223 64 23 55 16 0 1; 231 65 30 54 17 0 1; ]
0401100461[226 64 22 55 16 0 1; 232 64 31 55 17 0 1; ]
0401100462[]
0401100463[230 60 37 58 18 0 2; ]
0401100464[232 60 37 59 18 0 2; ]
0401100465[234 60 37 60 18 0 2; ]
0401100466[236 61 37 61 18 0 2; ]
0401100467[239 61 37 61 18 0 2; ]
0401100468[241 62 37 62 18 0 2; ]
0401100469[243 62 37 62 18 0 2; ]
0401100470[245 63 37 62 18 0 2; ]
0401100471[247 64 37 62 18 0 2; ]
0401100472[250 65 37 62 18 0 2; ]
0401100473[252 66 37 62 18 0 2; ]
0401100474[254 68 37 61 18 0 2; ]
0401100475[256 69 37 61 18 0 2; ]
0401100476[259 69 37 61 18 0 2; ]
0401100477[262 68 37 62 18 0 2; ]
0401100478[265 67 37 62 18 0 2; ]
0401100479[268 66 37 63 18 0 2; ]
0401100480[270 65 37 63 18 0 2; ]
0401100481[273 64 37 64 18 0 2; ]
0401100482[276 63 37 65 18 0 2; ]
0401100483[279 62 37 65 18 0 2; ]
0401100484[282 60 37 66 18 0 2; ]
0401100485[284 59 37 66 18 0 2; ]
0401100486[287 57 37 67 18 0 2; ]
0401100487[290 56 37 67 18 0 2; ]
0401100488[293 54 37 68 18 0 2; ]
0401100489[296 52 37 68 18 0 2; ]
0401100490[298 52 37 69 18 0 2; ]
0401100491[299 53 38 69 18 0 2; ]
0401100492[301 53 39 69 18 0 2; ]
0401100493[303 53 40 69 18 0 2; ]
0401100494[305 54 40 69 18 0 2; ]
0401100495[307 54 41 69 18 0 2; ]
0401100496[309 54 41 70 18 0 2; ]
0401100497[312 55 42 70 18 0 2; ]
0401100498[314 55 42 71 18 0 2; ]
0401100499[317 55 42 72 18 0 2; ]
0401100500[319 55 42 72 18 0 2; ]
0401100501[322 55 43 73 18 0 2; ]
0401100502[324 55 43 73 18 0 2; ]
0401100503[327 55 43 74 18 0 2; ]
0401100504[329 56 43 74 18 0 2; ]
0401100505[332 56 43 75 18 0 2; ]
0401100506[334 56 44 75 18 0 2; ]
0401100507[337 56 44 76 18 0 2; ]
0401100508[340 55 44 77 18 0 2; ]
0401100509[343 54 44 77 18 0 2; ]
0401100510[347 53 44 78 18 0 2; ]
0401100511[350 52 44 78 18 0 2; ]
0401100512[354 51 44 79 18 0 2; ]
0401100513[357 50 44 79 18 0 2; ]
0401100514[360 49 44 80 18 0 2; ]
0401100515[364 48 44 80 18 0 2; ]
0401100516[366 49 45 81 18 0 2; ]
0401100517[367 50 45 81 18 0 2; ]
0401100518[369 51 46 82 18 0 2; ]
0401100519[371 52 47 83 18 0 2; ]
0401100520[373 53 48 83 18 0 2; ]
0401100521[375 54 48 84 18 0 2; ]
0401100522[379 52 48 85 18 0 2; ]
0401100523[383 51 47 87 18 0 2; ]
0401100524[387 50 47 88 18 0 2; ]
0401100525[391 48 46 90 18 0 2; ]
0401100526[395 47 46 91 18 0 2; ]
0401100527[399 46 45 92 18 0 2; ]
0401100528[403 45 45 94 18 0 2; ]
0401100529[407 43 44 95 18 0 2; ]
0401100530[408 43 48 96 18 0 2; ]
0401100531[409 43 52 96 18 0 2; ]
0401100532[411 43 54 97 18 0 2; ]
0401100533[413 43 56 97 18 0 2; ]
0401100534[416 43 58 98 18 0 2; ]
0401100535[419 43 58 98 18 0 2; ]
0401100536[422 43 58 99 18 0 2; ]
0401100537[426 43 58 99 18 0 2; ]
0401100538[432 43 57 100 18 0 2; ]
0401100539[438 43 56 100 18 0 2; ]
0401100540[444 43 54 101 18 0 2; ]
0401100541[451 43 51 101 18 0 2; ]
0401100542[454 43 53 103 18 0 2; ]
0401100543[]
0401100544[]
0401100545[]
0401100546[]
0401100547[]
0401100548[]
0401100549[]
0401100550[]
0401100551[]
0401100552[]
0401100553[]
0401100554[]
0401100555[]
0401100556[]
0401100557[]
0401100558[]
0401100559[]
0401100560[]
0401100561[]
0401100562[]
0401100563[]
0401100564[]
0401100565[]
0401100566[]
0401100567[]
0401100568[]
0401100569[]
0401100570[]
0401100571[]
0401100572[]
0401100573[]
0401100574[]
0401100575[]
0401100576[]
0401100577[]
0401100578[]
0401100579[]
0401100580[]
0401100581[]
0401100582[]
0401100583[]
0401100584[]
0401100585[]
0401100586[]
0401100587[]
0401100588[]
0401100589[]
0401100590[]
0401100591[]
0401100592[]
0401100593[]
0401100594[]
0401100595[]
0401100596[]
0401100597[]
0401100598[]
0401100599[]
0401100600[]
0401100601[]
0401100602[]
0401100603[]
0401100604[]
0401100605[]
0401100606[]
0401100607[]
0401100608[]
0401100609[]
0401100610[]
0401100611[]
0401100612[]
0401100613[]
0401100614[]
0401100615[]
0401100616[]
0401100617[]
0401100618[]
0401100619[]
0401100620[]
0401100621[]
0401100622[]
0401100623[236 79 17 30 19 0 3; ]
0401100624[236 78 17 30 19 0 3; ]
0401100625[236 78 17 30 19 0 3; ]
0401100626[236 78 17 30 19 0 3; ]
0401100627[236 78 17 30 19 0 3; ]
0401100628[235 78 17 30 19 0 3; ]
0401100629[235 78 17 30 19 0 3; ]
0401100630[235 78 17 30 19 0 3; ]
0401100631[235 78 17 30 19 0 3; ]
0401100632[235 78 17 30 19 0 3; ]
0401100633[235 78 17 30 19 0 3; ]
0401100634[234 78 17 30 19 0 3; ]
0401100635[234 78 17 30 19 0 3; ]
0401100636[234 78 17 30 19 0 3; ]
0401100637[234 78 17 30 19 0 3; ]
0401100638[234 78 17 30 19 0 3; ]
0401100639[234 78 17 30 19 0 3; ]
0401100640[233 78 17 30 19 0 3; ]
0401100641[233 78 17 30 19 0 3; ]
0401100642[233 78 17 30 19 0 3; ]
0401100643[233 78 17 30 19 0 3; ]
0401100644[233 78 17 30 19 0 3; ]
0401100645[233 78 17 30 19 0 3; ]
0401100646[232 78 17 30 19 0 3; ]
0401100647[232 78 17 30 19 0 3; ]
0401100648[232 78 17 30 19 0 3; ]
0401100649[232 78 17 30 19 0 3; ]
0401100650[232 78 17 30 19 0 3; ]
0401100651[232 78 17 30 19 0 3; ]
0401100652[]
0401100653[]
0401100654[]
0401100655[]
0401100656[]
0401100657[]
0401100658[]
0401100659[]
0401100660[]
0401100661[]
0401100662[]
0401100663[]
0401100664[]
0401100665[]
0401100666[]
0401100667[]
0401100668[]
0401100669[234 81 16 30 19 0 3; ]
0401100670[234 83 16 30 19 0 3; ]
0401100671[234 84 16 30 19 0 3; ]
0401100672[235 85 16 30 19 0 3; ]
0401100673[236 85 16 30 19 0 3; ]
0401100674[237 85 16 30 19 0 3; ]
0401100675[238 84 16 30 19 0 3; ]
0401100676[239 84 16 30 19 0 3; ]
0401100677[240 82 16 30 19 0 3; ]
0401100678[242 82 16 30 19 0 3; ]
0401100679[244 82 16 30 19 0 3; ]
0401100680[246 82 16 30 19 0 3; ]
0401100681[248 82 16 30 19 0 3; ]
0401100682[249 82 16 30 19 0 3; ]
0401100683[251 82 16 30 19 0 3; ]
0401100684[253 81 16 30 19 0 3; ]
0401100685[255 81 16 30 19 0 3; ]
0401100686[258 83 16 30 19 0 3; ]
0401100687[260 84 16 30 19 0 3; ]
0401100688[263 86 16 30 19 0 3; ]
0401100689[265 87 16 30 19 0 3; ]
0401100690[268 88 16 30 19 0 3; ]
0401100691[270 90 16 30 19 0 3; ]
0401100692[272 90 16 30 19 0 3; ]
0401100693[275 89 16 30 19 0 3; ]
0401100694[277 89 16 30 19 0 3; ]
0401100695[279 89 16 30 19 0 3; ]
0401100696[282 89 16 30 19 0 3; ]
0401100697[284 88 16 30 19 0 3; ]
0401100698[286 88 16 30 19 0 3; ]
0401100699[288 88 16 30 19 0 3; ]
0401100700[291 88 16 30 19 0 3; ]
0401100701[293 88 16 30 19 0 3; ]
0401100702[295 89 16 30 19 0 3; ]
0401100703[297 89 16 30 19 0 3; ]
0401100704[299 90 16 30 19 0 3; ]
0401100705[301 90 16 30 19 0 3; ]
0401100706[303 90 16 30 19 0 3; ]
0401100707[304 89 16 30 19 0 3; ]
0401100708[305 89 16 30 19 0 3; ]
0401100709[306 88 16 30 19 0 3; ]
0401100710[308 88 16 30 19 0 3; ]
0401100711[309 88 16 30 19 0 3; ]
0401100712[310 88 16 30 19 0 3; ]
0401100713[311 88 16 30 19 0 3; ]
0401100714[312 89 16 30 19 0 3; ]
0401100715[313 89 16 30 19 0 3; ]
0401100716[314 89 16 30 19 0 3; ]
0401100717[315 90 16 30 19 0 3; ]
0401100718[315 87 16 30 19 0 3; ]
0401100719[315 85 16 30 19 0 3; ]
0401100720[316 82 16 30 19 0 3; ]
0401100721[316 80 16 30 19 0 3; ]
0401100722[316 77 16 30 19 0 3; ]
0401100723[317 75 16 30 19 0 3; ]
0401100724[317 75 16 30 19 0 3; ]
0401100725[317 75 16 30 19 0 3; ]
0401100726[317 75 16 30 19 0 3; ]
0401100727[317 76 16 30 19 0 3; ]
0401100728[317 79 16 30 19 0 3; ]
0401100729[317 81 16 30 19 0 3; ]
0401100730[317 81 16 30 19 0 3; ]
0401100731[317 81 16 30 19 0 3; ]
0401100732[317 81 16 30 19 0 3; ]
0401100733[317 81 16 30 19 0 3; ]
0401100734[317 80 16 30 19 0 3; ]
0401100735[318 80 16 30 19 0 3; ]
0401100736[318 80 16 30 19 0 3; ]
0401100737[318 80 16 30 19 0 3; ]
0401100738[318 81 16 30 19 0 3; ]
0401100739[318 82 16 30 19 0 3; ]
0401100740[318 83 16 30 19 0 3; ]
0401100741[319 84 16 30 19 0 3; ]
0401100742[319 85 16 30 19 0 3; ]
0401100743[320 86 16 30 19 0 3; ]
0401100744[320 86 16 30 19 0 3; ]
0401100745[321 87 16 30 19 0 3; ]
0401100746[321 88 16 30 19 0 3; ]
0401100747[322 89 16 30 19 0 3; ]
0401100748[323 90 16 30 19 0 3; ]
0401100749[324 91 16 30 19 0 3; ]
0401100750[325 92 16 30 19 0 3; ]
0401100751[327 93 16 30 19 0 3; ]
0401100752[328 92 16 32 19 0 3; ]
0401100753[329 91 16 33 19 0 3; ]
0401100754[330 89 16 33 19 0 3; ]
0401100755[331 87 16 33 19 0 3; ]
0401100756[332 85 16 33 19 0 3; ]
0401100757[333 83 16 33 19 0 3; ]
0401100758[334 81 16 33 19 0 3; ]
0401100759[335 79 16 32 19 0 3; ]
0401100760[336 80 16 32 19 0 3; ]
0401100761[337 80 16 32 19 0 3; ]
0401100762[338 81 16 32 19 0 3; ]
0401100763[339 82 16 32 19 0 3; ]
0401100764[340 83 16 32 19 0 3; ]
0401100765[341 83 16 32 19 0 3; ]
0401100766[]
0401100767[]
0401100768[]
0401100769[]
0401100770[]
0401100771[]
0401100772[]
0401100773[]
0401100774[]
0401100775[350 79 15 30 20 0 0; ]
0401100776[350 79 15 30 20 0 0; ]
0401100777[351 79 15 31 20 0 0; ]
0401100778[352 79 15 31 20 0 0; ]
0401100779[352 79 15 32 20 0 0; ]
0401100780[353 79 16 32 20 0 0; ]
0401100781[353 78 16 33 20 0 0; ]
0401100782[354 77 16 33 20 0 0; ]
0401100783[354 77 16 34 20 0 0; ]
0401100784[354 76 17 34 20 0 0; ]
0401100785[355 75 17 35 20 0 0; ]
0401100786[355 75 17 35 20 0 0; ]
0401100787[356 76 17 35 20 0 0; ]
0401100788[357 76 17 35 20 0 0; ]
0401100789[357 77 17 35 20 0 0; ]
0401100790[358 78 18 35 20 0 0; ]
0401100791[359 80 18 35 20 0 0; ]
0401100792[359 83 18 35 20 0 0; ]
0401100793[360 85 18 35 20 0 0; ]
0401100794[361 85 18 34 20 0 0; ]
0401100795[362 83 18 34 20 0 0; ]
0401100796[363 82 18 34 20 0 0; ]
0401100797[364 80 18 33 20 0 0; ]
0401100798[365 78 18 33 20 0 0; ]
0401100799[366 76 18 33 20 0 0; ]
0401100800[367 74 18 33 20 0 0; ]
0401100801[367 71 17 33 20 0 0; ]
0401100802[368 68 17 34 20 0 0; ]
0401100803[369 64 17 34 20 0 0; ]
0401100804[370 64 17 34 20 0 0; ]
0401100805[371 63 17 34 20 0 0; ]
0401100806[372 63 17 34 20 0 0; ]
0401100807[372 62 17 34 20 0 0; ]
0401100808[373 61 17 34 20 0 0; ]
0401100809[374 61 17 34 20 0 0; ]
0401100810[375 60 17 34 20 0 0; ]
0401100811[375 60 17 34 20 0 0; ]
0401100812[376 60 17 34 20 0 0; ]
0401100813[376 61 18 34 20 0 0; ]
0401100814[377 61 18 34 20 0 0; ]
0401100815[377 62 18 34 20 0 0; ]
0401100816[378 62 18 35 20 0 0; ]
0401100817[378 63 18 35 20 0 0; ]
0401100818[379 63 18 35 20 0 0; ]
0401100819[379 64 18 35 20 0 0; ]
0401100820[380 64 19 35 20 0 0; ]
0401100821[380 65 19 35 20 0 0; ]
0401100822[381 65 19 35 20 0 0; ]
0401100823[381 66 19 35 20 0 0; ]
0401100824[382 66 19 36 20 0 0; ]
0401100825[382 67 19 36 20 0 0; ]
0401100826[383 66 19 36 20 0 0; ]
0401100827[384 66 19 36 20 0 0; ]
0401100828[384 65 19 36 20 0 0; ]
0401100829[385 65 19 36 20 0 0; ]
0401100830[385 64 19 36 20 0 0; ]
0401100831[386 64 19 36 20 0 0; ]
0401100832[386 63 19 36 20 0 0; ]
0401100833[387 63 19 36 20 0 0; ]
0401100834[387 62 19 36 20 0 0; ]
0401100835[388 62 19 36 20 0 0; ]
0401100836[388 61 19 36 20 0 0; ]
0401100837[389 61 19 36 20 0 0; ]
0401100838[389 62 19 36 20 0 0; ]
0401100839[389 64 20 37 20 0 0; ]
0401100840[390 65 20 38 20 0 0; ]
0401100841[390 66 20 38 20 0 0; ]
0401100842[391 68 20 38 20 0 0; ]
0401100843[391 69 20 38 20 0 0; ]
0401100844[392 69 21 38 20 0 0; ]
0401100845[392 70 22 39 20 0 0; ]
0401100846[393 70 22 39 20 0 0; ]
0401100847[394 70 22 39 20 0 0; ]
0401100848[395 70 22 39 20 0 0; ]
0401100849[397 70 22 39 20 0 0; ]
0401100850[399 70 22 40 20 0 0; ]
0401100851[400 70 22 40 20 0 0; ]
0401100852[403 70 22 40 20 0 0; ]
0401100853[405 70 22 40 20 0 0; ]
0401100854[407 70 22 41 20 0 0; ]
0401100855[410 70 22 41 20 0 0; ]
0401100856[413 70 21 41 20 0 0; ]
0401100857[416 69 21 42 20 0 0; ]
0401100858[417 69 21 42 20 0 0; ]
0401100859[417 69 21 42 20 0 0; ]
0401100860[418 69 21 42 20 0 0; ]
0401100861[418 69 22 42 20 0 0; ]
0401100862[419 69 22 42 20 0 0; ]
0401100863[419 69 22 42 20 0 0; ]
0401100864[420 69 22 42 20 0 0; ]
0401100865[420 69 23 42 20 0 0; ]
0401100866[421 69 23 42 20 0 0; ]
0401100867[421 69 23 42 20 0 0; ]
0401100868[422 70 24 42 20 0 0; ]
0401100869[422 71 24 43 20 0 0; ]
0401100870[423 71 24 43 20 0 0; ]
0401100871[424 72 25 44 20 0 0; ]
0401100872[424 72 25 44 20 0 0; ]
0401100873[425 73 25 45 20 0 0; ]
0401100874[427 72 26 45 20 0 0; ]
0401100875[428 71 26 46 20 0 0; ]
0401100876[430 70 26 46 20 0 0; ]
0401100877[431 69 26 46 20 0 0; ]
0401100878[433 69 26 47 20 0 0; ]
0401100879[435 68 26 47 20 0 0; ]
0401100880[436 67 26 47 20 0 0; ]
0401100881[438 66 26 48 20 0 0; ]
0401100882[440 65 26 48 20 0 0; ]
0401100883[441 64 27 49 20 0 0; ]
0401100884[443 64 27 49 20 0 0; ]
0401100885[445 63 27 49 20 0 0; ]
0401100886[446 62 27 50 20 0 0; ]
0401100887[448 61 27 50 20 0 0; ]
0401100888[450 61 27 50 20 0 0; ]
0401100889[452 61 27 50 20 0 0; ]
0401100890[454 61 27 50 20 0 0; ]
0401100891[456 62 27 50 20 0 0; ]
0401100892[459 63 27 50 20 0 0; ]
0401100893[460 61 27 50 20 0 0; ]
0401100894[462 60 28 51 20 0 0; ]
0401100895[464 58 28 51 20 0 0; ]
0401100896[466 57 28 52 20 0 0; ]
0401100897[468 55 28 52 20 0 0; ]
0401100898[470 54 29 53 20 0 0; ]
0401100899[472 55 29 53 20 0 0; ]
0401100900[473 56 29 53 20 0 0; ]
0401100901[475 57 29 54 20 0 0; ]
0401100902[477 57 29 54 20 0 0; ]
0401100903[479 58 29 54 20 0 0; ]
0401100904[481 59 29 55 20 0 0; ]
0401100905[]
0401100906[]
0401100907[]
0401100908[]
0401100909[]
0401100910[]
0401100911[]
0401100912[]
0401100913[]
0401100914[]
0401100915[]
0401100916[]
0401100917[]
0401100918[]
0401100919[]
0401100920[]
0401100921[]
0401100922[]
0401100923[]
0401100924[]
0401100925[]
0401100926[]
0401100927[]
0401100928[]
0401100929[]
0401100930[]
0401100931[]
0401100932[]
0401100933[]
0401100934[]
0401100935[]
0401100936[]
0401100937[]
0401100938[]
0401100939[]
0401100940[]
0401100941[]
0401100942[]
0401100943[]
0401100944[]
0401100945[]
0401100946[]
0401100947[]
0401100948[]
0401100949[]
0401100950[]
0401100951[]
0401100952[]
0401100953[]
0401100954[]
0401100955[]
0401100956[]
0401100957[]
0401100958[]
0401100959[]
0401100960[]
0401100961[]
0401100962[]
0401100963[]
0401100964[]
0401100965[]
0401100966[]
0401100967[]
0401100968[]
0401100969[]
0401100970[]
0401100971[]
0401100972[]
0401100973[]
0401100974[]
0401100975[]
0401100976[]
0401100977[]
0401100978[]
0401100979[]
0401100980[]
0401100981[]
0401100982[]
0401100983[]
0401100984[]
0401100985[]
0401100986[]
0401100987[]
0401100988[]
0401100989[]
0401100990[]
0401100991[]
0401100992[]
0401100993[]
0401100994[]
0401100995[]
0401100996[]
0401100997[]
0401100998[]
0401100999[]
0401101000[]
0401101001[]
0401101002[]
0401101003[]
0401101004[]
0401101005[]
0401101006[]
0401101007[]
0401101008[]
0401101009[]
0401101010[]
0401101011[]
0401101012[]
0401101013[]
0401101014[]
0401101015[]
0401101016[]
0401101017[]
0401101018[]
0401101019[]
0401101020[]
0401101021[]
0401101022[]
0401101023[]
0401101024[]
0401101025[]
0401101026[]
0401101027[]
0401101028[]
0401101029[]
0401101030[]
0401101031[]
0401101032[]
0401101033[]
0401101034[]
0401101035[]
0401101036[]
0401101037[]
0401101038[]
0401101039[]
0401101040[]
0401101041[]
0401101042[]
0401101043[]
0401101044[]
0401101045[]
0401101046[]
0401101047[]
0401101048[]
0401101049[]
0401101050[]
0401101051[]
0401101052[]
0401101053[]
0401101054[]
0401101055[]
0401101056[]
0401101057[]
0401101058[]
0401101059[]
0401101060[]
0401101061[]
0401101062[]
0401101063[]
0401101064[]
0401101065[]
0401101066[]
0401101067[]
0401101068[]
0401101069[]
0401101070[]
0401101071[]
0401101072[]
0401101073[]
0401101074[]
0401101075[]
0401101076[]
0401101077[]
0401101078[]
0401101079[]
0401101080[]
0401101081[]
0401101082[]
0401101083[]
0401101084[]
0401101085[]
0401101086[]
0401101087[]
0401101088[]
0401101089[]
0401101090[]
0401101091[]
0401101092[]
0401101093[]
0401101094[]
0401101095[]
0401101096[]
0401101097[]
0401101098[]
0401101099[]
0401101100[]
0401101101[]
0401101102[]
0401101103[]
0401101104[]
0401101105[]
0401101106[]
0401101107[]
0401101108[]
0401101109[]
0401101110[]
0401101111[]
0401101112[]
0401101113[]
0401101114[]
0401101115[]
0401101116[]
0401101117[]
0401101118[]
0401101119[]
0401101120[]
0401101121[]
0401101122[]
0401101123[]
0401101124[]
0401101125[]
0401101126[]
0401101127[]
0401101128[]
0401101129[]
0401101130[]
0401101131[]
0401101132[]
0401101133[]
0401101134[]
0401101135[]
0401101136[]
0401101137[]
0401101138[]
0401101139[]
0401101140[]
0401101141[]
0401101142[]
0401101143[]
0401101144[]
0401101145[]
0401101146[]
0401101147[]
0401101148[]
0401101149[]
0401101150[]
0401101151[]
0401101152[]
0401101153[]
0401101154[]
0401101155[]
0401101156[]
0401101157[]
0401101158[]
0401101159[]
0401101160[]
0401101161[]
0401101162[]
0401101163[]
0401101164[]
0401101165[]
0401101166[]
0401101167[]
0401101168[]
0401101169[]
0401101170[]
0401101171[]
0401101172[]
0401101173[]
0401101174[]
0401101175[]
0401101176[]
0401101177[]
0401101178[]
0401101179[]
0401101180[]
0401101181[]
0401101182[]
0401101183[]
0401101184[]
0401101185[]
0401101186[]
0401101187[]
0401101188[]
0401101189[]
0401101190[]
0401101191[]
0401101192[]
0401101193[]
0401101194[]
0401101195[]
0401101196[]
0401101197[]
0401101198[]
0401101199[]
0401101200[]
0401101201[]
0401101202[]
0401101203[]
0401101204[]
0401101205[]
0401101206[]
0401101207[]
0401101208[]
0401101209[]
0401101210[]
0401101211[]
0401101212[]
0401101213[]
0401101214[]
0401101215[]
0401101216[]
0401101217[]
0401101218[]
0401101219[]
0401101220[]
0401101221[]
0401101222[]
0401101223[]
0401101224[]
0401101225[]
0401101226[]
0401101227[]
0401101228[]
0401101229[]
0401101230[]
0401101231[]
0401101232[]
0401101233[]
0401101234[]
0401101235[]
0401101236[]
0401101237[]
0401101238[]
0401101239[]
0401101240[]
0401101241[]
0401101242[]
0401101243[]
0401101244[]
0401101245[]
0401101246[]
0401101247[]
0401101248[]
0401101249[]
0401101250[]
0401101251[]
0401101252[]
0401101253[]
0401101254[]
0401101255[]
0401101256[]
0401101257[]
0401101258[]
0401101259[]
0401101260[]
0401101261[]
0401101262[]
0401101263[]
0401101264[]
0401101265[]
0401101266[]
0401101267[]
0401101268[]
0401101269[]
0401101270[]
0401101271[]
0401101272[]
0401101273[]
0401101274[]
0401101275[]
0401101276[]
0401101277[]
0401101278[]
0401101279[]
0401101280[]
0401101281[]
0401101282[]
0401101283[]
0401101284[]
0401101285[]
0401101286[]
0401101287[]
0401101288[]
0401101289[]
0401101290[]
0401101291[]
0401101292[]
0401101293[]
0401101294[]
0401101295[]
0401101296[]
0401101297[]
0401101298[]
0401101299[]
0401101300[]
0401101301[]
0401101302[]
0401101303[]
0401101304[]
0401101305[]
0401101306[]
0401101307[]
0401101308[]
0401101309[]
0401101310[]
0401101311[]
0401101312[]
0401101313[]
0401101314[]
0401101315[]
0401101316[]
0401101317[]
0401101318[]
0401101319[]
0401101320[]
0401101321[]
0401101322[]
0401101323[]
0401101324[]
0401101325[]
0401101326[]
0401101327[]
0401101328[]
0401101329[]
0401101330[]
0401101331[]
0401101332[]
0401101333[]
0401101334[]
0401101335[]
0401101336[]
0401101337[]
0401101338[]
0401101339[]
0401101340[]
0401101341[]
0401101342[]
0401101343[]
0401101344[]
0401101345[]
0401101346[]
0401101347[]
0401101348[]
0401101349[]
0401101350[]
0401101351[]
0401101352[]
0401101353[]
0401101354[]
0401101355[]
0401101356[]
0401101357[]
0401101358[]
0401101359[]
0401101360[]
0401101361[]
0401101362[]
0401101363[]
0401101364[]
0401101365[]
0401101366[]
0401101367[]
0401101368[]
0401101369[]
0401101370[]
0401101371[]
0401101372[]
0401101373[]
0401101374[]
0401101375[]
0401101376[]
0401101377[]
0401101378[]
0401101379[]
0401101380[]
0401101381[]
0401101382[]
0401101383[]
0401101384[]
0401101385[]
0401101386[]
0401101387[]
0401101388[]
0401101389[]
0401101390[]
0401101391[]
0401101392[]
0401101393[]
0401101394[]
0401101395[]
0401101396[]
0401101397[]
0401101398[]
0401101399[]
0401101400[]
0401101401[]
0401101402[]
0401101403[]
0401101404[]
0401101405[]
0401101406[]
0401101407[]
0401101408[]
0401101409[]
0401101410[]
0401101411[]
0401101412[]
0401101413[]
0401101414[]
0401101415[]
0401101416[]
0401101417[]
0401101418[]
0401101419[]
0401101420[]
0401101421[]
0401101422[]
0401101423[]
0401101424[]
0401101425[]
0401101426[]
0401101427[]
0401101428[]
0401101429[]
0401101430[]
0401101431[]
0401101432[]
0401101433[]
0401101434[]
0401101435[]
0401101436[]
0401101437[]
0401101438[]
0401101439[]
0401101440[]
0401101441[]
0401101442[]
0401101443[]
0401101444[]
0401101445[]
0401101446[]
0401101447[]
0401101448[]
0401101449[]
0401101450[]
0401101451[]
0401101452[]
0401101453[]
0401101454[]
0401101455[]
0401101456[]
0401101457[]
0401101458[]
0401101459[]
0401101460[]
0401101461[]
0401101462[]
0401101463[]
0401101464[]
0401101465[]
0401101466[]
0401101467[]
0401101468[]
0401101469[]
0401101470[]
0401101471[]
0401101472[]
0401101473[]
0401101474[]
0401101475[]
0401101476[]
0401101477[]
0401101478[]
0401101479[]
0401101480[]
0401101481[]
0401101482[]
0401101483[]
0401101484[]
0401101485[]
0401101486[]
0401101487[]
0401101488[]
0401101489[]
0401101490[]
0401101491[]
0401101492[]
0401101493[]
0401101494[]
0401101495[]
0401101496[]
0401101497[]
0401101498[]
0401101499[]
0401101500[]
0401101501[]
0401101502[]
0401101503[]
0401101504[]
0401101505[]
0401101506[]
0401101507[]
0401101508[]
0401101509[]
0401101510[]
0401101511[]
0401101512[]
0401101513[]
0401101514[]
0401101515[]
0401101516[]
0401101517[]
0401101518[]
0401101519[]
0401101520[]
0401101521[]
0401101522[]
0401101523[]
0401101524[]
0401101525[]
0401101526[]
0401101527[]
0401101528[]
0401101529[]
0401101530[]
0401101531[]
0401101532[]
0401101533[]
0401101534[]
0401101535[]
0401101536[]
0401101537[]
0401101538[]
0401101539[]
0401101540[]
0401101541[]
0401101542[]
0401101543[]
0401101544[]
0401101545[]
0401101546[]
0401101547[]
0401101548[]
0401101549[]
0401101550[]
0401101551[]
0401101552[]
0401101553[]
0401101554[]
0401101555[]
0401101556[]
0401101557[]
0401101558[]
0401101559[]
0401101560[]
0401101561[]
0401101562[]
0401101563[]
0401101564[]
0401101565[]
0401101566[]
0401101567[]
0401101568[]
0401101569[]
0401101570[]
0401101571[]
0401101572[]
0401101573[]
0401101574[]
0401101575[]
0401101576[]
0401101577[]
0401101578[]
0401101579[]
0401101580[]
0401101581[]
0401101582[]
0401101583[]
0401101584[]
0401101585[]
0401101586[]
0401101587[]
0401101588[]
0401101589[]
0401101590[]
0401101591[]
0401101592[]
0401101593[]
0401101594[]
0401101595[]
0401101596[]
0401101597[]
0401101598[]
0401101599[]
0401101600[]
0401101601[]
0401101602[]
0401101603[]
0401101604[]
0401101605[]
0401101606[]
0401101607[]
0401101608[]
0401101609[]
0401101610[]
0401101611[]
0401101612[]
0401101613[]
0401101614[]
0401101615[]
0401101616[]
0401101617[]
0401101618[]
0401101619[]
0401101620[]
0401101621[]
0401101622[]
0401101623[]
0401101624[]
0401101625[]
0401101626[]
0401101627[]
0401101628[]
0401101629[]
0401101630[]
0401101631[]
0401101632[]
0401101633[]
0401101634[]
0401101635[]
0401101636[]
0401101637[]
0401101638[]
0401101639[]
0401101640[]
0401101641[]
0401101642[]
0401101643[]
0401101644[]
0401101645[]
0401101646[]
0401101647[]
0401101648[]
0401101649[]
0401101650[]
0401101651[]
0401101652[]
0401101653[]
0401101654[]
0401101655[]
0401101656[]
0401101657[]
0401101658[]
0401101659[]
0401101660[]
0401101661[]
0401101662[]
0401101663[]
0401101664[]
0401101665[]
0401101666[]
0401101667[]
0401101668[]
0401101669[]
0401101670[]
0401101671[]
0401101672[]
0401101673[]
0401101674[]
0401101675[]
0401101676[]
0401101677[]
0401101678[]
0401101679[]
0401101680[]
0401101681[]
0401101682[]
0401101683[]
0401101684[]
0401101685[]
0401101686[]
0401101687[]
0401101688[]
0401101689[]
0401101690[]
0401101691[]
0401101692[]
0401101693[]
0401101694[]
0401101695[]
0401101696[]
0401101697[]
0401101698[]
0401101699[]
0401101700[]
0401101701[]
0401101702[]
0401101703[]
0401101704[]
0401101705[]
0401101706[]
0401101707[]
0401101708[]
0401101709[]
0401101710[]
0401101711[]
0401101712[]
0401101713[]
0401101714[]
0401101715[]
0401101716[]
0401101717[]
0401101718[]
0401101719[]
0401101720[]
0401101721[]
0401101722[]
0401101723[]
0401101724[]
0401101725[]
0401101726[]
0401101727[]
0401101728[]
0401101729[]
0401101730[]
0401101731[]
0401101732[]
0401101733[]
0401101734[]
0401101735[]
0401101736[]
0401101737[]
0401101738[]
0401101739[]
0401101740[]
0401101741[]
0401101742[]
0401101743[]
0401101744[]
0401101745[]
0401101746[]
0401101747[]
0401101748[]
0401101749[]
0401101750[]
0401101751[]
0401101752[]
0401101753[]
0401101754[]
0401101755[]
0401101756[]
0401101757[]
0401101758[]
0401101759[]
0401101760[]
0401101761[]
0401101762[]
0401101763[]
0401101764[]
0401101765[]
0401101766[]
0401101767[]
0401101768[]
0401101769[]
0401101770[]
0401101771[]
0401101772[]
0401101773[]
0401101774[]
0401101775[]
0401101776[]
0401101777[]
0401101778[]
0401101779[]
0401101780[]
0401101781[]
0401101782[]
0401101783[]
0401101784[]
0401101785[]
0401101786[]
0401101787[]
0401101788[]
0401101789[]
0401101790[]
0401101791[]
0401101792[]
0401101793[]
0401101794[]
0401101795[]
0401101796[]
0401101797[]
0401101798[]
0401101799[]
0401101800[]
0401101801[]
0401101802[]
0401101803[]
0401101804[]
0401101805[]
0401101806[]
0401101807[]
0401101808[]
0401101809[]
0401101810[]
0401101811[]
0401101812[]
0401101813[]
0401101814[]
0401101815[]
0401101816[]
0401101817[]
0401101818[]
0401101819[]
0401101820[]
0401101821[]
0401101822[]
0401101823[]
0401101824[]
0401101825[]
0401101826[]
0401101827[]
0401101828[]
0401101829[]
0401101830[]
0401101831[]
0401101832[]
0401101833[]
0401101834[]
0401101835[]
0401101836[]
0401101837[]
0401101838[]
0401101839[]
0401101840[]
0401101841[]
0401101842[]
0401101843[]
0401101844[]
0401101845[]
0401101846[]
0401101847[]
0401101848[]
0401101849[]
0401101850[]
0401101851[]
0401101852[]
0401101853[]
0401101854[]
0401101855[]
0401101856[]
0401101857[]
0401101858[]
0401101859[]
0401101860[]
0401101861[]
0401101862[]
0401101863[]
0401101864[]
0401101865[]
0401101866[]
0401101867[]
0401101868[]
0401101869[]
0401101870[]
0401101871[]
0401101872[]
0401101873[]
0401101874[]
0401101875[]
0401101876[]
0401101877[]
0401101878[]
0401101879[]
0401101880[]
0401101881[]
0401101882[]
0401101883[]
0401101884[]
0401101885[]
0401101886[]
0401101887[]
0401101888[]
0401101889[]
0401101890[]
0401101891[]
0401101892[]
0401101893[]
0401101894[]
0401101895[]
0401101896[]
0401101897[]
0401101898[]
0401101899[]
0401101900[]
0401101901[]
0401101902[]
0401101903[]
0401101904[]
0401101905[]
0401101906[]
0401101907[]
0401101908[]
0401101909[]
0401101910[]
0401101911[]
0401101912[]
0401101913[]
0401101914[]
0401101915[]
0401101916[]
0401101917[]
0401101918[]
0401101919[]
0401101920[]
0401101921[]
0401101922[]
0401101923[]
0401101924[]
0401101925[]
0401101926[]
0401101927[]
0401101928[]
0401101929[]
0401101930[]
0401101931[]
0401101932[]
0401101933[]
0401101934[]
0401101935[]
0401101936[]
0401101937[]
0401101938[]
0401101939[]
0401101940[]
0401101941[]
0401101942[]
0401101943[]
0401101944[]
0401101945[]
0401101946[]
0401101947[]
0401101948[]
0401101949[]
0401101950[]
0401101951[]
0401101952[]
0401101953[]
0401101954[]
0401101955[]
0401101956[]
0401101957[]
0401101958[]
0401101959[]
0401101960[]
0401101961[]
0401101962[]
0401101963[]
0401101964[]
0401101965[]
0401101966[]
0401101967[]
0401101968[]
0401101969[]
0401101970[]
0401101971[]
0401101972[]
0401101973[]
0401101974[]
0401101975[]
0401101976[]
0401101977[]
0401101978[]
0401101979[]
0401101980[]
0401101981[]
0401101982[]
0401101983[]
0401101984[]
0401101985[]
0401101986[]
0401101987[]
0401101988[]
0401101989[]
0401101990[]
0401101991[]
0401101992[]
0401101993[]
0401101994[]
0401101995[]
0401101996[]
0401101997[]
0401101998[]
0401101999[]
0401102000[]
0401102001[]
0401102002[]
0401102003[]
0401102004[]
0401102005[]
0401102006[]
0401102007[]
0401102008[]
0401102009[]
0401102010[]
0401102011[]
0401102012[]
0401102013[]
0401102014[]
0401102015[]
0401102016[]
0401102017[]
0401102018[]
0401102019[]
0401102020[]
0401102021[]
0401102022[]
0401102023[]
0401102024[]
0401102025[]
0401102026[]
0401102027[]
0401102028[]
0401102029[]
0401102030[]
0401102031[]
0401102032[]
0401102033[]
0401102034[]
0401102035[]
0401102036[]
0401102037[]
0401102038[]
0401102039[]
0401102040[]
0401102041[]
0401102042[]
0401102043[]
0401102044[]
0401102045[]
0401102046[]
0401102047[]
0401102048[]
0401102049[]
0401102050[]
0401102051[]
0401102052[]
0401102053[]
0401102054[]
0401102055[]
0401102056[]
0401102057[]
0401102058[]
0401102059[]
0401102060[]
0401102061[]
0401102062[]
0401102063[]
0401102064[]
0401102065[]
0401102066[]
0401102067[]
0401102068[]
0401102069[]
0401102070[]
0401102071[]
0401102072[]
0401102073[]
0401102074[]
0401102075[]
0401102076[]
0401102077[]
0401102078[]
0401102079[]
0401102080[]
0401102081[]
0401102082[]
0401102083[]
0401102084[]
0401102085[]
0401102086[]
0401102087[]
0401102088[]
0401102089[]
0401102090[]
0401102091[]
0401102092[]
0401102093[]
0401102094[]
0401102095[]
0401102096[]
0401102097[]
0401102098[]
0401102099[]
0401102100[]
0401102101[]
0401102102[]
0401102103[]
0401102104[]
0401102105[]
0401102106[]
0401102107[]
0401102108[]
0401102109[]
0401102110[]
0401102111[]
0401102112[]
0401102113[]
0401102114[]
0401102115[]
0401102116[]
0401102117[]
0401102118[]
0401102119[]
0401102120[]
0401102121[]
0401102122[]
0401102123[]
0401102124[]
0401102125[]
0401102126[]
0401102127[]
0401102128[]
0401102129[]
0401102130[]
0401102131[]
0401102132[]
0401102133[]
0401102134[]
0401102135[]
0401102136[]
0401102137[]
0401102138[]
0401102139[]
0401102140[]
0401102141[]
0401102142[]
0401102143[]
0401102144[]
0401102145[]
