2000000001[453 76 35 81 1 0 0; 372 86 52 59 2 0 2; 444 88 19 45 30 1 -1; ]
2000000002[455 76 35 81 1 1 0; 373 86 54 60 2 0 2; 446 89 19 46 30 1 -1; ]
2000000003[456 76 35 81 1 1 0; 374 86 56 60 2 0 2; 447 89 20 47 30 1 -1; ]
2000000004[458 76 36 81 1 1 0; 375 85 58 61 2 0 2; 449 89 20 47 30 1 -1; ]
2000000005[460 76 36 81 1 1 0; 376 85 60 61 2 0 2; 451 89 20 48 30 1 -1; ]
2000000006[461 76 36 82 1 1 0; 377 85 62 62 2 0 2; 452 88 20 49 30 1 -1; ]
2000000007[463 76 37 82 1 1 0; 378 85 63 62 2 0 2; 454 86 20 50 30 1 -1; ]
2000000008[378 85 64 62 2 0 2; 455 84 20 51 30 1 -1; ]
2000000009[379 85 65 62 2 0 2; 457 83 20 52 30 1 -1; ]
2000000010[380 85 65 62 2 0 2; 459 84 19 52 30 1 -1; ]
2000000011[381 85 65 62 2 0 2; 461 84 19 52 30 1 -1; ]
2000000012[382 85 65 62 2 0 2; 463 85 19 52 30 1 -1; ]
2000000013[383 85 65 62 2 0 2; 465 86 18 52 30 1 -1; ]
2000000014[384 86 65 62 2 0 2; 466 86 18 52 30 1 -1; ]
2000000015[385 86 65 62 2 0 2; 467 87 18 52 30 1 -1; ]
2000000016[386 86 65 62 2 0 2; 467 88 18 48 30 1 -1; ]
2000000017[387 86 68 64 2 0 2; 470 88 17 48 30 1 -1; ]
2000000018[387 85 70 65 2 0 2; ]
2000000019[388 84 72 67 2 0 2; ]
2000000020[389 81 74 68 2 0 2; ]
2000000021[390 78 76 69 2 0 2; ]
2000000022[391 76 77 70 2 0 2; ]
2000000023[392 75 78 71 2 0 2; ]
2000000024[393 75 78 72 2 0 2; ]
2000000025[394 75 78 72 2 0 2; ]
2000000026[395 76 78 73 2 0 2; ]
2000000027[397 77 78 73 2 0 2; ]
2000000028[398 78 78 73 2 0 2; ]
2000000029[399 79 76 74 2 0 2; ]
2000000030[400 80 73 74 2 0 2; ]
2000000031[402 82 70 74 2 0 2; ]
2000000032[403 81 70 75 2 0 2; ]
2000000033[404 80 71 77 2 0 2; ]
2000000034[405 79 72 78 2 0 2; ]
2000000035[406 78 73 79 2 0 2; ]
2000000036[407 77 73 79 2 0 2; ]
2000000037[408 76 74 80 2 0 2; ]
2000000038[409 75 75 80 2 0 2; ]
2000000039[410 75 76 80 2 0 2; ]
2000000040[411 75 77 81 2 0 2; ]
2000000041[412 75 77 81 2 0 2; ]
2000000042[413 76 78 81 2 0 2; ]
2000000043[414 76 79 81 2 0 2; ]
2000000044[415 77 80 81 2 0 2; ]
2000000045[416 78 80 81 2 0 2; ]
2000000046[417 79 81 81 2 0 2; ]
2000000047[417 78 81 81 2 0 2; ]
2000000048[417 77 81 80 2 0 2; ]
2000000049[418 76 81 80 2 0 2; ]
2000000050[418 76 81 80 2 0 2; ]
2000000051[418 76 83 80 2 0 2; ]
2000000052[418 76 88 80 2 0 2; ]
2000000053[419 76 92 81 2 0 2; ]
2000000054[]
2000000055[]
2000000056[]
2000000057[]
2000000058[]
2000000059[421 78 89 78 2 0 2; ]
2000000060[421 79 86 76 2 0 2; ]
2000000061[421 79 82 74 2 0 2; ]
2000000062[428 72 77 75 2 0 2; ]
2000000063[433 68 75 76 2 0 2; ]
2000000064[]
2000000065[]
2000000066[]
2000000067[]
2000000068[]
2000000069[]
2000000070[]
2000000071[]
2000000072[]
2000000073[]
2000000074[]
2000000075[]
2000000076[]
2000000077[]
2000000078[]
2000000079[]
2000000080[]
2000000081[]
2000000082[]
2000000083[]
2000000084[]
2000000085[]
2000000086[]
2000000087[440 85 18 45 33 1 3; ]
2000000088[442 85 19 46 33 1 3; ]
2000000089[444 85 19 48 33 1 3; 368 90 18 47 34 1 3; ]
2000000090[443 83 23 57 3 1 1; 368 90 23 51 34 1 3; ]
2000000091[444 84 23 57 3 1 1; 369 91 26 54 5 1 0; ]
2000000092[446 85 23 57 3 1 1; 370 91 27 55 5 1 0; ]
2000000093[448 86 23 57 3 1 1; 371 92 29 57 5 1 0; ]
2000000094[449 87 23 57 3 1 1; 373 92 30 58 5 0 0; ]
2000000095[451 89 23 57 3 1 1; 375 92 29 59 5 0 0; ]
2000000096[453 90 23 57 3 1 1; 378 93 28 59 5 0 0; ]
2000000097[454 91 23 57 3 1 1; 381 94 28 60 5 0 0; ]
2000000098[456 92 23 57 3 1 1; 384 95 28 60 5 0 0; ]
2000000099[458 93 23 57 3 0 1; 386 95 28 61 5 0 0; ]
2000000100[459 94 23 58 3 0 1; 389 96 28 61 5 0 0; 369 99 26 59 6 1 0; ]
2000000101[461 95 23 58 3 0 1; 392 97 28 62 5 0 0; 370 100 27 59 6 1 0; ]
2000000102[463 97 24 58 3 0 1; 394 98 29 62 5 0 0; 371 102 28 59 6 1 0; ]
2000000103[464 98 24 58 3 0 1; 396 99 29 62 5 0 0; 373 103 30 59 6 1 0; ]
2000000104[466 99 25 58 3 0 1; 399 100 29 63 5 0 0; 375 103 31 60 6 0 0; ]
2000000105[467 100 25 59 3 0 1; 401 102 30 63 5 0 0; 377 103 31 61 6 0 0; ]
2000000106[469 100 26 58 3 0 1; 403 103 31 63 5 0 0; 379 102 32 62 6 0 0; ]
2000000107[470 100 26 58 3 0 1; 407 102 31 63 5 0 0; 382 101 33 63 6 0 0; ]
2000000108[472 99 26 58 3 0 1; 410 101 31 64 5 0 0; 385 101 33 64 6 0 0; ]
2000000109[474 99 26 57 3 0 1; 413 100 30 64 5 0 0; 388 100 34 65 6 0 0; ]
2000000110[476 98 26 57 3 0 1; 416 99 30 65 5 0 0; 391 99 34 65 6 0 0; ]
2000000111[478 98 26 57 3 0 1; 419 97 30 65 5 0 0; 394 98 34 65 6 0 0; ]
2000000112[479 97 27 57 3 0 1; 423 94 30 66 5 0 0; 396 96 34 65 6 0 0; ]
2000000113[481 94 26 58 3 0 1; 426 91 30 67 5 0 0; 399 93 33 65 6 0 0; ]
2000000114[483 90 26 59 3 0 1; 430 88 30 69 5 0 0; 402 90 33 65 6 0 0; ]
2000000115[433 84 30 70 5 0 0; 405 86 33 65 6 0 0; ]
2000000116[436 81 30 70 5 0 0; 409 81 32 65 6 0 0; ]
2000000117[440 78 30 71 5 0 0; 413 76 32 66 6 0 0; ]
2000000118[444 75 30 71 5 0 0; 417 73 32 66 6 0 0; ]
2000000119[447 73 30 71 5 0 0; 420 71 32 67 6 0 0; ]
2000000120[451 71 30 71 5 0 0; 424 70 32 68 6 0 0; ]
2000000121[455 69 30 71 5 0 0; 427 71 32 68 6 0 0; ]
2000000122[458 70 31 74 5 0 0; 431 72 32 69 6 0 0; ]
2000000123[461 72 33 77 5 0 0; 434 74 32 70 6 0 0; ]
2000000124[464 74 34 78 5 0 0; 437 77 33 71 6 0 0; ]
2000000125[468 75 35 79 5 0 0; 440 79 34 72 6 0 0; ]
2000000126[471 78 36 79 5 0 0; 443 82 34 73 6 0 0; ]
2000000127[446 84 35 74 6 0 0; ]
2000000128[449 85 36 75 6 0 0; ]
2000000129[451 86 37 76 6 0 0; ]
2000000130[454 86 38 76 6 0 0; ]
2000000131[457 83 38 78 6 0 0; ]
2000000132[461 81 39 79 6 0 0; ]
2000000133[465 78 39 80 6 0 0; ]
2000000134[468 76 39 81 6 0 0; ]
2000000135[472 76 39 82 6 0 0; ]
2000000136[]
2000000137[]
2000000138[]
2000000139[]
2000000140[]
2000000141[]
2000000142[]
2000000143[]
2000000144[]
2000000145[]
2000000146[]
2000000147[]
2000000148[]
2000000149[]
2000000150[]
2000000151[]
2000000152[]
2000000153[]
2000000154[]
2000000155[]
2000000156[]
2000000157[]
2000000158[]
2000000159[]
2000000160[]
2000000161[]
2000000162[]
2000000163[]
2000000164[]
2000000165[]
2000000166[]
2000000167[]
2000000168[]
2000000169[]
2000000170[]
2000000171[]
2000000172[]
2000000173[]
2000000174[]
2000000175[]
2000000176[]
2000000177[455 90 19 57 36 1 3; ]
2000000178[456 88 20 58 36 1 3; ]
2000000179[457 86 20 59 36 1 3; ]
2000000180[459 84 21 61 36 1 3; ]
2000000181[460 82 21 62 36 1 3; ]
2000000182[461 80 22 63 36 1 3; ]
2000000183[460 73 33 74 9 1 1; ]
2000000184[461 73 33 73 9 1 1; ]
2000000185[462 74 33 72 9 1 1; ]
2000000186[463 74 33 72 9 1 1; ]
2000000187[464 74 33 72 9 1 1; ]
2000000188[466 74 34 73 9 1 1; ]
2000000189[467 74 34 74 9 1 1; 348 90 14 42 37 1 3; ]
2000000190[468 75 34 75 9 1 1; 348 93 14 42 37 1 3; ]
2000000191[470 75 35 77 9 1 1; 349 96 14 43 37 1 3; ]
2000000192[471 75 35 78 9 1 1; 349 97 14 43 37 1 3; ]
2000000193[473 75 36 79 9 1 1; 277 102 24 44 13 0 0; 350 98 14 43 37 1 3; ]
2000000194[474 75 36 79 9 1 1; 277 102 24 44 13 0 0; 350 99 14 43 37 1 3; ]
2000000195[277 102 24 44 13 0 0; 351 98 15 44 37 1 3; ]
2000000196[277 102 24 44 13 0 0; 351 97 15 44 37 1 3; ]
2000000197[277 102 24 44 13 0 0; 352 96 15 44 37 1 3; ]
2000000198[277 101 25 44 13 0 0; 352 94 15 45 37 1 3; ]
2000000199[351 88 22 51 10 1 1; 277 98 25 44 13 0 0; ]
2000000200[351 84 23 52 10 1 1; 277 94 25 45 13 0 0; ]
2000000201[351 80 24 53 10 1 1; 277 90 25 45 13 0 0; ]
2000000202[351 79 24 54 10 1 1; 277 88 25 45 13 0 0; ]
2000000203[351 78 25 54 10 1 1; 277 86 25 46 13 0 0; ]
2000000204[351 77 25 55 10 1 1; 277 87 25 46 13 0 0; ]
2000000205[351 76 26 56 10 1 1; 277 87 25 47 13 0 0; ]
2000000206[351 76 27 55 10 0 1; 277 87 26 48 13 0 0; ]
2000000207[351 78 28 55 10 0 1; 277 88 26 49 13 0 0; ]
2000000208[352 82 30 55 10 0 1; 277 90 26 50 13 0 0; ]
2000000209[352 84 30 55 10 0 1; 277 93 25 47 13 0 0; ]
2000000210[353 84 30 55 10 0 1; 278 92 25 46 13 0 0; ]
2000000211[354 83 30 56 10 0 1; 278 91 25 46 13 0 0; ]
2000000212[355 82 30 57 10 0 1; 278 90 25 45 13 0 0; ]
2000000213[357 79 29 58 10 0 1; 279 88 25 45 13 0 0; ]
2000000214[358 74 27 59 10 0 1; 280 86 25 45 13 0 0; ]
2000000215[360 70 27 60 10 0 1; 280 82 25 46 13 0 0; ]
2000000216[361 66 27 60 10 0 1; 281 78 25 48 13 0 0; ]
2000000217[362 65 28 60 10 0 1; 282 74 25 49 13 0 0; ]
2000000218[363 64 28 60 10 0 1; 283 72 25 50 13 0 0; ]
2000000219[363 63 28 60 10 0 1; 283 72 25 50 13 0 0; ]
2000000220[364 65 28 60 10 0 1; 283 74 25 50 13 0 0; ]
2000000221[364 70 29 58 10 0 1; 283 77 25 49 13 0 0; ]
2000000222[364 75 30 56 10 0 1; 284 82 24 48 13 0 0; ]
2000000223[364 80 31 56 10 0 1; 284 88 23 46 13 0 0; ]
2000000224[365 85 31 56 10 0 1; 284 91 24 50 13 0 0; ]
2000000225[365 89 31 56 10 0 1; 284 96 24 48 13 0 0; ]
2000000226[366 91 30 56 10 0 1; 284 100 24 46 13 0 0; ]
2000000227[365 91 31 62 11 0 2; 285 97 24 50 13 0 0; ]
2000000228[366 89 32 62 11 0 2; 285 98 24 50 13 0 0; ]
2000000229[367 88 33 63 11 0 2; 286 98 25 49 13 0 0; ]
2000000230[367 86 34 63 11 0 2; 286 98 25 47 13 0 0; ]
2000000231[368 85 35 64 11 0 2; 287 98 25 46 13 0 0; ]
2000000232[368 84 36 64 11 0 2; 287 99 25 45 13 0 0; ]
2000000233[369 82 36 65 11 0 2; 288 99 25 45 13 0 0; ]
2000000234[370 81 37 65 11 0 2; 288 98 25 45 13 0 0; ]
2000000235[370 79 38 66 11 0 2; 289 98 25 45 13 0 0; ]
2000000236[371 78 39 66 11 0 2; 289 97 25 45 13 0 0; ]
2000000237[372 77 40 67 11 0 2; 290 95 25 45 13 0 0; ]
2000000238[372 75 41 67 11 0 2; 291 93 25 46 13 0 0; ]
2000000239[373 74 41 68 11 0 2; 291 91 25 47 13 0 0; ]
2000000240[374 72 42 68 11 0 2; 291 89 24 49 13 0 0; ]
2000000241[375 73 42 67 11 0 2; 291 87 24 50 13 0 0; ]
2000000242[377 76 41 62 11 0 2; 291 86 24 51 13 0 0; ]
2000000243[379 78 39 56 11 0 2; 291 86 24 52 13 0 0; ]
2000000244[380 80 23 49 11 0 2; 400 77 18 59 12 0 1; 292 86 24 52 13 0 0; ]
2000000245[380 81 23 49 11 0 2; 401 81 18 59 12 0 1; 292 88 24 52 13 0 0; ]
2000000246[381 83 23 49 11 0 2; 403 84 18 59 12 0 1; 292 90 24 53 13 0 0; ]
2000000247[381 84 23 49 11 0 2; 404 86 19 60 12 0 1; 292 92 24 53 13 0 0; ]
2000000248[381 85 24 50 11 0 2; 405 87 19 61 12 0 1; 292 95 24 53 13 0 0; ]
2000000249[381 86 25 51 11 0 2; 406 87 20 62 12 0 1; 293 97 24 53 13 0 0; ]
2000000250[381 87 27 52 11 0 2; 406 87 21 63 12 0 1; 293 98 24 53 13 0 0; ]
2000000251[381 88 30 54 11 0 2; 407 83 25 70 12 0 1; 293 99 24 53 13 0 0; ]
2000000252[381 88 34 57 11 0 2; 409 84 26 70 12 0 1; 293 100 24 53 13 0 0; ]
2000000253[382 88 34 57 11 0 2; 411 84 26 71 12 0 1; 293 100 23 54 13 0 0; ]
2000000254[382 88 34 57 11 0 2; 412 84 26 71 12 0 1; 294 100 24 54 13 0 0; ]
2000000255[383 88 34 57 11 0 2; 414 84 27 71 12 0 1; 294 99 24 54 13 0 0; ]
2000000256[383 88 35 58 11 0 2; 416 84 27 72 12 0 1; 294 99 24 54 13 0 0; ]
2000000257[384 88 35 59 11 1 2; 418 84 27 72 12 0 1; 294 99 25 54 13 0 0; ]
2000000258[385 88 36 59 11 1 2; 420 83 28 73 12 0 1; 295 98 25 55 13 0 0; ]
2000000259[386 88 36 59 11 1 2; 422 81 28 74 12 0 1; 295 98 25 55 13 0 0; ]
2000000260[386 88 36 59 11 1 2; 423 78 28 76 12 0 1; 295 98 25 55 13 0 0; ]
2000000261[387 87 36 59 11 1 2; 425 75 29 77 12 0 1; 295 97 26 55 13 0 0; ]
2000000262[388 87 36 60 11 1 2; 427 74 29 77 12 0 1; 295 97 26 55 13 0 0; ]
2000000263[389 87 37 60 11 1 2; 429 74 29 78 12 0 1; 296 97 26 55 13 0 0; ]
2000000264[389 86 37 60 11 1 2; 431 74 29 78 12 0 1; 296 96 26 55 13 0 0; ]
2000000265[390 86 37 60 11 1 2; 433 75 30 78 12 0 1; 296 96 27 56 13 0 0; ]
2000000266[391 86 37 60 11 1 2; 435 77 30 78 12 0 1; 296 96 27 56 13 0 0; ]
2000000267[392 86 37 60 11 1 2; 437 79 31 78 12 0 1; 297 95 27 56 13 0 0; ]
2000000268[393 86 38 60 11 1 2; 440 80 31 78 12 0 1; 297 95 27 56 13 0 0; ]
2000000269[393 87 38 60 11 1 2; 442 81 31 78 12 0 1; 297 96 27 56 13 0 0; ]
2000000270[394 88 38 60 11 1 2; 445 81 32 78 12 0 1; 297 96 27 56 13 0 0; ]
2000000271[395 89 38 60 11 1 2; 447 82 32 79 12 0 1; 298 97 27 56 13 0 0; ]
2000000272[396 91 38 59 11 1 2; 450 81 32 79 12 0 1; 298 97 27 56 13 0 0; ]
2000000273[398 91 38 59 11 1 2; 453 81 33 80 12 0 1; 299 97 27 57 13 0 0; ]
2000000274[400 91 37 60 11 1 2; 456 80 33 80 12 0 1; 299 97 27 57 13 0 0; ]
2000000275[403 93 31 54 11 1 2; 459 78 33 82 12 0 1; 300 96 27 57 13 0 0; ]
2000000276[407 92 28 53 11 1 2; 462 76 34 83 12 0 1; 300 93 27 58 13 0 0; ]
2000000277[411 89 26 52 11 1 2; 466 74 34 84 12 0 1; 301 90 27 60 13 0 0; ]
2000000278[415 86 24 51 11 1 2; 469 71 34 86 12 0 1; 301 86 26 61 13 0 0; ]
2000000279[418 84 23 51 11 1 2; 472 68 35 88 12 0 1; 302 84 26 62 13 0 0; ]
2000000280[421 82 23 51 11 1 2; 476 64 35 90 12 0 1; 303 83 26 62 13 0 0; ]
2000000281[422 82 23 50 11 1 2; 304 83 25 62 13 0 0; ]
2000000282[424 82 23 50 11 1 2; 304 83 25 62 13 0 0; ]
2000000283[425 82 23 50 11 1 2; 305 83 24 62 13 0 0; ]
2000000284[425 82 23 50 11 1 2; 306 83 24 61 13 0 0; ]
2000000285[307 84 25 61 13 0 0; ]
2000000286[308 85 25 61 13 0 0; ]
2000000287[309 85 25 60 13 0 0; ]
2000000288[310 86 26 60 13 0 0; ]
2000000289[311 86 26 60 13 0 0; ]
2000000290[312 87 26 60 13 0 0; ]
2000000291[313 88 26 59 13 0 0; ]
2000000292[314 88 27 59 13 0 0; ]
2000000293[314 89 27 59 13 0 0; ]
2000000294[315 90 27 58 13 0 0; ]
2000000295[316 90 28 58 13 0 0; ]
2000000296[317 91 28 58 13 0 0; ]
2000000297[318 91 28 58 13 0 0; ]
2000000298[319 92 29 57 13 0 0; ]
2000000299[321 93 29 57 13 0 0; ]
2000000300[322 93 29 58 13 0 0; ]
2000000301[323 94 29 58 13 0 0; ]
2000000302[325 95 29 58 13 0 0; ]
2000000303[326 95 29 58 13 0 0; ]
2000000304[328 96 29 58 13 0 0; ]
2000000305[329 97 29 58 13 0 0; ]
2000000306[331 97 29 58 13 0 0; ]
2000000307[332 98 29 58 13 0 0; ]
2000000308[334 98 29 58 13 0 0; ]
2000000309[335 99 29 58 13 0 0; ]
2000000310[337 100 29 58 13 0 0; ]
2000000311[338 100 29 58 13 0 0; ]
2000000312[340 101 29 58 13 0 0; ]
2000000313[341 102 29 59 13 0 0; ]
2000000314[343 99 29 59 13 0 0; ]
2000000315[345 97 29 60 13 0 0; ]
2000000316[347 95 29 61 13 0 0; ]
2000000317[349 94 29 61 13 0 0; ]
2000000318[350 93 29 61 13 0 0; ]
2000000319[352 92 29 62 13 0 0; ]
2000000320[353 92 29 62 13 0 0; ]
2000000321[354 91 30 62 13 0 0; ]
2000000322[355 91 30 62 13 0 0; ]
2000000323[356 90 30 62 13 0 0; ]
2000000324[357 90 31 62 13 0 0; ]
2000000325[358 90 31 62 13 0 0; ]
2000000326[359 90 32 62 13 0 0; ]
2000000327[360 90 32 62 13 0 0; ]
2000000328[361 90 33 62 13 0 0; ]
2000000329[360 90 33 62 13 0 0; ]
2000000330[359 90 34 62 13 0 0; ]
2000000331[358 90 34 62 13 0 0; ]
2000000332[358 90 34 63 13 0 0; ]
2000000333[357 90 35 63 13 0 0; ]
2000000334[357 90 35 63 13 0 0; ]
2000000335[357 90 35 63 13 0 0; ]
2000000336[357 90 35 63 13 0 0; ]
2000000337[357 90 35 64 13 0 0; ]
2000000338[357 88 35 65 13 0 0; ]
2000000339[357 86 35 66 13 0 0; ]
2000000340[357 84 34 67 13 0 0; ]
2000000341[357 80 34 69 13 0 0; ]
2000000342[358 76 33 71 13 0 0; ]
2000000343[358 71 33 73 13 0 0; ]
2000000344[359 63 33 77 13 0 0; ]
2000000345[360 57 34 81 13 0 0; ]
2000000346[361 54 35 82 13 0 0; ]
2000000347[362 56 35 82 13 0 0; ]
2000000348[364 61 36 82 13 0 0; ]
2000000349[365 66 36 81 13 0 0; ]
2000000350[366 72 37 80 13 0 0; ]
2000000351[367 77 37 79 13 0 0; ]
2000000352[369 80 37 79 13 0 0; ]
2000000353[371 81 37 80 13 0 0; ]
2000000354[374 81 37 82 13 0 0; ]
2000000355[376 82 37 84 13 0 0; ]
2000000356[377 82 36 85 13 0 0; ]
2000000357[378 79 37 85 13 0 0; ]
2000000358[378 73 39 83 13 0 0; ]
2000000359[379 70 40 84 13 0 0; ]
2000000360[380 68 41 84 13 0 0; ]
2000000361[381 67 42 85 13 0 0; ]
2000000362[382 66 42 85 13 0 0; ]
2000000363[383 66 43 85 13 0 0; ]
2000000364[384 66 43 85 13 0 0; ]
2000000365[384 67 43 84 13 0 0; ]
2000000366[385 71 43 83 13 0 0; ]
2000000367[386 76 43 82 13 0 0; ]
2000000368[387 80 43 81 13 0 0; ]
2000000369[388 82 43 80 13 0 0; ]
2000000370[389 81 43 81 13 0 0; ]
2000000371[390 80 43 82 13 0 0; 422 94 21 42 14 0 1; ]
2000000372[391 78 42 83 13 0 0; 423 93 21 42 14 0 1; ]
2000000373[392 75 42 85 13 0 0; 425 92 21 43 14 0 1; ]
2000000374[393 73 42 86 13 0 0; 427 91 21 43 14 0 1; ]
2000000375[394 72 42 87 13 0 0; 428 90 21 44 14 0 1; ]
2000000376[396 71 43 87 13 0 0; 430 89 21 44 14 0 1; ]
2000000377[397 71 43 88 13 0 0; 432 88 21 45 14 0 1; 269 91 34 30 26 0 -1; ]
2000000378[398 72 43 88 13 0 0; 433 87 21 45 14 0 1; 270 91 34 30 26 0 -1; ]
2000000379[400 73 43 89 13 0 0; 435 86 21 46 14 0 1; 271 91 34 30 26 0 -1; ]
2000000380[401 74 44 89 13 0 0; 437 87 20 45 14 0 1; 271 93 34 30 26 0 -1; ]
2000000381[403 77 44 89 13 0 0; 439 90 20 44 14 1 1; 272 96 34 30 26 0 -1; ]
2000000382[405 79 44 90 13 0 0; 441 94 20 42 14 1 1; ]
2000000383[406 81 45 90 13 0 0; ]
2000000384[407 84 45 89 13 0 0; ]
2000000385[408 88 44 88 13 0 0; ]
2000000386[408 90 44 87 13 0 0; ]
2000000387[409 91 44 88 13 0 0; ]
2000000388[410 91 44 91 13 0 0; 274 112 36 30 26 0 -1; ]
2000000389[410 85 44 92 13 0 0; 274 110 37 31 26 0 -1; ]
2000000390[410 80 44 93 13 0 0; 273 107 37 31 26 0 -1; ]
2000000391[411 76 44 94 13 0 0; 273 103 37 31 26 0 -1; ]
2000000392[411 73 44 95 13 0 0; 273 100 37 31 26 0 -1; ]
2000000393[411 72 44 96 13 0 0; 273 99 37 31 26 0 -1; ]
2000000394[411 72 44 96 13 0 0; 273 99 36 30 26 0 -1; ]
2000000395[411 73 44 97 13 0 0; 273 99 36 30 26 0 -1; ]
2000000396[411 73 45 98 13 0 0; 272 99 35 30 26 0 -1; ]
2000000397[410 73 45 98 13 0 0; 272 99 35 30 26 0 -1; ]
2000000398[410 73 46 99 13 0 0; ]
2000000399[410 73 47 99 13 0 0; ]
2000000400[410 73 48 100 13 0 0; ]
2000000401[409 73 49 100 13 0 0; ]
2000000402[409 74 50 101 13 0 0; ]
2000000403[408 74 51 101 13 0 0; ]
2000000404[409 72 51 103 13 0 0; ]
2000000405[409 70 51 105 13 0 0; ]
2000000406[410 68 51 107 13 0 0; ]
2000000407[410 67 51 108 13 0 0; ]
2000000408[411 66 51 109 13 0 0; ]
2000000409[411 65 51 110 13 0 0; ]
2000000410[412 64 51 111 13 0 0; ]
2000000411[412 64 51 111 13 0 0; ]
2000000412[413 64 52 112 13 0 0; 267 97 40 30 26 0 -1; ]
2000000413[413 63 52 112 13 0 0; 267 97 40 30 26 0 -1; ]
2000000414[414 63 52 112 13 0 0; 266 96 41 30 26 0 -1; ]
2000000415[414 63 52 112 13 0 0; 266 96 42 30 26 0 -1; ]
2000000416[415 64 52 112 13 0 0; 265 95 42 31 26 0 -1; ]
2000000417[415 65 52 111 13 0 0; 265 95 43 31 26 0 -1; ]
2000000418[416 66 52 109 13 0 0; 264 96 43 31 26 0 -1; ]
2000000419[418 66 52 111 13 0 0; 263 96 44 31 26 0 -1; ]
2000000420[419 65 52 113 13 0 0; 263 96 44 31 26 0 -1; ]
2000000421[420 64 52 115 13 0 0; 262 96 45 31 26 0 -1; ]
2000000422[422 64 53 117 13 0 0; 261 97 45 31 26 0 -1; ]
2000000423[423 63 53 118 13 0 0; 261 97 46 31 26 0 -1; ]
2000000424[425 63 53 120 13 0 0; 260 97 47 31 26 0 -1; ]
2000000425[426 63 53 121 13 0 0; 259 98 47 31 26 0 -1; ]
2000000426[428 63 53 123 13 0 0; 259 98 48 31 26 0 -1; ]
2000000427[429 63 53 124 13 0 0; 258 98 48 31 26 0 -1; ]
2000000428[431 63 54 125 13 0 0; 257 98 49 32 26 0 -1; ]
2000000429[432 63 54 126 13 0 0; 257 99 49 32 26 0 -1; ]
2000000430[434 64 54 126 13 0 0; 256 99 50 32 26 0 -1; ]
2000000431[435 64 54 127 13 0 0; 316 98 20 31 15 0 2; 255 99 50 32 26 0 -1; ]
2000000432[437 65 54 128 13 0 0; 317 99 20 32 15 0 2; 255 101 50 32 26 0 -1; ]
2000000433[438 66 54 128 13 0 0; 317 100 21 33 15 0 2; 255 102 50 32 26 0 -1; ]
2000000434[440 64 56 129 13 0 0; 317 101 22 34 15 0 2; 255 102 50 32 26 0 -1; ]
2000000435[442 62 57 131 13 0 0; 317 101 22 34 15 0 2; 255 102 51 32 26 0 -1; ]
2000000436[444 60 58 132 13 0 0; 317 101 24 34 15 0 2; 255 102 51 32 26 0 -1; ]
2000000437[446 59 59 134 13 0 0; 317 100 25 35 15 0 2; 254 100 51 32 26 0 -1; ]
2000000438[448 58 60 136 13 0 0; 317 99 26 35 15 0 2; 254 99 52 33 26 0 -1; ]
2000000439[450 57 61 137 13 0 0; 317 97 27 35 15 0 2; 253 98 52 33 26 0 -1; ]
2000000440[317 97 28 35 15 0 2; 253 98 52 33 26 0 -1; ]
2000000441[317 96 29 35 15 0 2; 253 98 52 33 26 0 -1; ]
2000000442[317 96 30 36 15 0 2; 253 97 52 32 26 0 -1; ]
2000000443[317 97 30 36 15 0 2; 254 97 52 32 26 0 -1; ]
2000000444[317 97 31 37 15 0 2; 254 98 52 32 26 0 -1; ]
2000000445[317 98 31 37 15 0 2; 254 100 52 31 26 0 -1; ]
2000000446[316 99 32 38 15 0 2; 254 102 51 31 26 0 -1; ]
2000000447[316 101 33 38 15 0 2; 253 104 52 32 26 0 -1; ]
2000000448[316 102 35 38 15 0 2; 252 105 53 33 26 0 -1; ]
2000000449[316 103 36 39 15 0 2; 252 106 53 33 26 0 -1; ]
2000000450[316 104 37 39 15 0 2; 252 106 54 34 26 0 -1; ]
2000000451[316 103 38 40 15 0 2; 252 105 54 34 26 0 -1; ]
2000000452[316 101 39 41 15 0 2; 252 104 54 34 26 0 -1; ]
2000000453[317 98 40 42 15 0 2; 252 102 54 33 26 0 -1; ]
2000000454[317 95 41 43 15 0 2; 252 101 54 33 26 0 -1; ]
2000000455[317 93 42 44 15 0 2; 252 99 54 33 26 0 -1; ]
2000000456[317 92 43 45 15 0 2; 252 99 54 33 26 0 -1; ]
2000000457[318 92 44 44 15 0 2; 252 99 54 33 26 0 -1; ]
2000000458[318 92 45 44 15 0 2; 252 99 54 33 26 0 -1; ]
2000000459[319 92 45 44 15 0 2; 252 99 54 32 26 0 -1; ]
2000000460[319 93 46 43 15 0 2; 252 99 54 32 26 0 -1; ]
2000000461[320 94 47 42 15 0 2; 252 100 54 32 26 0 -1; ]
2000000462[320 94 47 42 15 0 2; 252 100 54 32 26 0 -1; ]
2000000463[320 94 47 42 15 0 2; 252 100 55 33 26 0 -1; ]
2000000464[320 94 47 42 15 0 2; 252 100 55 34 26 0 -1; ]
2000000465[320 94 47 42 15 0 2; 252 100 56 34 26 0 -1; ]
2000000466[320 94 47 42 15 0 2; 253 100 56 35 26 0 -1; ]
2000000467[320 94 47 42 15 0 2; 253 100 57 35 26 0 -1; ]
2000000468[320 94 47 42 15 0 2; 253 100 57 35 26 0 -1; ]
2000000469[320 94 47 42 15 0 2; 253 100 58 36 26 0 -1; ]
2000000470[320 94 47 42 15 0 2; 253 100 58 36 26 0 -1; ]
2000000471[320 94 47 42 15 0 2; 254 99 59 36 26 0 -1; ]
2000000472[320 94 47 42 15 0 2; 254 99 59 36 26 0 -1; ]
2000000473[320 94 47 42 15 0 2; 254 98 60 36 26 0 -1; ]
2000000474[320 94 47 42 15 0 2; 254 97 60 36 26 0 -1; ]
2000000475[320 94 47 42 15 0 2; 254 97 61 36 26 0 -1; ]
2000000476[325 93 44 43 15 0 2; 255 96 61 36 26 0 -1; ]
2000000477[329 91 42 44 15 0 2; 255 96 61 36 26 0 -1; ]
2000000478[332 91 42 45 15 0 2; 256 96 62 36 26 0 -1; ]
2000000479[333 91 42 46 15 0 2; 256 96 62 36 26 0 -1; ]
2000000480[335 91 42 46 15 0 2; 257 96 62 37 26 0 -1; ]
2000000481[336 91 42 46 15 0 2; 258 96 62 37 26 0 -1; ]
2000000482[337 91 42 46 15 0 2; 258 96 62 37 26 0 -1; ]
2000000483[339 91 42 47 15 0 2; 259 96 63 37 26 0 -1; ]
2000000484[340 92 42 47 15 0 2; 259 98 63 36 26 0 -1; ]
2000000485[340 93 42 47 15 0 2; 260 100 63 36 26 0 -1; ]
2000000486[341 93 42 47 15 0 2; 261 102 63 36 26 0 -1; ]
2000000487[342 95 42 47 15 0 2; 261 104 64 36 26 0 -1; ]
2000000488[342 96 43 48 15 0 2; 262 105 64 36 26 0 -1; ]
2000000489[342 98 43 48 15 0 2; 262 105 64 36 26 0 -1; ]
2000000490[342 100 43 48 15 0 2; 263 104 64 37 26 0 -1; ]
2000000491[346 96 42 49 15 0 2; 264 103 65 37 26 0 -1; ]
2000000492[350 92 41 50 15 0 2; 265 99 65 37 26 0 -1; ]
2000000493[354 89 40 51 15 0 2; 266 96 65 37 26 0 -1; ]
2000000494[357 86 39 52 15 0 2; 267 93 65 36 26 0 -1; ]
2000000495[360 84 38 52 15 0 2; 397 82 21 49 20 1 1; 268 91 66 36 26 0 -1; ]
2000000496[363 82 37 53 15 0 2; 398 81 21 51 20 1 1; 268 90 66 35 26 0 -1; ]
2000000497[366 81 37 53 15 0 2; 399 81 21 52 20 1 1; 269 89 66 35 26 0 -1; ]
2000000498[368 81 37 53 15 0 2; 352 85 20 40 16 1 1; 401 80 22 54 20 1 1; 270 89 67 34 26 0 -1; ]
2000000499[369 81 36 53 15 0 2; 353 86 20 41 16 1 1; 402 80 22 54 20 1 1; 271 90 67 34 26 0 -1; ]
2000000500[371 82 36 53 15 0 2; 354 87 21 41 16 1 1; 404 81 22 55 20 1 1; 272 92 67 35 26 0 -1; ]
2000000501[372 83 36 53 15 0 2; 355 88 22 41 16 1 1; 405 82 22 55 20 1 1; 273 94 68 35 26 0 -1; ]
2000000502[374 85 36 53 15 0 2; 355 89 22 42 16 1 1; 406 84 22 55 20 1 1; 274 96 68 35 26 0 -1; ]
2000000503[375 87 36 52 15 0 2; 356 90 23 42 16 1 1; 408 86 22 55 20 1 1; 275 97 68 35 26 0 -1; ]
2000000504[376 89 36 52 15 0 2; 357 91 24 42 16 1 1; 409 90 22 56 20 1 1; 276 98 68 35 26 0 -1; ]
2000000505[377 92 36 51 15 0 2; 358 91 24 43 16 1 1; 277 99 69 34 26 0 -1; ]
2000000506[378 91 36 52 15 0 2; 359 92 25 43 16 1 1; 278 100 69 34 26 0 -1; ]
2000000507[380 90 36 52 15 0 2; 360 93 26 43 16 1 1; 279 97 69 34 26 0 -1; ]
2000000508[383 87 36 53 15 0 2; 361 92 26 45 16 1 1; 280 95 70 35 26 0 -1; ]
2000000509[385 85 36 54 15 0 2; 362 90 26 47 16 1 1; 281 93 70 36 26 0 -1; ]
2000000510[387 84 37 55 15 0 2; 363 88 25 48 16 1 1; 281 92 70 36 26 0 -1; ]
2000000511[389 83 37 56 15 0 2; 364 87 25 47 16 1 1; 282 92 71 37 26 0 -1; ]
2000000512[389 83 39 55 15 0 2; 365 86 25 45 16 1 1; 283 93 71 37 26 0 -1; ]
2000000513[390 85 43 54 15 0 2; 366 87 25 45 16 1 1; 284 94 71 37 26 0 -1; ]
2000000514[391 83 44 56 15 0 2; 367 88 25 45 16 1 1; 285 96 72 36 26 0 -1; ]
2000000515[392 84 44 56 15 0 2; 367 90 26 45 16 1 1; 286 98 72 36 26 0 -1; ]
2000000516[393 87 45 56 15 0 2; 368 92 26 46 16 1 1; 287 100 72 36 26 0 -1; ]
2000000517[395 91 45 57 15 0 2; 369 93 26 46 16 1 1; 288 102 72 36 26 0 -1; ]
2000000518[396 92 46 57 15 0 2; 369 94 27 46 16 1 1; 288 102 73 36 26 0 -1; ]
2000000519[397 92 46 57 15 0 2; 370 94 26 47 16 1 1; 289 102 73 36 26 0 -1; ]
2000000520[399 92 47 57 15 0 2; 371 94 26 47 16 1 1; 290 102 73 36 26 0 -1; ]
2000000521[400 91 48 56 15 0 2; 372 94 26 48 16 1 1; 463 93 20 50 21 1 1; 291 102 74 35 26 0 -1; ]
2000000522[402 91 44 56 15 0 2; 373 93 25 49 16 1 1; 465 92 20 51 21 1 1; 291 102 74 35 26 0 -1; ]
2000000523[404 91 43 56 15 0 2; 374 93 25 49 16 1 1; 467 90 20 53 21 1 1; 448 90 20 56 22 1 1; 292 101 74 36 26 0 -1; ]
2000000524[405 90 45 55 15 0 2; 375 94 24 49 16 1 1; 469 90 20 54 21 1 1; 449 89 20 56 22 1 1; 292 101 74 36 26 0 -1; ]
2000000525[406 90 45 55 15 0 2; 376 94 24 49 16 1 1; 471 89 20 54 21 1 1; 451 88 20 56 22 1 1; 292 101 75 36 26 0 -1; ]
2000000526[407 90 47 55 15 0 2; 377 94 23 49 16 1 1; 473 89 20 54 21 1 1; 453 88 20 56 22 1 1; 292 101 75 36 26 0 -1; ]
2000000527[407 90 50 55 15 0 2; 378 94 23 49 16 1 1; 474 89 20 54 21 1 1; 454 88 20 56 22 0 1; 293 100 75 36 26 0 -1; ]
2000000528[407 90 50 55 15 0 2; 380 94 22 49 16 1 1; 476 90 20 54 21 1 1; 455 89 21 56 22 0 1; 293 100 76 36 26 0 -1; ]
2000000529[409 92 20 46 17 0 1; 437 93 20 52 19 0 2; 478 91 20 54 21 1 1; 456 90 22 56 22 0 1; 423 93 20 48 23 0 1; 293 100 76 36 26 0 -1; ]
2000000530[410 94 20 45 17 0 1; 438 93 22 53 19 0 2; 480 93 20 54 21 1 1; 458 92 24 56 22 0 1; 424 92 20 49 23 0 1; 293 100 76 36 26 0 -1; ]
2000000531[410 94 20 45 17 0 1; 438 93 24 54 19 0 2; 459 92 24 56 22 0 1; 424 91 20 49 23 0 1; 294 100 76 36 26 0 -1; ]
2000000532[411 93 20 45 17 0 1; 439 92 25 55 19 0 2; 460 91 24 56 22 0 1; 424 90 20 49 23 0 1; 294 99 77 36 26 0 -1; ]
2000000533[411 92 20 45 17 0 1; 439 92 26 56 19 0 2; 461 90 24 56 22 0 1; 425 90 20 50 23 0 1; 294 99 77 36 26 0 -1; ]
2000000534[411 91 20 46 17 0 1; 439 92 27 57 19 0 2; 462 88 24 57 22 0 1; 425 90 20 50 23 0 1; 295 99 77 36 26 0 -1; ]
2000000535[412 91 20 46 17 0 1; 440 92 28 58 19 0 2; 463 88 24 57 22 0 1; 425 90 20 50 23 0 1; 295 99 77 36 26 0 -1; ]
2000000536[412 92 20 47 17 0 1; 440 91 28 58 19 0 2; 464 87 24 58 22 0 1; 425 90 20 50 23 0 1; 295 99 78 36 26 0 -1; ]
2000000537[412 90 20 49 17 0 1; 440 91 29 59 19 0 2; 464 87 24 59 22 0 1; 425 90 20 50 23 0 1; 295 99 80 37 26 0 -1; ]
2000000538[412 91 20 48 17 0 1; 441 91 30 60 19 0 2; 465 86 24 60 22 0 1; 425 90 21 50 23 0 1; 294 100 82 38 26 0 -1; ]
2000000539[412 97 20 48 17 0 1; 441 93 30 60 19 0 2; 466 92 24 59 22 0 1; 424 94 21 49 23 0 1; 487 95 14 52 24 1 1; 294 100 84 38 26 0 -1; ]
2000000540[412 99 20 49 17 0 1; 441 96 31 61 19 0 2; 467 97 23 57 22 0 1; 424 97 22 48 23 0 1; 488 100 15 53 24 1 1; 294 104 86 38 26 0 -1; ]
2000000541[412 101 20 49 17 0 1; 442 100 31 61 19 0 2; 469 100 23 56 22 0 1; 424 100 22 48 23 0 1; 488 103 17 54 24 1 1; 293 108 88 38 26 0 -1; ]
2000000542[412 102 20 49 17 0 1; 442 102 31 62 19 0 2; 470 101 22 56 22 0 1; 425 102 22 48 23 0 1; 488 103 17 54 24 1 1; 293 110 90 38 26 0 -1; ]
2000000543[412 104 20 48 17 0 1; 444 104 31 61 19 0 2; 471 101 22 56 22 0 1; 426 104 22 49 23 0 1; 489 103 18 53 24 1 1; 293 110 92 38 26 0 -1; ]
2000000544[412 105 20 48 17 0 1; 446 104 29 59 19 0 2; 472 101 21 57 22 0 1; 426 105 22 49 23 0 1; 490 103 18 53 24 1 1; 292 110 94 38 26 0 -1; ]
2000000545[412 105 20 46 17 0 1; 447 104 30 60 19 0 2; 473 100 21 58 22 0 1; 426 104 22 49 23 0 1; 491 103 19 53 24 0 1; 292 109 96 39 26 0 -1; ]
2000000546[412 104 20 46 17 0 1; 448 103 31 60 19 0 2; 474 99 21 59 22 0 1; 427 102 22 50 23 0 1; 292 108 98 39 26 0 -1; ]
2000000547[412 103 20 46 17 0 1; 450 101 31 61 19 0 2; 427 100 23 51 23 0 1; 291 106 100 40 26 0 -1; ]
2000000548[412 100 20 46 17 0 1; 451 98 32 62 19 0 2; 427 97 23 52 23 0 1; 291 104 102 41 26 0 -1; ]
2000000549[412 96 20 47 17 0 1; 452 94 33 62 19 0 2; 427 94 23 52 23 0 1; 291 100 104 42 26 0 -1; ]
2000000550[412 90 20 49 17 0 1; 453 90 34 64 19 0 2; 427 88 23 53 23 0 1; 290 95 106 44 26 0 -1; ]
2000000551[412 86 20 48 17 1 1; 454 85 37 67 19 0 2; 428 84 23 54 23 0 1; 290 90 108 45 26 0 -1; ]
2000000552[412 84 20 51 17 1 1; 455 81 39 69 19 0 2; 428 83 22 53 23 0 1; 290 89 109 46 26 0 -1; ]
2000000553[412 84 20 51 17 1 1; 456 80 40 70 19 0 2; 429 83 22 52 23 0 1; 290 88 110 47 26 0 -1; ]
2000000554[412 90 21 50 17 1 1; 457 81 41 70 19 0 2; 429 84 22 53 23 0 1; 289 88 110 47 26 0 -1; ]
2000000555[412 91 21 51 17 1 1; 458 82 41 70 19 0 2; 429 85 23 54 23 0 1; 289 90 111 47 26 0 -1; ]
2000000556[412 91 21 51 17 1 1; 460 85 41 70 19 0 2; 429 88 23 54 23 0 1; 289 93 111 46 26 0 -1; ]
2000000557[412 93 22 51 17 1 1; 461 88 42 70 19 0 2; 430 91 24 54 23 0 1; 289 97 112 46 26 0 -1; ]
2000000558[413 95 22 51 17 1 1; 462 91 42 70 19 0 2; 430 93 24 54 23 0 1; 289 101 112 45 26 0 -1; ]
2000000559[413 96 22 51 17 1 1; 463 95 40 68 19 0 2; 430 94 24 54 23 0 1; 289 102 112 45 26 0 -1; ]
2000000560[414 98 22 51 17 1 1; 465 93 42 71 19 0 2; 431 95 24 53 23 0 1; 289 101 112 45 26 0 -1; ]
2000000561[414 98 23 51 17 1 1; 466 90 42 73 19 0 2; 431 95 24 53 23 0 1; 288 98 112 45 26 0 -1; ]
2000000562[415 96 23 51 17 1 1; 468 86 42 74 19 0 2; 432 92 24 54 23 0 1; 288 93 111 45 26 0 -1; ]
2000000563[415 91 23 53 17 1 1; 432 86 24 56 23 0 1; 288 89 111 46 26 0 -1; ]
2000000564[415 85 23 55 17 1 1; 433 80 24 57 23 0 1; 288 85 110 46 26 0 -1; ]
2000000565[416 80 23 57 17 1 1; 434 77 24 58 23 0 1; 288 84 110 46 26 0 -1; ]
2000000566[416 77 23 57 17 1 1; 435 77 24 57 23 0 1; 288 86 109 41 26 0 -1; ]
2000000567[417 78 24 57 17 1 1; 436 77 24 56 23 0 1; 288 88 109 41 26 0 -1; ]
2000000568[417 78 24 57 17 1 1; 438 79 24 53 23 0 1; 288 91 108 41 26 0 -1; ]
2000000569[418 80 24 57 17 1 1; 439 82 24 54 23 0 1; 288 93 108 41 26 0 -1; ]
2000000570[418 82 24 56 17 1 1; 439 84 24 54 23 0 1; 288 95 107 40 26 0 -1; ]
2000000571[419 86 24 56 17 1 1; 440 86 25 55 23 0 1; 288 97 107 40 26 0 -1; ]
2000000572[419 91 25 54 17 1 1; 441 87 25 55 23 0 1; 288 98 106 40 26 0 -1; ]
2000000573[420 91 25 54 17 1 1; 442 88 25 56 23 0 1; 288 98 106 40 26 0 -1; ]
2000000574[421 92 24 54 17 1 1; 443 89 25 56 23 0 1; 288 98 105 40 26 0 -1; ]
2000000575[422 92 24 53 17 1 1; 444 89 26 56 23 0 1; 288 98 105 40 26 0 -1; ]
2000000576[423 92 24 53 17 1 1; 444 89 26 57 23 0 1; 288 98 104 40 26 0 -1; ]
2000000577[424 93 24 53 17 1 1; 445 90 26 57 23 0 1; 288 99 103 40 26 0 -1; ]
2000000578[425 93 24 52 17 1 1; 446 90 26 57 23 0 1; 288 99 103 41 26 0 -1; ]
2000000579[426 94 24 52 17 1 1; 447 90 27 58 23 0 1; 288 99 102 41 26 0 -1; ]
2000000580[448 90 27 58 23 1 1; 288 99 102 41 26 0 -1; ]
2000000581[449 90 27 58 23 1 1; 288 99 101 41 26 0 -1; ]
2000000582[449 90 27 58 23 1 1; 288 101 97 40 26 0 -1; ]
2000000583[450 90 27 59 23 1 1; 289 102 92 39 26 0 -1; ]
2000000584[451 90 28 59 23 1 1; 289 103 89 38 26 0 -1; ]
2000000585[453 89 28 59 23 1 1; 290 104 86 38 26 0 -1; ]
2000000586[454 89 28 60 23 1 1; 290 104 85 38 26 0 -1; ]
2000000587[455 88 28 60 23 1 1; 291 104 85 38 26 0 -1; ]
2000000588[456 88 28 61 23 1 1; 291 103 86 39 26 0 -1; ]
2000000589[457 87 28 61 23 1 1; 292 101 86 39 26 0 -1; ]
2000000590[458 87 28 61 23 1 1; 292 99 86 40 26 0 -1; ]
2000000591[459 87 28 62 23 1 1; 293 98 86 41 26 0 -1; ]
2000000592[461 86 28 62 23 1 1; 293 97 87 41 26 0 -1; ]
2000000593[462 86 29 63 23 1 1; 294 96 87 42 26 0 -1; ]
2000000594[463 85 29 63 23 1 1; 294 96 88 41 26 0 -1; ]
2000000595[464 85 29 63 23 1 1; 295 96 89 41 26 0 -1; 447 89 14 45 41 1 1; ]
2000000596[465 84 29 64 23 1 1; 295 97 90 40 26 0 -1; 448 89 15 46 41 1 1; ]
2000000597[466 84 29 64 23 1 1; 295 97 90 40 26 0 -1; 449 90 16 47 41 1 1; ]
2000000598[467 83 29 65 23 1 1; 296 98 90 40 26 0 -1; 450 90 17 47 41 1 1; ]
2000000599[469 84 29 64 23 1 1; 296 98 90 41 26 0 -1; 452 91 18 48 41 1 1; ]
2000000600[472 86 27 63 23 1 1; 296 99 89 41 26 0 -1; 453 91 18 49 41 1 1; ]
