2000100001[]
2000100002[]
2000100003[]
2000100004[320 115 183 78 3 0 2; ]
2000100005[320 118 183 78 3 0 2; ]
2000100006[320 120 183 78 3 0 2; ]
2000100007[320 121 183 79 3 0 2; ]
2000100008[320 122 183 79 3 0 2; ]
2000100009[320 122 183 79 3 0 2; ]
2000100010[320 121 183 80 3 0 2; ]
2000100011[320 118 183 81 3 0 2; ]
2000100012[320 113 184 81 3 0 2; ]
2000100013[320 110 184 82 3 0 2; ]
2000100014[320 107 184 82 3 0 2; ]
2000100015[320 103 185 82 3 0 2; ]
2000100016[320 101 185 82 3 0 2; ]
2000100017[320 99 186 82 3 0 2; ]
2000100018[320 99 187 82 3 0 2; ]
2000100019[320 99 188 83 3 0 2; ]
2000100020[320 99 188 83 3 0 2; ]
2000100021[320 100 188 84 3 0 2; ]
2000100022[320 100 189 84 3 0 2; ]
2000100023[320 101 189 85 3 0 2; ]
2000100024[320 101 190 85 3 0 2; ]
2000100025[320 101 191 85 3 0 2; ]
2000100026[]
2000100027[]
2000100028[]
2000100029[]
2000100030[]
2000100031[]
2000100032[]
2000100033[]
2000100034[]
2000100035[]
2000100036[]
2000100037[]
2000100038[]
2000100039[]
2000100040[]
2000100041[]
2000100042[]
2000100043[]
2000100044[]
2000100045[]
2000100046[]
2000100047[]
2000100048[]
2000100049[]
2000100050[]
2000100051[]
2000100052[]
2000100053[]
2000100054[]
2000100055[]
2000100056[]
2000100057[]
2000100058[]
2000100059[]
2000100060[]
2000100061[]
2000100062[]
2000100063[]
2000100064[]
2000100065[]
2000100066[]
2000100067[]
2000100068[326 93 181 87 3 1 2; ]
2000100069[328 94 174 86 3 1 2; ]
2000100070[329 94 167 86 3 1 2; ]
2000100071[331 96 159 86 3 1 2; ]
2000100072[333 100 152 83 3 1 2; ]
2000100073[334 103 145 79 3 1 2; ]
2000100074[336 103 138 76 3 1 2; ]
2000100075[338 103 130 73 3 1 2; ]
2000100076[339 103 123 70 3 1 2; ]
2000100077[341 103 116 67 3 1 2; ]
2000100078[343 104 108 65 3 1 2; ]
2000100079[344 104 101 63 3 1 2; ]
2000100080[344 105 98 62 3 1 2; ]
2000100081[344 106 95 61 3 1 2; ]
2000100082[344 107 92 60 3 1 2; ]
2000100083[344 108 89 59 3 1 2; ]
2000100084[344 109 85 58 3 1 2; ]
2000100085[344 110 82 57 3 1 2; ]
2000100086[344 111 79 56 3 1 2; ]
2000100087[344 112 76 55 3 1 2; ]
2000100088[344 113 73 54 3 1 2; ]
2000100089[]
2000100090[]
2000100091[]
2000100092[]
2000100093[]
2000100094[]
2000100095[]
2000100096[]
2000100097[]
2000100098[]
2000100099[]
2000100100[]
2000100101[]
2000100102[]
2000100103[]
2000100104[]
2000100105[]
2000100106[]
2000100107[]
2000100108[]
2000100109[]
2000100110[]
2000100111[]
2000100112[]
2000100113[]
2000100114[]
2000100115[]
2000100116[]
2000100117[]
2000100118[]
2000100119[]
2000100120[]
2000100121[]
2000100122[]
2000100123[]
2000100124[]
2000100125[]
2000100126[]
2000100127[]
2000100128[]
2000100129[]
2000100130[]
2000100131[]
2000100132[]
2000100133[]
2000100134[]
2000100135[]
2000100136[]
2000100137[]
2000100138[]
2000100139[]
2000100140[]
2000100141[]
2000100142[]
2000100143[]
2000100144[]
2000100145[]
2000100146[]
2000100147[]
2000100148[]
2000100149[]
2000100150[]
2000100151[]
2000100152[]
2000100153[]
2000100154[]
2000100155[]
2000100156[]
2000100157[]
2000100158[]
2000100159[]
2000100160[]
2000100161[]
2000100162[]
2000100163[]
2000100164[]
2000100165[]
2000100166[]
2000100167[2 89 21 65 60 1 3; ]
2000100168[0 89 21 65 60 1 3; ]
2000100169[]
2000100170[]
2000100171[]
2000100172[]
2000100173[]
2000100174[]
2000100175[]
2000100176[]
2000100177[]
2000100178[]
2000100179[]
2000100180[]
2000100181[]
2000100182[]
2000100183[]
2000100184[]
2000100185[]
2000100186[]
2000100187[42 94 19 54 61 1 3; ]
2000100188[41 94 19 54 61 1 3; ]
2000100189[40 94 19 54 61 1 3; ]
2000100190[40 94 19 53 61 1 3; ]
2000100191[39 93 19 53 61 1 3; ]
2000100192[38 93 19 53 61 1 3; ]
2000100193[37 93 18 52 61 1 3; ]
2000100194[37 93 18 52 61 1 3; ]
2000100195[]
2000100196[]
2000100197[]
2000100198[]
2000100199[]
2000100200[]
2000100201[]
2000100202[]
2000100203[]
2000100204[]
2000100205[]
2000100206[]
2000100207[48 93 17 48 62 1 3; ]
2000100208[48 92 17 48 62 1 3; ]
2000100209[47 92 17 48 62 1 3; ]
2000100210[47 92 17 49 62 1 3; ]
2000100211[46 92 16 49 62 1 3; ]
2000100212[46 92 16 49 62 1 3; ]
2000100213[45 92 16 50 62 1 3; ]
2000100214[45 92 16 50 62 1 3; ]
2000100215[44 91 16 50 62 1 3; ]
2000100216[43 91 16 51 62 1 3; ]
2000100217[43 91 17 51 62 1 3; ]
2000100218[42 91 17 52 62 1 3; ]
2000100219[41 90 17 52 62 1 3; ]
2000100220[40 90 17 53 62 1 3; ]
2000100221[39 90 18 53 62 1 3; ]
2000100222[38 90 18 54 62 1 3; ]
2000100223[37 89 19 54 62 1 3; ]
2000100224[37 89 19 55 62 1 3; ]
2000100225[36 89 19 55 62 1 3; ]
2000100226[35 89 20 56 62 1 3; ]
2000100227[34 89 20 57 62 1 3; ]
2000100228[33 89 20 57 62 1 3; ]
2000100229[32 89 21 58 62 1 3; ]
2000100230[31 89 21 58 62 1 3; ]
2000100231[30 89 22 59 62 1 3; ]
2000100232[28 89 22 59 62 1 3; ]
2000100233[26 89 22 60 62 1 3; ]
2000100234[25 89 23 61 62 1 3; ]
2000100235[23 89 23 61 62 1 3; ]
2000100236[21 89 24 62 62 1 3; ]
2000100237[18 89 24 62 62 1 3; ]
2000100238[17 89 23 62 62 1 3; 368 116 18 49 63 1 -1; ]
2000100239[16 90 23 62 62 1 3; 368 115 18 49 63 1 -1; ]
2000100240[14 90 22 61 62 1 3; 369 115 19 49 63 1 -1; ]
2000100241[13 91 21 61 62 1 3; 369 115 19 50 63 1 -1; ]
2000100242[12 92 20 60 62 1 3; 370 114 19 50 63 1 -1; ]
2000100243[11 92 20 60 62 1 3; 370 114 20 50 63 1 -1; ]
2000100244[9 93 19 60 62 1 3; 371 114 20 51 63 1 -1; ]
2000100245[371 113 20 51 63 1 -1; ]
2000100246[372 113 21 51 63 1 -1; ]
2000100247[372 113 21 52 63 1 -1; ]
2000100248[373 112 22 52 63 1 -1; ]
2000100249[373 112 22 52 63 1 -1; ]
2000100250[374 112 22 53 63 1 -1; ]
2000100251[374 111 23 53 63 1 -1; ]
2000100252[375 111 23 53 63 1 -1; ]
2000100253[376 111 23 54 63 1 -1; ]
2000100254[376 111 24 54 63 1 -1; ]
2000100255[377 111 24 54 63 1 -1; ]
2000100256[377 111 24 54 63 1 -1; ]
2000100257[378 111 25 54 63 1 -1; ]
2000100258[378 111 25 54 63 1 -1; ]
2000100259[379 111 25 54 63 1 -1; ]
2000100260[380 111 26 55 63 1 -1; ]
2000100261[380 111 26 55 63 1 -1; ]
2000100262[381 111 26 55 63 1 -1; ]
2000100263[381 111 27 55 63 1 -1; ]
2000100264[382 111 27 55 63 1 -1; ]
2000100265[382 111 27 55 63 1 -1; ]
2000100266[383 111 27 55 63 1 -1; ]
2000100267[384 111 28 55 63 1 -1; ]
2000100268[384 111 28 56 63 1 -1; ]
2000100269[385 110 28 56 63 1 -1; ]
2000100270[387 110 28 57 63 1 -1; ]
2000100271[388 110 28 57 63 1 -1; ]
2000100272[389 109 29 58 63 1 -1; ]
2000100273[391 109 29 58 63 1 -1; ]
2000100274[392 108 29 59 63 1 -1; ]
2000100275[393 108 29 59 63 1 -1; ]
2000100276[395 108 29 60 63 1 -1; ]
2000100277[396 107 29 61 63 1 -1; ]
2000100278[397 107 30 61 63 1 -1; ]
2000100279[399 106 30 62 63 1 -1; ]
2000100280[400 106 30 62 63 1 -1; ]
2000100281[401 106 30 63 63 1 -1; ]
2000100282[403 105 30 63 63 1 -1; ]
2000100283[404 105 30 64 63 1 -1; ]
2000100284[406 104 31 65 63 1 -1; ]
2000100285[408 104 32 66 63 1 -1; ]
2000100286[410 104 32 66 63 1 -1; ]
2000100287[412 104 33 67 63 1 -1; ]
2000100288[414 103 33 68 63 1 -1; ]
2000100289[416 103 34 68 63 1 -1; ]
2000100290[418 103 35 69 63 1 -1; ]
2000100291[420 102 35 70 63 1 -1; ]
2000100292[422 102 36 71 63 1 -1; ]
2000100293[424 102 36 71 63 1 -1; ]
2000100294[426 102 37 72 63 1 -1; ]
2000100295[428 101 38 73 63 1 -1; ]
2000100296[430 101 38 74 63 1 -1; ]
2000100297[432 101 39 74 63 1 -1; ]
2000100298[434 100 39 75 63 1 -1; ]
2000100299[434 98 44 78 63 1 -1; ]
2000100300[435 96 47 79 63 1 -1; ]
2000100301[435 95 49 80 63 1 -1; ]
2000100302[436 95 49 80 63 1 -1; ]
2000100303[438 95 49 80 63 1 -1; ]
2000100304[428 107 30 65 5 1 1; 457 97 33 79 63 1 -1; ]
2000100305[430 107 30 65 5 1 1; ]
2000100306[432 107 29 65 5 1 1; ]
2000100307[434 107 29 65 5 1 1; ]
2000100308[437 107 28 65 5 1 1; ]
2000100309[439 107 27 65 5 1 1; ]
2000100310[441 107 27 65 5 1 1; ]
2000100311[443 107 26 65 5 1 1; ]
2000100312[445 107 26 65 5 0 1; 466 104 25 59 64 1 3; ]
2000100313[447 107 25 67 5 0 1; 470 104 25 65 64 1 3; ]
2000100314[449 107 25 69 5 0 1; 472 104 25 70 64 1 3; ]
2000100315[451 107 25 69 5 0 1; 474 104 26 73 64 1 3; ]
2000100316[453 107 25 69 5 0 1; 475 104 26 75 64 1 3; ]
2000100317[454 107 25 69 5 0 1; 475 104 28 76 64 1 3; ]
2000100318[456 107 25 69 5 0 1; 475 104 29 76 64 1 3; ]
2000100319[458 107 25 69 5 0 1; 475 104 31 76 64 1 3; ]
2000100320[460 105 25 70 5 0 1; 478 101 31 91 6 1 1; ]
2000100321[461 104 26 71 5 0 1; ]
2000100322[463 102 26 72 5 0 1; ]
2000100323[465 101 27 73 5 0 1; ]
2000100324[466 101 27 73 5 0 1; ]
2000100325[468 100 27 74 5 0 1; ]
2000100326[469 100 27 75 5 0 1; ]
2000100327[470 100 28 76 5 0 1; ]
2000100328[471 100 28 77 5 0 1; ]
2000100329[472 101 28 77 5 0 1; ]
2000100330[473 101 28 78 5 0 1; ]
2000100331[474 102 28 78 5 0 1; 443 121 20 32 13 0 0; ]
2000100332[475 102 28 78 5 0 1; 443 120 20 32 13 0 0; ]
2000100333[476 103 28 77 5 0 1; 443 119 20 33 13 0 0; ]
2000100334[477 105 28 76 5 0 1; 443 119 20 34 13 0 0; ]
2000100335[477 103 29 77 5 0 1; 443 119 20 34 13 0 0; ]
2000100336[478 102 29 78 5 0 1; 443 118 20 35 13 0 0; ]
2000100337[478 101 30 79 5 0 1; 442 118 20 35 13 0 0; ]
2000100338[479 100 31 79 5 0 1; 442 118 20 35 13 0 0; ]
2000100339[480 99 31 80 5 0 1; 442 118 20 35 13 0 0; ]
2000100340[442 118 20 36 13 0 0; ]
2000100341[442 118 20 36 13 0 0; ]
2000100342[442 118 20 36 13 0 0; ]
2000100343[442 118 20 36 13 0 0; ]
2000100344[442 118 20 35 13 0 0; ]
2000100345[442 118 20 35 13 0 0; ]
2000100346[441 119 20 35 13 0 0; ]
2000100347[441 118 20 36 13 0 0; ]
2000100348[440 118 20 37 13 0 0; ]
2000100349[439 118 20 38 13 0 0; ]
2000100350[439 117 20 39 13 0 0; ]
2000100351[438 117 20 39 13 0 0; ]
2000100352[437 117 20 40 13 0 0; ]
2000100353[436 117 20 40 13 0 0; ]
2000100354[436 117 20 40 13 0 0; ]
2000100355[435 117 20 40 13 0 0; ]
2000100356[434 117 20 40 13 0 0; ]
2000100357[434 118 20 40 13 0 0; ]
2000100358[433 118 20 40 13 0 0; ]
2000100359[432 119 20 39 13 0 0; 109 85 22 72 66 1 3; ]
2000100360[432 119 21 39 13 0 0; 106 85 23 72 66 1 3; ]
2000100361[431 120 21 38 13 0 0; 103 84 23 73 66 1 3; ]
2000100362[430 120 21 39 13 0 0; 100 83 23 73 66 1 3; ]
2000100363[429 119 21 39 13 0 0; 96 83 24 73 66 1 3; ]
2000100364[428 119 21 39 13 0 0; 93 82 24 74 66 1 3; ]
2000100365[426 119 21 40 13 0 0; 90 82 24 74 66 1 3; ]
2000100366[425 118 21 40 13 0 0; 87 81 25 74 66 1 3; ]
2000100367[424 118 21 40 13 0 0; 84 80 25 75 66 1 3; ]
2000100368[423 118 21 40 13 0 0; 80 80 25 75 66 1 3; ]
2000100369[422 117 21 41 13 0 0; 77 79 26 75 66 1 3; ]
2000100370[421 117 21 41 13 0 0; 74 79 26 76 66 1 3; ]
2000100371[420 117 21 41 13 0 0; 71 78 26 76 66 1 3; ]
2000100372[419 116 21 42 13 0 0; 68 77 27 76 66 1 3; ]
2000100373[417 116 22 42 13 0 0; 64 77 27 77 66 1 3; ]
2000100374[417 116 21 42 13 0 0; 61 76 27 77 66 1 3; ]
2000100375[415 115 21 42 13 0 0; 464 113 27 45 14 0 2; 57 76 29 77 66 1 3; ]
2000100376[414 115 21 43 13 0 0; 463 117 27 42 14 0 2; 52 76 30 77 66 1 3; ]
2000100377[413 115 21 43 13 0 0; 462 117 27 42 14 0 2; 47 76 31 77 66 1 3; ]
2000100378[412 115 21 42 13 0 0; 461 116 27 42 14 0 2; 43 75 32 77 66 1 3; ]
2000100379[411 115 21 42 13 0 0; 460 115 27 42 14 0 2; 38 75 33 77 66 1 3; ]
2000100380[409 115 21 42 13 0 0; 459 114 27 43 14 0 2; 33 75 34 77 66 1 3; ]
2000100381[408 114 22 42 13 0 0; 458 112 27 44 14 0 2; 28 74 34 77 66 1 3; ]
2000100382[407 114 22 42 13 0 0; 457 111 27 44 14 0 2; 23 74 34 77 66 1 3; ]
2000100383[406 111 22 41 13 0 0; 456 110 27 44 14 0 2; 18 73 34 77 66 1 3; ]
2000100384[405 108 22 41 13 0 0; 455 108 27 45 14 0 2; 13 71 35 78 66 1 3; ]
2000100385[403 106 22 41 13 0 0; 454 107 27 45 14 0 2; 7 68 35 79 66 1 3; ]
2000100386[402 104 23 43 13 0 0; 453 106 27 44 14 0 2; 2 65 35 81 66 1 3; ]
2000100387[401 102 23 44 13 0 0; 453 104 27 44 14 0 2; ]
2000100388[400 101 23 46 13 0 0; 452 103 27 44 14 0 2; ]
2000100389[398 101 23 46 13 0 0; 451 101 27 43 14 0 2; ]
2000100390[397 101 23 45 13 0 0; 450 100 27 43 14 0 2; ]
2000100391[396 102 23 43 13 0 0; 447 101 28 43 14 0 2; ]
2000100392[395 103 23 44 13 0 0; 444 102 29 43 14 0 2; ]
2000100393[393 103 23 44 13 0 0; 442 102 30 43 14 0 2; ]
2000100394[392 103 23 45 13 0 0; 440 103 31 44 14 0 2; ]
2000100395[391 104 23 45 13 0 0; 438 104 32 44 14 0 2; ]
2000100396[390 104 23 46 13 0 0; 437 105 32 44 14 0 2; ]
2000100397[389 105 23 46 13 0 0; 436 106 32 44 14 0 2; ]
2000100398[389 105 23 46 13 0 0; 434 106 32 45 14 0 2; ]
2000100399[388 106 23 46 13 0 0; 434 107 33 45 14 0 2; ]
2000100400[117 28 24 47 7 1 1; 388 107 23 46 13 0 0; 433 108 33 45 14 0 2; ]
2000100401[114 28 24 48 7 1 1; 387 108 23 46 13 0 0; 433 109 33 45 14 0 2; ]
2000100402[112 28 24 49 7 1 1; 387 109 23 46 13 0 0; 433 110 32 46 14 0 2; ]
2000100403[109 28 24 49 7 1 1; 136 19 21 57 10 1 1; 386 110 23 45 13 0 0; 433 110 32 46 14 0 2; ]
2000100404[107 28 24 50 7 1 1; 134 21 21 57 10 1 1; 386 111 23 45 13 0 0; 434 111 31 46 14 0 2; ]
2000100405[104 28 24 51 7 1 1; 131 22 21 58 10 1 1; 385 112 23 45 13 0 0; 434 112 29 46 14 0 2; ]
2000100406[102 28 24 52 7 1 1; 129 24 21 59 10 1 1; 385 114 23 45 13 0 0; 435 112 29 46 14 0 2; ]
2000100407[99 28 24 52 7 1 1; 127 25 21 59 10 1 1; 385 114 24 45 13 0 0; 435 112 29 46 14 0 2; ]
2000100408[96 28 24 53 7 1 1; 124 25 22 60 10 1 1; 386 114 24 45 13 0 0; 435 112 29 46 14 0 2; ]
2000100409[94 28 24 54 7 1 1; 122 25 22 60 10 1 1; 386 114 24 45 13 0 0; 436 113 29 46 14 0 2; ]
2000100410[91 28 24 55 7 1 1; 120 25 22 61 10 1 1; 386 114 24 46 13 0 0; 436 113 29 46 14 0 2; ]
2000100411[89 28 24 55 7 1 1; 118 25 22 62 10 1 1; 386 114 24 46 13 0 0; 436 113 29 46 14 0 2; ]
2000100412[86 28 24 56 7 1 1; 115 25 22 62 10 1 1; 386 114 24 46 13 0 0; 437 113 29 46 14 0 2; ]
2000100413[83 28 25 57 7 1 1; 113 25 22 63 10 1 1; 387 114 24 47 13 0 0; 437 113 29 45 14 0 2; ]
2000100414[81 28 25 58 7 1 1; 111 25 22 64 10 1 1; 387 114 24 47 13 0 0; 437 113 30 45 14 0 2; ]
2000100415[78 28 25 59 7 1 1; 109 25 22 64 10 1 1; 387 114 24 47 13 0 0; 438 113 30 45 14 0 2; ]
2000100416[77 27 24 59 7 1 1; 106 24 22 65 10 1 1; 387 114 24 47 13 0 0; 438 113 30 45 14 0 2; ]
2000100417[75 26 24 59 7 1 1; 104 24 22 66 10 1 1; 387 114 24 48 13 0 0; 438 114 30 45 14 0 2; ]
2000100418[73 25 24 60 7 1 1; 102 24 22 66 10 1 1; 388 114 24 48 13 0 0; 439 114 30 45 14 0 2; ]
2000100419[71 24 24 60 7 1 1; 98 22 22 67 10 1 1; 388 114 24 48 13 0 0; 439 114 30 45 14 0 2; ]
2000100420[69 23 24 60 7 1 1; 95 21 22 68 10 1 1; 388 114 25 49 13 0 0; 439 114 30 45 14 0 2; ]
2000100421[66 22 24 60 7 1 1; 92 19 22 69 10 1 1; 388 114 25 49 13 0 0; 440 114 30 45 14 0 2; ]
2000100422[63 21 23 60 7 1 1; 89 18 22 70 10 1 1; 388 112 25 50 13 0 0; 440 114 29 46 14 0 2; ]
2000100423[60 20 23 60 7 1 1; 86 16 23 71 10 1 1; 388 111 25 51 13 0 0; 441 113 29 47 14 0 2; ]
2000100424[57 19 23 60 7 1 1; 82 15 23 71 10 1 1; 388 110 25 52 13 0 0; 442 113 29 48 14 0 2; ]
2000100425[54 18 23 60 7 1 1; 79 13 23 72 10 1 1; 388 109 25 53 13 0 0; 442 112 30 48 14 0 2; ]
2000100426[50 16 24 60 7 1 1; 76 12 23 73 10 1 1; 388 108 25 53 13 0 0; 443 112 30 49 14 0 2; ]
2000100427[46 15 24 60 7 1 1; 73 10 23 74 10 1 1; 388 108 25 54 13 0 0; 444 111 30 49 14 0 2; ]
2000100428[42 14 25 60 7 1 1; 69 9 23 75 10 1 1; 388 107 25 54 13 0 0; 444 110 30 50 14 0 2; ]
2000100429[37 12 26 60 7 1 1; 66 7 23 75 10 1 1; 388 107 25 55 13 0 0; 445 109 31 50 14 0 2; ]
2000100430[32 11 28 60 7 1 1; 63 6 23 76 10 1 1; 388 107 25 55 13 0 0; 445 109 31 50 14 0 2; ]
2000100431[60 4 23 77 10 1 1; 388 107 25 55 13 0 0; 446 108 31 50 14 0 2; ]
2000100432[56 3 23 78 10 1 1; 388 107 25 55 13 0 0; 446 108 30 51 14 0 2; ]
2000100433[53 1 23 79 10 1 1; 388 107 25 55 13 0 0; 446 108 28 51 14 0 2; ]
2000100434[49 2 24 80 10 1 1; 388 108 25 54 13 0 0; 447 108 28 50 14 0 2; ]
2000100435[44 3 26 81 10 1 1; 388 109 25 54 13 0 0; 447 110 28 48 14 0 2; ]
2000100436[39 3 27 83 10 1 1; 388 110 25 53 13 0 0; 448 111 28 48 14 0 2; ]
2000100437[35 4 28 84 10 1 1; 388 110 25 53 13 0 0; 448 112 29 48 14 0 2; ]
2000100438[30 5 29 85 10 1 1; 388 111 25 54 13 0 0; 448 112 29 49 14 0 2; ]
2000100439[25 5 30 87 10 1 1; 388 111 26 54 13 0 0; 448 113 29 49 14 0 2; ]
2000100440[21 6 30 88 10 1 1; 388 112 26 55 13 0 0; 449 113 30 49 14 0 2; ]
2000100441[16 7 30 89 10 1 1; 388 112 26 55 13 0 0; 449 114 30 49 14 0 2; ]
2000100442[11 7 30 91 10 1 1; 388 113 27 55 13 0 0; 449 115 30 49 14 0 2; ]
2000100443[7 8 30 92 10 1 1; 388 114 27 56 13 0 0; 449 115 31 49 14 0 2; ]
2000100444[2 9 30 93 10 1 1; 388 114 27 56 13 0 0; 449 116 31 49 14 0 2; ]
2000100445[388 115 28 56 13 0 0; 450 117 31 49 14 0 2; ]
2000100446[388 115 28 57 13 0 0; 450 117 32 50 14 0 2; ]
2000100447[388 116 28 57 13 0 0; 450 118 32 50 14 0 2; ]
2000100448[388 116 29 57 13 0 0; 450 119 32 50 14 0 2; ]
2000100449[388 117 29 58 13 0 0; 451 119 33 50 14 0 2; ]
2000100450[388 118 29 58 13 0 0; 451 120 33 50 14 0 2; ]
2000100451[388 118 30 59 13 0 0; 452 120 33 50 14 0 2; ]
2000100452[389 118 30 59 13 0 0; 453 120 33 50 14 0 2; ]
2000100453[389 118 30 59 13 0 0; 453 120 34 50 14 0 2; ]
2000100454[390 118 30 59 13 0 0; 454 120 34 50 14 0 2; ]
2000100455[390 118 30 59 13 0 0; 454 121 35 51 14 0 2; ]
2000100456[391 118 30 59 13 0 0; 455 121 35 51 14 0 2; ]
2000100457[391 117 30 59 13 0 0; 455 121 36 51 14 0 2; ]
2000100458[392 117 31 60 13 0 0; 455 121 36 51 14 0 2; ]
2000100459[392 117 31 60 13 0 0; 455 121 37 52 14 0 2; ]
2000100460[393 116 31 60 13 0 0; 455 121 38 52 14 0 2; ]
2000100461[393 116 31 61 13 0 0; 467 121 27 49 15 0 0; 453 121 21 51 16 0 1; ]
2000100462[394 114 31 62 13 0 0; 468 117 27 50 15 0 0; 453 119 21 51 16 0 1; ]
2000100463[394 113 31 64 13 0 0; 468 113 28 51 15 0 0; 453 118 22 51 16 0 1; ]
2000100464[395 111 31 65 13 0 0; 468 110 28 52 15 0 0; 453 116 22 51 16 1 1; ]
2000100465[396 109 31 67 13 0 0; 469 107 29 52 15 0 0; 453 115 22 52 16 1 1; ]
2000100466[396 107 31 70 13 0 0; 470 106 29 53 15 0 0; 453 113 22 52 16 1 1; ]
2000100467[397 105 32 69 13 0 0; 471 105 29 53 15 0 0; 453 111 22 53 16 1 1; ]
2000100468[398 103 32 68 13 0 0; 472 104 29 54 15 0 0; 453 108 22 54 16 1 1; ]
2000100469[398 102 33 68 13 0 0; 474 105 29 54 15 0 0; 453 106 23 55 16 1 1; ]
2000100470[399 103 33 68 13 0 0; 476 106 29 54 15 0 0; 454 108 23 54 16 1 1; ]
2000100471[400 105 33 68 13 0 0; 478 107 29 54 15 0 0; 455 110 24 54 16 1 1; ]
2000100472[400 106 33 68 13 0 0; 479 107 29 55 15 0 0; 456 110 24 53 16 1 1; ]
2000100473[401 105 33 69 13 0 0; 480 107 29 55 15 0 0; 456 110 24 52 16 1 1; ]
2000100474[401 103 34 70 13 0 0; 481 107 29 55 15 0 0; 457 110 24 52 16 1 1; ]
2000100475[407 107 23 62 13 0 0; 484 108 20 48 15 0 0; 458 110 23 51 16 1 1; ]
2000100476[408 106 24 64 13 0 0; 485 108 21 47 15 0 0; 458 110 23 51 16 1 1; ]
2000100477[410 105 24 65 13 0 0; 486 108 22 46 15 0 0; 458 110 23 51 16 1 1; ]
2000100478[411 105 25 67 13 0 0; 487 108 22 45 15 0 0; 458 110 23 51 16 1 1; ]
2000100479[412 104 25 68 13 0 0; 458 110 24 51 16 1 1; ]
2000100480[414 104 26 69 13 0 0; 458 110 24 51 16 1 1; ]
2000100481[415 103 26 70 13 0 0; 464 110 15 48 71 1 3; ]
2000100482[416 103 27 71 13 0 0; 464 110 15 49 71 1 3; ]
2000100483[418 103 27 71 13 0 0; 465 110 15 50 71 1 3; ]
2000100484[419 103 28 72 13 0 0; 465 110 15 50 71 1 3; ]
2000100485[420 103 29 72 13 0 0; 465 110 15 50 71 1 3; ]
2000100486[422 103 29 72 13 0 0; 465 111 15 49 71 1 3; ]
2000100487[423 103 30 73 13 0 0; 465 112 15 48 71 1 3; ]
2000100488[424 103 30 73 13 0 0; 466 113 14 48 71 1 3; ]
2000100489[426 103 31 73 13 0 0; 466 113 15 48 71 1 3; ]
2000100490[427 104 31 73 13 0 0; 467 111 15 49 71 1 3; ]
2000100491[425 98 41 84 13 0 0; 469 110 16 49 71 1 3; ]
2000100492[427 97 41 85 13 0 0; 470 108 16 50 71 1 3; ]
2000100493[429 95 41 86 13 0 0; 470 108 16 51 71 1 3; ]
2000100494[431 94 41 87 13 0 0; 471 107 16 51 71 1 3; ]
2000100495[433 92 41 89 13 0 0; 472 106 17 51 71 1 3; ]
2000100496[435 90 41 90 13 0 0; 472 106 17 52 71 1 3; ]
2000100497[437 90 42 90 13 0 0; 473 106 16 51 71 1 3; ]
2000100498[439 89 42 91 13 0 0; 474 107 16 51 71 1 3; 424 116 12 37 72 1 3; ]
2000100499[441 89 43 92 13 0 0; 475 107 16 51 71 1 3; 424 116 13 37 72 1 3; ]
2000100500[444 88 44 93 13 0 0; 476 107 16 50 71 1 3; 424 116 13 37 72 1 3; ]
2000100501[446 88 44 93 13 0 0; 477 108 15 50 71 1 3; 424 116 14 38 72 1 3; ]
2000100502[448 87 45 94 13 0 0; 424 116 14 38 72 1 3; ]
2000100503[450 87 46 95 13 0 0; 424 116 14 38 72 1 3; ]
2000100504[453 86 46 96 13 0 0; 424 116 15 38 72 1 3; ]
2000100505[455 86 47 97 13 0 0; 424 116 15 38 72 1 3; ]
2000100506[457 85 48 97 13 0 0; 422 112 21 47 18 0 2; ]
2000100507[459 85 48 98 13 0 0; 422 112 22 46 18 0 2; ]
2000100508[461 84 49 99 13 0 0; 422 111 23 46 18 0 2; ]
2000100509[422 111 24 46 18 0 2; ]
2000100510[422 111 25 46 18 0 2; ]
2000100511[422 111 25 46 18 0 2; ]
2000100512[422 111 26 46 18 0 2; ]
2000100513[422 111 27 47 18 0 2; ]
2000100514[422 111 28 48 18 0 2; ]
2000100515[422 111 29 49 18 0 2; ]
2000100516[422 111 30 50 18 0 2; ]
2000100517[422 111 31 50 18 0 2; ]
2000100518[421 111 32 50 18 0 2; ]
2000100519[420 111 34 49 18 0 2; ]
2000100520[419 112 36 49 18 0 2; ]
2000100521[418 112 38 48 18 0 2; ]
2000100522[417 112 40 49 18 0 2; ]
2000100523[417 113 42 50 18 0 2; ]
2000100524[417 113 44 52 18 0 2; ]
2000100525[416 113 46 52 18 0 2; ]
2000100526[416 113 48 53 18 0 2; ]
2000100527[415 114 50 54 18 0 2; ]
2000100528[415 114 52 55 18 0 2; ]
2000100529[415 114 54 55 18 0 2; ]
2000100530[414 115 56 56 18 0 2; ]
2000100531[414 115 58 56 18 0 2; ]
2000100532[414 115 59 56 18 0 2; ]
2000100533[413 115 61 56 18 0 2; ]
2000100534[413 116 63 56 18 0 2; ]
2000100535[412 116 65 56 18 0 2; ]
2000100536[412 116 67 56 18 0 2; ]
2000100537[412 116 68 57 18 0 2; ]
2000100538[412 115 69 58 18 0 2; ]
2000100539[412 114 70 59 18 0 2; ]
2000100540[412 113 72 59 18 0 2; ]
2000100541[412 112 73 60 18 0 2; ]
2000100542[412 111 74 60 18 0 2; ]
2000100543[412 111 75 61 18 0 2; ]
2000100544[412 110 76 61 18 0 2; ]
2000100545[412 109 77 62 18 0 2; ]
2000100546[412 108 78 62 18 0 2; ]
2000100547[412 107 79 62 18 0 2; ]
2000100548[412 107 80 62 18 0 2; ]
2000100549[412 106 81 62 18 0 2; ]
2000100550[412 105 82 62 18 0 2; ]
2000100551[412 104 83 62 18 0 2; ]
2000100552[412 106 84 62 18 0 2; ]
2000100553[412 108 84 62 18 0 2; ]
2000100554[412 110 85 62 18 0 2; ]
2000100555[412 111 86 62 18 0 2; ]
2000100556[412 112 86 62 18 0 2; ]
2000100557[412 113 87 62 18 0 2; ]
2000100558[412 114 88 62 18 0 2; ]
2000100559[412 114 89 62 18 0 2; ]
2000100560[412 114 89 62 18 0 2; ]
2000100561[412 114 90 62 18 0 2; ]
2000100562[412 113 91 62 18 0 2; ]
2000100563[412 113 91 62 18 0 2; ]
2000100564[412 112 92 62 18 0 2; ]
2000100565[412 115 86 54 18 0 2; ]
2000100566[413 112 86 54 18 0 2; ]
2000100567[413 110 86 55 18 0 2; ]
2000100568[414 108 86 56 18 0 2; ]
2000100569[415 106 86 56 18 0 2; ]
2000100570[416 105 86 57 18 0 2; ]
2000100571[416 104 86 57 18 0 2; ]
2000100572[417 104 86 57 18 0 2; ]
2000100573[418 104 86 58 18 0 2; ]
2000100574[418 105 86 58 18 0 2; ]
2000100575[419 106 86 58 18 0 2; ]
2000100576[420 108 86 58 18 0 2; ]
2000100577[421 110 86 58 18 0 2; ]
2000100578[421 112 86 58 18 0 2; ]
2000100579[422 115 86 58 18 0 2; ]
2000100580[423 119 86 58 18 0 2; ]
2000100581[424 120 85 58 18 0 2; ]
2000100582[425 120 85 57 18 0 2; ]
2000100583[]
2000100584[]
2000100585[82 99 22 51 74 1 3; ]
2000100586[80 98 22 51 74 1 3; ]
2000100587[79 97 22 52 74 1 3; ]
2000100588[77 96 22 53 74 1 3; ]
2000100589[75 95 22 54 74 1 3; ]
2000100590[73 95 22 55 74 1 3; ]
2000100591[71 94 22 55 74 1 3; ]
2000100592[69 93 22 56 74 1 3; ]
2000100593[67 92 22 57 74 1 3; ]
2000100594[65 91 22 58 74 1 3; ]
2000100595[63 91 22 58 74 1 3; ]
2000100596[61 90 23 59 74 1 3; ]
2000100597[58 89 23 60 74 1 3; ]
2000100598[56 88 23 61 74 1 3; ]
2000100599[53 87 23 61 74 1 3; ]
2000100600[51 86 23 62 74 1 3; ]
2000100601[47 86 23 63 74 1 3; 24 81 19 71 77 1 3; ]
2000100602[44 86 24 63 74 1 3; 22 81 20 73 77 1 3; ]
2000100603[40 85 24 63 74 1 3; 20 81 21 75 77 1 3; ]
2000100604[37 85 24 64 74 1 3; 17 81 21 77 77 1 3; ]
2000100605[33 84 24 64 74 1 3; 403 117 19 52 76 1 3; 14 81 22 78 77 1 3; ]
2000100606[30 84 25 64 74 1 3; 403 116 20 52 76 1 3; 11 81 22 79 77 1 3; ]
2000100607[26 84 25 64 74 1 3; 402 116 21 53 76 1 3; 7 80 23 81 77 1 3; ]
2000100608[23 83 25 65 74 1 3; 401 115 22 53 76 1 3; 4 80 23 82 77 1 3; ]
2000100609[19 83 26 65 74 1 3; 400 115 23 54 76 1 3; 0 80 24 83 77 1 3; ]
2000100610[16 82 26 65 74 1 3; 400 114 23 54 76 1 3; ]
2000100611[12 82 26 66 74 1 3; 399 114 24 55 76 1 3; ]
2000100612[9 82 27 66 74 1 3; 398 113 25 55 76 1 3; ]
2000100613[5 81 27 66 74 1 3; 397 113 26 56 76 1 3; ]
2000100614[2 81 27 67 74 1 3; 396 112 26 56 76 1 3; ]
2000100615[396 112 27 57 76 1 3; ]
2000100616[395 111 28 57 76 1 3; ]
2000100617[388 109 31 56 19 1 0; ]
2000100618[387 108 31 56 19 1 0; ]
2000100619[387 108 32 57 19 1 0; ]
2000100620[386 107 32 58 19 1 0; ]
2000100621[385 107 32 59 19 1 0; ]
2000100622[385 107 32 60 19 1 0; ]
2000100623[384 106 32 60 19 1 0; ]
2000100624[382 106 33 61 19 1 0; ]
2000100625[381 106 33 62 19 1 0; ]
2000100626[379 106 34 62 19 1 0; ]
2000100627[377 105 34 63 19 1 0; ]
2000100628[375 105 35 63 19 1 0; ]
2000100629[375 106 35 63 19 1 0; ]
2000100630[374 106 34 63 19 1 0; ]
2000100631[373 106 34 63 19 0 0; ]
2000100632[372 107 34 63 19 0 0; ]
2000100633[371 107 34 64 19 0 0; ]
2000100634[371 107 34 65 19 0 0; ]
2000100635[370 108 34 67 19 0 0; ]
2000100636[370 108 34 69 19 0 0; ]
2000100637[369 108 34 71 19 0 0; ]
2000100638[369 108 34 71 19 0 0; ]
2000100639[368 108 34 71 19 0 0; ]
2000100640[368 108 34 71 19 0 0; ]
2000100641[367 107 34 72 19 0 0; ]
2000100642[367 106 35 73 19 0 0; ]
2000100643[366 104 36 75 19 0 0; ]
2000100644[366 101 37 77 19 0 0; ]
2000100645[365 98 38 80 19 0 0; ]
2000100646[365 95 40 82 19 0 0; ]
2000100647[365 95 40 82 19 0 0; ]
2000100648[366 95 40 82 19 0 0; ]
2000100649[367 94 40 83 19 0 0; ]
2000100650[368 94 41 84 19 0 0; ]
2000100651[370 94 42 85 19 0 0; ]
2000100652[372 94 43 86 19 0 0; ]
2000100653[373 94 43 88 19 0 0; ]
2000100654[375 94 45 90 19 0 0; ]
2000100655[378 94 45 90 19 0 0; ]
2000100656[380 94 45 90 19 0 0; ]
2000100657[383 93 45 91 19 0 0; ]
2000100658[386 92 46 94 19 0 0; ]
2000100659[389 91 47 96 19 0 0; ]
2000100660[392 90 48 100 19 0 0; ]
2000100661[395 89 49 103 19 0 0; ]
2000100662[399 87 51 107 19 0 0; ]
2000100663[403 86 51 107 19 0 0; ]
2000100664[409 86 51 109 19 0 0; ]
2000100665[415 85 52 112 19 0 0; ]
2000100666[421 84 52 117 19 0 0; ]
2000100667[428 83 53 121 19 0 0; ]
2000100668[436 82 54 125 19 0 0; ]
2000100669[443 81 55 127 19 0 0; ]
2000100670[453 80 56 128 19 0 0; ]
2000100671[]
2000100672[]
2000100673[]
2000100674[]
2000100675[]
2000100676[]
2000100677[]
2000100678[]
2000100679[]
2000100680[]
2000100681[]
2000100682[]
2000100683[]
2000100684[]
2000100685[]
2000100686[]
2000100687[]
2000100688[]
2000100689[]
2000100690[]
2000100691[]
2000100692[]
2000100693[]
2000100694[]
2000100695[]
2000100696[]
2000100697[]
2000100698[]
2000100699[]
2000100700[]
2000100701[]
2000100702[]
2000100703[472 118 12 43 21 1 2; ]
2000100704[472 118 15 43 21 1 2; ]
2000100705[473 118 18 43 21 1 2; ]
2000100706[473 117 21 44 21 1 2; ]
2000100707[473 117 24 44 21 1 2; ]
2000100708[474 117 27 44 21 1 2; ]
2000100709[474 116 29 44 21 1 2; ]
2000100710[475 116 31 44 21 1 2; ]
2000100711[475 116 34 45 21 1 2; ]
2000100712[]
2000100713[]
2000100714[]
2000100715[]
2000100716[]
2000100717[]
2000100718[]
2000100719[]
2000100720[]
2000100721[]
2000100722[]
2000100723[]
2000100724[]
2000100725[]
2000100726[]
2000100727[]
2000100728[]
2000100729[]
2000100730[]
2000100731[]
2000100732[]
2000100733[]
2000100734[]
2000100735[]
2000100736[]
2000100737[]
2000100738[]
2000100739[]
2000100740[]
2000100741[]
2000100742[]
2000100743[]
2000100744[]
2000100745[]
2000100746[]
2000100747[]
2000100748[]
2000100749[]
2000100750[]
2000100751[]
2000100752[]
2000100753[]
2000100754[]
2000100755[]
2000100756[]
2000100757[]
2000100758[]
2000100759[]
2000100760[]
2000100761[]
2000100762[]
2000100763[]
2000100764[]
2000100765[]
2000100766[]
2000100767[]
2000100768[]
2000100769[]
2000100770[]
2000100771[]
2000100772[]
2000100773[]
2000100774[]
2000100775[]
2000100776[]
2000100777[]
2000100778[]
2000100779[]
2000100780[]
2000100781[407 122 17 31 79 1 -1; ]
2000100782[407 122 17 31 79 1 -1; ]
2000100783[406 122 17 31 79 1 -1; ]
2000100784[405 121 17 31 79 1 -1; ]
2000100785[404 121 17 31 79 1 -1; ]
2000100786[403 121 17 31 79 1 -1; ]
2000100787[401 121 17 31 79 1 -1; ]
2000100788[400 121 17 31 79 1 -1; ]
2000100789[399 121 17 31 79 1 -1; ]
2000100790[397 121 17 31 79 1 -1; ]
2000100791[396 121 17 31 79 1 -1; ]
2000100792[394 120 17 31 79 1 -1; ]
2000100793[392 120 17 31 79 1 -1; ]
2000100794[390 120 18 31 79 1 -1; ]
2000100795[388 120 18 31 79 1 -1; ]
2000100796[385 120 19 31 79 1 -1; ]
2000100797[383 119 19 31 79 1 -1; ]
2000100798[381 118 18 31 79 1 -1; ]
2000100799[380 117 18 31 79 1 -1; ]
2000100800[378 117 18 31 79 1 -1; ]
2000100801[376 117 18 31 79 1 -1; ]
2000100802[374 116 17 31 79 1 -1; ]
2000100803[372 116 17 32 79 1 -1; ]
2000100804[370 116 17 32 79 1 -1; ]
2000100805[368 118 17 32 79 1 -1; ]
2000100806[367 122 16 34 79 1 -1; ]
2000100807[365 125 16 35 79 1 -1; ]
2000100808[363 127 16 36 79 1 -1; ]
2000100809[361 126 15 37 79 1 -1; ]
2000100810[359 124 15 38 79 1 -1; ]
2000100811[357 121 15 38 79 1 -1; ]
2000100812[]
2000100813[]
2000100814[348 97 20 46 22 1 2; ]
2000100815[348 100 18 44 22 1 2; ]
2000100816[347 103 17 42 22 1 2; ]
2000100817[347 106 16 41 22 1 2; ]
2000100818[347 108 15 40 22 1 2; ]
2000100819[346 110 15 39 22 1 2; ]
2000100820[346 112 15 39 22 1 2; ]
2000100821[346 114 15 39 22 1 2; ]
2000100822[345 115 15 39 22 1 2; ]
2000100823[345 116 15 39 22 1 2; ]
2000100824[345 117 15 39 22 1 2; ]
2000100825[344 118 16 39 22 0 2; ]
2000100826[344 119 17 39 22 0 2; ]
2000100827[344 117 17 40 22 0 2; ]
2000100828[344 115 16 40 22 0 2; ]
2000100829[345 114 16 40 22 0 2; 288 111 21 43 23 0 0; ]
2000100830[345 113 16 41 22 0 2; 287 112 21 43 23 0 0; ]
2000100831[346 112 16 41 22 0 2; 287 113 22 44 23 0 0; ]
2000100832[346 111 16 41 22 0 2; 287 114 22 44 23 0 0; ]
2000100833[347 111 16 41 22 0 2; 286 114 22 44 23 0 0; ]
2000100834[348 111 16 41 22 0 2; 286 115 22 44 23 0 0; ]
2000100835[349 111 16 41 22 0 2; 286 115 22 44 23 0 0; ]
2000100836[350 111 16 41 22 0 2; 286 115 22 44 23 0 0; ]
2000100837[351 111 16 41 22 0 2; 286 115 22 44 23 0 0; ]
2000100838[353 111 16 41 22 0 2; 286 115 22 45 23 0 0; ]
2000100839[354 111 16 40 22 0 2; 286 115 22 45 23 0 0; ]
2000100840[356 111 16 40 22 0 2; 286 115 22 45 23 0 0; ]
2000100841[358 111 15 40 22 0 2; 286 114 22 45 23 0 0; ]
2000100842[359 111 16 40 22 0 2; 287 113 22 45 23 0 0; ]
2000100843[360 111 16 40 22 0 2; 287 113 22 46 23 0 0; ]
2000100844[361 111 16 40 22 0 2; 288 111 22 46 23 0 0; ]
2000100845[363 111 16 41 22 0 2; 288 111 23 46 23 0 0; ]
2000100846[364 111 17 41 22 0 2; 289 111 23 46 23 0 0; ]
2000100847[366 111 17 41 22 0 2; 290 111 23 47 23 0 0; ]
2000100848[368 111 17 41 22 0 2; 291 111 24 47 23 0 0; ]
2000100849[369 110 17 42 22 0 2; 292 111 24 47 23 0 0; ]
2000100850[371 110 17 42 22 0 2; 293 111 24 48 23 0 0; ]
2000100851[373 110 17 42 22 0 2; 294 111 24 48 23 0 0; ]
2000100852[375 110 18 42 22 0 2; 295 110 24 48 23 0 0; ]
2000100853[377 110 18 43 22 0 2; 296 110 24 49 23 0 0; ]
2000100854[379 110 18 43 22 0 2; 298 110 24 49 23 0 0; ]
2000100855[382 110 18 43 22 0 2; 300 110 24 49 23 0 0; ]
2000100856[384 110 18 43 22 0 2; 301 110 24 50 23 0 0; ]
2000100857[386 110 19 43 22 0 2; 303 110 24 50 23 0 0; ]
2000100858[389 110 19 44 22 0 2; 305 110 24 50 23 0 0; ]
2000100859[391 110 20 44 22 0 2; 307 110 23 51 23 0 0; ]
2000100860[394 110 21 44 22 0 2; 309 109 24 51 23 0 0; ]
2000100861[396 111 22 44 22 0 2; 311 109 24 51 23 0 0; ]
2000100862[398 111 23 44 22 0 2; 313 109 24 51 23 0 0; ]
2000100863[401 111 24 44 22 0 2; 315 109 24 52 23 0 0; ]
2000100864[403 111 24 44 22 0 2; 316 109 25 52 23 0 0; ]
2000100865[406 111 25 44 22 0 2; 318 109 25 52 23 0 0; ]
2000100866[408 112 26 45 22 0 2; 320 109 25 52 23 0 0; ]
2000100867[410 112 27 45 22 0 2; 322 109 25 53 23 0 0; ]
2000100868[413 112 28 45 22 0 2; 324 110 26 53 23 0 0; ]
2000100869[415 112 29 45 22 0 2; 326 110 26 53 23 0 0; ]
2000100870[418 112 29 45 22 0 2; 328 111 26 54 23 0 0; ]
2000100871[420 113 30 45 22 0 2; 329 112 26 54 23 0 0; ]
2000100872[422 114 30 45 22 0 2; 331 114 26 54 23 0 0; ]
2000100873[425 115 31 45 22 0 2; 333 115 27 55 23 0 0; ]
2000100874[427 116 31 45 22 0 2; 335 116 27 55 23 0 0; ]
2000100875[429 117 31 45 22 0 2; 337 116 27 55 23 0 0; ]
2000100876[431 118 31 45 22 0 2; 339 116 27 55 23 0 0; ]
2000100877[433 118 31 46 22 0 2; 341 116 28 56 23 0 0; ]
2000100878[436 119 31 46 22 0 2; 342 116 28 56 23 0 0; ]
2000100879[438 119 31 46 22 0 2; 344 116 28 56 23 0 0; ]
2000100880[440 119 31 46 22 0 2; 346 115 28 56 23 0 0; ]
2000100881[442 119 31 46 22 0 2; 348 115 29 56 23 0 0; ]
2000100882[445 118 32 46 22 0 2; 350 115 29 57 23 0 0; ]
2000100883[447 118 32 47 22 0 2; 352 115 29 57 23 0 0; ]
2000100884[449 117 32 47 22 0 2; 354 115 30 57 23 0 0; ]
2000100885[451 117 32 47 22 0 2; 356 115 30 57 23 0 0; ]
2000100886[454 116 32 48 22 0 2; 357 114 30 57 23 0 0; ]
2000100887[455 115 33 49 22 0 2; 359 114 30 58 23 0 0; ]
2000100888[456 115 33 50 22 0 2; 361 114 31 58 23 0 0; ]
2000100889[458 114 34 50 22 0 2; 363 114 31 58 23 0 0; ]
2000100890[459 114 34 51 22 0 2; 365 114 31 59 23 0 0; ]
2000100891[461 114 35 52 22 0 2; 367 114 31 59 23 0 0; ]
2000100892[462 114 35 52 22 0 2; 368 114 32 60 23 0 0; ]
2000100893[463 114 36 53 22 0 2; 370 115 32 61 23 0 0; ]
2000100894[465 114 36 53 22 0 2; 372 115 32 62 23 0 0; ]
2000100895[466 114 37 53 22 0 2; 374 115 32 63 23 0 0; ]
2000100896[467 114 38 53 22 0 2; 376 115 33 63 23 0 0; ]
2000100897[469 115 38 53 22 0 2; 378 115 33 64 23 0 0; ]
2000100898[470 115 39 53 22 0 2; 379 115 33 65 23 0 0; ]
2000100899[471 116 39 53 22 0 2; 381 116 34 66 23 0 0; ]
2000100900[383 116 34 66 23 0 0; ]
2000100901[385 116 34 67 23 0 0; ]
2000100902[387 116 34 68 23 0 0; ]
2000100903[389 116 35 69 23 0 0; ]
2000100904[390 116 35 70 23 0 0; ]
2000100905[393 115 35 70 23 0 0; ]
2000100906[395 114 36 71 23 0 0; ]
2000100907[397 112 36 72 23 0 0; ]
2000100908[400 111 36 72 23 0 0; ]
2000100909[402 110 37 73 23 0 0; ]
2000100910[404 108 37 74 23 0 0; ]
2000100911[407 107 38 74 23 0 0; ]
2000100912[409 106 38 75 23 0 0; ]
2000100913[411 104 38 76 23 0 0; ]
2000100914[414 103 39 76 23 0 0; ]
2000100915[416 102 39 77 23 0 0; ]
2000100916[418 100 39 78 23 0 0; ]
2000100917[421 99 40 78 23 0 0; ]
2000100918[423 98 40 79 23 0 0; ]
2000100919[425 96 41 80 23 0 0; ]
2000100920[429 95 41 81 23 0 0; ]
2000100921[432 95 42 82 23 0 0; ]
2000100922[435 94 42 83 23 0 0; ]
2000100923[439 93 43 84 23 0 0; ]
2000100924[442 93 43 86 23 0 0; ]
2000100925[445 93 44 87 23 0 0; ]
2000100926[449 93 44 88 23 0 0; ]
2000100927[452 93 45 89 23 0 0; ]
2000100928[456 93 45 90 23 0 0; ]
2000100929[459 93 46 91 23 0 0; ]
2000100930[462 93 46 92 23 0 0; ]
2000100931[]
2000100932[]
2000100933[]
2000100934[]
2000100935[]
2000100936[]
2000100937[]
2000100938[]
2000100939[]
2000100940[]
2000100941[]
2000100942[]
2000100943[]
2000100944[]
2000100945[]
2000100946[]
2000100947[]
2000100948[]
2000100949[]
2000100950[]
2000100951[]
2000100952[]
2000100953[]
2000100954[]
2000100955[]
2000100956[]
2000100957[]
2000100958[]
2000100959[]
2000100960[]
2000100961[]
2000100962[]
2000100963[]
2000100964[]
2000100965[]
2000100966[]
2000100967[]
2000100968[]
2000100969[]
2000100970[]
2000100971[463 120 20 34 25 0 0; ]
2000100972[463 120 20 34 25 0 0; ]
2000100973[463 119 20 35 25 0 0; ]
2000100974[463 118 20 37 25 0 0; ]
2000100975[463 116 20 38 25 0 0; ]
2000100976[463 115 20 39 25 0 0; ]
2000100977[464 115 20 39 25 0 0; ]
2000100978[464 115 20 39 25 0 0; ]
2000100979[464 115 20 39 25 0 0; ]
2000100980[464 115 20 39 25 0 0; ]
2000100981[464 116 20 39 25 0 0; ]
2000100982[464 116 20 39 25 0 0; ]
2000100983[465 116 20 39 25 0 0; ]
2000100984[465 117 20 38 25 0 0; ]
2000100985[465 118 20 38 25 0 0; ]
2000100986[465 119 20 38 25 0 0; ]
2000100987[465 117 20 41 25 0 0; ]
2000100988[465 117 20 41 25 0 0; ]
2000100989[465 116 20 41 25 0 0; ]
2000100990[465 115 20 41 25 0 0; ]
2000100991[465 114 20 40 25 0 0; ]
2000100992[465 114 20 40 25 0 0; ]
2000100993[465 114 20 40 25 0 0; ]
2000100994[465 114 20 40 25 0 0; ]
2000100995[465 114 20 40 25 0 0; ]
2000100996[465 115 20 40 25 0 0; ]
2000100997[465 116 21 40 25 0 0; ]
2000100998[465 116 21 40 25 0 0; ]
2000100999[465 118 21 40 25 0 0; ]
2000101000[465 119 21 40 25 0 0; ]
2000101001[465 121 21 40 25 0 0; ]
2000101002[465 120 21 41 25 0 0; ]
2000101003[466 120 21 41 25 0 0; ]
2000101004[467 120 21 41 25 0 0; ]
2000101005[467 120 22 42 25 0 0; ]
2000101006[468 120 22 42 25 0 0; ]
2000101007[469 120 22 42 25 0 0; ]
2000101008[469 119 22 43 25 0 0; ]
2000101009[470 119 22 43 25 0 0; ]
2000101010[471 119 22 44 25 0 0; ]
2000101011[471 119 23 44 25 0 0; ]
2000101012[472 119 23 44 25 0 0; ]
2000101013[473 119 23 45 25 0 0; ]
2000101014[473 118 23 45 25 0 0; ]
2000101015[474 118 23 45 25 0 0; ]
2000101016[475 118 23 46 25 0 0; ]
2000101017[476 117 24 46 25 0 0; ]
2000101018[477 116 24 47 25 0 0; ]
2000101019[478 116 24 47 25 0 0; ]
2000101020[479 116 24 47 25 0 0; ]
2000101021[480 116 24 48 25 0 0; ]
2000101022[481 116 24 48 25 0 0; ]
2000101023[482 117 24 48 25 0 0; ]
2000101024[483 118 24 48 25 0 0; ]
2000101025[485 119 24 48 25 0 0; ]
2000101026[486 119 24 48 25 0 0; ]
2000101027[]
2000101028[]
2000101029[]
2000101030[]
2000101031[]
2000101032[]
2000101033[]
2000101034[]
2000101035[]
2000101036[]
2000101037[]
2000101038[]
2000101039[]
2000101040[]
2000101041[]
2000101042[]
2000101043[]
2000101044[]
2000101045[]
2000101046[]
2000101047[]
2000101048[]
2000101049[]
2000101050[]
2000101051[]
2000101052[]
2000101053[]
2000101054[]
2000101055[]
2000101056[]
2000101057[]
2000101058[]
2000101059[]
2000101060[]
2000101061[]
2000101062[]
2000101063[]
2000101064[]
2000101065[]
2000101066[]
2000101067[]
2000101068[]
2000101069[]
2000101070[]
2000101071[]
2000101072[]
2000101073[]
2000101074[]
2000101075[]
2000101076[]
2000101077[]
2000101078[]
2000101079[]
2000101080[]
2000101081[]
2000101082[]
2000101083[]
2000101084[]
2000101085[]
2000101086[]
2000101087[]
2000101088[]
2000101089[]
2000101090[]
2000101091[]
2000101092[]
2000101093[]
2000101094[]
2000101095[]
2000101096[]
2000101097[]
2000101098[]
2000101099[]
2000101100[]
2000101101[]
2000101102[]
2000101103[]
2000101104[]
2000101105[]
2000101106[]
2000101107[]
2000101108[]
2000101109[]
2000101110[]
2000101111[]
2000101112[]
2000101113[]
2000101114[]
2000101115[]
2000101116[]
2000101117[]
2000101118[]
2000101119[]
2000101120[]
2000101121[]
2000101122[]
2000101123[]
2000101124[]
2000101125[]
2000101126[]
2000101127[]
2000101128[]
2000101129[]
2000101130[]
2000101131[]
2000101132[]
2000101133[]
2000101134[]
2000101135[]
2000101136[]
2000101137[]
2000101138[]
2000101139[]
2000101140[]
2000101141[]
2000101142[]
2000101143[]
2000101144[]
2000101145[]
2000101146[]
2000101147[]
2000101148[]
2000101149[]
2000101150[]
2000101151[]
2000101152[]
2000101153[]
2000101154[]
2000101155[]
2000101156[]
2000101157[]
2000101158[]
2000101159[]
2000101160[]
2000101161[]
2000101162[]
2000101163[]
2000101164[]
2000101165[]
2000101166[]
2000101167[]
2000101168[]
2000101169[]
2000101170[]
2000101171[]
2000101172[]
2000101173[]
2000101174[]
2000101175[]
2000101176[]
2000101177[]
2000101178[]
2000101179[]
2000101180[]
2000101181[]
2000101182[]
2000101183[]
2000101184[]
2000101185[]
2000101186[]
2000101187[]
2000101188[]
2000101189[]
2000101190[]
2000101191[]
2000101192[]
2000101193[]
2000101194[]
2000101195[]
2000101196[]
2000101197[]
2000101198[]
2000101199[]
2000101200[]
2000101201[]
2000101202[]
2000101203[]
2000101204[]
2000101205[]
2000101206[]
2000101207[]
2000101208[]
2000101209[]
2000101210[]
2000101211[]
2000101212[]
2000101213[]
2000101214[486 96 22 42 33 1 0; ]
2000101215[487 99 21 42 33 1 0; ]
2000101216[488 102 20 41 33 1 0; ]
2000101217[488 104 20 41 33 1 0; ]
2000101218[488 105 20 41 33 1 0; ]
2000101219[487 105 20 41 33 1 0; ]
2000101220[487 106 20 41 33 1 0; ]
2000101221[486 106 21 41 33 1 0; ]
2000101222[486 106 21 42 33 0 0; ]
2000101223[485 106 22 42 33 0 0; ]
2000101224[484 107 22 42 33 0 0; ]
2000101225[484 107 22 42 33 0 0; ]
2000101226[484 106 22 42 33 0 0; ]
2000101227[484 106 22 42 33 0 0; ]
2000101228[484 105 22 42 33 0 0; ]
2000101229[484 105 22 42 33 0 0; ]
2000101230[484 104 22 42 33 0 0; ]
2000101231[485 104 22 42 33 0 0; ]
2000101232[485 104 22 43 33 0 0; ]
2000101233[486 104 22 44 33 0 0; ]
2000101234[486 106 22 45 33 0 0; ]
2000101235[487 108 22 45 33 0 0; ]
2000101236[486 110 22 46 33 0 0; ]
2000101237[486 112 23 47 33 0 0; ]
2000101238[486 113 23 47 33 0 0; 474 107 20 32 36 0 -1; ]
2000101239[486 112 23 47 33 0 0; 475 105 20 33 36 0 -1; ]
2000101240[487 109 24 47 33 0 0; 475 102 20 33 36 0 -1; ]
2000101241[475 99 20 30 36 0 -1; ]
2000101242[]
2000101243[]
2000101244[]
2000101245[]
2000101246[]
2000101247[]
2000101248[]
2000101249[]
2000101250[]
2000101251[]
2000101252[]
2000101253[]
2000101254[]
2000101255[]
2000101256[]
2000101257[]
2000101258[]
2000101259[]
2000101260[]
2000101261[]
2000101262[]
2000101263[]
2000101264[]
2000101265[]
2000101266[]
2000101267[]
2000101268[]
2000101269[]
2000101270[484 96 20 30 36 0 -1; ]
2000101271[484 97 20 30 36 0 -1; ]
2000101272[485 97 20 30 36 0 -1; ]
2000101273[485 97 20 30 36 0 -1; ]
2000101274[486 98 20 30 36 0 -1; ]
2000101275[486 98 20 30 36 0 -1; ]
2000101276[487 99 20 30 36 0 -1; ]
2000101277[487 99 20 30 36 0 -1; ]
2000101278[488 99 20 30 36 0 -1; ]
2000101279[488 100 20 30 36 0 -1; ]
2000101280[489 100 20 30 36 0 -1; ]
2000101281[489 101 20 30 36 0 -1; ]
2000101282[490 101 20 31 36 0 -1; ]
2000101283[491 101 20 31 36 0 -1; ]
2000101284[491 101 20 31 36 0 -1; ]
2000101285[]
2000101286[]
2000101287[]
2000101288[]
2000101289[]
2000101290[]
2000101291[]
2000101292[]
2000101293[]
2000101294[]
2000101295[]
2000101296[]
2000101297[]
2000101298[]
2000101299[]
2000101300[]
2000101301[]
2000101302[]
2000101303[]
2000101304[]
2000101305[]
2000101306[]
2000101307[]
2000101308[]
2000101309[]
2000101310[]
2000101311[]
2000101312[]
2000101313[]
2000101314[]
2000101315[]
2000101316[]
2000101317[]
2000101318[]
2000101319[]
2000101320[]
2000101321[]
2000101322[]
2000101323[]
2000101324[]
2000101325[]
2000101326[]
2000101327[]
2000101328[]
2000101329[]
2000101330[]
2000101331[]
2000101332[]
2000101333[]
2000101334[]
2000101335[]
2000101336[]
2000101337[]
2000101338[]
2000101339[]
2000101340[]
2000101341[]
2000101342[]
2000101343[]
2000101344[]
2000101345[]
2000101346[]
2000101347[]
2000101348[]
2000101349[]
2000101350[]
2000101351[]
2000101352[]
2000101353[]
2000101354[]
2000101355[]
2000101356[]
2000101357[]
2000101358[]
2000101359[]
2000101360[]
2000101361[]
2000101362[]
2000101363[]
2000101364[]
2000101365[]
2000101366[]
2000101367[]
2000101368[]
2000101369[]
2000101370[]
2000101371[]
2000101372[]
2000101373[]
2000101374[]
2000101375[]
2000101376[]
2000101377[]
2000101378[]
2000101379[]
2000101380[]
2000101381[]
2000101382[]
2000101383[]
2000101384[]
2000101385[]
2000101386[]
2000101387[]
2000101388[]
2000101389[]
2000101390[]
2000101391[]
2000101392[]
2000101393[]
2000101394[]
2000101395[]
2000101396[]
2000101397[]
2000101398[]
2000101399[]
2000101400[]
2000101401[]
2000101402[]
2000101403[]
2000101404[]
2000101405[]
2000101406[]
2000101407[]
2000101408[]
2000101409[]
2000101410[]
2000101411[]
2000101412[]
2000101413[]
2000101414[]
2000101415[]
2000101416[]
2000101417[]
2000101418[]
2000101419[]
2000101420[]
2000101421[]
2000101422[]
2000101423[]
2000101424[]
2000101425[]
2000101426[]
2000101427[]
2000101428[]
2000101429[]
2000101430[]
2000101431[]
2000101432[]
2000101433[]
2000101434[]
2000101435[]
2000101436[]
2000101437[]
2000101438[]
2000101439[]
2000101440[]
2000101441[]
2000101442[]
2000101443[]
2000101444[]
2000101445[]
2000101446[]
2000101447[]
2000101448[]
2000101449[]
2000101450[]
2000101451[]
2000101452[]
2000101453[]
2000101454[]
2000101455[]
2000101456[]
2000101457[]
2000101458[]
2000101459[]
2000101460[]
2000101461[]
2000101462[]
2000101463[]
2000101464[]
2000101465[]
2000101466[]
2000101467[]
2000101468[]
2000101469[]
2000101470[]
2000101471[]
2000101472[]
2000101473[]
2000101474[]
2000101475[]
2000101476[]
2000101477[]
2000101478[]
2000101479[]
2000101480[]
2000101481[]
2000101482[]
2000101483[]
2000101484[]
2000101485[]
2000101486[]
2000101487[]
2000101488[]
2000101489[]
2000101490[]
2000101491[]
2000101492[]
2000101493[]
2000101494[]
2000101495[]
2000101496[]
2000101497[]
2000101498[]
2000101499[]
2000101500[]
2000101501[]
2000101502[]
2000101503[]
2000101504[]
2000101505[]
2000101506[]
2000101507[]
2000101508[]
2000101509[]
2000101510[]
2000101511[]
2000101512[238 126 20 30 38 0 0; ]
2000101513[238 126 20 30 38 0 0; ]
2000101514[239 126 20 30 38 0 0; ]
2000101515[239 126 20 30 38 0 0; ]
2000101516[240 126 20 30 38 0 0; ]
2000101517[240 126 20 30 38 0 0; ]
2000101518[241 126 20 30 38 0 0; ]
2000101519[242 126 20 30 38 0 0; ]
2000101520[243 126 20 30 38 0 0; ]
2000101521[243 126 20 31 38 0 0; ]
2000101522[244 126 20 31 38 0 0; ]
2000101523[245 126 20 31 38 0 0; ]
2000101524[246 126 21 31 38 0 0; ]
2000101525[247 126 21 31 38 0 0; ]
2000101526[248 126 21 31 38 0 0; ]
2000101527[249 126 21 32 38 0 0; ]
2000101528[249 126 21 32 38 0 0; ]
2000101529[250 126 21 32 38 0 0; ]
2000101530[251 126 21 32 38 0 0; ]
2000101531[252 126 22 32 38 0 0; ]
2000101532[253 126 22 32 38 0 0; ]
2000101533[254 126 21 32 38 0 0; ]
2000101534[255 126 21 32 38 0 0; ]
2000101535[256 126 20 32 38 0 0; ]
2000101536[256 126 20 32 38 0 0; ]
2000101537[255 126 20 32 38 0 0; ]
2000101538[254 126 20 32 38 0 0; ]
2000101539[253 126 20 32 38 0 0; ]
2000101540[252 126 21 32 38 0 0; ]
2000101541[251 126 21 32 38 0 0; ]
2000101542[250 126 21 32 38 0 0; ]
2000101543[249 126 22 32 38 0 0; ]
2000101544[248 126 22 32 38 0 0; ]
2000101545[247 126 23 32 38 0 0; ]
2000101546[246 126 23 32 38 0 0; ]
2000101547[245 126 24 32 38 0 0; ]
2000101548[244 126 24 31 38 0 0; ]
2000101549[243 126 23 31 38 0 0; ]
2000101550[241 126 23 31 38 0 0; ]
2000101551[240 126 23 31 38 0 0; ]
2000101552[239 126 22 31 38 0 0; ]
2000101553[238 126 22 31 38 0 0; ]
2000101554[237 126 22 31 38 0 0; ]
2000101555[237 126 22 31 38 0 0; 465 125 20 30 39 0 0; ]
2000101556[236 126 21 31 38 0 0; 465 124 20 30 39 0 0; ]
2000101557[235 126 21 31 38 0 0; 464 124 20 30 39 0 0; ]
2000101558[234 125 21 31 38 0 0; 464 124 20 30 39 0 0; ]
2000101559[234 125 21 31 38 0 0; 464 124 20 30 39 0 0; ]
2000101560[233 124 21 32 38 0 0; 464 124 20 31 39 0 0; ]
2000101561[232 124 21 32 38 0 0; 464 123 20 31 39 0 0; ]
2000101562[232 123 21 32 38 0 0; 464 123 20 31 39 0 0; ]
2000101563[231 123 21 33 38 0 0; 464 123 20 31 39 0 0; ]
2000101564[230 123 22 34 38 0 0; 464 123 20 31 39 0 0; 399 124 20 30 40 1 0; ]
2000101565[229 123 22 34 38 0 0; 463 123 20 32 39 0 0; 398 124 20 30 40 1 0; ]
2000101566[227 123 23 34 38 0 0; 463 122 20 32 39 0 0; 398 124 20 31 40 1 0; ]
2000101567[226 123 23 35 38 0 0; 463 121 20 32 39 0 0; 398 124 20 31 40 1 0; ]
2000101568[225 123 23 35 38 0 0; 463 120 20 33 39 0 0; 397 124 20 31 40 1 0; ]
2000101569[224 123 23 35 38 0 0; 463 120 20 33 39 0 0; 397 124 20 32 40 1 0; ]
2000101570[223 122 23 35 38 0 0; 463 119 20 34 39 0 0; 396 123 20 32 40 1 0; ]
2000101571[222 122 23 35 38 0 0; 463 119 20 34 39 0 0; 396 123 20 33 40 1 0; ]
2000101572[221 121 22 35 38 0 0; 463 118 20 35 39 0 0; 395 123 20 33 40 1 0; ]
2000101573[220 121 22 35 38 0 0; 463 118 20 35 39 0 0; 395 123 20 33 40 1 0; ]
2000101574[219 121 22 35 38 0 0; 463 118 20 35 39 0 0; 395 123 20 34 40 1 0; ]
2000101575[218 121 22 34 38 0 0; 463 118 20 35 39 0 0; 394 123 20 34 40 1 0; ]
2000101576[217 122 21 34 38 0 0; 463 119 20 35 39 0 0; 394 123 20 35 40 1 0; ]
2000101577[216 123 21 32 38 0 0; 463 119 20 35 39 0 0; 393 123 20 35 40 1 0; ]
2000101578[215 124 21 33 38 0 0; 463 120 20 35 39 0 0; 393 122 20 35 40 0 0; ]
2000101579[213 124 21 34 38 0 0; 463 120 20 35 39 0 0; 393 123 21 36 40 0 0; ]
2000101580[212 125 22 35 38 0 0; 463 121 20 35 39 0 0; 393 124 21 36 40 0 0; ]
2000101581[211 125 22 36 38 0 0; 463 122 20 35 39 0 0; 392 124 21 36 40 0 0; ]
2000101582[209 126 22 37 38 0 0; 462 123 20 36 39 0 0; 392 124 21 36 40 0 0; ]
2000101583[208 126 23 37 38 0 0; 461 123 21 37 39 0 0; 392 125 21 36 40 0 0; ]
2000101584[207 126 23 37 38 0 0; 461 124 21 37 39 0 0; 392 125 21 37 40 0 0; ]
2000101585[205 126 23 37 38 0 0; 461 124 22 38 39 0 0; 392 125 21 37 40 0 0; ]
2000101586[204 126 23 37 38 0 0; 460 123 22 38 39 0 0; 392 125 21 37 40 0 0; ]
2000101587[202 126 24 38 38 0 0; 460 122 22 38 39 0 0; 392 125 21 37 40 0 0; ]
2000101588[201 126 24 38 38 0 0; 460 122 22 38 39 0 0; 392 125 21 37 40 0 0; ]
2000101589[199 126 24 38 38 0 0; 460 122 22 38 39 0 0; 392 125 21 37 40 0 0; ]
2000101590[197 125 25 38 38 0 0; 460 122 22 38 39 0 0; 392 125 21 37 40 0 0; ]
2000101591[196 125 25 38 38 0 0; 460 122 21 38 39 0 0; 393 124 21 37 40 0 0; ]
2000101592[194 125 25 38 38 0 0; 461 122 21 38 39 0 0; 393 124 21 37 40 0 0; ]
2000101593[193 123 25 37 38 0 0; 461 121 21 39 39 0 0; 393 124 20 37 40 0 0; ]
2000101594[192 122 26 36 38 0 0; 461 120 21 39 39 0 0; 393 122 21 39 40 0 0; ]
2000101595[191 121 26 36 38 0 0; 461 118 20 40 39 0 0; 393 120 21 41 40 0 0; ]
2000101596[189 120 27 36 38 0 0; 462 116 20 40 39 0 0; 393 119 21 42 40 0 0; ]
2000101597[188 120 27 35 38 0 0; 462 116 21 41 39 0 0; 393 118 21 42 40 0 0; ]
2000101598[187 120 27 36 38 0 0; 462 116 21 42 39 0 0; 394 117 21 43 40 0 0; ]
2000101599[186 119 27 36 38 0 0; 462 116 21 42 39 0 0; 394 116 22 43 40 0 0; ]
2000101600[185 119 26 37 38 0 0; 462 115 22 43 39 0 0; 394 117 22 43 40 0 0; ]
2000101601[183 118 26 38 38 0 0; 462 115 22 43 39 0 0; 394 117 22 42 40 0 0; ]
2000101602[182 118 25 38 38 0 0; 462 115 22 44 39 0 0; 395 118 22 42 40 0 0; ]
2000101603[181 118 25 38 38 0 0; 462 115 22 44 39 0 0; 395 119 21 42 40 0 0; ]
2000101604[180 119 24 38 38 0 0; 462 115 22 44 39 0 0; 395 119 21 42 40 0 0; ]
2000101605[179 119 24 38 38 0 0; 462 115 22 44 39 0 0; 396 119 21 42 40 0 0; ]
2000101606[178 120 23 38 38 0 0; 462 114 22 44 39 0 0; 396 120 21 42 40 0 0; ]
2000101607[176 121 23 38 38 0 0; 462 114 22 44 39 0 0; 397 120 21 42 40 0 0; ]
2000101608[175 120 23 37 38 0 0; 463 114 22 44 39 0 0; 397 120 21 42 40 0 0; ]
2000101609[174 120 23 37 38 0 0; 463 114 22 45 39 0 0; 398 118 22 43 40 0 0; ]
2000101610[173 119 23 37 38 0 0; 464 113 22 45 39 0 0; 398 117 22 44 40 0 0; ]
2000101611[171 118 24 37 38 0 0; 465 113 22 45 39 0 0; 399 115 23 46 40 0 0; ]
2000101612[170 116 24 38 38 0 0; 465 111 22 45 39 0 0; 400 114 23 47 40 0 0; ]
2000101613[169 116 24 38 38 0 0; 466 110 22 45 39 0 0; 401 113 23 48 40 0 0; ]
2000101614[167 116 24 38 38 0 0; 466 109 22 46 39 0 0; 401 112 24 48 40 0 0; ]
2000101615[166 116 24 38 38 0 0; 467 109 22 46 39 0 0; 402 112 24 49 40 0 0; ]
2000101616[165 117 24 38 38 0 0; 468 109 22 47 39 0 0; 403 112 24 49 40 0 0; ]
2000101617[163 117 24 38 38 0 0; 468 109 22 48 39 0 0; 404 112 25 49 40 0 0; ]
2000101618[162 117 25 38 38 0 0; 469 109 22 49 39 0 0; 405 112 25 50 40 0 0; ]
2000101619[161 117 25 38 38 0 0; 470 109 23 50 39 0 0; 406 112 25 50 40 0 0; ]
2000101620[160 117 25 38 38 0 0; 471 109 23 51 39 0 0; 407 112 25 50 40 0 0; ]
2000101621[158 117 25 38 38 0 0; 472 109 23 51 39 0 0; 408 112 25 50 40 0 0; ]
2000101622[157 117 25 38 38 0 0; 473 109 23 51 39 0 0; 410 112 26 50 40 0 0; ]
2000101623[156 117 26 38 38 0 0; 474 109 23 51 39 0 0; 411 113 26 50 40 0 0; ]
2000101624[155 117 26 39 38 0 0; 475 108 23 51 39 0 0; 412 112 26 51 40 0 0; ]
2000101625[154 117 26 39 38 0 0; 476 108 24 51 39 0 0; 413 112 27 52 40 0 0; ]
2000101626[152 116 27 39 38 0 0; 478 108 24 51 39 0 0; 414 112 27 53 40 0 0; ]
2000101627[151 116 27 40 38 0 0; 479 108 24 52 39 0 0; 415 112 28 53 40 0 0; ]
2000101628[150 116 27 40 38 0 0; 480 108 24 52 39 0 0; 416 112 28 54 40 0 0; ]
2000101629[149 116 28 41 38 0 0; 482 108 24 53 39 0 0; 418 112 28 55 40 0 0; ]
2000101630[148 116 28 41 38 0 0; 483 108 25 53 39 0 0; 419 112 28 55 40 0 0; ]
2000101631[147 116 28 42 38 0 0; 485 108 25 54 39 0 0; 421 112 28 55 40 0 0; ]
2000101632[146 116 29 42 38 0 0; 423 111 28 56 40 0 0; ]
2000101633[144 116 29 42 38 0 0; 425 111 28 56 40 0 0; ]
2000101634[143 115 29 43 38 0 0; 427 111 29 56 40 0 0; ]
2000101635[142 115 30 43 38 0 0; 429 111 29 56 40 0 0; ]
2000101636[141 115 30 44 38 0 0; 431 111 29 56 40 0 0; ]
2000101637[140 115 30 44 38 0 0; 433 112 28 56 40 0 0; ]
2000101638[139 115 31 44 38 0 0; 436 113 27 56 40 0 0; ]
2000101639[139 115 31 44 38 0 0; 438 113 27 56 40 0 0; ]
2000101640[138 115 31 44 38 0 0; 441 112 27 57 40 0 0; ]
2000101641[137 115 31 44 38 0 0; 443 112 27 58 40 0 0; ]
2000101642[137 115 31 44 38 0 0; 446 112 27 59 40 0 0; ]
2000101643[136 115 32 44 38 0 0; 448 112 27 59 40 0 0; ]
2000101644[135 115 32 44 38 0 0; 451 111 27 60 40 0 0; ]
2000101645[135 114 32 44 38 0 0; 453 111 27 61 40 0 0; ]
2000101646[134 114 32 44 38 0 0; 456 111 28 61 40 0 0; ]
2000101647[133 114 33 44 38 0 0; 458 110 28 62 40 0 0; ]
2000101648[133 114 33 44 38 0 0; 461 109 28 63 40 0 0; ]
2000101649[132 114 33 43 38 0 0; 463 109 29 63 40 0 0; ]
2000101650[131 114 33 43 38 0 0; 466 108 29 64 40 0 0; ]
2000101651[131 114 34 43 38 0 0; 468 107 30 65 40 0 0; 441 113 22 45 41 0 0; ]
2000101652[130 114 34 43 38 0 0; 471 106 30 65 40 0 0; 442 113 22 45 41 0 0; ]
2000101653[129 114 34 43 38 0 0; 473 105 31 66 40 0 0; 442 113 22 45 41 0 0; ]
2000101654[129 114 34 44 38 0 0; 476 105 31 67 40 0 0; 443 113 23 46 41 0 0; ]
2000101655[128 114 34 44 38 0 0; 479 105 30 67 40 0 0; 444 113 23 46 41 0 0; ]
2000101656[127 114 34 44 38 0 0; 445 113 23 46 41 0 0; ]
2000101657[126 114 34 44 38 0 0; 446 113 24 47 41 0 0; ]
2000101658[125 114 34 44 38 0 0; 447 112 24 47 41 0 0; ]
2000101659[125 114 33 44 38 0 0; 448 112 24 47 41 0 0; ]
2000101660[124 114 33 44 38 0 0; 449 112 25 48 41 0 0; ]
2000101661[123 114 33 44 38 0 0; 450 112 25 48 41 0 0; ]
2000101662[122 114 33 44 38 0 0; 451 112 26 49 41 0 0; ]
2000101663[121 114 33 44 38 0 0; 452 112 26 49 41 0 0; ]
2000101664[121 114 33 44 38 0 0; 453 112 26 49 41 0 0; ]
2000101665[120 114 33 44 38 0 0; 454 112 27 50 41 0 0; ]
2000101666[119 114 33 44 38 0 0; 455 111 27 50 41 0 0; ]
2000101667[118 114 33 45 38 0 0; 456 111 27 50 41 0 0; ]
2000101668[117 114 33 45 38 0 0; 457 111 27 51 41 0 0; ]
2000101669[116 114 34 45 38 0 0; 458 111 27 51 41 0 0; ]
2000101670[115 114 34 45 38 0 0; 460 111 27 51 41 0 0; ]
2000101671[113 114 34 46 38 0 0; 461 110 27 52 41 0 0; ]
2000101672[112 114 34 46 38 0 0; 462 110 27 52 41 0 0; ]
2000101673[111 114 35 46 38 0 0; 463 110 27 52 41 0 0; ]
2000101674[110 114 35 46 38 0 0; 464 110 27 53 41 0 0; ]
2000101675[108 115 35 47 38 0 0; 466 110 27 53 41 0 0; ]
2000101676[107 115 36 47 38 0 0; 467 110 26 53 41 0 0; ]
2000101677[106 115 36 47 38 0 0; 469 110 26 53 41 1 0; ]
2000101678[105 115 36 47 38 0 0; 470 110 26 53 41 1 0; ]
2000101679[104 115 36 47 38 0 0; 471 111 27 54 41 1 0; ]
2000101680[102 115 37 48 38 0 0; 471 111 27 54 41 1 0; ]
2000101681[101 115 37 48 38 0 0; 477 114 21 45 83 1 3; ]
2000101682[100 115 37 48 38 0 0; 479 114 21 45 83 1 3; ]
2000101683[100 115 37 48 38 0 0; 481 113 21 45 83 1 3; ]
2000101684[100 115 37 49 38 0 0; 483 113 21 45 83 1 3; ]
2000101685[100 115 37 49 38 0 0; 485 113 21 46 83 1 3; ]
2000101686[99 114 37 49 38 0 0; 487 113 21 46 83 1 3; ]
2000101687[99 114 37 49 38 0 0; 489 112 21 46 83 1 3; ]
2000101688[99 114 37 49 38 0 0; ]
2000101689[99 114 37 50 38 0 0; ]
2000101690[99 113 37 50 38 0 0; ]
2000101691[99 113 36 50 38 0 0; ]
2000101692[98 113 36 50 38 0 0; ]
2000101693[98 113 36 50 38 0 0; ]
2000101694[98 113 36 51 38 0 0; ]
2000101695[98 112 36 51 38 0 0; ]
2000101696[98 112 36 51 38 0 0; ]
2000101697[98 112 36 51 38 0 0; ]
2000101698[97 111 35 52 38 0 0; ]
2000101699[96 111 35 53 38 0 0; ]
2000101700[95 110 35 54 38 0 0; ]
2000101701[94 110 35 55 38 0 0; ]
2000101702[93 110 36 56 38 0 0; ]
2000101703[93 110 36 56 38 0 0; ]
2000101704[92 111 36 56 38 0 0; ]
2000101705[91 111 37 56 38 0 0; ]
2000101706[90 112 37 56 38 0 0; ]
2000101707[89 113 37 57 38 0 0; ]
2000101708[88 113 37 57 38 0 0; ]
2000101709[88 113 38 57 38 0 0; 34 129 20 35 42 0 1; ]
2000101710[87 113 38 57 38 0 0; 34 128 20 36 42 0 1; ]
2000101711[86 113 39 57 38 0 0; 35 127 20 37 42 0 1; ]
2000101712[85 112 39 57 38 0 0; 35 127 20 37 42 0 1; ]
2000101713[85 112 39 58 38 0 0; 36 126 20 38 42 0 1; ]
2000101714[84 112 39 58 38 0 0; 36 126 20 39 42 0 1; ]
2000101715[84 112 39 59 38 0 0; 36 126 20 39 42 0 1; ]
2000101716[83 112 39 59 38 0 0; 37 125 20 39 42 0 1; ]
2000101717[83 111 39 59 38 0 0; 37 125 20 39 42 0 1; ]
2000101718[82 111 39 60 38 0 0; 38 126 20 39 42 0 1; ]
2000101719[82 111 39 60 38 0 0; 38 126 20 39 42 0 1; ]
2000101720[81 111 39 61 38 0 0; 39 126 20 39 42 0 1; ]
2000101721[81 111 39 61 38 0 0; 39 126 20 39 42 0 1; ]
2000101722[80 111 38 61 38 0 0; 39 126 20 39 42 0 1; ]
2000101723[80 111 38 62 38 0 0; 40 126 20 39 42 0 1; ]
2000101724[79 111 38 62 38 0 0; 40 127 20 39 42 0 1; ]
2000101725[79 110 38 63 38 0 0; 41 127 20 39 42 0 1; ]
2000101726[78 110 38 63 38 0 0; 42 127 20 39 42 0 1; ]
2000101727[78 110 38 63 38 0 0; 42 127 20 39 42 0 1; ]
2000101728[77 110 38 63 38 0 0; 43 127 20 40 42 0 1; ]
2000101729[76 109 39 64 38 0 0; 43 127 20 40 42 0 1; ]
2000101730[75 108 39 64 38 0 0; 44 125 20 41 42 0 1; ]
2000101731[75 108 39 64 38 0 0; 45 124 20 41 42 0 1; ]
2000101732[74 107 39 64 38 0 0; 45 122 20 42 42 0 1; ]
2000101733[73 105 39 65 38 0 0; 46 122 20 41 42 0 1; ]
2000101734[72 103 39 67 38 0 0; 47 121 20 41 42 0 1; ]
2000101735[72 102 40 68 38 0 0; 47 120 20 41 42 0 1; ]
2000101736[71 102 40 68 38 0 0; 48 120 20 41 42 0 1; ]
2000101737[70 102 40 69 38 0 0; 48 120 20 41 42 0 1; ]
2000101738[69 102 40 69 38 0 0; 49 120 20 41 42 0 1; ]
2000101739[69 102 40 69 38 0 0; 50 122 20 40 42 0 1; ]
2000101740[68 102 40 69 38 0 0; 50 122 20 40 42 0 1; ]
2000101741[67 102 40 69 38 0 0; 51 122 20 40 42 0 1; ]
2000101742[66 103 41 69 38 0 0; 51 122 20 40 42 0 1; ]
2000101743[65 103 41 69 38 0 0; 52 122 20 40 42 1 1; ]
2000101744[64 103 42 70 38 0 0; 53 122 20 41 42 1 1; ]
2000101745[62 103 43 70 38 0 0; 54 122 20 41 42 1 1; ]
2000101746[61 103 43 71 38 0 0; 55 122 20 42 42 1 1; ]
2000101747[60 103 44 71 38 0 0; ]
2000101748[59 103 45 72 38 0 0; ]
2000101749[57 103 45 72 38 0 0; ]
2000101750[56 103 46 72 38 0 0; ]
2000101751[55 103 47 73 38 0 0; ]
2000101752[53 103 47 73 38 0 0; ]
2000101753[52 103 48 74 38 0 0; ]
2000101754[51 103 49 74 38 0 0; ]
2000101755[49 103 49 75 38 0 0; ]
2000101756[48 103 50 75 38 0 0; ]
2000101757[47 103 51 76 38 0 0; ]
2000101758[45 104 51 76 38 0 0; ]
2000101759[44 105 51 77 38 0 0; ]
2000101760[43 106 52 78 38 0 0; ]
2000101761[41 106 52 78 38 0 0; ]
2000101762[40 107 52 79 38 0 0; ]
2000101763[38 107 53 79 38 0 0; ]
2000101764[37 108 53 80 38 0 0; ]
2000101765[36 108 53 81 38 0 0; ]
2000101766[34 108 54 81 38 0 0; ]
2000101767[33 108 54 82 38 0 0; ]
2000101768[31 108 54 82 38 0 0; ]
2000101769[30 108 54 83 38 0 0; ]
2000101770[29 108 55 83 38 0 0; ]
2000101771[27 108 55 84 38 0 0; ]
2000101772[26 108 55 84 38 0 0; 73 130 20 43 45 0 1; ]
2000101773[24 107 56 85 38 0 0; 73 130 20 43 45 0 1; ]
2000101774[21 106 56 86 38 0 0; 73 129 20 43 45 0 1; ]
2000101775[19 105 56 86 38 0 0; 73 129 20 43 45 0 1; ]
2000101776[17 105 56 87 38 0 0; 73 128 20 44 45 0 1; ]
2000101777[15 104 56 88 38 0 0; 73 128 20 44 45 0 1; ]
2000101778[13 103 57 89 38 0 0; 73 127 20 44 45 0 1; ]
2000101779[10 102 57 89 38 0 0; 73 127 20 44 45 0 1; ]
2000101780[8 102 57 90 38 0 0; 73 126 20 45 45 0 1; ]
2000101781[6 101 57 91 38 0 0; 73 126 21 45 45 0 1; ]
2000101782[4 100 57 91 38 0 0; 73 125 21 45 45 0 1; ]
2000101783[2 99 58 92 38 0 0; 73 125 21 45 45 0 1; ]
2000101784[73 124 21 46 45 0 1; ]
2000101785[73 124 21 46 45 0 1; ]
2000101786[73 124 21 46 45 0 1; ]
2000101787[73 123 21 46 45 0 1; ]
2000101788[73 124 22 47 45 0 1; ]
2000101789[73 124 22 48 45 0 1; ]
2000101790[73 125 22 49 45 0 1; ]
2000101791[73 125 23 49 45 0 1; ]
2000101792[73 126 23 50 45 0 1; ]
2000101793[73 126 23 50 45 0 1; ]
2000101794[73 126 23 51 45 0 1; ]
2000101795[73 127 23 51 45 0 1; ]
2000101796[73 127 23 51 45 0 1; ]
2000101797[73 127 23 51 45 0 1; ]
2000101798[73 127 23 51 45 0 1; ]
2000101799[73 126 23 51 45 0 1; 302 129 29 43 46 0 2; ]
2000101800[73 126 22 51 45 0 1; 302 129 29 43 46 0 2; ]
2000101801[73 126 22 51 45 0 1; 301 129 29 43 46 0 2; ]
2000101802[73 125 21 51 45 0 1; 301 129 30 43 46 0 2; ]
2000101803[73 125 21 52 45 0 1; 300 129 30 43 46 0 2; ]
2000101804[73 124 21 53 45 0 1; 300 129 30 43 46 0 2; ]
2000101805[73 123 22 54 45 0 1; 299 129 31 43 46 0 2; ]
2000101806[73 123 22 54 45 0 1; 299 129 31 43 46 0 2; ]
2000101807[73 122 22 54 45 0 1; 298 129 31 43 46 0 2; ]
2000101808[73 122 22 54 45 0 1; 298 129 32 43 46 0 2; ]
2000101809[74 122 22 55 45 0 1; 297 129 32 43 46 0 2; ]
2000101810[74 122 22 55 45 0 1; 297 129 32 43 46 1 2; ]
2000101811[74 122 22 55 45 0 1; 296 129 32 43 46 1 2; ]
2000101812[74 122 22 55 45 0 1; 295 129 32 43 46 1 2; ]
2000101813[74 122 22 55 45 0 1; 294 128 31 44 46 1 2; ]
2000101814[74 122 23 55 45 0 1; 293 128 31 44 46 1 2; ]
2000101815[75 122 23 55 45 0 1; ]
2000101816[75 122 23 55 45 0 1; ]
2000101817[75 122 23 55 45 0 1; ]
2000101818[75 120 24 56 45 0 1; ]
2000101819[75 119 25 57 45 0 1; ]
2000101820[75 117 26 58 45 0 1; ]
2000101821[75 117 26 59 45 0 1; ]
2000101822[76 117 27 59 45 0 1; ]
2000101823[76 117 27 59 45 0 1; ]
2000101824[77 117 27 59 45 0 1; ]
2000101825[77 117 28 59 45 0 1; ]
2000101826[78 117 28 59 45 0 1; ]
2000101827[78 117 29 60 45 0 1; ]
2000101828[79 117 29 60 45 0 1; ]
2000101829[80 117 29 60 45 0 1; ]
2000101830[80 117 29 60 45 0 1; ]
2000101831[81 117 30 60 45 0 1; ]
2000101832[82 118 30 60 45 0 1; ]
2000101833[83 117 30 61 45 0 1; ]
2000101834[84 117 30 63 45 0 1; ]
2000101835[85 117 30 64 45 0 1; ]
2000101836[85 117 30 65 45 0 1; ]
2000101837[86 116 30 66 45 0 1; ]
2000101838[87 116 30 67 45 0 1; ]
2000101839[88 116 29 67 45 0 1; ]
2000101840[88 116 29 68 45 0 1; ]
2000101841[89 115 29 68 45 0 1; ]
2000101842[90 115 29 68 45 0 1; 273 127 36 47 47 1 2; ]
2000101843[91 115 29 68 45 0 1; 272 126 36 47 47 1 2; ]
2000101844[91 115 29 68 45 0 1; 271 126 37 47 47 1 2; ]
2000101845[92 114 29 68 45 0 1; 269 125 37 47 47 1 2; ]
2000101846[93 114 29 68 45 0 1; 268 125 37 48 47 1 2; ]
2000101847[94 114 29 67 45 0 1; ]
2000101848[95 112 29 69 45 0 1; ]
2000101849[95 111 29 71 45 0 1; ]
2000101850[96 110 30 72 45 0 1; ]
2000101851[97 110 30 73 45 0 1; ]
2000101852[98 110 30 73 45 0 1; ]
2000101853[99 110 30 74 45 0 1; ]
2000101854[100 110 30 74 45 0 1; ]
2000101855[101 110 30 75 45 0 1; ]
2000101856[102 110 31 75 45 0 1; ]
2000101857[102 110 31 75 45 0 1; ]
2000101858[103 110 31 76 45 0 1; ]
2000101859[104 110 31 76 45 0 1; ]
2000101860[105 110 31 76 45 0 1; ]
2000101861[106 111 31 76 45 0 1; ]
2000101862[107 111 31 76 45 0 1; ]
2000101863[108 110 32 77 45 0 1; ]
2000101864[109 110 32 78 45 0 1; ]
2000101865[111 110 32 79 45 0 1; ]
2000101866[112 109 33 79 45 0 1; ]
2000101867[113 109 33 80 45 0 1; ]
2000101868[115 108 33 81 45 0 1; ]
2000101869[116 108 34 82 45 0 1; ]
2000101870[117 108 34 82 45 0 1; ]
2000101871[118 107 34 83 45 0 1; ]
2000101872[120 107 34 84 45 0 1; ]
2000101873[121 106 35 85 45 0 1; ]
2000101874[122 106 35 85 45 0 1; ]
2000101875[124 106 35 86 45 0 1; ]
2000101876[125 105 36 87 45 0 1; ]
2000101877[126 105 36 88 45 0 1; ]
2000101878[128 102 37 91 45 0 1; ]
2000101879[130 100 39 93 45 0 1; ]
2000101880[132 98 40 96 45 0 1; ]
2000101881[135 97 41 98 45 0 1; ]
2000101882[137 96 41 99 45 0 1; ]
2000101883[140 96 41 100 45 0 1; ]
2000101884[143 96 41 100 45 0 1; ]
2000101885[145 96 41 101 45 0 1; ]
2000101886[148 96 41 102 45 0 1; ]
2000101887[152 96 41 102 45 0 1; ]
2000101888[155 96 41 103 45 0 1; 252 118 32 60 48 0 2; ]
2000101889[158 96 41 103 45 0 1; 252 117 33 60 48 0 2; ]
2000101890[162 97 41 103 45 0 1; 253 117 34 61 48 0 2; ]
2000101891[165 97 41 104 45 0 1; 253 116 34 61 48 0 2; ]
2000101892[169 97 41 104 45 0 1; 254 116 35 61 48 0 2; ]
2000101893[172 96 42 105 45 0 1; 254 116 36 62 48 0 2; ]
2000101894[176 95 43 107 45 0 1; 254 115 37 62 48 0 2; ]
2000101895[180 94 44 108 45 0 1; 255 115 38 63 48 0 2; ]
2000101896[185 93 45 110 45 0 1; 255 115 38 63 48 0 2; ]
2000101897[190 92 46 111 45 0 1; 256 114 39 64 48 0 2; ]
2000101898[195 91 46 113 45 0 1; 256 114 40 64 48 0 2; ]
2000101899[201 91 47 114 45 0 1; 259 113 38 65 48 1 2; ]
2000101900[208 90 47 116 45 0 1; 265 113 34 65 48 1 2; ]
2000101901[214 89 47 118 45 0 1; ]
2000101902[222 88 48 119 45 0 1; ]
2000101903[229 87 48 121 45 0 1; ]
2000101904[237 86 48 123 45 0 1; ]
2000101905[245 85 48 124 45 0 1; ]
2000101906[254 84 49 126 45 0 1; ]
2000101907[264 83 49 128 45 0 1; ]
2000101908[272 82 51 130 45 0 1; ]
2000101909[281 81 54 133 45 0 1; ]
2000101910[291 79 56 135 45 0 1; ]
2000101911[301 78 58 137 45 0 1; ]
2000101912[312 77 59 140 45 0 1; ]
2000101913[323 75 61 142 45 0 1; 5 107 48 80 50 0 2; ]
2000101914[335 74 62 145 45 0 1; 12 106 48 81 50 0 2; ]
2000101915[348 72 63 148 45 0 1; 18 105 48 82 50 0 2; ]
2000101916[361 71 64 150 45 0 1; 24 104 49 83 50 0 2; ]
2000101917[374 70 65 153 45 0 1; 31 104 49 84 50 0 2; ]
2000101918[388 68 65 156 45 0 1; 37 104 49 85 50 0 2; ]
2000101919[402 67 66 158 45 0 1; 43 104 49 86 50 0 2; ]
2000101920[417 66 67 161 45 0 1; 50 104 50 87 50 0 2; ]
2000101921[432 64 67 164 45 0 1; 56 104 51 87 50 0 2; ]
2000101922[62 104 52 88 50 0 2; ]
2000101923[69 105 53 88 50 0 2; ]
2000101924[75 105 54 88 50 0 2; ]
2000101925[81 105 55 91 50 0 2; ]
2000101926[88 104 56 93 50 0 2; ]
2000101927[95 103 57 96 50 0 2; ]
2000101928[102 103 58 98 50 0 2; ]
2000101929[109 102 59 100 50 0 2; ]
2000101930[117 101 59 101 50 0 2; ]
2000101931[124 101 60 103 50 0 2; ]
2000101932[132 100 61 104 50 0 2; ]
2000101933[140 100 61 105 50 0 2; ]
2000101934[148 99 62 107 50 0 2; ]
2000101935[156 98 63 108 50 0 2; ]
2000101936[164 98 63 109 50 0 2; ]
2000101937[173 97 64 110 50 0 2; ]
2000101938[181 96 65 111 50 0 2; ]
2000101939[190 96 65 112 50 0 2; ]
2000101940[198 94 67 114 50 0 2; ]
2000101941[207 93 70 116 50 0 2; ]
2000101942[215 91 72 119 50 0 2; ]
2000101943[0 129 33 61 49 0 0; 224 90 74 121 50 0 2; ]
2000101944[5 129 33 61 49 0 0; 234 89 76 123 50 0 2; ]
2000101945[10 129 33 62 49 0 0; 243 87 79 126 50 0 2; ]
2000101946[16 129 33 62 49 0 0; 253 86 81 129 50 0 2; ]
2000101947[21 129 34 62 49 0 0; 263 85 84 131 50 0 2; ]
2000101948[26 128 34 63 49 0 0; 273 83 86 134 50 0 2; ]
2000101949[31 128 34 63 49 0 0; 284 82 88 136 50 0 2; ]
2000101950[36 128 34 64 49 0 0; 295 80 91 139 50 0 2; ]
2000101951[42 128 34 64 49 0 0; 305 79 93 142 50 0 2; ]
2000101952[47 127 34 64 49 0 0; 317 78 96 145 50 0 2; 1 126 36 65 51 0 0; ]
2000101953[52 127 34 65 49 0 0; 328 76 98 148 50 0 2; 6 126 36 66 51 0 0; ]
2000101954[57 127 34 65 49 0 0; 340 75 100 151 50 0 2; 11 126 36 66 51 0 0; ]
2000101955[62 127 34 65 49 0 0; 353 73 106 155 50 0 2; 16 125 36 66 51 0 0; ]
2000101956[67 128 34 65 49 0 0; 367 72 112 159 50 0 2; 20 125 36 67 51 0 0; ]
2000101957[73 128 34 66 49 0 0; 381 70 118 164 50 0 2; 25 125 36 67 51 0 0; ]
2000101958[78 128 34 66 49 0 0; 30 124 36 68 51 0 0; ]
2000101959[83 128 34 66 49 0 0; 35 124 36 68 51 0 0; ]
2000101960[88 128 34 66 49 0 0; 40 124 36 68 51 0 0; ]
2000101961[93 128 34 67 49 0 0; 45 124 36 69 51 0 0; ]
2000101962[98 128 34 67 49 0 0; 50 124 36 69 51 0 0; ]
2000101963[103 128 34 67 49 0 0; 55 124 37 69 51 0 0; ]
2000101964[109 128 34 67 49 0 0; 59 124 37 70 51 0 0; ]
2000101965[114 128 34 68 49 0 0; 64 125 37 70 51 0 0; ]
2000101966[119 128 34 68 49 0 0; 69 125 37 70 51 0 0; ]
2000101967[124 128 34 68 49 0 0; 74 126 38 70 51 0 0; ]
2000101968[129 129 34 68 49 0 0; 79 128 38 71 51 0 0; ]
2000101969[134 130 34 68 49 0 0; 84 130 38 71 51 0 0; ]
2000101970[139 132 35 68 49 0 0; 88 132 38 71 51 0 0; ]
2000101971[143 133 35 69 49 0 0; 93 133 39 71 51 0 0; ]
2000101972[148 134 35 69 49 0 0; 98 134 39 71 51 0 0; ]
2000101973[153 134 35 69 49 0 0; 103 134 39 72 51 0 0; ]
2000101974[158 135 35 69 49 0 0; 108 134 39 72 51 0 0; ]
2000101975[163 134 36 69 49 0 0; 113 133 39 73 51 0 0; ]
2000101976[167 133 36 69 49 0 0; 117 132 40 73 51 0 0; ]
2000101977[172 132 36 70 49 0 0; 121 131 40 73 51 0 0; ]
2000101978[177 131 36 70 49 0 0; 126 130 40 73 51 0 0; ]
2000101979[182 130 36 70 49 0 0; 130 129 40 73 51 0 0; ]
2000101980[187 130 37 70 49 0 0; 135 129 40 74 51 0 0; ]
2000101981[191 129 37 71 49 0 0; 139 128 41 74 51 0 0; ]
2000101982[196 128 37 71 49 0 0; 144 128 41 75 51 0 0; ]
2000101983[201 128 37 71 49 0 0; 148 127 41 75 51 0 0; ]
2000101984[206 128 38 72 49 0 0; 153 127 41 76 51 0 0; ]
2000101985[211 127 38 72 49 0 0; 157 127 41 76 51 0 0; ]
2000101986[216 127 38 73 49 0 0; 161 127 42 77 51 0 0; ]
2000101987[221 127 39 73 49 0 0; 166 126 42 77 51 0 0; ]
2000101988[226 127 39 74 49 0 0; 170 126 42 78 51 0 0; ]
2000101989[231 126 39 74 49 0 0; 175 126 42 79 51 0 0; ]
2000101990[236 126 40 75 49 0 0; 179 126 42 79 51 0 0; ]
2000101991[241 126 40 75 49 0 0; 184 125 42 80 51 0 0; ]
2000101992[246 126 41 76 49 0 0; 189 125 43 80 51 0 0; ]
2000101993[251 125 41 76 49 0 0; 195 124 43 81 51 0 0; ]
2000101994[256 125 41 77 49 0 0; 200 123 43 81 51 0 0; ]
2000101995[261 125 42 77 49 0 0; 205 123 43 82 51 0 0; ]
2000101996[266 125 42 78 49 0 0; 210 122 43 82 51 0 0; ]
2000101997[271 124 42 78 49 0 0; 215 121 43 83 51 0 0; ]
2000101998[276 124 43 79 49 0 0; 220 121 43 83 51 0 0; ]
2000101999[282 123 43 81 49 0 0; 225 120 43 84 51 0 0; ]
2000102000[287 122 43 82 49 0 0; 230 119 43 84 51 0 0; ]
2000102001[293 120 44 84 49 0 0; 235 118 44 85 51 0 0; ]
2000102002[298 119 44 85 49 0 0; 240 118 44 85 51 0 0; ]
2000102003[304 118 44 86 49 0 0; 246 117 44 86 51 0 0; 8 142 17 46 52 1 2; ]
2000102004[309 117 45 87 49 0 0; 251 116 44 86 51 0 0; 15 140 16 47 52 1 2; ]
2000102005[315 115 45 87 49 0 0; 256 116 44 87 51 0 0; 19 137 16 49 52 1 2; ]
2000102006[320 114 45 87 49 0 0; 261 114 44 87 51 0 0; 20 133 15 51 52 1 2; ]
2000102007[326 113 46 88 49 0 0; 267 111 45 87 51 0 0; 18 128 26 64 52 1 2; ]
2000102008[331 112 46 88 49 0 0; 272 109 45 87 51 0 0; 21 127 27 65 52 1 2; ]
2000102009[337 110 46 88 49 0 0; 277 108 46 88 51 0 0; 24 126 28 65 52 1 2; ]
2000102010[342 109 47 89 49 0 0; 283 106 46 88 51 0 0; 27 125 29 66 52 1 2; ]
2000102011[347 108 47 89 49 0 0; 288 105 47 88 51 0 0; 30 124 29 66 52 1 2; ]
2000102012[353 107 47 89 49 0 0; 294 104 47 89 51 0 0; 32 123 30 67 52 1 2; ]
2000102013[358 105 47 89 49 0 0; 299 104 48 90 51 0 0; 35 123 31 68 52 1 2; ]
2000102014[365 105 48 90 49 0 0; 304 104 48 90 51 0 0; 38 122 32 68 52 1 2; ]
2000102015[372 105 48 90 49 0 0; 310 104 49 91 51 0 0; 41 121 33 69 52 1 2; ]
2000102016[378 104 49 91 49 0 0; 315 104 49 92 51 0 0; 44 120 34 70 52 1 2; ]
2000102017[385 104 49 92 49 0 0; 321 104 50 94 51 0 0; 47 120 35 70 52 0 2; ]
2000102018[391 103 50 92 49 0 0; 326 104 50 95 51 0 0; 50 120 35 69 52 0 2; ]
2000102019[398 103 50 93 49 0 0; 331 104 51 96 51 0 0; 54 120 36 69 52 0 2; ]
2000102020[404 103 51 94 49 0 0; 337 104 51 98 51 0 0; 57 121 37 69 52 0 2; ]
2000102021[411 102 51 95 49 0 0; 343 104 52 99 51 0 0; 61 122 38 69 52 0 2; ]
2000102022[418 102 52 95 49 0 0; 349 103 53 100 51 0 0; 65 121 38 69 52 0 2; ]
2000102023[424 101 52 96 49 0 0; 355 102 54 101 51 0 0; 69 121 38 70 52 0 2; ]
2000102024[431 101 53 97 49 0 0; 361 102 55 102 51 0 0; 72 120 38 71 52 0 2; ]
2000102025[437 100 53 97 49 0 0; 368 101 56 103 51 0 0; 76 120 38 71 52 0 2; ]
2000102026[444 100 54 98 49 0 0; 374 101 57 103 51 0 0; 80 119 38 72 52 0 2; ]
2000102027[451 100 54 99 49 0 0; 381 100 58 104 51 0 0; 84 119 37 72 52 0 2; ]
2000102028[388 100 58 105 51 0 0; 88 118 37 73 52 0 2; ]
2000102029[395 99 59 106 51 0 0; 92 118 37 73 52 0 2; ]
2000102030[402 98 60 107 51 0 0; 96 117 37 74 52 0 2; ]
2000102031[409 98 61 108 51 0 0; 100 117 37 75 52 0 2; ]
2000102032[417 97 61 109 51 0 0; 104 116 37 75 52 0 2; ]
2000102033[424 97 62 110 51 0 0; 108 115 37 76 52 0 2; ]
2000102034[432 96 63 111 51 0 0; 112 115 37 76 52 0 2; ]
2000102035[439 96 63 112 51 0 0; 116 114 37 77 52 0 2; ]
2000102036[120 114 37 77 52 0 2; ]
2000102037[123 114 38 78 52 0 2; ]
2000102038[127 113 38 79 52 0 2; ]
2000102039[130 113 39 79 52 0 2; ]
2000102040[133 112 39 80 52 0 2; ]
2000102041[137 112 40 80 52 0 2; ]
2000102042[140 112 40 81 52 0 2; ]
2000102043[143 111 41 81 52 0 2; ]
2000102044[147 111 41 82 52 0 2; ]
2000102045[150 111 42 83 52 0 2; ]
2000102046[153 110 42 83 52 0 2; ]
2000102047[157 110 43 84 52 0 2; ]
2000102048[160 110 43 84 52 0 2; ]
2000102049[163 109 44 85 52 0 2; ]
2000102050[167 109 44 85 52 0 2; ]
2000102051[170 108 45 86 52 0 2; ]
2000102052[174 108 45 87 52 0 2; ]
2000102053[178 108 45 87 52 0 2; ]
2000102054[181 108 45 88 52 0 2; ]
2000102055[185 108 45 88 52 0 2; ]
2000102056[189 108 45 89 52 0 2; ]
2000102057[192 108 45 90 52 0 2; ]
2000102058[196 108 45 90 52 0 2; ]
2000102059[200 108 45 91 52 0 2; ]
2000102060[203 108 45 91 52 0 2; ]
2000102061[207 108 45 92 52 0 2; ]
2000102062[211 108 45 93 52 0 2; ]
2000102063[214 108 45 93 52 0 2; ]
2000102064[218 108 45 94 52 0 2; ]
2000102065[222 108 45 94 52 0 2; ]
2000102066[225 108 45 95 52 0 2; ]
2000102067[229 110 45 96 52 0 2; ]
2000102068[232 111 46 97 52 0 2; ]
2000102069[236 112 47 97 52 0 2; ]
2000102070[240 112 48 98 52 0 2; ]
2000102071[243 112 49 99 52 0 2; ]
2000102072[247 112 49 101 52 0 2; ]
2000102073[251 111 50 102 52 0 2; ]
2000102074[255 109 50 104 52 0 2; ]
2000102075[259 107 51 105 52 0 2; ]
2000102076[264 104 51 107 52 0 2; ]
2000102077[268 102 51 108 52 0 2; ]
2000102078[272 99 51 109 52 0 2; ]
2000102079[277 97 52 109 52 0 2; ]
2000102080[281 95 52 110 52 0 2; ]
2000102081[286 93 52 110 52 0 2; ]
2000102082[290 94 53 111 52 0 2; ]
2000102083[294 94 54 113 52 0 2; ]
2000102084[298 95 56 114 52 0 2; ]
2000102085[302 95 57 115 52 0 2; ]
2000102086[306 96 58 117 52 0 2; ]
2000102087[311 96 59 118 52 0 2; ]
2000102088[315 96 60 120 52 0 2; ]
2000102089[320 96 61 121 52 0 2; ]
2000102090[324 96 61 123 52 0 2; ]
2000102091[329 96 62 124 52 0 2; ]
2000102092[334 96 63 126 52 0 2; ]
2000102093[338 95 64 128 52 0 2; ]
2000102094[343 95 64 130 52 0 2; ]
2000102095[349 93 65 132 52 0 2; ]
2000102096[354 92 66 134 52 0 2; ]
2000102097[359 91 68 136 52 0 2; ]
2000102098[364 90 71 138 52 0 2; ]
2000102099[369 88 73 140 52 0 2; ]
2000102100[374 86 75 142 52 0 2; ]
2000102101[380 83 77 145 52 0 2; ]
2000102102[385 79 79 148 52 0 2; ]
2000102103[391 77 80 151 52 0 2; ]
2000102104[397 77 81 153 52 0 2; ]
2000102105[403 78 83 156 52 0 2; ]
2000102106[409 78 84 158 52 0 2; ]
2000102107[416 79 85 161 52 0 2; ]
2000102108[422 80 86 163 52 0 2; ]
2000102109[]
2000102110[]
2000102111[]
2000102112[]
2000102113[]
2000102114[]
2000102115[]
2000102116[]
2000102117[]
2000102118[]
2000102119[]
2000102120[]
2000102121[]
2000102122[]
2000102123[]
2000102124[]
2000102125[]
2000102126[]
2000102127[]
2000102128[]
2000102129[]
2000102130[]
2000102131[]
2000102132[]
2000102133[]
2000102134[]
2000102135[]
2000102136[]
2000102137[]
2000102138[]
2000102139[]
2000102140[]
2000102141[]
2000102142[]
2000102143[]
2000102144[]
2000102145[]
2000102146[]
2000102147[]
2000102148[]
2000102149[]
2000102150[]
2000102151[]
2000102152[]
2000102153[]
2000102154[]
2000102155[]
2000102156[]
2000102157[]
2000102158[2 107 49 33 53 1 2; ]
2000102159[10 107 49 33 53 1 2; ]
2000102160[18 107 49 34 53 1 2; ]
2000102161[26 106 49 34 53 1 2; ]
2000102162[35 105 49 35 53 1 2; ]
2000102163[44 104 49 37 53 1 2; ]
2000102164[53 102 49 37 53 1 2; ]
2000102165[61 100 49 37 53 1 2; ]
2000102166[69 98 49 36 53 1 2; ]
2000102167[77 95 50 36 53 1 2; ]
2000102168[85 92 50 36 53 1 2; ]
2000102169[92 89 51 35 53 1 2; ]
