1200000001[]
1200000002[]
1200000003[105 68 16 34 2 0 0; ]
1200000004[105 68 16 34 2 0 0; ]
1200000005[105 68 16 34 2 0 0; ]
1200000006[104 69 16 34 2 0 0; ]
1200000007[]
1200000008[]
1200000009[102 69 18 33 3 0 0; ]
1200000010[101 69 18 34 3 0 0; ]
1200000011[100 69 18 34 3 0 0; ]
1200000012[99 69 18 34 3 0 0; ]
1200000013[98 69 18 34 3 0 0; ]
1200000014[97 69 18 35 3 0 0; ]
1200000015[96 69 19 35 3 0 0; ]
1200000016[95 69 19 35 3 0 0; ]
1200000017[94 69 19 35 3 0 0; ]
1200000018[93 69 19 36 3 0 0; ]
1200000019[91 69 19 36 3 0 0; ]
1200000020[90 69 19 36 3 0 0; ]
1200000021[89 69 20 36 3 0 0; ]
1200000022[88 69 20 37 3 0 0; ]
1200000023[87 69 20 37 3 0 0; ]
1200000024[86 69 20 37 3 0 0; ]
1200000025[85 69 20 37 3 0 0; ]
1200000026[84 68 20 38 3 0 0; ]
1200000027[83 68 20 38 3 0 0; ]
1200000028[82 68 20 38 3 0 0; ]
1200000029[81 67 20 38 3 0 0; ]
1200000030[80 67 20 39 3 0 0; ]
1200000031[79 67 20 39 3 0 0; ]
1200000032[78 67 20 39 3 0 0; ]
1200000033[77 67 20 39 3 0 0; ]
1200000034[75 67 20 38 3 0 0; ]
1200000035[73 67 20 37 3 0 0; ]
1200000036[71 68 20 37 3 0 0; ]
1200000037[70 68 20 37 3 0 0; ]
1200000038[69 68 20 37 3 0 0; ]
1200000039[68 69 20 37 3 0 0; ]
1200000040[66 69 20 37 3 0 0; ]
1200000041[65 70 20 37 3 0 0; ]
1200000042[64 70 20 37 3 0 0; ]
1200000043[64 71 20 37 3 0 0; ]
1200000044[63 71 20 37 3 0 0; ]
1200000045[62 72 20 37 3 0 0; ]
1200000046[60 72 20 37 3 0 0; ]
1200000047[59 72 20 37 3 0 0; ]
1200000048[58 72 20 37 3 0 0; ]
1200000049[56 72 20 38 3 0 0; ]
1200000050[55 72 20 38 3 0 0; ]
1200000051[53 72 20 38 3 0 0; ]
1200000052[52 72 20 39 3 0 0; ]
1200000053[50 72 20 39 3 0 0; ]
1200000054[48 72 21 40 3 0 0; ]
1200000055[46 72 21 40 3 0 0; ]
1200000056[44 72 21 41 3 0 0; ]
1200000057[42 72 21 42 3 0 0; ]
1200000058[41 73 21 42 3 0 0; ]
1200000059[39 73 21 43 3 0 0; ]
1200000060[38 73 22 43 3 0 0; ]
1200000061[37 73 22 43 3 0 0; ]
1200000062[35 73 22 44 3 0 0; ]
1200000063[33 73 22 44 3 0 0; ]
1200000064[31 73 23 44 3 0 0; ]
1200000065[29 72 23 44 3 0 0; ]
1200000066[27 72 24 45 3 0 0; ]
1200000067[25 71 24 45 3 0 0; ]
1200000068[23 71 24 45 3 0 0; ]
1200000069[21 70 25 45 3 0 0; ]
1200000070[18 69 25 45 3 0 0; ]
1200000071[17 69 25 45 3 0 0; ]
1200000072[16 68 25 45 3 0 0; ]
1200000073[15 68 25 46 3 0 0; ]
1200000074[13 68 25 46 3 0 0; ]
1200000075[11 68 25 46 3 0 0; ]
1200000076[9 68 25 46 3 0 0; ]
1200000077[7 68 25 47 3 0 0; ]
1200000078[4 67 25 47 3 0 0; ]
1200000079[2 67 25 47 3 0 0; ]
1200000080[]
1200000081[]
1200000082[]
1200000083[]
1200000084[]
1200000085[]
1200000086[]
1200000087[]
1200000088[]
1200000089[]
1200000090[]
1200000091[]
1200000092[]
1200000093[]
1200000094[]
1200000095[]
1200000096[]
1200000097[]
1200000098[]
1200000099[]
1200000100[]
1200000101[]
1200000102[]
1200000103[]
1200000104[]
1200000105[]
1200000106[]
1200000107[]
1200000108[]
1200000109[]
1200000110[]
1200000111[]
1200000112[]
1200000113[]
1200000114[]
1200000115[]
1200000116[]
1200000117[]
1200000118[]
1200000119[]
1200000120[]
1200000121[]
1200000122[]
1200000123[]
1200000124[]
1200000125[]
1200000126[]
1200000127[]
1200000128[]
1200000129[]
1200000130[]
1200000131[]
1200000132[]
1200000133[]
1200000134[]
1200000135[]
1200000136[]
1200000137[]
1200000138[]
1200000139[]
1200000140[]
1200000141[]
1200000142[]
1200000143[]
1200000144[]
1200000145[]
1200000146[]
1200000147[]
1200000148[]
1200000149[]
1200000150[]
1200000151[]
1200000152[]
1200000153[]
1200000154[]
1200000155[]
1200000156[]
1200000157[]
1200000158[]
1200000159[]
1200000160[]
1200000161[]
1200000162[]
1200000163[]
1200000164[]
1200000165[]
1200000166[]
1200000167[]
1200000168[]
1200000169[]
1200000170[]
1200000171[]
1200000172[]
1200000173[]
1200000174[]
1200000175[]
1200000176[]
1200000177[]
1200000178[]
1200000179[]
1200000180[]
1200000181[]
1200000182[]
1200000183[398 78 14 31 7 0 1; ]
1200000184[398 79 14 31 7 0 1; ]
1200000185[399 79 14 31 7 0 1; ]
1200000186[399 79 14 31 7 0 1; ]
1200000187[400 80 14 31 7 0 1; ]
1200000188[401 80 14 31 7 0 1; ]
1200000189[401 80 14 31 7 0 1; ]
1200000190[494 76 16 37 5 1 0; 402 81 14 31 7 0 1; ]
1200000191[402 81 14 31 7 0 1; ]
1200000192[403 81 14 31 7 0 1; ]
1200000193[404 82 14 31 7 0 1; ]
1200000194[404 82 14 31 7 0 1; ]
1200000195[405 82 14 31 7 0 1; ]
1200000196[405 83 14 31 7 0 1; ]
1200000197[406 83 14 31 7 0 1; ]
1200000198[407 83 14 31 7 0 1; ]
1200000199[407 83 14 31 7 0 1; ]
1200000200[407 83 14 31 7 0 1; ]
1200000201[407 83 14 31 7 0 1; ]
1200000202[408 83 14 31 7 0 1; ]
1200000203[408 83 14 31 7 0 1; ]
1200000204[408 83 14 31 7 0 1; ]
1200000205[409 83 14 31 7 0 1; ]
1200000206[409 83 14 31 7 0 1; ]
1200000207[410 83 14 31 7 0 1; ]
1200000208[411 83 14 31 7 0 1; ]
1200000209[411 83 14 31 7 0 1; ]
1200000210[412 83 14 31 7 0 1; ]
1200000211[413 83 14 31 7 0 1; ]
1200000212[413 83 14 31 7 0 1; ]
1200000213[414 83 14 31 7 0 1; ]
1200000214[415 83 14 31 7 0 1; ]
1200000215[416 83 14 31 7 0 1; ]
1200000216[416 83 14 31 7 0 1; ]
1200000217[417 83 14 31 7 0 1; ]
1200000218[418 83 14 31 7 0 1; ]
1200000219[419 83 14 31 7 0 1; ]
1200000220[419 82 14 31 7 0 1; ]
1200000221[420 82 14 31 7 0 1; ]
1200000222[421 82 14 31 7 0 1; ]
1200000223[422 82 14 31 7 0 1; ]
1200000224[422 81 14 31 7 0 1; ]
1200000225[423 81 14 31 7 0 1; ]
1200000226[424 81 14 31 7 0 1; ]
1200000227[424 81 14 31 7 0 1; ]
1200000228[424 81 14 31 7 0 1; ]
1200000229[425 81 15 31 7 0 1; 342 87 18 30 10 0 0; ]
1200000230[425 82 15 31 7 0 1; 342 86 18 30 10 0 0; ]
1200000231[425 82 15 31 7 0 1; 343 86 18 30 10 0 0; ]
1200000232[425 82 15 32 7 0 1; 343 86 18 31 10 0 0; ]
1200000233[426 83 16 32 7 0 1; 344 86 18 31 10 0 0; ]
1200000234[426 83 16 32 7 0 1; 344 86 18 31 10 0 0; ]
1200000235[426 83 16 32 7 0 1; 345 86 19 31 10 0 0; ]
1200000236[427 83 16 33 7 0 1; 346 86 19 32 10 0 0; ]
1200000237[428 83 16 33 7 0 1; 346 86 19 32 10 0 0; ]
1200000238[429 82 16 33 7 0 1; 347 86 19 32 10 0 0; ]
1200000239[431 82 15 34 7 0 1; 347 86 19 33 10 0 0; ]
1200000240[433 81 14 34 7 0 1; 348 86 19 33 10 0 0; ]
1200000241[433 80 14 34 7 0 1; 348 86 19 33 10 0 0; ]
1200000242[434 79 14 34 7 0 1; 349 86 19 34 10 0 0; ]
1200000243[434 78 14 34 7 0 1; 349 86 19 34 10 0 0; ]
1200000244[434 77 14 34 7 0 1; 350 85 19 34 10 0 0; ]
1200000245[435 77 14 35 7 0 1; 351 85 19 34 10 0 0; ]
1200000246[435 78 15 35 7 0 1; 351 85 20 35 10 0 0; ]
1200000247[435 78 16 35 7 0 1; 352 85 20 35 10 0 0; ]
1200000248[436 79 17 36 7 0 1; 352 85 20 35 10 0 0; ]
1200000249[436 79 17 36 7 0 1; 353 85 20 36 10 0 0; ]
1200000250[437 80 17 36 7 0 1; 353 85 20 36 10 0 0; ]
1200000251[438 81 17 36 7 0 1; 354 85 20 36 10 0 0; ]
1200000252[439 81 16 35 7 0 1; 355 85 20 36 10 0 0; ]
1200000253[441 83 15 35 7 0 1; 355 85 20 37 10 0 0; ]
1200000254[442 83 14 34 7 0 1; 356 85 20 37 10 0 0; ]
1200000255[442 83 14 34 7 0 1; 356 85 20 37 10 0 0; ]
1200000256[443 83 14 34 7 0 1; 357 85 20 38 10 0 0; ]
1200000257[444 83 14 34 7 0 1; 357 85 20 38 10 0 0; ]
1200000258[444 83 14 34 7 0 1; 358 85 20 38 10 0 0; ]
1200000259[445 83 14 34 7 0 1; 358 85 20 38 10 0 0; ]
1200000260[445 83 15 34 7 0 1; 359 85 21 38 10 0 0; ]
1200000261[446 83 15 34 7 0 1; 359 85 21 39 10 0 0; ]
1200000262[446 83 15 34 7 0 1; 360 85 21 39 10 0 0; ]
1200000263[447 83 15 34 7 0 1; 360 85 21 39 10 0 0; ]
1200000264[447 83 16 34 7 0 1; 361 85 21 39 10 0 0; ]
1200000265[447 83 17 34 7 0 1; 361 85 21 39 10 0 0; ]
1200000266[447 83 17 34 7 0 1; 361 85 21 39 10 0 0; ]
1200000267[447 83 18 34 7 0 1; 362 84 21 40 10 0 0; ]
1200000268[448 83 18 34 7 0 1; 362 84 21 40 10 0 0; ]
1200000269[448 83 18 34 7 0 1; 363 84 21 40 10 0 0; ]
1200000270[448 83 18 34 7 0 1; 363 84 21 40 10 0 0; ]
1200000271[449 83 18 34 7 0 1; 363 84 21 40 10 0 0; ]
1200000272[449 83 18 34 7 0 1; 364 84 21 40 10 0 0; ]
1200000273[450 83 18 34 7 0 1; 364 84 21 40 10 0 0; ]
1200000274[451 83 18 34 7 0 1; 364 84 21 40 10 0 0; ]
1200000275[451 83 18 34 7 0 1; 365 84 21 40 10 0 0; ]
1200000276[452 82 18 34 7 0 1; 365 84 21 40 10 0 0; ]
1200000277[454 82 18 34 7 0 1; 365 85 21 40 10 0 0; ]
1200000278[455 82 18 34 7 0 1; 365 86 21 39 10 0 0; 181 92 15 30 72 0 0; ]
1200000279[455 82 18 34 7 0 1; 366 86 21 38 10 0 0; 180 92 15 30 72 0 0; ]
1200000280[455 82 18 34 7 0 1; 366 87 21 38 10 0 0; 180 92 15 30 72 0 0; ]
1200000281[455 82 18 34 7 0 1; 366 87 21 38 10 0 0; 180 92 15 31 72 0 0; ]
1200000282[455 82 18 34 7 0 1; 366 86 21 38 10 0 0; 179 92 15 31 72 0 0; ]
1200000283[455 82 18 34 7 0 1; 366 86 21 38 10 0 0; 179 92 15 32 72 0 0; ]
1200000284[455 82 18 34 7 0 1; 366 86 21 38 10 0 0; 179 92 15 32 72 0 0; ]
1200000285[455 82 18 34 7 0 1; 366 86 21 38 10 0 0; 179 92 15 32 72 0 0; ]
1200000286[455 82 18 34 7 0 1; 366 86 21 38 10 0 0; 179 92 15 32 72 0 0; ]
1200000287[455 82 18 34 7 0 1; 366 86 21 38 10 0 0; 179 92 15 32 72 0 0; ]
1200000288[455 82 18 34 7 0 1; 366 86 21 38 10 0 0; 179 92 15 32 72 0 0; ]
1200000289[455 82 18 34 7 0 1; 367 86 21 38 10 0 0; 178 92 15 32 72 0 0; ]
1200000290[455 82 18 34 7 0 1; 367 86 21 39 10 0 0; 176 93 16 32 72 0 0; ]
1200000291[455 82 18 34 7 0 1; 368 86 21 39 10 0 0; 175 93 16 32 72 0 0; ]
1200000292[454 82 18 34 7 0 1; 369 86 21 39 10 0 0; 173 94 16 32 72 0 0; ]
1200000293[454 84 18 34 7 0 1; 371 86 22 39 10 0 0; 171 94 16 32 72 0 0; ]
1200000294[463 86 19 35 7 0 1; 372 87 22 40 10 0 0; 169 94 16 32 72 0 0; ]
1200000295[464 84 18 35 7 0 1; 373 87 23 40 10 0 0; 168 95 16 32 72 0 0; ]
1200000296[465 82 18 35 7 0 1; 374 87 23 41 10 0 0; 167 95 17 32 72 0 0; 141 94 16 30 73 0 0; ]
1200000297[466 83 18 35 7 0 1; 375 87 23 42 10 0 0; 166 95 17 32 72 0 0; 141 94 16 30 73 0 0; ]
1200000298[467 83 18 35 7 0 1; 376 87 23 42 10 0 0; 165 95 17 32 72 0 0; 140 94 16 30 73 0 0; ]
1200000299[467 83 18 36 7 0 1; 377 87 22 43 10 0 0; 164 95 16 32 72 0 0; 140 94 16 30 73 0 0; ]
1200000300[468 84 19 36 7 0 1; 377 87 22 44 10 0 0; 164 95 16 32 72 0 0; 139 94 16 30 73 0 0; ]
1200000301[468 84 19 37 7 0 1; 378 87 22 45 10 0 0; 163 95 15 32 72 0 0; 139 94 16 30 73 0 0; ]
1200000302[469 85 19 37 7 0 1; 378 86 22 45 10 0 0; 162 95 16 32 72 0 0; 138 94 16 30 73 0 0; ]
1200000303[470 85 20 38 7 0 1; 379 86 22 46 10 0 0; 161 95 16 32 72 0 0; 138 94 16 30 73 0 0; ]
1200000304[470 85 20 38 7 0 1; 379 86 22 46 10 0 0; 161 95 17 32 72 0 0; 137 94 16 30 73 0 0; ]
1200000305[471 86 20 38 7 0 1; 380 86 22 47 10 0 0; 160 96 18 32 72 0 0; 137 94 16 30 73 0 0; ]
1200000306[472 86 20 38 7 0 1; 380 85 22 47 10 0 0; 160 96 18 32 72 0 0; 136 94 16 30 73 0 0; ]
1200000307[472 86 20 38 7 0 1; 381 85 22 48 10 0 0; 159 96 18 32 72 0 0; 135 94 16 30 73 0 0; ]
1200000308[473 85 20 38 7 1 1; 382 85 23 48 10 0 0; 158 95 18 32 72 0 0; 135 94 16 30 73 0 0; ]
1200000309[474 85 20 38 7 1 1; 383 84 23 49 10 0 0; 158 95 17 32 72 0 0; 134 93 16 30 73 0 0; ]
1200000310[475 85 20 38 7 1 1; 384 84 23 49 10 0 0; 157 95 17 32 72 0 0; 133 93 16 30 73 0 0; ]
1200000311[476 85 20 38 7 1 1; 384 84 24 49 10 0 0; 156 94 16 32 72 0 0; 133 93 16 30 73 0 0; ]
1200000312[476 84 20 38 7 1 1; 385 84 24 50 10 0 0; 156 94 16 32 72 0 0; 132 93 16 30 73 0 0; ]
1200000313[477 84 20 38 7 1 1; 386 83 24 50 10 0 0; 155 93 16 32 72 0 0; 131 93 16 30 73 0 0; ]
1200000314[478 84 20 38 7 1 1; 387 83 25 50 10 0 0; 155 93 15 32 72 0 0; 131 93 16 30 73 0 0; ]
1200000315[479 83 20 38 7 1 1; 388 82 25 51 10 0 0; 155 93 15 32 72 0 0; 130 92 16 30 73 0 0; ]
1200000316[480 83 20 38 7 1 1; 389 82 25 51 10 0 0; 155 93 15 32 72 0 0; 129 92 16 30 73 0 0; ]
1200000317[481 82 20 38 7 1 1; 390 82 26 52 10 0 0; 155 93 15 32 72 0 0; 129 92 16 30 73 0 0; ]
1200000318[482 81 20 38 7 1 1; 391 81 26 52 10 0 0; 156 93 15 32 72 0 0; 128 91 16 30 73 0 0; ]
1200000319[482 80 20 38 7 1 1; 392 81 26 53 10 0 0; 155 92 15 32 72 0 0; 127 91 16 30 73 0 0; ]
1200000320[483 80 20 38 7 1 1; 393 80 26 53 10 0 0; 154 92 15 32 72 0 0; 126 91 16 30 73 0 0; ]
1200000321[394 80 27 54 10 0 0; 153 92 15 32 72 0 0; 126 90 16 30 73 0 0; ]
1200000322[394 79 27 54 10 0 0; 152 91 15 32 72 0 0; 125 90 16 30 73 0 0; ]
1200000323[395 79 27 55 10 0 0; 150 91 15 32 72 0 0; 124 89 16 30 73 0 0; ]
1200000324[396 78 27 56 10 0 0; 149 91 15 32 72 0 0; 123 89 16 30 73 0 0; ]
1200000325[397 78 28 56 10 0 0; 148 90 15 32 72 0 0; 122 88 17 30 73 0 0; ]
1200000326[398 77 28 57 10 0 0; 148 90 15 32 72 0 0; 122 87 17 30 73 0 0; ]
1200000327[398 76 29 59 10 0 0; 148 89 15 32 72 0 0; 121 87 17 30 73 0 0; ]
1200000328[399 73 30 62 10 0 0; 148 88 15 32 72 0 0; 120 86 17 30 73 0 0; ]
1200000329[400 71 32 65 10 0 0; 148 86 15 33 72 0 0; 119 85 17 30 73 0 0; ]
1200000330[401 70 32 66 10 0 0; 147 83 16 34 72 0 0; 118 85 17 31 73 0 0; ]
1200000331[402 70 32 66 10 0 0; 145 81 16 35 72 0 0; 117 85 17 31 73 0 0; ]
1200000332[403 69 32 66 10 0 0; 144 81 16 36 72 0 0; 117 85 17 31 73 0 0; ]
1200000333[405 69 32 66 10 0 0; 144 82 16 36 72 0 0; 116 85 17 31 73 0 0; ]
1200000334[407 68 32 66 10 0 0; 143 82 16 37 72 0 0; 115 85 17 32 73 0 0; ]
1200000335[408 68 32 66 10 0 0; 142 82 16 37 72 0 0; 114 84 18 32 73 0 0; ]
1200000336[410 68 32 66 10 0 0; 142 82 16 36 72 0 0; 114 84 18 32 73 0 0; ]
1200000337[412 68 32 66 10 0 0; 141 82 16 35 72 0 0; 113 84 18 32 73 0 0; ]
1200000338[414 68 32 66 10 0 0; 140 82 16 34 72 0 0; 112 84 18 32 73 0 0; ]
1200000339[417 68 32 66 10 0 0; 139 82 16 35 72 0 0; 111 83 18 32 73 0 0; ]
1200000340[419 68 32 66 10 0 0; 138 81 16 36 72 0 0; 110 83 18 32 73 0 0; ]
1200000341[421 67 32 66 10 0 0; 137 80 16 36 72 0 0; 109 82 18 32 73 0 0; ]
1200000342[423 66 33 67 10 0 0; 136 80 16 37 72 0 0; 108 81 18 32 73 0 0; ]
1200000343[425 65 33 69 10 0 0; 135 80 15 34 72 0 0; 107 81 18 32 73 0 0; ]
1200000344[427 64 34 70 10 0 0; 134 80 15 32 72 0 0; 106 80 18 32 73 0 0; ]
1200000345[429 63 34 71 10 0 0; 132 80 15 32 72 0 0; 104 78 18 32 73 0 0; ]
1200000346[431 63 34 72 10 0 0; 131 80 16 32 72 0 0; 103 78 18 32 73 0 0; ]
1200000347[433 62 35 73 10 0 0; 129 80 16 33 72 0 0; 102 79 18 32 73 0 0; ]
1200000348[435 62 35 74 10 0 0; 127 80 16 33 72 0 0; 101 79 18 32 73 0 0; ]
1200000349[437 61 36 75 10 0 0; 125 80 17 34 72 0 0; 100 79 18 32 73 0 0; ]
1200000350[439 61 37 77 10 0 0; 124 80 17 34 72 0 0; 99 80 18 32 73 0 0; ]
1200000351[440 61 37 78 10 0 0; 122 80 17 35 72 0 0; 98 80 18 32 73 0 0; ]
1200000352[442 61 38 79 10 0 0; 120 80 18 36 72 0 0; 96 81 18 32 73 0 0; ]
1200000353[444 60 38 80 10 0 0; 118 80 18 36 72 0 0; 95 81 18 32 73 0 0; ]
1200000354[446 60 39 81 10 0 0; 116 81 19 36 72 0 0; 94 81 18 32 73 0 0; ]
1200000355[449 60 40 82 10 0 0; 114 81 19 37 72 0 0; 93 81 18 32 73 0 0; ]
1200000356[451 60 40 83 10 0 0; 112 81 20 37 72 0 0; 91 81 18 32 73 0 0; ]
1200000357[454 60 41 84 10 0 0; 110 81 20 37 72 0 0; 90 81 18 32 73 0 0; ]
1200000358[458 60 41 85 10 0 0; 108 81 21 37 72 0 0; 88 81 18 33 73 0 0; ]
1200000359[461 59 42 86 10 0 0; 106 81 21 37 72 0 0; 87 82 18 33 73 0 0; ]
1200000360[465 59 42 87 10 0 0; 104 81 22 37 72 0 0; 85 82 18 33 73 0 0; ]
1200000361[102 82 22 37 72 0 0; 84 82 18 33 73 0 0; ]
1200000362[99 82 23 37 72 0 0; 82 82 18 34 73 0 0; ]
1200000363[97 82 23 37 72 0 0; 81 82 18 34 73 0 0; ]
1200000364[95 82 24 37 72 0 0; 79 82 18 34 73 0 0; ]
1200000365[92 82 24 37 72 0 0; 77 82 18 35 73 0 0; ]
1200000366[90 83 25 37 72 0 0; 76 82 18 35 73 0 0; ]
1200000367[88 83 25 37 72 0 0; 74 82 18 36 73 0 0; ]
1200000368[85 83 25 37 72 0 0; 72 82 18 36 73 0 0; ]
1200000369[83 83 25 37 72 0 0; 71 82 18 36 73 0 0; ]
1200000370[81 83 25 37 72 0 0; 69 82 18 36 73 0 0; ]
1200000371[78 83 25 37 72 0 0; 68 83 18 36 73 0 0; ]
1200000372[76 83 25 37 72 0 0; 66 83 18 36 73 0 0; ]
1200000373[73 84 25 37 72 0 0; 64 83 18 36 73 0 0; ]
1200000374[71 84 25 38 72 0 0; 63 83 18 36 73 0 0; ]
1200000375[68 84 25 38 72 0 0; 61 83 18 36 73 0 0; ]
1200000376[65 84 25 39 72 0 0; 61 83 18 36 73 0 0; ]
1200000377[63 84 25 39 72 0 0; 61 83 18 36 73 0 0; ]
1200000378[60 84 25 40 72 0 0; 61 83 18 36 73 0 0; ]
1200000379[57 84 25 41 72 0 0; 61 83 18 36 73 0 0; ]
1200000380[55 84 25 41 72 0 0; 61 83 18 36 73 0 0; ]
1200000381[52 84 25 42 72 0 0; 61 83 18 36 73 0 0; ]
1200000382[49 84 25 43 72 0 0; 61 83 18 36 73 0 0; ]
1200000383[46 84 25 45 72 0 0; 61 83 18 36 73 0 0; ]
1200000384[43 84 25 45 72 0 0; 61 83 18 36 73 0 0; ]
1200000385[40 84 25 45 72 0 0; 61 83 18 36 73 0 0; ]
1200000386[37 85 26 45 72 0 0; 61 83 18 36 73 0 0; ]
1200000387[34 85 26 45 72 0 0; 61 83 18 36 73 0 0; ]
1200000388[31 85 26 45 72 0 0; 61 83 18 36 73 0 0; ]
1200000389[28 85 26 45 72 0 0; 61 83 18 36 73 0 0; ]
1200000390[25 85 26 45 72 0 0; 61 83 18 36 73 0 0; ]
1200000391[22 86 26 45 72 0 0; ]
1200000392[18 86 26 45 72 0 0; ]
1200000393[15 86 27 45 72 0 0; ]
1200000394[12 86 27 45 72 0 0; ]
1200000395[8 87 27 45 72 0 0; ]
1200000396[5 87 27 45 72 0 0; ]
1200000397[2 87 28 45 72 0 0; ]
1200000398[]
1200000399[]
1200000400[]
1200000401[5 81 20 44 13 0 0; ]
1200000402[2 79 20 45 13 0 0; ]
1200000403[]
1200000404[]
1200000405[]
1200000406[]
1200000407[]
1200000408[]
1200000409[]
1200000410[]
1200000411[]
1200000412[]
1200000413[]
1200000414[]
1200000415[]
1200000416[]
1200000417[]
1200000418[]
1200000419[]
1200000420[]
1200000421[]
1200000422[]
1200000423[]
1200000424[]
1200000425[]
1200000426[]
1200000427[]
1200000428[]
1200000429[]
1200000430[]
1200000431[]
1200000432[]
1200000433[]
1200000434[]
1200000435[]
1200000436[]
1200000437[]
1200000438[]
1200000439[]
1200000440[]
1200000441[]
1200000442[]
1200000443[]
1200000444[]
1200000445[]
1200000446[]
1200000447[]
1200000448[]
1200000449[]
1200000450[]
1200000451[]
1200000452[]
1200000453[]
1200000454[]
1200000455[]
1200000456[]
1200000457[]
1200000458[]
1200000459[217 95 18 31 44 0 2; ]
1200000460[216 95 18 31 44 0 2; ]
1200000461[215 95 18 31 44 0 2; ]
1200000462[]
1200000463[]
1200000464[]
1200000465[]
1200000466[]
1200000467[]
1200000468[]
1200000469[]
1200000470[]
1200000471[]
1200000472[]
1200000473[]
1200000474[]
1200000475[]
1200000476[188 93 25 31 46 0 2; ]
1200000477[183 95 27 30 47 0 2; ]
1200000478[181 95 27 30 47 0 2; ]
1200000479[179 95 27 30 47 0 2; ]
1200000480[178 95 27 30 47 0 2; ]
1200000481[176 95 27 30 47 0 2; ]
1200000482[175 95 27 30 47 0 2; ]
1200000483[174 94 29 32 47 0 2; ]
1200000484[172 94 21 30 48 0 2; ]
1200000485[171 94 21 30 48 0 2; ]
1200000486[170 94 22 31 48 0 2; ]
1200000487[168 94 22 31 48 0 2; ]
1200000488[167 94 22 32 48 0 2; ]
1200000489[165 94 22 32 48 0 2; ]
1200000490[380 96 18 31 17 0 0; 164 94 22 32 48 0 2; ]
1200000491[380 96 18 31 17 0 0; 162 94 22 32 48 0 2; ]
1200000492[380 96 18 31 17 0 0; 161 94 22 32 48 0 2; ]
1200000493[381 96 18 31 17 0 0; 159 93 22 32 48 0 2; ]
1200000494[381 96 18 31 17 0 0; 157 93 22 32 48 0 2; ]
1200000495[381 96 18 31 17 0 0; 156 92 12 33 49 0 0; ]
1200000496[382 96 18 31 17 0 0; 154 91 13 33 49 0 0; ]
1200000497[382 96 18 31 17 0 0; 152 91 13 33 49 0 0; ]
1200000498[383 96 18 31 17 0 0; 150 91 14 33 49 0 0; ]
1200000499[383 96 18 31 17 0 0; 148 92 14 33 49 0 0; ]
1200000500[383 96 18 31 17 0 0; 146 92 14 33 49 0 0; ]
1200000501[384 96 18 31 17 0 0; 144 93 14 33 49 0 0; ]
1200000502[384 96 18 31 17 0 0; 143 93 14 33 49 0 0; ]
1200000503[384 96 18 31 17 0 0; 141 93 14 33 49 0 0; ]
1200000504[385 96 18 31 17 0 0; 138 92 14 31 49 0 0; ]
1200000505[385 96 18 31 17 0 0; 136 91 14 30 49 0 0; ]
1200000506[386 96 18 31 17 0 0; 134 90 13 30 49 1 0; ]
1200000507[386 97 18 31 17 0 0; 132 90 13 30 49 1 0; ]
1200000508[386 97 18 31 17 0 0; 129 90 13 31 49 1 0; ]
1200000509[386 97 18 31 17 0 0; 127 90 12 33 49 1 0; ]
1200000510[387 97 18 31 17 0 0; ]
1200000511[387 98 18 31 17 0 0; ]
1200000512[387 99 18 31 17 0 0; ]
1200000513[387 100 19 31 17 0 0; ]
1200000514[387 100 19 32 17 0 0; ]
1200000515[388 101 19 32 17 0 0; ]
1200000516[388 102 19 32 17 0 0; ]
1200000517[388 102 20 32 17 0 0; ]
1200000518[388 102 20 32 17 0 0; ]
1200000519[389 102 20 32 17 0 0; ]
1200000520[389 102 20 32 17 0 0; ]
1200000521[389 102 20 32 17 0 0; ]
1200000522[389 102 20 32 17 0 0; ]
1200000523[390 102 20 32 17 0 0; ]
1200000524[139 93 15 36 15 1 1; 390 101 20 32 17 0 0; ]
1200000525[139 93 15 36 15 1 1; 390 101 20 32 17 0 0; ]
1200000526[138 93 15 36 15 1 1; 391 100 20 32 17 0 0; ]
1200000527[136 92 14 38 15 0 1; 391 100 20 32 17 0 0; ]
1200000528[134 92 13 38 15 0 1; 391 101 20 32 17 0 0; 202 101 13 30 18 0 0; ]
1200000529[132 93 14 38 15 0 1; 392 102 20 32 17 0 0; 202 102 13 30 18 0 0; ]
1200000530[129 93 16 38 15 0 1; 392 102 20 32 17 0 0; 200 102 13 30 18 0 0; ]
1200000531[126 94 17 38 15 0 1; 392 102 20 32 17 0 0; 198 102 13 30 18 0 0; ]
1200000532[124 93 17 38 15 0 1; 392 102 20 32 17 0 0; 196 102 13 30 18 0 0; ]
1200000533[122 93 16 38 15 0 1; 392 102 20 32 17 0 0; 195 102 13 30 18 0 0; 106 98 15 33 50 1 0; ]
1200000534[120 93 15 38 15 0 1; 392 102 20 32 17 0 0; 194 102 13 30 18 0 0; 103 96 16 33 50 0 0; ]
1200000535[118 92 15 38 15 0 1; 393 101 20 32 17 0 0; 192 101 14 31 18 0 0; 100 95 16 34 50 0 0; ]
1200000536[115 92 15 38 15 0 1; 393 101 20 33 17 0 0; 191 101 14 31 18 0 0; 98 95 16 34 50 0 0; ]
1200000537[113 91 16 38 15 0 1; 393 101 21 33 17 0 0; 189 100 14 31 18 0 0; 95 95 16 34 50 0 0; 83 94 16 36 51 1 0; ]
1200000538[110 91 16 37 15 0 1; 393 100 21 33 17 0 0; 187 99 15 31 18 0 0; 92 95 17 35 50 0 0; 80 93 16 36 51 0 0; ]
1200000539[107 91 17 37 15 0 1; 393 100 21 33 17 0 0; 184 98 16 31 18 0 0; 90 95 17 35 50 0 0; 77 93 16 37 51 0 0; ]
1200000540[104 90 18 37 15 0 1; 393 99 21 33 17 0 0; 182 98 16 31 18 0 0; 86 95 17 35 50 0 0; 74 93 16 37 51 0 0; ]
1200000541[101 91 18 37 15 0 1; 393 99 21 34 17 0 0; 181 99 16 31 18 0 0; 83 95 17 35 50 0 0; 71 93 16 38 51 0 0; ]
1200000542[96 91 18 37 15 0 1; 394 99 21 35 17 0 0; 179 100 16 31 18 0 0; 80 95 17 35 50 0 0; 68 93 16 38 51 0 0; ]
1200000543[95 92 18 37 15 0 1; 394 100 21 36 17 0 0; 177 100 16 31 18 0 0; 76 95 17 35 50 0 0; 65 94 16 39 51 0 0; ]
1200000544[92 92 18 37 15 0 1; 394 100 21 37 17 0 0; 176 100 16 31 18 0 0; 73 95 18 36 50 0 0; 62 94 16 39 51 0 0; ]
1200000545[89 92 18 37 15 0 1; 394 100 21 37 17 0 0; 174 100 16 31 18 0 0; 70 95 18 36 50 0 0; 59 94 16 40 51 0 0; ]
1200000546[86 92 18 37 15 0 1; 13 89 19 45 16 0 0; 394 100 21 37 17 0 0; 172 100 16 31 18 0 0; 67 95 18 36 50 0 0; 56 94 16 40 51 0 0; ]
1200000547[83 92 18 37 15 0 1; 9 89 19 45 16 0 0; 394 100 21 37 17 0 0; 170 100 16 31 18 0 0; 64 95 18 36 50 0 0; 53 93 16 40 51 0 0; ]
1200000548[80 92 18 38 15 0 1; 5 89 20 45 16 0 0; 394 100 21 37 17 0 0; 169 100 16 31 18 0 0; 61 95 18 36 50 0 0; 50 93 16 40 51 0 0; ]
1200000549[77 92 19 38 15 0 1; 0 88 21 46 16 0 0; 394 99 21 37 17 0 0; 167 100 16 31 18 0 0; 57 95 18 36 50 0 0; 47 93 16 41 51 0 0; ]
1200000550[74 91 19 39 15 0 1; 394 99 21 37 17 0 0; 165 100 16 31 18 0 0; 54 95 19 37 50 0 0; 44 92 16 41 51 0 0; ]
1200000551[71 91 19 39 15 0 1; 394 98 21 37 17 0 0; 163 100 16 31 18 0 0; 51 95 19 37 50 0 0; 41 92 16 41 51 0 0; ]
1200000552[68 90 19 40 15 0 1; 394 98 21 37 17 0 0; 162 100 16 31 18 0 0; 50 94 18 37 50 0 0; 37 91 16 41 51 0 0; ]
1200000553[64 90 19 41 15 0 1; 393 97 21 37 17 0 0; 160 100 16 31 18 0 0; 47 93 17 36 50 0 0; 34 90 16 41 51 0 0; ]
1200000554[61 89 19 42 15 0 1; 393 96 21 37 17 0 0; 158 99 16 31 18 0 0; 44 92 16 36 50 0 0; 31 90 16 41 51 0 0; ]
1200000555[58 89 19 42 15 0 1; 393 96 21 37 17 0 0; 156 98 16 31 18 0 0; 40 92 16 36 50 0 0; 28 89 16 41 51 0 0; ]
1200000556[54 88 19 43 15 0 1; 393 96 21 38 17 0 0; 155 97 17 31 18 0 0; 37 92 16 36 50 0 0; 24 89 16 42 51 0 0; ]
1200000557[51 87 19 44 15 0 1; 393 96 21 39 17 0 0; 153 97 17 31 18 0 0; 33 91 16 36 50 0 0; 21 88 16 42 51 0 0; ]
1200000558[47 87 19 45 15 0 1; 393 96 21 40 17 0 0; 151 97 17 31 18 0 0; 29 91 17 37 50 0 0; 17 88 16 42 51 0 0; ]
1200000559[44 86 19 45 15 0 1; 393 96 21 40 17 0 0; 149 96 17 31 18 0 0; 25 91 17 37 50 0 0; 13 87 17 42 51 0 0; ]
1200000560[40 85 19 46 15 0 1; 393 96 21 40 17 0 0; 147 96 17 31 18 0 0; 21 90 18 38 50 0 0; 10 87 17 42 51 0 0; ]
1200000561[36 85 19 47 15 0 1; 393 96 21 40 17 0 0; 145 96 17 31 18 0 0; 17 90 17 40 50 0 0; 6 86 17 42 51 0 0; ]
1200000562[32 84 19 47 15 0 1; 394 95 21 40 17 0 0; 143 96 17 31 18 0 0; 13 89 17 42 50 0 0; 2 86 17 43 51 0 0; ]
1200000563[28 84 20 48 15 0 1; 394 95 20 40 17 0 0; 142 96 17 31 18 0 0; 9 88 17 44 50 0 0; ]
1200000564[24 83 20 49 15 0 1; 394 95 20 40 17 0 0; 140 96 17 31 18 0 0; 5 87 17 45 50 0 0; ]
1200000565[20 82 20 49 15 0 1; 394 95 20 40 17 0 0; 138 95 17 31 18 0 0; 1 86 17 45 50 0 0; ]
1200000566[15 82 20 50 15 0 1; 395 95 20 40 17 0 0; 136 95 18 31 18 0 0; 227 96 13 30 20 0 0; ]
1200000567[11 81 21 51 15 0 1; 395 95 20 39 17 0 0; 134 95 18 31 18 0 0; ]
1200000568[6 81 21 51 15 0 1; 395 95 20 39 17 0 0; 132 95 18 31 18 0 0; ]
1200000569[1 80 21 52 15 0 1; 395 95 20 39 17 0 0; 130 94 18 31 18 0 0; ]
1200000570[395 95 20 39 17 0 0; 128 94 18 31 18 0 0; ]
1200000571[395 95 20 39 17 0 0; 126 94 18 32 18 0 0; ]
1200000572[395 95 20 39 17 0 0; 124 93 18 32 18 0 0; ]
1200000573[395 94 20 40 17 0 0; 122 93 18 32 18 0 0; ]
1200000574[395 94 20 40 17 0 0; 120 93 18 33 18 0 0; ]
1200000575[395 94 20 40 17 0 0; 118 92 18 33 18 0 0; 241 96 16 30 19 0 0; ]
1200000576[395 93 20 40 17 0 0; 116 92 18 34 18 0 0; 240 96 16 30 19 0 0; 210 93 13 30 20 0 0; ]
1200000577[394 93 20 41 17 0 0; 114 91 18 34 18 0 0; 239 95 17 30 19 0 0; 208 94 14 30 20 0 0; ]
1200000578[394 92 20 41 17 0 0; 112 91 18 35 18 0 0; 238 95 17 30 19 0 0; 207 94 14 31 20 0 0; ]
1200000579[393 92 20 42 17 0 0; 110 91 18 35 18 0 0; 236 95 17 30 19 0 0; 206 94 14 31 20 0 0; ]
1200000580[393 91 20 42 17 0 0; 108 90 18 36 18 0 0; 235 95 17 30 19 0 0; 204 94 15 31 20 0 0; ]
1200000581[392 90 20 43 17 0 0; 106 90 18 36 18 0 0; 234 94 17 31 19 0 0; 202 93 15 31 20 0 0; ]
1200000582[392 90 20 43 17 0 0; 104 90 18 37 18 0 0; 233 94 17 31 19 0 0; 200 91 15 32 20 0 0; ]
1200000583[392 90 20 43 17 0 0; 102 89 18 37 18 0 0; 232 94 17 31 19 0 0; 198 90 16 32 20 0 0; ]
1200000584[392 90 20 43 17 0 0; 100 89 18 37 18 0 0; 231 94 17 31 19 0 0; 196 90 16 32 20 0 0; ]
1200000585[392 89 20 43 17 0 0; 98 88 19 38 18 0 0; 230 93 17 31 19 0 0; 194 90 16 32 20 0 0; ]
1200000586[392 89 20 43 17 0 0; 97 88 19 38 18 0 0; 229 93 17 32 19 0 0; 192 90 16 32 20 0 0; ]
1200000587[392 89 20 43 17 0 0; 95 88 19 38 18 0 0; 229 93 17 32 19 0 0; 191 90 16 32 20 0 0; ]
1200000588[392 89 20 43 17 0 0; 93 88 19 38 18 0 0; 228 93 17 32 19 0 0; 190 90 16 32 20 0 0; ]
1200000589[392 88 20 43 17 0 0; 91 87 19 38 18 0 0; 227 93 17 32 19 0 0; 188 90 16 32 20 0 0; ]
1200000590[392 88 20 43 17 0 0; 90 87 19 38 18 0 0; 226 92 17 32 19 0 0; 187 89 16 32 20 0 0; ]
1200000591[392 88 20 43 17 0 0; 88 87 19 39 18 0 0; 226 92 17 33 19 0 0; 185 89 17 32 20 0 0; ]
1200000592[392 88 21 43 17 0 0; 87 86 19 39 18 0 0; 225 92 17 33 19 0 0; 183 89 17 32 20 0 0; ]
1200000593[392 88 21 43 17 0 0; 85 86 19 39 18 0 0; 225 92 17 33 19 0 0; 182 89 18 32 20 0 0; ]
1200000594[392 88 21 43 17 0 0; 84 86 19 39 18 0 0; 224 92 17 33 19 0 0; 180 89 19 33 20 0 0; ]
1200000595[392 88 21 43 17 0 0; 82 86 19 39 18 0 0; 224 91 17 33 19 0 0; 178 88 19 33 20 0 0; ]
1200000596[392 88 21 43 17 0 0; 81 86 19 39 18 0 0; 223 91 17 34 19 0 0; 177 88 20 33 20 0 0; ]
1200000597[393 87 21 43 17 0 0; 79 86 19 39 18 0 0; 223 91 17 34 19 0 0; 175 88 21 34 20 0 0; ]
1200000598[393 86 21 43 17 0 0; 77 86 19 40 18 0 0; 222 91 17 34 19 0 0; 174 88 21 34 20 0 0; ]
1200000599[394 86 22 43 17 0 0; 76 86 19 40 18 0 0; 222 91 18 34 19 0 0; 173 88 21 35 20 0 0; ]
1200000600[394 86 22 43 17 0 0; 74 86 19 40 18 0 0; 221 91 18 35 19 0 0; 172 88 21 35 20 0 0; ]
1200000601[395 86 22 43 17 0 0; 73 86 19 40 18 0 0; 221 91 18 35 19 0 0; 171 88 21 36 20 0 0; ]
1200000602[395 86 22 44 17 0 0; 71 86 20 40 18 0 0; 220 90 18 35 19 0 0; 170 88 20 36 20 0 0; ]
1200000603[396 86 22 44 17 0 0; 70 86 20 41 18 0 0; 219 90 18 36 19 0 0; 169 88 19 37 20 0 0; ]
1200000604[396 86 22 44 17 0 0; 68 86 20 41 18 0 0; 219 90 18 36 19 0 0; 169 88 19 38 20 0 0; ]
1200000605[397 86 23 45 17 0 0; 67 86 20 41 18 0 0; 218 90 18 36 19 0 0; 167 88 19 38 20 0 0; ]
1200000606[398 86 23 45 17 0 0; 65 86 21 42 18 0 0; 217 90 19 37 19 0 0; 165 89 19 38 20 0 0; ]
1200000607[398 87 23 45 17 0 0; 64 86 21 42 18 0 0; 216 90 19 37 19 0 0; 164 89 19 38 20 0 0; ]
1200000608[399 87 23 46 17 0 0; 62 86 21 42 18 0 0; 216 90 19 37 19 0 0; 162 89 19 38 20 0 0; ]
1200000609[400 88 23 46 17 0 0; 60 86 21 43 18 0 0; 215 90 19 38 19 0 0; 161 88 19 38 20 0 0; ]
1200000610[401 88 23 47 17 0 0; 58 86 21 43 18 0 0; 214 90 19 38 19 0 0; 160 88 19 38 20 0 0; ]
1200000611[401 88 23 47 17 0 0; 57 86 21 43 18 0 0; 213 90 20 39 19 0 0; 158 88 19 38 20 0 0; ]
1200000612[402 88 23 48 17 0 0; 55 86 21 43 18 0 0; 212 90 20 39 19 0 0; 156 88 19 38 20 0 0; ]
1200000613[403 88 23 48 17 0 0; 53 87 21 43 18 0 0; 211 90 20 39 19 0 0; 154 88 19 38 20 0 0; ]
1200000614[404 88 23 49 17 0 0; 51 88 21 42 18 0 0; 210 90 20 39 19 0 0; 152 89 19 38 20 0 0; ]
1200000615[404 88 23 49 17 0 0; 48 89 21 42 18 0 0; 208 90 20 39 19 0 0; 150 89 19 38 20 0 0; ]
1200000616[405 88 23 50 17 0 0; 46 90 21 41 18 0 0; 207 90 21 39 19 0 0; 148 89 19 38 20 0 0; ]
1200000617[406 88 23 50 17 0 0; 44 90 21 41 18 0 0; 206 90 21 39 19 0 0; 147 89 19 38 20 0 0; ]
1200000618[406 88 23 51 17 0 0; 42 90 21 41 18 0 0; 205 90 21 39 19 0 0; 145 89 19 38 20 0 0; ]
1200000619[407 88 23 52 17 0 0; 40 89 21 43 18 0 0; 203 91 21 39 19 0 0; 143 89 19 38 20 0 0; ]
1200000620[408 88 23 52 17 0 0; 37 86 21 46 18 0 0; 201 91 22 39 19 0 0; 140 89 19 38 20 0 0; ]
1200000621[409 88 23 53 17 0 0; 35 86 21 47 18 0 0; 199 91 22 39 19 0 0; 138 89 20 38 20 0 0; ]
1200000622[409 88 23 53 17 0 0; 32 86 21 47 18 0 0; 197 92 22 39 19 0 0; 135 89 20 38 20 0 0; ]
1200000623[410 88 23 54 17 0 0; 30 86 21 47 18 0 0; 195 92 22 39 19 0 0; 133 89 21 39 20 0 0; ]
1200000624[411 88 23 54 17 0 0; 28 86 21 48 18 0 0; 193 93 23 39 19 0 0; 130 89 21 39 20 0 0; ]
1200000625[411 88 23 54 17 0 0; 25 85 21 48 18 0 0; 191 93 23 39 19 0 0; 127 88 22 39 20 0 0; ]
1200000626[412 88 23 55 17 0 0; 23 85 22 48 18 0 0; 189 93 23 39 19 0 0; 125 88 22 39 20 0 0; ]
1200000627[413 88 23 55 17 0 0; 20 85 22 49 18 0 0; 187 92 24 40 19 0 0; 122 88 22 39 20 0 0; ]
1200000628[413 88 23 55 17 0 0; 17 84 22 49 18 0 0; 185 92 24 41 19 0 0; 120 87 22 39 20 0 0; ]
1200000629[414 88 24 56 17 0 0; 14 84 22 49 18 0 0; 182 91 24 42 19 0 0; 117 86 22 39 20 0 0; ]
1200000630[414 85 24 57 17 0 0; 12 84 22 50 18 0 0; 180 91 24 43 19 0 0; 115 84 21 38 20 0 0; ]
1200000631[414 83 25 57 17 0 0; 9 84 23 50 18 0 0; 177 90 25 44 19 0 0; 112 82 21 38 20 0 0; ]
1200000632[415 83 26 57 17 0 0; 6 83 23 51 18 0 0; 174 90 25 45 19 0 0; 109 82 21 38 20 0 0; ]
1200000633[415 84 28 57 17 0 0; 3 83 23 51 18 0 0; 171 89 25 46 19 0 0; 105 83 22 38 20 0 0; ]
1200000634[415 85 28 57 17 0 0; 168 88 26 47 19 0 0; 101 83 24 38 20 0 0; ]
1200000635[416 86 27 57 17 0 0; 165 88 26 48 19 0 0; 97 83 24 39 20 0 0; ]
1200000636[417 86 26 57 17 0 0; 162 87 27 49 19 0 0; 94 83 25 39 20 0 0; ]
1200000637[418 87 25 57 17 0 0; 158 86 27 50 19 0 0; 90 83 25 40 20 0 0; ]
1200000638[419 87 25 57 17 0 0; 155 85 27 51 19 0 0; 86 82 25 42 20 0 0; ]
1200000639[419 87 25 57 17 0 0; 151 84 28 52 19 0 0; 82 82 26 43 20 0 0; ]
1200000640[420 87 26 57 17 0 0; 147 83 28 53 19 0 0; 78 81 26 45 20 0 0; ]
1200000641[421 87 26 57 17 0 0; 143 82 29 53 19 0 0; 74 80 26 46 20 0 0; ]
1200000642[421 86 26 57 17 0 0; 138 80 29 54 19 0 0; 70 79 26 47 20 0 0; ]
1200000643[422 86 26 57 17 0 0; 134 79 30 55 19 0 0; 65 78 26 47 20 0 0; ]
1200000644[422 86 27 57 17 0 0; 130 78 30 56 19 0 0; 61 76 27 48 20 0 0; ]
1200000645[423 85 27 57 17 0 0; 125 77 31 57 19 0 0; 57 75 27 49 20 0 0; ]
1200000646[423 84 28 57 17 0 0; 121 76 31 58 19 0 0; 52 74 27 50 20 0 0; ]
1200000647[423 83 29 57 17 0 0; 116 76 32 58 19 0 0; 48 74 27 50 20 0 0; ]
1200000648[424 82 30 57 17 0 0; 112 75 32 59 19 0 0; 43 73 27 51 20 0 0; ]
1200000649[424 81 30 57 17 0 0; 107 74 33 60 19 0 0; 38 73 28 52 20 0 0; ]
1200000650[424 81 31 57 17 0 0; 102 74 33 60 19 0 0; 33 72 28 53 20 0 0; ]
1200000651[425 81 31 57 17 0 0; 97 73 33 61 19 0 0; 28 72 29 54 20 0 0; ]
1200000652[426 80 32 58 17 0 0; 93 73 33 61 19 0 0; 23 72 29 55 20 0 0; ]
1200000653[426 80 32 58 17 0 0; 88 73 34 62 19 0 0; 18 71 30 56 20 0 0; ]
1200000654[427 79 32 58 17 0 0; 83 73 34 62 19 0 0; 12 71 31 57 20 0 0; ]
1200000655[427 79 33 59 17 0 0; 77 72 34 62 19 0 0; 7 70 31 58 20 0 0; ]
1200000656[428 79 33 59 17 0 0; 72 72 34 63 19 0 0; 1 70 32 59 20 0 0; ]
1200000657[429 79 33 59 17 0 0; 65 71 35 63 19 0 0; ]
1200000658[430 79 33 60 17 0 0; 58 69 35 65 19 0 0; ]
1200000659[431 78 33 60 17 0 0; 51 67 36 66 19 0 0; ]
1200000660[431 78 33 61 17 0 0; 43 65 37 67 19 0 0; ]
1200000661[433 78 33 61 17 0 0; 36 64 38 69 19 0 0; ]
1200000662[434 78 33 61 17 0 0; 28 63 38 71 19 0 0; ]
1200000663[436 78 33 62 17 0 0; 21 63 39 73 19 0 0; ]
1200000664[437 77 33 62 17 0 0; 13 63 40 75 19 0 0; ]
1200000665[439 76 33 62 17 0 0; 5 62 41 76 19 0 0; ]
1200000666[440 75 33 62 17 0 0; ]
1200000667[442 74 33 62 17 0 0; ]
1200000668[443 74 33 63 17 0 0; ]
1200000669[445 73 33 63 17 0 0; ]
1200000670[446 73 33 63 17 0 0; ]
1200000671[448 73 33 63 17 0 0; ]
1200000672[449 73 33 63 17 0 0; ]
1200000673[450 73 33 63 17 0 0; ]
1200000674[452 72 33 63 17 0 0; ]
1200000675[453 72 33 63 17 0 0; ]
1200000676[455 72 34 64 17 0 0; ]
1200000677[456 72 34 64 17 0 0; ]
1200000678[458 71 34 65 17 0 0; ]
1200000679[460 71 35 66 17 0 0; ]
1200000680[461 71 36 67 17 0 0; ]
1200000681[463 70 36 68 17 0 0; ]
1200000682[465 70 37 70 17 0 0; ]
1200000683[467 69 38 71 17 0 0; ]
1200000684[468 69 39 73 17 0 0; ]
1200000685[470 68 40 75 17 0 0; ]
1200000686[]
1200000687[]
1200000688[]
1200000689[]
1200000690[]
1200000691[]
1200000692[]
1200000693[]
1200000694[]
1200000695[]
1200000696[]
1200000697[]
1200000698[]
1200000699[]
1200000700[]
1200000701[]
1200000702[]
1200000703[]
1200000704[]
1200000705[]
1200000706[]
1200000707[]
1200000708[]
1200000709[]
1200000710[170 78 21 30 21 0 2; ]
1200000711[172 77 21 30 21 0 2; ]
1200000712[174 77 21 31 21 0 2; ]
1200000713[176 77 21 31 21 0 2; ]
1200000714[178 77 21 32 21 0 2; ]
1200000715[180 77 21 32 21 0 2; ]
1200000716[182 77 21 32 21 0 2; ]
1200000717[183 78 21 33 21 0 2; ]
1200000718[185 78 21 33 21 0 2; ]
1200000719[187 78 22 33 21 0 2; ]
1200000720[189 78 22 33 21 0 2; ]
1200000721[190 79 22 34 21 0 2; ]
1200000722[192 79 22 34 21 0 2; ]
1200000723[194 80 22 34 21 0 2; ]
1200000724[196 80 23 34 21 0 2; ]
1200000725[197 81 23 34 21 0 2; ]
1200000726[199 82 23 34 21 0 2; ]
1200000727[200 83 24 34 21 0 2; ]
1200000728[201 83 25 34 21 0 2; ]
1200000729[202 84 27 34 21 0 2; ]
1200000730[202 85 28 34 21 0 2; ]
1200000731[204 85 28 34 21 0 2; ]
1200000732[205 86 28 34 21 0 2; ]
1200000733[206 86 28 34 21 0 2; ]
1200000734[208 87 28 34 21 0 2; ]
1200000735[210 87 28 34 21 0 2; ]
1200000736[211 88 28 34 21 0 2; ]
1200000737[214 88 28 34 21 0 2; ]
1200000738[216 89 28 34 21 0 2; ]
1200000739[218 89 28 34 21 0 2; ]
1200000740[220 89 28 34 21 0 2; ]
1200000741[223 89 28 34 21 0 2; ]
1200000742[225 89 28 35 21 0 2; ]
1200000743[228 89 28 35 21 0 2; ]
1200000744[230 89 28 35 21 0 2; ]
1200000745[232 89 28 36 21 0 2; ]
1200000746[234 89 28 36 21 0 2; ]
1200000747[237 88 29 37 21 0 2; ]
1200000748[239 88 29 38 21 0 2; ]
1200000749[241 88 29 38 21 0 2; ]
1200000750[243 87 30 39 21 0 2; ]
1200000751[246 87 30 40 21 0 2; ]
1200000752[248 86 31 42 21 0 2; ]
1200000753[250 85 32 43 21 0 2; ]
1200000754[252 84 32 44 21 0 2; ]
1200000755[254 84 32 44 21 0 2; ]
1200000756[257 83 32 44 21 0 2; ]
1200000757[259 83 32 44 21 0 2; ]
1200000758[261 82 32 44 21 0 2; ]
1200000759[264 81 32 44 21 0 2; ]
1200000760[266 81 32 44 21 0 2; ]
1200000761[269 80 32 44 21 0 2; ]
1200000762[271 80 32 44 21 0 2; ]
1200000763[274 79 32 44 21 0 2; ]
1200000764[277 79 32 44 21 0 2; ]
1200000765[279 79 32 44 21 0 2; ]
1200000766[282 79 32 44 21 0 2; ]
1200000767[285 78 32 44 21 0 2; ]
1200000768[288 78 32 44 21 0 2; ]
1200000769[291 78 32 44 21 0 2; ]
1200000770[294 78 32 44 21 0 2; ]
1200000771[297 78 32 44 21 0 2; ]
1200000772[300 78 32 44 21 0 2; ]
1200000773[303 78 32 44 21 0 2; ]
1200000774[306 77 32 44 21 0 2; ]
1200000775[309 77 32 45 21 0 2; ]
1200000776[312 77 32 45 21 0 2; ]
1200000777[315 77 32 45 21 0 2; ]
1200000778[317 76 32 45 21 0 2; ]
1200000779[320 76 32 45 21 0 2; ]
1200000780[323 76 31 46 21 0 2; ]
1200000781[326 75 31 46 21 0 2; ]
1200000782[329 75 31 46 21 0 2; ]
1200000783[332 74 31 46 21 0 2; ]
1200000784[335 74 31 46 21 0 2; ]
1200000785[337 74 31 46 21 0 2; ]
1200000786[340 73 31 46 21 0 2; ]
1200000787[343 73 31 46 21 0 2; ]
1200000788[346 72 30 46 21 0 2; ]
1200000789[349 72 30 46 21 0 2; ]
1200000790[352 72 30 46 21 0 2; ]
1200000791[355 71 30 46 21 0 2; ]
1200000792[358 71 30 46 21 0 2; ]
1200000793[361 71 30 46 21 0 2; ]
1200000794[364 71 30 46 21 0 2; ]
1200000795[367 70 30 46 21 0 2; ]
1200000796[371 70 30 46 21 0 2; ]
1200000797[374 70 30 46 21 0 2; ]
1200000798[378 69 29 47 21 0 2; ]
1200000799[383 69 28 47 21 0 2; ]
1200000800[386 69 27 47 21 0 2; ]
1200000801[390 69 27 48 21 0 2; ]
1200000802[393 68 27 48 21 0 2; ]
1200000803[397 68 28 49 21 0 2; ]
1200000804[400 68 28 50 21 0 2; ]
1200000805[403 68 28 50 21 0 2; ]
1200000806[406 67 29 51 21 0 2; ]
1200000807[409 67 30 52 21 0 2; ]
1200000808[412 67 31 53 21 0 2; ]
1200000809[414 67 32 54 21 0 2; ]
1200000810[417 66 33 55 21 0 2; ]
1200000811[420 66 34 56 21 0 2; ]
1200000812[422 66 35 57 21 0 2; ]
1200000813[425 66 35 58 21 0 2; ]
1200000814[428 65 36 58 21 0 2; ]
1200000815[431 65 37 59 21 0 2; ]
1200000816[435 65 37 60 21 0 2; ]
1200000817[438 65 37 61 21 0 2; ]
1200000818[441 64 38 62 21 0 2; ]
1200000819[445 64 38 62 21 0 2; ]
1200000820[448 64 38 63 21 0 2; ]
1200000821[452 64 39 64 21 0 2; ]
1200000822[456 63 39 65 21 0 2; ]
1200000823[460 63 39 65 21 0 2; ]
1200000824[464 63 39 66 21 0 2; 134 74 17 30 22 0 0; ]
1200000825[468 62 39 66 21 0 2; 133 74 18 31 22 0 0; ]
1200000826[132 74 18 31 22 0 0; ]
1200000827[130 73 18 31 22 0 0; ]
1200000828[129 72 18 31 22 0 0; ]
1200000829[128 71 18 31 22 0 0; ]
1200000830[127 70 18 31 22 0 0; ]
1200000831[126 70 18 31 22 0 0; ]
1200000832[125 70 18 31 22 0 0; ]
1200000833[123 72 17 31 22 0 0; ]
1200000834[122 74 17 31 22 0 0; ]
1200000835[120 76 16 31 22 0 0; ]
1200000836[118 77 15 31 22 0 0; ]
1200000837[117 78 15 31 22 0 0; ]
1200000838[115 79 15 31 22 0 0; ]
1200000839[113 79 15 31 22 0 0; ]
1200000840[111 80 15 31 22 0 0; ]
1200000841[109 80 15 31 22 0 0; ]
1200000842[108 81 15 31 22 0 0; ]
1200000843[106 81 15 31 22 0 0; ]
1200000844[104 81 16 31 22 0 0; ]
1200000845[102 82 16 31 22 0 0; ]
1200000846[99 82 16 31 22 0 0; ]
1200000847[97 82 16 32 22 0 0; ]
1200000848[95 82 16 32 22 0 0; ]
1200000849[92 82 16 32 22 0 0; ]
1200000850[90 83 16 32 22 0 0; ]
1200000851[87 83 16 32 22 0 0; ]
1200000852[85 83 16 32 22 0 0; ]
1200000853[82 83 16 32 22 0 0; ]
1200000854[79 82 16 33 22 0 0; ]
1200000855[76 82 17 33 22 0 0; ]
1200000856[72 82 17 33 22 0 0; ]
1200000857[69 81 17 33 22 0 0; ]
1200000858[65 81 18 34 22 0 0; ]
1200000859[61 80 18 34 22 0 0; ]
1200000860[57 80 18 34 22 0 0; ]
1200000861[53 79 19 34 22 0 0; ]
1200000862[49 78 19 35 22 0 0; ]
1200000863[45 77 20 35 22 0 0; ]
1200000864[40 77 20 36 22 0 0; ]
1200000865[36 75 21 36 22 0 0; ]
1200000866[31 74 22 37 22 0 0; ]
1200000867[26 74 22 37 22 0 0; ]
1200000868[21 74 22 37 22 0 0; ]
1200000869[16 74 22 36 22 0 0; ]
1200000870[11 74 22 35 22 0 0; ]
1200000871[6 74 22 34 22 0 0; ]
1200000872[0 75 21 34 22 0 0; ]
1200000873[]
1200000874[]
1200000875[]
1200000876[]
1200000877[]
1200000878[]
1200000879[]
1200000880[]
1200000881[]
1200000882[]
1200000883[]
1200000884[]
1200000885[]
1200000886[]
1200000887[]
1200000888[]
1200000889[]
1200000890[]
1200000891[]
1200000892[]
1200000893[]
1200000894[]
1200000895[]
1200000896[]
1200000897[]
1200000898[]
1200000899[]
1200000900[]
1200000901[]
1200000902[]
1200000903[]
1200000904[]
1200000905[]
1200000906[]
1200000907[]
1200000908[]
1200000909[]
1200000910[]
1200000911[]
1200000912[]
1200000913[]
1200000914[]
1200000915[373 66 23 38 23 0 -1; ]
1200000916[363 65 23 39 23 0 -1; ]
1200000917[354 64 24 40 23 0 -1; ]
1200000918[344 62 24 42 23 0 -1; ]
1200000919[334 61 24 43 23 1 -1; ]
1200000920[325 59 24 44 23 1 -1; ]
1200000921[315 58 24 45 23 1 -1; ]
1200000922[]
1200000923[]
1200000924[]
1200000925[]
1200000926[]
1200000927[]
1200000928[]
1200000929[]
1200000930[]
1200000931[]
1200000932[]
1200000933[]
1200000934[]
1200000935[]
1200000936[]
1200000937[]
1200000938[]
1200000939[]
1200000940[59 60 25 40 24 0 -1; ]
1200000941[42 57 26 42 24 0 -1; ]
1200000942[26 54 26 43 24 0 -1; ]
1200000943[9 52 27 44 24 0 -1; ]
1200000944[]
1200000945[446 24 52 89 25 0 0; ]
1200000946[431 23 52 90 25 0 0; ]
1200000947[415 22 52 91 25 0 0; ]
1200000948[398 24 52 91 25 0 0; ]
1200000949[381 26 52 91 25 0 0; ]
1200000950[363 27 52 91 25 0 0; ]
1200000951[344 27 52 93 25 0 0; ]
1200000952[325 28 53 97 25 0 0; 452 24 50 101 26 0 0; ]
1200000953[306 28 53 99 25 0 0; 434 25 49 101 26 0 0; ]
1200000954[288 28 52 99 25 0 0; 416 25 48 100 26 0 0; ]
1200000955[270 29 52 99 25 0 0; 399 26 47 100 26 0 0; ]
1200000956[252 29 52 99 25 0 0; 381 26 47 100 26 0 0; ]
1200000957[236 29 51 99 25 0 0; 363 27 46 100 26 0 0; ]
1200000958[219 30 50 99 25 0 0; 346 27 46 100 26 0 0; ]
1200000959[202 30 49 99 25 0 0; 328 28 45 99 26 0 0; ]
1200000960[185 30 48 99 25 0 0; 310 28 45 99 26 0 0; ]
1200000961[167 30 48 99 25 0 0; 293 28 45 99 26 0 0; ]
1200000962[150 30 48 99 25 0 0; 275 28 45 99 26 0 0; ]
1200000963[131 30 48 99 25 0 0; 258 28 46 100 26 0 0; ]
1200000964[113 30 49 98 25 0 0; 240 27 48 100 26 0 0; ]
1200000965[95 30 49 97 25 0 0; 223 27 49 100 26 0 0; ]
1200000966[76 29 50 96 25 0 0; 206 27 50 100 26 0 0; ]
1200000967[57 29 51 95 25 0 0; 188 26 50 101 26 0 0; ]
1200000968[37 29 52 93 25 0 0; 171 25 51 102 26 0 0; ]
1200000969[18 28 53 92 25 0 0; 154 24 51 102 26 0 0; ]
1200000970[137 22 52 103 26 0 0; ]
1200000971[120 21 52 104 26 0 0; ]
1200000972[103 21 53 105 26 0 0; ]
1200000973[88 21 53 107 26 0 0; ]
1200000974[74 21 53 108 26 0 0; ]
1200000975[59 21 54 109 26 0 0; ]
1200000976[43 21 55 111 26 0 0; ]
1200000977[25 21 55 113 26 0 0; ]
1200000978[]
1200000979[]
1200000980[]
1200000981[]
1200000982[]
1200000983[]
1200000984[]
1200000985[]
1200000986[]
1200000987[]
1200000988[]
1200000989[]
1200000990[]
1200000991[]
1200000992[]
1200000993[]
1200000994[]
1200000995[]
1200000996[]
1200000997[]
1200000998[]
1200000999[]
1200001000[]
1200001001[]
1200001002[]
1200001003[]
1200001004[]
1200001005[]
1200001006[]
1200001007[]
1200001008[]
1200001009[]
1200001010[]
1200001011[]
1200001012[]
1200001013[]
1200001014[]
1200001015[]
1200001016[]
1200001017[]
1200001018[]
1200001019[]
1200001020[]
1200001021[]
1200001022[]
1200001023[]
1200001024[]
1200001025[]
1200001026[]
1200001027[]
1200001028[]
1200001029[]
1200001030[]
1200001031[]
1200001032[]
1200001033[]
1200001034[]
1200001035[]
1200001036[]
1200001037[]
1200001038[]
1200001039[]
1200001040[]
1200001041[]
1200001042[]
1200001043[]
1200001044[]
1200001045[]
1200001046[]
1200001047[]
1200001048[]
1200001049[]
1200001050[]
1200001051[]
1200001052[]
1200001053[]
1200001054[]
1200001055[]
1200001056[]
1200001057[]
1200001058[]
1200001059[]
1200001060[]
1200001061[]
1200001062[]
1200001063[]
1200001064[]
1200001065[]
1200001066[]
1200001067[]
1200001068[]
1200001069[]
1200001070[]
1200001071[]
1200001072[]
1200001073[]
1200001074[]
1200001075[]
1200001076[]
1200001077[]
1200001078[]
1200001079[]
1200001080[]
1200001081[]
1200001082[]
1200001083[]
1200001084[]
1200001085[]
1200001086[]
1200001087[]
1200001088[]
1200001089[]
1200001090[]
1200001091[]
1200001092[]
1200001093[]
1200001094[]
1200001095[]
1200001096[]
1200001097[]
1200001098[]
1200001099[]
1200001100[]
1200001101[]
1200001102[]
1200001103[]
1200001104[]
1200001105[]
1200001106[]
1200001107[]
1200001108[]
1200001109[]
1200001110[]
1200001111[]
1200001112[]
1200001113[]
1200001114[]
1200001115[]
1200001116[]
1200001117[]
1200001118[]
1200001119[]
1200001120[]
1200001121[]
1200001122[]
1200001123[]
1200001124[]
1200001125[]
1200001126[]
1200001127[]
1200001128[]
1200001129[]
1200001130[]
1200001131[]
1200001132[]
1200001133[]
1200001134[]
1200001135[]
1200001136[]
1200001137[]
1200001138[]
1200001139[]
1200001140[]
1200001141[]
1200001142[]
1200001143[]
1200001144[]
1200001145[]
1200001146[]
1200001147[]
1200001148[]
1200001149[]
1200001150[]
1200001151[]
1200001152[]
1200001153[]
1200001154[]
1200001155[]
1200001156[]
1200001157[]
1200001158[]
1200001159[]
1200001160[]
1200001161[]
1200001162[]
1200001163[]
1200001164[]
1200001165[]
1200001166[]
1200001167[]
1200001168[]
1200001169[]
1200001170[]
1200001171[]
1200001172[]
1200001173[]
1200001174[]
1200001175[]
1200001176[]
1200001177[]
1200001178[]
1200001179[]
1200001180[]
1200001181[]
1200001182[]
1200001183[]
1200001184[]
1200001185[]
1200001186[]
1200001187[]
1200001188[]
1200001189[]
1200001190[]
1200001191[]
1200001192[]
1200001193[]
1200001194[]
1200001195[]
1200001196[]
1200001197[]
1200001198[]
1200001199[]
1200001200[]
1200001201[]
1200001202[]
1200001203[]
1200001204[]
1200001205[]
1200001206[]
1200001207[]
1200001208[]
1200001209[]
1200001210[]
1200001211[]
1200001212[]
1200001213[]
1200001214[]
1200001215[]
1200001216[]
1200001217[]
1200001218[]
1200001219[]
1200001220[]
1200001221[]
1200001222[]
1200001223[]
1200001224[]
1200001225[]
1200001226[]
1200001227[]
1200001228[]
1200001229[]
1200001230[]
1200001231[]
1200001232[]
1200001233[]
1200001234[]
1200001235[]
1200001236[]
1200001237[]
1200001238[]
1200001239[]
1200001240[]
1200001241[]
1200001242[]
1200001243[]
1200001244[]
1200001245[]
1200001246[]
1200001247[]
1200001248[]
1200001249[]
1200001250[]
1200001251[]
1200001252[]
1200001253[]
1200001254[]
1200001255[]
1200001256[]
1200001257[]
1200001258[]
1200001259[]
1200001260[]
1200001261[]
1200001262[]
1200001263[]
1200001264[]
1200001265[]
1200001266[]
1200001267[]
1200001268[]
1200001269[]
1200001270[]
1200001271[]
1200001272[]
1200001273[]
1200001274[]
1200001275[]
1200001276[]
1200001277[]
1200001278[]
1200001279[]
1200001280[]
1200001281[]
1200001282[]
1200001283[]
1200001284[]
1200001285[]
1200001286[]
1200001287[]
1200001288[]
1200001289[]
1200001290[]
1200001291[]
1200001292[]
1200001293[]
1200001294[]
1200001295[]
1200001296[]
1200001297[]
1200001298[]
1200001299[]
1200001300[]
1200001301[]
1200001302[]
1200001303[]
1200001304[]
1200001305[]
1200001306[]
1200001307[]
1200001308[]
1200001309[]
1200001310[]
1200001311[]
1200001312[]
1200001313[]
1200001314[]
1200001315[]
1200001316[]
1200001317[]
1200001318[]
1200001319[]
1200001320[]
1200001321[]
1200001322[]
1200001323[]
1200001324[]
1200001325[]
1200001326[]
1200001327[]
1200001328[]
1200001329[]
1200001330[]
1200001331[]
1200001332[]
1200001333[]
1200001334[]
1200001335[]
1200001336[]
1200001337[]
1200001338[]
1200001339[]
1200001340[]
1200001341[]
1200001342[]
1200001343[]
1200001344[]
1200001345[]
1200001346[]
1200001347[]
1200001348[]
1200001349[]
1200001350[]
1200001351[]
1200001352[]
1200001353[]
1200001354[]
1200001355[]
1200001356[]
1200001357[]
1200001358[]
1200001359[]
1200001360[]
1200001361[]
1200001362[]
1200001363[]
1200001364[]
1200001365[]
1200001366[]
1200001367[]
1200001368[]
1200001369[]
1200001370[]
1200001371[]
1200001372[]
1200001373[]
1200001374[]
1200001375[]
1200001376[]
1200001377[]
1200001378[]
1200001379[]
1200001380[]
1200001381[]
1200001382[]
1200001383[]
1200001384[]
1200001385[]
1200001386[]
1200001387[]
1200001388[]
1200001389[]
1200001390[]
1200001391[]
1200001392[]
1200001393[]
1200001394[]
1200001395[]
1200001396[]
1200001397[]
1200001398[]
1200001399[]
1200001400[]
1200001401[]
1200001402[]
1200001403[]
1200001404[]
1200001405[]
1200001406[]
1200001407[]
1200001408[]
1200001409[]
1200001410[]
1200001411[]
1200001412[]
1200001413[]
1200001414[]
1200001415[]
1200001416[]
1200001417[]
1200001418[]
1200001419[]
1200001420[]
1200001421[]
1200001422[]
1200001423[]
1200001424[]
1200001425[]
1200001426[]
1200001427[]
1200001428[]
1200001429[]
1200001430[]
1200001431[]
1200001432[]
1200001433[]
1200001434[]
1200001435[]
1200001436[]
1200001437[]
1200001438[]
1200001439[]
1200001440[]
1200001441[]
1200001442[]
1200001443[]
1200001444[]
1200001445[]
1200001446[]
1200001447[]
1200001448[]
1200001449[]
1200001450[]
1200001451[]
1200001452[]
1200001453[]
1200001454[]
1200001455[]
1200001456[]
1200001457[]
1200001458[]
1200001459[]
1200001460[]
1200001461[]
1200001462[]
1200001463[]
1200001464[]
1200001465[]
1200001466[]
1200001467[]
1200001468[]
1200001469[]
1200001470[]
1200001471[]
1200001472[]
1200001473[]
1200001474[]
1200001475[]
1200001476[]
1200001477[]
1200001478[]
1200001479[]
1200001480[]
1200001481[]
1200001482[]
1200001483[]
1200001484[]
1200001485[]
1200001486[]
1200001487[]
1200001488[]
1200001489[]
1200001490[]
1200001491[]
1200001492[]
1200001493[]
1200001494[]
1200001495[]
1200001496[]
1200001497[]
1200001498[]
1200001499[]
1200001500[]
1200001501[]
1200001502[]
1200001503[]
1200001504[]
1200001505[]
1200001506[]
1200001507[]
1200001508[]
1200001509[]
1200001510[]
1200001511[]
1200001512[]
1200001513[]
1200001514[]
1200001515[]
1200001516[]
1200001517[]
1200001518[]
1200001519[]
1200001520[]
1200001521[]
1200001522[]
1200001523[]
1200001524[]
1200001525[]
1200001526[]
1200001527[]
1200001528[]
1200001529[]
1200001530[]
1200001531[]
1200001532[]
1200001533[]
1200001534[]
1200001535[]
1200001536[]
1200001537[]
1200001538[]
1200001539[]
1200001540[]
1200001541[]
1200001542[]
1200001543[]
1200001544[]
1200001545[]
1200001546[]
1200001547[]
1200001548[]
1200001549[]
1200001550[]
1200001551[]
1200001552[]
1200001553[]
1200001554[]
1200001555[]
1200001556[]
1200001557[]
1200001558[]
1200001559[]
1200001560[]
1200001561[]
1200001562[]
1200001563[]
1200001564[]
1200001565[]
1200001566[]
1200001567[]
1200001568[]
1200001569[]
1200001570[]
1200001571[]
1200001572[]
1200001573[]
1200001574[]
1200001575[]
1200001576[]
1200001577[]
1200001578[]
1200001579[]
1200001580[]
1200001581[]
1200001582[]
1200001583[]
1200001584[]
1200001585[]
1200001586[]
1200001587[]
1200001588[]
1200001589[]
1200001590[]
1200001591[]
1200001592[]
1200001593[]
1200001594[]
1200001595[]
1200001596[]
1200001597[]
1200001598[]
1200001599[]
1200001600[]
1200001601[]
1200001602[]
1200001603[]
1200001604[]
1200001605[]
1200001606[]
1200001607[]
1200001608[]
1200001609[]
1200001610[]
1200001611[]
1200001612[]
1200001613[]
1200001614[]
1200001615[]
1200001616[]
1200001617[]
1200001618[]
1200001619[]
1200001620[]
1200001621[]
1200001622[]
1200001623[]
1200001624[]
1200001625[]
1200001626[]
1200001627[]
1200001628[]
1200001629[]
1200001630[]
1200001631[]
1200001632[]
1200001633[]
1200001634[]
1200001635[]
1200001636[]
1200001637[]
1200001638[]
1200001639[]
1200001640[]
1200001641[]
1200001642[]
1200001643[]
1200001644[]
1200001645[]
1200001646[]
1200001647[]
1200001648[]
1200001649[]
1200001650[]
1200001651[]
1200001652[]
1200001653[]
1200001654[]
1200001655[]
1200001656[]
1200001657[]
1200001658[]
1200001659[]
1200001660[]
1200001661[]
1200001662[]
1200001663[]
1200001664[]
1200001665[]
1200001666[]
1200001667[]
1200001668[]
1200001669[]
1200001670[]
1200001671[]
1200001672[]
1200001673[]
1200001674[]
1200001675[]
1200001676[]
1200001677[]
1200001678[]
1200001679[]
1200001680[]
1200001681[]
1200001682[]
1200001683[]
1200001684[]
1200001685[]
1200001686[]
1200001687[]
1200001688[]
1200001689[]
1200001690[]
1200001691[]
1200001692[]
1200001693[]
1200001694[]
1200001695[]
1200001696[]
1200001697[]
1200001698[]
1200001699[]
1200001700[]
1200001701[]
1200001702[]
1200001703[]
1200001704[]
1200001705[]
1200001706[]
1200001707[]
1200001708[]
1200001709[]
1200001710[]
1200001711[]
1200001712[]
1200001713[]
1200001714[]
1200001715[]
1200001716[]
1200001717[]
1200001718[]
1200001719[]
1200001720[]
1200001721[]
1200001722[]
1200001723[]
1200001724[]
1200001725[]
1200001726[]
1200001727[]
1200001728[]
1200001729[]
1200001730[]
1200001731[]
1200001732[]
1200001733[]
1200001734[]
1200001735[]
1200001736[]
1200001737[]
1200001738[]
1200001739[]
1200001740[]
1200001741[]
1200001742[]
1200001743[]
1200001744[]
1200001745[]
1200001746[]
1200001747[]
1200001748[]
1200001749[]
1200001750[]
1200001751[]
1200001752[]
1200001753[]
1200001754[]
1200001755[]
1200001756[]
1200001757[]
1200001758[487 80 14 30 62 1 2; ]
1200001759[487 80 14 30 62 1 2; ]
1200001760[487 80 14 30 62 1 2; ]
1200001761[487 80 14 30 62 1 2; ]
1200001762[487 80 14 30 62 1 2; ]
1200001763[487 80 14 30 62 1 2; ]
1200001764[487 80 14 30 62 1 2; ]
1200001765[487 80 14 30 62 1 2; ]
1200001766[487 80 14 30 62 1 2; ]
1200001767[487 80 14 30 62 1 2; ]
1200001768[487 80 14 30 62 1 2; ]
1200001769[487 80 14 30 62 0 2; ]
1200001770[487 80 14 30 62 0 2; ]
1200001771[488 79 14 30 62 0 2; ]
1200001772[488 79 15 30 62 0 2; ]
1200001773[489 79 15 30 62 0 2; ]
1200001774[489 79 15 30 62 0 2; ]
1200001775[489 79 15 30 62 0 2; ]
1200001776[489 78 15 30 62 0 2; ]
1200001777[490 78 15 30 62 0 2; ]
1200001778[490 78 15 30 62 0 2; ]
1200001779[490 78 15 30 62 0 2; ]
1200001780[490 78 15 30 62 0 2; ]
1200001781[490 78 16 30 62 0 2; ]
1200001782[490 78 15 30 62 0 2; ]
1200001783[490 78 15 30 62 0 2; ]
1200001784[490 78 15 30 62 0 2; ]
1200001785[490 78 15 30 62 0 2; ]
1200001786[490 78 15 30 62 0 2; ]
1200001787[490 78 15 30 62 0 2; ]
1200001788[490 78 15 30 62 0 2; ]
1200001789[490 78 15 30 62 0 2; ]
1200001790[491 78 14 30 62 0 2; ]
1200001791[491 78 14 30 62 0 2; ]
1200001792[491 78 14 30 62 0 2; ]
1200001793[492 78 13 30 62 0 2; ]
1200001794[492 77 12 30 62 0 2; ]
1200001795[]
1200001796[]
1200001797[]
1200001798[]
1200001799[]
1200001800[]
1200001801[]
1200001802[]
1200001803[]
1200001804[]
1200001805[]
1200001806[493 66 13 30 36 0 1; ]
1200001807[493 66 13 30 36 0 1; ]
1200001808[494 66 13 30 36 0 1; ]
1200001809[494 66 13 30 36 0 1; ]
1200001810[494 66 13 30 36 0 1; ]
1200001811[495 66 13 31 36 0 1; ]
1200001812[495 67 13 31 36 0 1; ]
1200001813[496 68 13 31 36 0 1; ]
1200001814[496 68 13 32 36 0 1; ]
1200001815[497 69 13 32 36 0 1; ]
1200001816[497 69 13 32 36 0 1; ]
1200001817[]
1200001818[]
1200001819[]
1200001820[190 81 15 30 28 0 1; ]
1200001821[190 81 15 31 28 0 1; ]
1200001822[191 81 15 31 28 1 1; ]
1200001823[191 81 15 31 28 1 1; ]
1200001824[192 81 15 31 58 1 1; ]
1200001825[192 82 15 31 58 1 1; ]
1200001826[190 86 15 31 58 1 1; ]
1200001827[193 84 15 30 58 1 1; ]
1200001828[193 85 15 30 58 1 1; ]
1200001829[]
1200001830[]
1200001831[]
1200001832[]
1200001833[]
1200001834[]
1200001835[195 87 16 30 58 0 1; ]
1200001836[195 86 16 31 58 0 1; ]
1200001837[196 85 16 31 58 0 1; ]
1200001838[196 84 16 32 58 0 1; ]
1200001839[196 84 16 32 58 0 1; ]
1200001840[197 85 16 31 58 0 1; ]
1200001841[197 85 16 31 58 0 1; ]
1200001842[197 85 16 30 58 0 1; ]
1200001843[]
1200001844[]
1200001845[]
1200001846[]
1200001847[]
1200001848[]
1200001849[]
1200001850[]
1200001851[]
1200001852[]
1200001853[]
1200001854[126 88 15 30 27 0 1; 171 88 14 30 29 0 1; ]
1200001855[125 87 15 30 27 0 1; ]
1200001856[124 86 15 30 27 0 1; 130 84 12 31 66 0 1; ]
1200001857[123 84 15 30 27 0 1; 130 84 13 31 66 0 1; ]
1200001858[122 83 15 30 27 0 1; 130 84 14 30 66 0 1; ]
1200001859[121 83 15 30 27 0 1; 130 84 14 30 66 0 1; ]
1200001860[130 84 14 30 66 0 1; ]
1200001861[130 84 14 30 66 0 1; ]
1200001862[130 84 14 30 66 0 1; ]
1200001863[131 84 14 30 66 0 1; ]
1200001864[131 84 14 30 66 0 1; ]
1200001865[132 83 14 30 66 0 1; ]
1200001866[132 83 14 30 66 0 1; ]
1200001867[133 83 14 30 66 0 1; ]
1200001868[133 83 14 30 66 0 1; ]
1200001869[134 83 14 30 66 0 1; ]
1200001870[134 83 14 30 66 0 1; ]
1200001871[108 84 15 30 27 0 1; 134 83 14 30 66 0 1; ]
1200001872[107 84 15 30 27 0 1; 135 84 13 30 66 0 1; ]
1200001873[106 85 15 31 27 0 1; 154 86 16 30 29 0 1; 135 84 13 30 66 0 1; ]
1200001874[106 85 15 31 27 0 1; 153 86 16 30 29 0 1; 135 85 13 30 66 0 1; ]
1200001875[105 86 15 31 27 0 1; 152 86 16 30 29 0 1; 136 85 13 30 66 0 1; ]
1200001876[104 86 15 31 27 0 1; 151 87 16 30 29 0 1; 136 86 13 30 66 0 1; ]
1200001877[103 87 15 31 27 0 1; 151 88 16 30 29 0 1; 137 87 12 30 66 0 1; ]
1200001878[102 88 15 31 27 0 1; 150 90 16 30 29 0 1; 137 87 12 30 66 0 1; ]
1200001879[101 89 15 30 27 0 1; 150 91 16 30 29 0 1; 138 88 12 30 66 0 1; ]
1200001880[100 90 15 30 27 0 1; 149 91 16 30 29 0 1; 138 89 12 30 66 0 1; ]
1200001881[149 92 16 30 29 0 1; 139 89 12 30 66 0 1; ]
1200001882[148 93 16 30 29 0 1; 140 90 12 30 66 0 1; ]
1200001883[147 93 16 30 29 0 1; 140 91 12 30 66 0 1; ]
1200001884[94 93 17 30 27 0 1; 147 94 16 30 29 0 1; 141 92 12 30 66 0 1; ]
1200001885[91 93 18 31 27 0 1; 146 94 16 30 29 0 1; 142 93 12 30 66 0 1; ]
1200001886[90 93 19 32 27 0 1; 145 94 16 30 29 0 1; ]
1200001887[88 93 19 32 27 0 1; 144 94 16 30 29 0 1; ]
1200001888[88 92 19 32 27 0 1; 143 93 16 30 29 0 1; ]
1200001889[87 92 19 32 27 0 1; 143 93 16 31 29 0 1; ]
1200001890[86 92 19 32 27 0 1; 142 92 16 32 29 0 1; ]
1200001891[86 91 18 32 27 0 1; 141 91 16 32 29 0 1; 194 91 15 31 30 0 0; ]
1200001892[86 91 18 31 27 0 1; 141 90 16 33 29 0 1; 194 89 15 32 30 0 0; ]
1200001893[85 90 17 30 27 0 1; 140 89 16 33 29 0 1; 193 88 15 33 30 0 0; ]
1200001894[139 88 16 33 29 0 1; 193 88 15 33 30 0 0; 148 87 12 30 65 0 1; ]
1200001895[139 87 16 33 29 0 1; 193 87 15 33 30 0 0; ]
1200001896[138 87 16 33 29 0 1; 193 87 15 33 30 0 0; ]
1200001897[138 86 16 33 29 0 1; 193 87 15 33 30 0 0; ]
1200001898[137 86 16 33 29 0 1; 193 86 15 33 30 0 0; ]
1200001899[137 86 16 32 29 0 1; 192 86 15 33 30 0 0; ]
1200001900[84 87 16 30 27 0 1; 137 86 16 32 29 0 1; 192 86 15 33 30 0 0; ]
1200001901[83 87 17 30 27 0 1; 136 86 16 32 29 0 1; 192 85 15 33 30 0 0; ]
1200001902[82 87 17 31 27 0 1; 136 86 16 32 29 0 1; 192 85 15 33 30 0 0; ]
1200001903[82 86 17 31 27 0 1; 135 86 16 32 29 0 1; 192 85 15 33 30 0 0; ]
1200001904[81 86 17 32 27 0 1; 135 86 16 32 29 0 1; 192 84 15 33 30 0 0; ]
1200001905[81 86 17 32 27 0 1; 135 86 16 32 29 0 1; 191 84 15 33 30 0 0; ]
1200001906[80 86 17 32 27 0 1; 134 86 16 33 29 0 1; 191 83 15 33 30 0 0; 158 85 13 30 65 0 1; ]
1200001907[79 86 17 31 27 0 1; 134 86 16 33 29 0 1; 191 83 15 33 30 0 0; 159 85 13 31 65 0 1; ]
1200001908[78 86 16 31 27 0 1; 134 86 16 33 29 0 1; 191 83 15 33 30 0 0; 160 85 14 31 65 0 1; ]
1200001909[77 86 15 31 27 0 1; 133 86 16 34 29 0 1; 191 83 15 33 30 0 0; 161 85 14 31 65 0 1; ]
1200001910[76 86 16 31 27 0 1; 133 86 16 34 29 0 1; 191 84 15 33 30 0 0; 162 85 14 32 65 0 1; ]
1200001911[75 86 16 31 27 0 1; 133 86 16 35 29 0 1; 190 84 15 33 30 0 0; 163 86 14 32 65 0 1; ]
1200001912[75 87 17 31 27 0 1; 133 86 16 36 29 0 1; 190 84 15 33 30 0 0; 164 86 14 32 65 0 1; ]
1200001913[74 87 17 32 27 0 1; 132 86 16 37 29 0 1; 190 85 15 33 30 0 0; 165 86 14 32 65 0 1; ]
1200001914[73 87 17 32 27 0 1; 132 86 16 37 29 0 1; 190 86 15 33 30 0 0; 167 87 14 32 65 0 1; ]
1200001915[72 87 17 32 27 0 1; 132 85 16 37 29 0 1; 189 87 15 33 30 0 0; 168 87 14 32 65 0 1; ]
1200001916[72 87 17 32 27 0 1; 131 85 16 37 29 0 1; 189 88 15 33 30 0 0; 169 87 14 32 65 0 1; ]
1200001917[71 87 16 32 27 0 1; 131 85 16 37 29 0 1; 189 89 15 33 30 0 0; 170 87 14 32 65 0 1; ]
1200001918[70 87 16 32 27 0 1; 131 85 16 37 29 0 1; 189 89 15 33 30 0 0; 172 87 14 32 65 0 1; ]
1200001919[70 87 16 32 27 0 1; 130 85 16 37 29 0 1; 188 89 16 33 30 0 0; 173 87 14 32 65 0 1; ]
1200001920[69 87 15 32 27 0 1; 130 84 16 37 29 0 1; 188 88 16 33 30 0 0; 174 87 14 32 65 0 1; ]
1200001921[69 87 15 32 27 0 1; 129 84 16 37 29 0 1; 188 88 16 33 30 0 0; 175 86 14 32 65 0 1; ]
1200001922[68 86 15 33 27 0 1; 129 84 16 37 29 0 1; 188 87 17 33 30 0 0; 176 86 14 32 65 0 1; ]
1200001923[68 84 15 33 27 0 1; 128 83 16 37 29 0 1; 187 87 16 34 30 0 0; 177 85 14 32 65 0 1; ]
1200001924[68 84 15 33 27 0 1; 128 83 16 37 29 0 1; 187 86 15 34 30 0 0; 177 85 14 32 65 0 1; ]
1200001925[67 84 15 33 27 0 1; 127 82 16 37 29 0 1; 187 86 14 34 30 0 0; 178 84 14 32 65 0 1; ]
1200001926[66 84 15 33 27 0 1; 126 81 16 37 29 0 1; 187 85 14 34 30 0 0; 179 83 14 32 65 0 1; ]
1200001927[66 85 15 33 27 0 1; 126 81 16 37 29 0 1; 186 85 13 34 30 0 0; ]
1200001928[65 85 15 33 27 0 1; 125 81 16 37 29 0 1; 186 85 13 34 30 0 0; ]
1200001929[64 85 15 33 27 0 1; 125 82 16 37 29 0 1; 186 85 14 34 30 0 0; ]
1200001930[63 86 15 33 27 0 1; 124 84 16 37 29 0 1; 186 84 15 33 30 0 0; ]
1200001931[62 86 15 33 27 0 1; 124 85 16 37 29 0 1; 185 84 15 33 30 0 0; ]
1200001932[60 87 15 33 27 0 1; 123 85 17 37 29 0 1; 185 84 15 33 30 0 0; ]
1200001933[59 88 15 33 27 0 1; 122 86 17 37 29 0 1; 185 85 15 33 30 0 0; ]
1200001934[58 88 15 33 27 0 1; 121 86 17 37 29 0 1; 185 85 15 33 30 0 0; ]
1200001935[56 88 16 34 27 0 1; 120 86 18 36 29 0 1; 185 85 15 33 30 0 0; ]
1200001936[55 87 16 35 27 0 1; 120 87 18 36 29 0 1; 186 86 15 33 30 0 0; 189 88 14 34 33 0 1; ]
1200001937[55 87 16 35 27 0 1; 120 87 18 36 29 0 1; 186 86 15 33 30 0 0; 190 88 14 34 33 0 1; ]
1200001938[55 87 17 35 27 0 1; 120 87 18 36 29 0 1; 186 87 15 33 30 0 0; 191 88 14 34 33 0 1; ]
1200001939[55 88 17 36 27 0 1; 120 87 18 36 29 0 1; 186 88 15 33 30 0 0; 192 88 14 34 33 0 1; ]
1200001940[55 88 17 36 27 0 1; 120 87 17 37 29 0 1; 186 88 15 33 30 0 0; 194 88 14 34 33 0 1; ]
1200001941[55 88 17 37 27 0 1; 121 87 16 37 29 0 1; 186 89 15 33 30 0 0; 195 89 14 34 33 0 1; ]
1200001942[55 89 17 37 27 0 1; 121 88 16 37 29 0 1; 186 90 15 33 30 0 0; 197 89 14 34 33 0 1; ]
1200001943[55 89 17 37 27 0 1; 121 91 16 37 29 0 1; 186 92 15 33 30 0 0; 198 90 14 35 33 0 1; ]
1200001944[55 90 17 37 27 0 1; 120 92 17 37 29 0 1; 187 93 15 33 30 0 0; 200 90 14 35 33 0 1; ]
1200001945[55 91 18 38 27 0 1; 121 91 17 37 29 0 1; 188 93 15 33 30 0 0; 202 91 14 35 33 0 1; 476 83 19 59 80 1 1; ]
1200001946[55 92 18 38 27 0 1; 121 90 17 37 29 0 1; 189 94 15 31 30 0 0; 204 91 14 36 33 0 1; 485 81 22 61 80 1 1; ]
1200001947[55 91 18 38 27 0 1; 122 90 17 37 29 0 1; 191 94 15 30 30 0 0; 205 91 14 36 33 0 1; ]
1200001948[55 90 18 38 27 0 1; 123 90 17 37 29 0 1; 192 94 15 30 30 0 0; 207 92 14 36 33 0 1; ]
1200001949[55 90 18 38 27 0 1; 123 91 18 38 29 0 1; 193 94 16 30 30 0 0; 209 92 14 37 33 0 1; ]
1200001950[55 89 18 38 27 0 1; 124 90 18 39 29 0 1; 194 93 16 30 30 0 0; 211 92 14 37 33 0 1; ]
1200001951[56 89 18 38 27 0 1; 124 88 19 40 29 0 1; 195 92 16 30 30 0 0; 213 91 14 38 33 0 1; ]
1200001952[58 89 18 38 27 0 1; 125 87 19 40 29 0 1; 195 91 17 31 30 0 0; 215 91 14 38 33 0 1; ]
1200001953[59 89 19 38 27 0 1; 125 87 20 40 29 0 1; 196 90 17 31 30 0 0; 218 91 14 39 33 0 1; ]
1200001954[58 89 19 38 27 0 1; 126 88 20 38 29 0 1; 197 90 17 32 30 0 0; 220 90 14 40 33 0 1; ]
1200001955[58 89 20 38 27 0 1; 127 90 21 37 29 0 1; 199 91 17 33 30 0 0; 222 90 14 40 33 0 1; ]
1200001956[58 89 20 38 27 0 1; 127 90 21 37 29 0 1; 200 91 17 34 30 0 0; 224 90 14 40 33 0 1; ]
1200001957[58 89 20 38 27 0 1; 128 90 21 38 29 0 1; 202 92 17 37 30 0 0; 227 90 14 40 33 0 1; ]
1200001958[59 89 19 38 27 0 1; 129 90 21 38 29 0 1; 204 93 16 38 30 0 0; 229 89 14 40 33 0 1; ]
1200001959[60 89 19 38 27 0 1; 130 90 21 39 29 0 1; 205 93 16 38 30 0 0; 231 89 15 39 33 0 1; ]
1200001960[61 89 18 38 27 0 1; 130 90 21 39 29 0 1; 207 92 16 38 30 0 0; 233 89 16 37 33 0 1; ]
1200001961[62 89 18 38 27 0 1; 131 90 21 39 29 0 1; 208 91 16 38 30 0 0; 235 89 16 37 33 0 1; ]
1200001962[62 88 19 38 27 0 1; 132 88 21 39 29 0 1; 210 91 16 38 30 0 0; 238 88 16 37 33 0 1; ]
1200001963[62 87 20 38 27 0 1; 133 86 21 39 29 0 1; 211 90 16 38 30 0 0; 240 87 15 37 33 0 1; ]
1200001964[62 86 21 38 27 0 1; 134 85 21 39 29 0 1; 213 90 16 38 30 0 0; 242 86 14 37 33 0 1; ]
1200001965[62 85 21 38 27 0 1; 135 84 21 39 29 0 1; 214 90 16 38 30 0 0; 244 86 14 37 33 0 1; ]
1200001966[63 85 21 38 27 0 1; 135 84 21 39 29 0 1; 215 90 16 37 30 0 0; 246 86 14 37 33 0 1; ]
1200001967[63 85 21 38 27 0 1; 136 85 21 39 29 0 1; 217 90 16 37 30 0 0; 248 86 14 37 33 0 1; ]
1200001968[63 86 21 38 27 0 1; 137 86 21 39 29 0 1; 218 91 16 37 30 0 0; 251 86 14 38 33 0 1; ]
1200001969[64 87 21 38 27 0 1; 138 87 21 39 29 0 1; 219 91 16 36 30 0 0; 253 86 14 38 33 0 1; ]
1200001970[64 88 20 38 27 0 1; 139 88 21 39 29 0 1; 220 91 16 36 30 0 0; 255 87 14 39 33 0 1; ]
1200001971[65 89 20 38 27 0 1; 139 90 21 40 29 0 1; 222 92 16 36 30 0 0; 257 87 14 39 33 0 1; ]
1200001972[66 90 19 38 27 0 1; 140 91 21 40 29 0 1; 223 92 16 35 30 0 0; 259 88 14 40 33 0 1; ]
1200001973[66 92 19 38 27 0 1; 140 91 21 41 29 0 1; 225 93 17 35 30 0 0; 261 89 14 41 33 0 1; ]
1200001974[67 94 18 38 27 0 1; 141 91 21 41 29 0 1; 226 94 17 35 30 0 0; 263 90 14 42 33 0 1; ]
1200001975[67 94 18 38 27 0 1; 142 91 21 41 29 0 1; 228 95 17 34 30 0 0; 265 90 14 42 33 0 1; ]
1200001976[68 93 18 38 27 0 1; 142 90 21 41 29 0 1; 229 94 17 34 30 0 0; 267 90 15 43 33 0 1; ]
1200001977[68 91 19 38 27 0 1; 143 89 21 41 29 0 1; 230 94 17 34 30 0 0; 269 88 16 44 33 0 1; ]
1200001978[69 90 19 38 27 0 1; 144 88 21 41 29 0 1; 231 93 17 33 30 0 0; 271 87 17 44 33 0 1; ]
1200001979[69 89 20 38 27 0 1; 145 86 21 41 29 0 1; 232 92 17 33 30 0 0; 273 85 18 45 33 0 1; ]
1200001980[69 86 20 38 27 0 1; 146 84 21 42 29 0 1; 233 91 18 33 30 0 0; 274 84 19 45 33 0 1; ]
1200001981[69 84 20 38 27 0 1; 147 80 21 42 29 0 1; 234 89 18 32 30 0 0; 276 79 19 46 33 0 1; ]
1200001982[70 82 20 38 27 0 1; 148 78 21 42 29 0 1; 235 87 18 32 30 0 0; 278 76 20 46 33 0 1; ]
1200001983[70 80 21 38 27 0 1; 148 79 21 42 29 0 1; 236 84 19 32 30 0 0; 280 76 20 46 33 0 1; ]
1200001984[70 80 21 38 27 0 1; 149 79 21 42 29 0 1; 237 85 19 32 30 0 0; 283 77 20 47 33 0 1; ]
1200001985[70 80 21 38 27 0 1; 149 80 21 42 29 0 1; 238 85 19 32 30 0 0; 285 78 21 47 33 0 1; ]
1200001986[70 81 21 38 27 0 1; 149 81 21 42 29 0 1; 238 86 19 32 30 0 0; 287 78 21 47 33 0 1; ]
1200001987[70 83 21 38 27 0 1; 149 82 21 42 29 0 1; 239 87 19 32 30 0 0; 289 80 21 47 33 0 1; ]
1200001988[70 86 21 38 27 1 1; 149 84 22 43 29 0 1; 240 89 19 32 30 0 0; 290 81 21 48 33 0 1; ]
1200001989[70 86 21 38 27 1 1; 149 85 22 43 29 0 1; 241 91 19 32 30 0 0; 292 83 21 48 33 0 1; ]
1200001990[70 86 21 38 27 1 1; 149 86 22 43 29 0 1; 242 92 19 32 30 0 0; 294 85 21 48 33 0 1; ]
1200001991[70 86 21 38 27 1 1; 149 86 22 43 29 0 1; 243 93 19 32 30 0 0; 296 88 21 48 33 0 1; ]
1200001992[70 85 21 38 27 1 1; 149 87 22 44 29 0 1; 243 94 19 32 30 0 0; 298 89 21 48 33 0 1; ]
1200001993[69 85 21 39 27 1 1; 149 88 23 44 29 0 1; 243 95 19 32 30 0 0; 300 89 21 48 33 0 1; ]
1200001994[69 85 21 39 27 1 1; 149 89 23 45 29 0 1; 244 95 19 32 30 0 0; 301 89 21 48 33 0 1; ]
1200001995[68 85 21 39 27 1 1; 148 89 23 45 29 0 1; 244 95 19 32 30 0 0; 303 88 21 48 33 0 1; ]
1200001996[67 84 21 40 27 1 1; 148 89 23 45 29 0 1; 245 95 19 32 30 0 0; 305 88 21 48 33 0 1; ]
1200001997[67 83 21 40 27 1 1; 147 88 23 45 29 0 1; 245 95 19 32 30 0 0; 307 88 21 48 33 0 1; ]
1200001998[66 83 21 40 27 1 1; 147 87 23 45 29 0 1; 246 95 19 32 30 0 0; 309 87 21 48 33 0 1; ]
1200001999[65 82 21 41 27 1 1; 146 86 23 45 29 0 1; 246 93 19 32 30 0 0; 311 86 21 48 33 0 1; ]
1200002000[64 80 21 42 27 1 1; 145 85 23 45 29 0 1; 246 92 19 32 30 0 0; 313 85 21 48 33 0 1; ]
1200002001[63 79 21 42 27 1 1; 145 84 23 45 29 0 1; 246 90 19 32 30 0 0; 315 84 21 48 33 0 1; ]
1200002002[61 77 21 43 27 1 1; 144 83 23 45 29 0 1; 246 89 19 32 30 0 0; 316 82 21 48 33 0 1; ]
1200002003[143 82 23 45 29 0 1; 246 88 19 32 30 0 0; 318 81 21 48 33 0 1; ]
1200002004[142 81 23 45 29 0 1; 246 87 19 32 30 0 0; 320 80 21 48 33 0 1; ]
1200002005[141 80 23 45 29 0 1; 246 86 19 32 30 0 0; 321 79 21 48 33 0 1; ]
1200002006[140 80 23 45 29 0 1; 245 85 19 32 30 0 0; 323 78 21 48 33 0 1; ]
1200002007[139 79 23 45 29 0 1; 245 84 19 32 30 0 0; 325 77 21 48 33 0 1; ]
1200002008[138 78 23 45 29 0 1; 244 83 19 32 30 0 0; 326 77 21 48 33 0 1; ]
1200002009[137 77 23 45 29 0 1; 243 81 19 32 30 0 0; 328 76 21 48 33 0 1; ]
1200002010[135 76 23 46 29 0 1; 243 80 19 32 30 0 0; 329 75 21 48 33 0 1; ]
1200002011[133 75 23 46 29 0 1; 242 80 19 32 30 0 0; 331 75 21 48 33 0 1; ]
1200002012[131 74 23 47 29 0 1; 241 80 19 32 30 0 0; 332 74 21 48 33 0 1; ]
1200002013[130 74 23 48 29 0 1; 240 80 19 32 30 0 0; 333 74 21 48 33 0 1; ]
1200002014[129 74 23 48 29 0 1; 239 81 19 32 30 0 0; 334 74 21 48 33 0 1; ]
1200002015[128 74 23 48 29 0 1; 238 81 19 32 30 0 0; 335 74 21 48 33 0 1; ]
1200002016[127 74 23 48 29 0 1; 238 81 19 33 30 0 0; 337 74 21 48 33 0 1; ]
1200002017[127 74 23 48 29 0 1; 238 82 19 33 30 0 0; ]
1200002018[126 74 23 49 29 0 1; 237 82 19 33 30 0 0; ]
1200002019[125 75 23 49 29 0 1; 237 83 19 34 30 0 0; ]
1200002020[123 75 23 49 29 0 1; 237 83 19 34 30 0 0; ]
1200002021[122 76 23 49 29 0 1; 237 84 19 35 30 0 0; ]
1200002022[120 77 23 49 29 0 1; 236 84 19 35 30 0 0; ]
1200002023[119 77 24 49 29 0 1; 236 84 19 36 30 0 0; ]
1200002024[117 77 25 48 29 0 1; 236 84 19 36 30 0 0; 354 78 19 51 34 0 1; ]
1200002025[116 77 26 48 29 0 1; 235 84 19 36 30 0 0; 355 76 19 51 34 0 1; ]
1200002026[115 77 26 48 29 0 1; 235 84 19 36 30 0 0; 357 74 19 51 34 0 1; ]
1200002027[113 77 26 48 29 0 1; 234 84 20 36 30 0 0; 358 73 19 51 34 0 1; ]
1200002028[113 77 26 48 29 0 1; 233 84 20 36 30 0 0; 360 72 19 51 34 0 1; ]
1200002029[112 78 26 48 29 0 1; 232 84 20 36 30 0 0; 362 73 19 51 34 0 1; ]
1200002030[111 78 26 49 29 0 1; 231 84 20 36 30 0 0; 364 74 20 51 34 0 1; ]
1200002031[110 79 26 49 29 0 1; 231 84 21 36 30 0 0; 366 75 21 51 34 0 1; 34 67 23 52 82 1 1; ]
1200002032[109 79 26 49 29 0 1; 231 84 21 36 30 0 0; 368 75 21 51 34 0 1; 34 67 23 52 82 1 1; ]
1200002033[108 78 25 50 29 0 1; 231 84 20 36 30 0 0; 370 75 20 51 34 0 1; 34 67 23 52 82 1 1; ]
1200002034[107 76 25 51 29 0 1; 231 84 20 36 30 0 0; 38 69 22 56 32 0 0; 373 75 19 51 34 0 1; ]
1200002035[105 73 24 51 29 0 1; 231 84 19 36 30 0 0; 38 65 25 56 32 0 0; 377 69 19 51 34 0 1; ]
1200002036[104 70 23 52 29 0 1; 230 83 19 37 30 0 0; 38 62 27 56 32 0 0; 380 63 19 51 34 0 1; ]
1200002037[103 69 23 53 29 0 1; 230 79 19 39 30 0 0; 38 60 29 56 32 0 0; 380 69 19 51 34 0 1; ]
1200002038[102 68 23 53 29 0 1; 229 75 19 41 30 0 0; 38 58 31 56 32 0 0; ]
1200002039[100 68 23 53 29 0 1; 229 74 19 42 30 0 0; 39 58 32 56 32 0 0; ]
1200002040[99 67 23 54 29 0 1; 228 75 19 39 30 0 0; 39 58 32 56 32 0 0; ]
1200002041[98 67 23 54 29 0 1; 227 77 19 36 30 0 0; 39 59 32 56 32 0 0; ]
1200002042[97 67 23 54 29 0 1; 227 77 19 36 30 0 0; 40 59 33 56 32 0 0; ]
1200002043[96 67 23 54 29 0 1; 227 77 19 36 30 0 0; 41 60 33 56 32 0 0; 396 62 20 51 83 1 1; 20 55 24 54 84 1 1; ]
1200002044[94 67 23 54 29 0 1; 227 77 19 37 30 0 0; 41 61 33 56 32 0 0; 397 62 21 53 83 1 1; 20 56 23 54 84 1 1; ]
1200002045[93 67 23 54 29 0 1; 226 77 19 37 30 0 0; 43 62 32 56 32 0 0; 398 62 22 56 83 1 1; 20 57 23 55 84 1 1; ]
1200002046[92 67 23 55 29 0 1; 226 77 19 37 30 0 0; 46 63 29 56 32 0 0; 402 64 21 54 35 0 1; 21 57 22 55 84 1 1; ]
1200002047[91 67 23 55 29 0 1; 226 76 19 37 30 0 0; 49 64 26 56 32 0 0; 405 63 21 54 35 0 1; 21 57 22 55 84 1 1; ]
1200002048[90 67 23 55 29 0 1; 226 76 19 36 30 0 0; 53 64 23 56 32 0 0; 408 62 21 54 35 0 1; 21 57 23 55 84 1 1; ]
1200002049[89 67 23 55 29 0 1; 226 76 19 36 30 0 0; 56 65 22 56 32 0 0; 412 62 21 54 35 0 1; 21 57 24 55 84 1 1; ]
1200002050[87 68 23 55 29 0 1; 226 76 19 36 30 0 0; 58 66 22 56 32 0 0; 415 62 21 54 35 0 1; 21 57 24 55 84 1 1; ]
1200002051[86 68 24 55 29 0 1; 226 77 19 36 30 0 0; 60 66 22 56 32 0 0; 418 62 21 54 35 0 1; 21 57 25 55 84 1 1; ]
1200002052[84 68 25 55 29 0 1; 225 77 19 36 30 0 0; 63 67 22 56 32 0 0; 421 62 21 54 35 0 1; 21 57 25 55 84 1 1; ]
1200002053[82 68 26 55 29 0 1; 225 78 19 36 30 0 0; 65 68 23 57 32 0 0; 424 62 21 54 35 0 1; 21 59 27 57 38 0 1; ]
1200002054[81 69 26 55 29 0 1; 225 79 20 36 30 0 0; 67 68 23 57 32 0 0; 427 62 21 54 35 0 1; 22 60 27 57 38 0 1; ]
1200002055[79 70 26 55 29 0 1; 224 80 20 36 30 0 0; 69 69 23 57 32 0 0; 431 63 21 54 35 0 1; 23 61 27 57 38 0 1; ]
1200002056[78 71 26 56 29 0 1; 224 81 20 36 30 0 0; 71 69 24 57 32 0 0; 434 64 21 54 35 0 1; 24 62 27 57 38 0 1; ]
1200002057[77 72 26 56 29 0 1; 223 82 21 36 30 0 0; 73 70 24 58 32 0 0; 437 65 21 54 35 0 1; 25 63 27 57 38 0 1; ]
1200002058[77 73 26 56 29 0 1; 223 83 21 36 30 0 0; 75 70 25 58 32 0 0; 440 65 21 54 35 0 1; 26 64 27 57 38 0 1; ]
1200002059[76 72 26 56 29 0 1; 223 83 21 36 30 0 0; 77 71 25 59 32 0 0; 444 66 21 54 35 0 1; 26 65 27 57 38 0 1; ]
1200002060[75 71 26 56 29 0 1; 223 84 21 36 30 0 0; 79 71 25 59 32 0 0; 447 66 21 54 35 0 1; 27 65 27 57 38 0 1; ]
1200002061[73 72 25 57 29 0 1; 223 84 21 36 30 0 0; 81 71 26 59 32 0 0; 450 67 21 54 35 0 1; 27 65 27 57 38 0 1; ]
1200002062[72 72 24 57 29 0 1; 225 83 20 36 30 0 0; 83 72 26 60 32 0 0; 454 67 21 54 35 0 1; 28 66 27 57 38 0 1; ]
1200002063[70 74 23 57 29 0 1; 226 83 19 36 30 0 0; 85 72 27 60 32 0 0; 457 68 21 54 35 1 1; 28 66 27 57 38 0 1; ]
1200002064[69 73 23 58 29 0 1; 226 83 19 36 30 0 0; 87 72 27 60 32 0 0; 461 67 21 54 35 1 1; 28 66 27 57 38 0 1; ]
1200002065[68 73 24 58 29 0 1; 227 83 19 36 30 0 0; 90 72 27 61 32 0 0; 465 67 22 54 35 1 1; 28 66 27 57 38 0 1; ]
1200002066[68 73 25 58 29 0 1; 227 83 19 36 30 0 0; 92 72 28 61 32 0 0; 469 67 23 55 35 1 1; 28 66 27 57 38 0 1; ]
1200002067[67 73 25 59 29 0 1; 227 83 19 36 30 0 0; 95 72 28 61 32 0 0; 472 67 23 55 35 1 1; 28 66 27 57 38 0 1; ]
1200002068[66 72 26 59 29 0 1; 228 83 19 36 30 0 0; 98 71 28 62 32 0 0; 476 67 23 56 35 1 1; 27 65 27 57 38 0 1; ]
1200002069[64 72 26 59 29 0 1; 228 83 19 36 30 0 0; 100 71 29 62 32 0 0; 480 67 24 56 35 1 1; 28 65 27 57 38 0 1; ]
1200002070[63 72 26 60 29 0 1; 228 83 19 36 30 0 0; 103 71 29 62 32 0 0; 483 67 24 56 35 1 1; 30 65 27 57 38 0 1; ]
1200002071[62 72 26 60 29 0 1; 228 83 19 36 30 0 0; 106 70 30 63 32 0 0; 31 65 27 57 38 0 1; ]
1200002072[60 72 26 60 29 0 1; 228 83 19 36 30 0 0; 109 70 30 63 32 0 0; 33 65 27 57 38 0 1; ]
1200002073[59 71 26 61 29 0 1; 228 83 19 36 30 0 0; 111 70 30 63 32 0 0; 34 65 27 57 38 0 1; ]
1200002074[57 71 26 61 29 0 1; 228 83 19 36 30 0 0; 114 69 31 64 32 0 0; 35 66 27 57 38 0 1; ]
1200002075[56 71 27 61 29 0 1; 228 83 19 36 30 0 0; 117 69 31 64 32 0 0; 35 66 27 57 38 0 1; ]
1200002076[54 71 27 62 29 0 1; 228 83 19 36 30 0 0; 120 68 31 64 32 0 0; 36 66 27 57 38 0 1; ]
1200002077[52 71 27 62 29 0 1; 228 83 19 36 30 0 0; 123 68 32 65 32 0 0; 36 67 27 57 38 0 1; ]
1200002078[51 71 27 62 29 0 1; 228 83 19 36 30 0 0; 126 67 32 65 32 0 0; 37 67 27 57 38 0 1; ]
1200002079[49 71 27 63 29 0 1; 229 83 20 37 30 0 0; 129 67 33 65 32 0 0; 37 68 27 57 38 0 1; ]
1200002080[48 71 27 63 29 0 1; 229 83 20 39 30 0 0; 132 67 33 66 32 0 0; 37 69 27 57 38 0 1; ]
1200002081[47 70 27 63 29 0 1; 229 83 20 40 30 0 0; 135 66 33 66 32 0 0; 37 70 28 57 38 0 1; ]
1200002082[45 70 27 63 29 0 1; 229 83 20 40 30 0 0; 139 66 34 66 32 0 0; 38 70 28 57 38 1 1; ]
1200002083[44 69 27 64 29 0 1; 229 82 20 40 30 0 0; 142 65 34 66 32 0 0; 38 69 28 58 38 1 1; ]
1200002084[43 69 27 64 29 0 1; 230 82 20 41 30 0 0; 145 65 34 67 32 0 0; 38 67 28 60 38 1 1; ]
1200002085[42 68 27 64 29 0 1; 230 82 20 41 30 0 0; 148 65 35 67 32 0 0; 39 65 28 63 38 1 1; ]
1200002086[41 67 27 64 29 0 1; 231 81 20 41 30 0 0; 151 65 35 67 32 0 0; 40 63 28 65 38 1 1; ]
1200002087[40 66 27 64 29 0 1; 231 81 20 41 30 0 0; 155 64 36 68 32 0 0; 40 62 28 66 38 1 1; ]
1200002088[39 66 27 64 29 0 1; 232 80 20 41 30 0 0; 158 64 36 68 32 0 0; 41 61 28 67 38 1 1; ]
1200002089[38 65 27 64 29 0 1; 233 80 20 41 30 0 0; 161 64 36 68 32 0 0; 42 61 28 67 38 1 1; ]
1200002090[36 65 27 64 29 0 1; 233 79 19 42 30 0 0; 164 64 37 69 32 0 0; 43 60 28 67 38 0 1; ]
1200002091[35 65 26 64 29 0 1; 234 78 19 42 30 0 0; 168 65 37 69 32 0 0; 44 60 28 67 38 0 1; ]
1200002092[34 65 26 64 29 0 1; 235 78 19 42 30 0 0; 171 65 37 69 32 0 0; 45 60 28 67 38 0 1; ]
1200002093[32 66 26 64 29 0 1; 235 78 19 42 30 0 0; 175 65 38 70 32 0 0; 45 60 28 67 38 0 1; ]
1200002094[31 66 26 64 29 0 1; 236 78 19 42 30 0 0; 178 66 38 70 32 0 0; 46 60 28 67 38 0 1; ]
1200002095[29 66 25 64 29 0 1; 236 78 19 42 30 0 0; 182 67 38 70 32 0 0; 46 61 28 68 38 0 1; ]
1200002096[27 66 25 64 29 0 1; 236 79 19 42 30 0 0; 185 67 38 70 32 0 0; 46 61 28 68 38 0 1; ]
1200002097[26 67 25 64 29 0 1; 237 79 19 42 30 0 0; 189 68 39 71 32 0 0; 47 61 28 69 38 0 1; ]
1200002098[24 67 25 64 29 0 1; 237 79 19 42 30 0 0; 193 68 39 71 32 0 0; 47 61 28 69 38 0 1; ]
1200002099[22 68 26 63 29 0 1; 238 79 19 42 30 0 0; 196 69 39 71 32 0 0; 47 61 28 70 38 0 1; ]
1200002100[19 69 27 62 29 0 1; 238 80 19 42 30 0 0; 200 70 39 71 32 0 0; 47 62 28 71 38 0 1; ]
1200002101[17 70 28 62 29 0 1; 238 80 19 42 30 0 0; 204 70 40 71 32 0 0; 48 62 28 71 38 0 1; ]
1200002102[15 70 28 63 29 0 1; 238 81 19 42 30 0 0; 208 71 40 71 32 0 0; 48 63 28 72 38 0 1; ]
1200002103[13 69 28 65 29 0 1; 238 82 19 42 30 0 0; 211 71 40 71 32 0 0; 48 63 28 73 38 0 1; ]
1200002104[11 69 28 69 29 0 1; 239 82 19 42 30 0 0; 215 71 40 72 32 0 0; 48 64 28 74 38 0 1; ]
1200002105[9 68 28 72 29 0 1; 240 82 19 42 30 0 0; 219 71 39 72 32 0 0; 48 64 28 75 38 0 1; ]
1200002106[7 67 28 74 29 0 1; 242 82 19 42 30 1 0; 223 70 37 72 32 0 0; 47 64 28 75 38 0 1; ]
1200002107[6 65 28 75 29 0 1; 239 82 19 42 30 0 0; 227 70 34 73 32 0 0; 47 64 28 75 38 0 1; ]
1200002108[4 63 28 75 29 0 1; 231 69 32 73 32 0 0; 46 63 28 76 38 0 1; ]
1200002109[2 59 28 74 29 0 1; 235 68 31 74 32 0 0; 46 63 28 76 38 0 1; ]
1200002110[1 55 28 74 29 0 1; 239 65 31 75 32 0 0; 44 52 28 82 38 0 1; ]
1200002111[242 60 32 77 32 0 0; 43 51 28 77 38 0 1; ]
1200002112[245 55 34 78 32 0 0; 42 49 28 77 38 0 1; ]
1200002113[244 68 20 46 31 0 0; 248 51 35 80 32 0 0; 41 49 29 77 38 0 1; ]
1200002114[244 68 20 46 31 0 0; 252 49 36 81 32 0 0; 40 49 29 77 38 0 1; ]
1200002115[245 69 20 46 31 0 0; 255 50 37 81 32 0 0; 38 49 29 77 38 0 1; ]
1200002116[245 70 20 46 31 0 0; 259 53 37 81 32 0 0; 37 49 29 77 38 0 1; ]
1200002117[245 71 20 46 31 0 0; 262 55 38 81 32 0 0; 35 50 30 78 38 0 1; ]
1200002118[246 71 20 46 31 0 0; 265 58 38 81 32 0 0; 33 51 30 78 38 0 1; ]
1200002119[246 72 20 46 31 0 0; 269 59 39 82 32 0 0; 31 51 31 78 38 0 1; ]
1200002120[246 73 20 46 31 0 0; 272 60 39 82 32 0 0; 30 51 32 79 38 0 1; ]
1200002121[247 74 20 46 31 0 0; 275 60 39 82 32 0 0; 28 51 33 81 38 0 1; ]
1200002122[247 74 20 45 31 0 0; 278 60 40 82 32 0 0; 27 51 34 82 38 0 1; ]
1200002123[247 75 20 45 31 0 0; 281 60 40 82 32 0 0; 26 52 34 82 38 0 1; ]
1200002124[248 76 20 45 31 0 0; 284 60 40 82 32 0 0; 24 52 34 83 38 0 1; ]
1200002125[248 76 20 45 31 0 0; 288 60 41 83 32 0 0; 22 53 34 83 38 0 1; ]
1200002126[248 76 20 45 31 0 0; 291 60 42 83 32 0 0; 21 54 33 84 38 0 1; ]
1200002127[249 77 20 45 31 0 0; 294 60 42 84 32 0 0; 20 54 33 84 38 0 1; ]
1200002128[249 77 20 45 31 0 0; 298 60 43 84 32 0 0; 19 54 33 84 38 0 1; ]
1200002129[250 77 20 45 31 0 0; 301 60 44 85 32 0 0; 18 54 33 84 38 0 1; ]
1200002130[250 77 21 45 31 0 0; 304 60 45 85 32 0 0; 17 54 32 85 38 0 1; ]
1200002131[251 77 21 45 31 0 0; 308 60 46 86 32 0 0; 17 53 31 85 38 0 1; ]
1200002132[252 77 21 45 31 0 0; 311 60 46 87 32 0 0; 16 52 30 85 38 0 1; ]
1200002133[252 77 22 45 31 0 0; 315 59 47 87 32 0 0; 16 51 30 85 38 0 1; ]
1200002134[253 77 22 45 31 0 0; 318 59 48 88 32 0 0; 15 51 30 85 38 0 1; ]
1200002135[254 77 22 45 31 0 0; 322 59 49 89 32 0 0; 14 50 30 85 38 0 1; ]
1200002136[255 77 23 45 31 0 0; 326 59 49 89 32 0 0; 13 49 30 86 38 0 1; ]
1200002137[255 76 23 45 31 0 0; 330 59 50 90 32 0 0; 12 49 30 86 38 0 1; ]
1200002138[256 75 23 45 31 0 0; 334 59 50 91 32 0 0; 11 48 30 86 38 0 1; ]
1200002139[257 74 23 45 31 0 0; 338 59 50 91 32 0 0; 10 48 30 87 38 0 1; ]
1200002140[258 73 23 45 31 0 0; 342 58 50 92 32 0 0; 9 47 30 87 38 0 1; ]
1200002141[259 72 23 45 31 0 0; 347 57 50 93 32 0 0; 8 47 30 88 38 0 1; ]
1200002142[259 72 23 45 31 0 0; 352 56 50 93 32 0 0; 7 47 30 88 38 0 1; ]
1200002143[260 72 23 45 31 0 0; 357 54 50 94 32 0 0; 5 46 30 89 38 0 1; ]
1200002144[261 73 23 45 31 0 0; 362 54 50 95 32 0 0; 4 46 30 89 38 0 1; ]
1200002145[262 73 23 45 31 0 0; 366 54 51 96 32 0 0; 3 46 30 90 38 0 1; ]
1200002146[262 73 23 45 31 0 0; 371 55 52 97 32 0 0; 1 46 30 91 38 0 1; ]
1200002147[263 73 23 45 31 0 0; 375 55 54 99 32 0 0; 0 47 30 92 38 0 1; ]
1200002148[264 74 23 45 31 0 0; 379 56 55 100 32 0 0; ]
1200002149[264 75 23 45 31 0 0; 384 56 56 101 32 0 0; ]
1200002150[265 76 23 45 31 0 0; 389 56 56 102 32 0 0; ]
1200002151[266 77 23 45 31 0 0; 395 55 56 103 32 0 0; ]
1200002152[266 77 23 46 31 0 0; 400 54 56 104 32 0 0; ]
1200002153[267 77 23 47 31 0 0; 406 52 55 105 32 0 0; ]
1200002154[268 77 23 48 31 0 0; 412 51 55 106 32 0 0; ]
1200002155[269 76 23 49 31 0 0; 418 49 55 106 32 0 0; ]
1200002156[270 76 23 49 31 0 0; 424 48 54 107 32 0 0; ]
1200002157[271 76 23 49 31 0 0; 430 47 54 108 32 0 0; ]
1200002158[272 76 23 49 31 0 0; 437 46 53 108 32 0 0; ]
1200002159[274 75 23 49 31 0 0; 443 46 52 109 32 0 0; ]
1200002160[275 75 23 49 31 0 0; 450 46 51 109 32 0 0; ]
1200002161[276 75 23 49 31 0 0; 458 47 49 109 32 0 0; ]
1200002162[278 75 23 48 31 0 0; ]
1200002163[280 75 23 48 31 0 0; ]
1200002164[281 75 23 48 31 0 0; ]
1200002165[283 75 23 48 31 0 0; ]
1200002166[284 75 23 48 31 0 0; ]
1200002167[285 75 23 48 31 0 0; ]
1200002168[287 75 23 48 31 0 0; ]
1200002169[288 76 23 48 31 0 0; ]
1200002170[290 76 23 48 31 0 0; ]
1200002171[291 76 23 48 31 0 0; ]
1200002172[292 77 23 48 31 0 0; ]
1200002173[294 77 23 48 31 0 0; ]
1200002174[295 78 23 48 31 0 0; ]
1200002175[296 78 23 48 31 0 0; ]
1200002176[297 78 23 48 31 0 0; ]
1200002177[298 79 23 48 31 0 0; ]
1200002178[299 79 23 48 31 0 0; ]
1200002179[301 79 23 48 31 0 0; ]
1200002180[302 80 24 48 31 0 0; ]
1200002181[303 80 24 48 31 0 0; ]
1200002182[304 81 24 48 31 0 0; ]
1200002183[305 81 24 48 31 0 0; ]
1200002184[306 82 25 48 31 0 0; ]
1200002185[307 82 25 48 31 0 0; ]
1200002186[308 82 25 48 31 0 0; ]
1200002187[309 83 25 48 31 0 0; ]
1200002188[309 83 26 49 31 0 0; ]
1200002189[310 83 26 49 31 0 0; ]
1200002190[310 83 26 49 31 0 0; ]
1200002191[310 83 26 49 31 0 0; ]
1200002192[310 83 26 49 31 0 0; ]
1200002193[310 83 26 49 31 0 0; ]
1200002194[310 83 26 49 31 0 0; ]
1200002195[310 82 26 49 31 0 0; ]
1200002196[310 82 26 49 31 0 0; ]
1200002197[310 81 26 50 31 0 0; ]
1200002198[311 81 26 50 31 0 0; ]
1200002199[311 81 26 50 31 0 0; ]
1200002200[311 80 26 50 31 0 0; ]
1200002201[311 80 26 50 31 0 0; ]
1200002202[311 79 26 50 31 0 0; ]
1200002203[311 79 26 50 31 0 0; ]
1200002204[311 79 26 50 31 0 0; ]
1200002205[311 79 26 51 31 0 0; ]
1200002206[311 78 26 51 31 0 0; ]
1200002207[311 78 26 51 31 0 0; ]
1200002208[311 78 26 51 31 0 0; ]
1200002209[311 78 26 51 31 0 0; ]
1200002210[311 78 26 51 31 0 0; ]
1200002211[311 78 26 51 31 0 0; ]
1200002212[311 78 26 52 31 0 0; ]
1200002213[311 78 26 52 31 0 0; ]
1200002214[311 78 26 52 31 0 0; ]
1200002215[311 78 26 52 31 0 0; ]
1200002216[311 78 26 52 31 0 0; ]
1200002217[311 78 26 52 31 0 0; ]
1200002218[311 78 26 52 31 0 0; ]
1200002219[311 78 26 53 31 0 0; ]
1200002220[311 78 26 53 31 0 0; ]
1200002221[311 78 26 53 31 0 0; ]
1200002222[311 77 26 53 31 0 0; ]
1200002223[311 77 26 53 31 0 0; ]
1200002224[311 76 26 54 31 0 0; ]
1200002225[311 76 26 54 31 0 0; ]
1200002226[311 76 26 54 31 0 0; ]
1200002227[311 75 26 54 31 0 0; ]
1200002228[311 75 25 54 31 0 0; ]
1200002229[311 75 25 54 31 0 0; ]
1200002230[311 75 25 55 31 0 0; ]
1200002231[311 75 25 55 31 0 0; ]
1200002232[311 75 25 55 31 0 0; ]
1200002233[311 75 25 55 31 0 0; ]
1200002234[311 75 25 55 31 0 0; ]
1200002235[311 76 25 56 31 0 0; ]
1200002236[311 76 25 56 31 0 0; ]
1200002237[311 77 25 56 31 0 0; ]
1200002238[311 77 25 56 31 0 0; ]
1200002239[311 78 26 57 31 0 0; ]
1200002240[311 78 26 57 31 0 0; ]
1200002241[311 79 26 57 31 0 0; ]
1200002242[311 79 26 57 31 0 0; ]
1200002243[311 79 26 57 31 0 0; ]
1200002244[310 80 26 58 31 0 0; ]
1200002245[310 80 26 58 31 0 0; ]
1200002246[310 80 26 58 31 0 0; ]
1200002247[310 80 26 58 31 0 0; ]
1200002248[310 80 26 59 31 0 0; ]
1200002249[310 80 26 59 31 0 0; ]
1200002250[310 79 26 59 31 0 0; ]
1200002251[310 79 26 59 31 0 0; ]
1200002252[310 79 26 60 31 0 0; ]
1200002253[310 78 26 60 31 0 0; ]
1200002254[310 78 26 60 31 0 0; ]
1200002255[310 78 26 61 31 0 0; ]
1200002256[310 77 26 61 31 0 0; ]
1200002257[310 77 26 61 31 0 0; ]
1200002258[310 77 26 61 31 0 0; ]
1200002259[309 76 26 62 31 0 0; ]
1200002260[309 76 26 62 31 0 0; ]
1200002261[309 76 26 62 31 0 0; ]
1200002262[309 75 26 62 31 0 0; ]
1200002263[308 75 26 63 31 0 0; ]
1200002264[308 75 26 63 31 0 0; ]
1200002265[308 74 26 63 31 0 0; ]
1200002266[307 74 26 64 31 0 0; ]
1200002267[306 73 26 64 31 0 0; ]
1200002268[305 73 26 65 31 0 0; ]
1200002269[305 72 26 65 31 0 0; ]
1200002270[304 72 26 65 31 0 0; ]
1200002271[303 71 26 66 31 0 0; ]
1200002272[303 71 26 66 31 0 0; ]
1200002273[302 70 26 66 31 0 0; ]
1200002274[302 70 26 67 31 0 0; ]
1200002275[302 70 27 67 31 0 0; ]
1200002276[302 70 27 67 31 0 0; ]
1200002277[302 70 27 67 31 0 0; ]
1200002278[302 70 27 67 31 0 0; ]
1200002279[302 70 27 67 31 0 0; ]
1200002280[302 70 27 67 31 0 0; ]
1200002281[303 70 27 66 31 0 0; ]
1200002282[303 70 27 66 31 0 0; ]
1200002283[304 70 27 66 31 0 0; ]
1200002284[305 70 27 66 31 0 0; ]
1200002285[305 70 27 66 31 0 0; ]
1200002286[306 70 27 66 31 0 0; ]
1200002287[307 70 27 65 31 0 0; ]
1200002288[307 70 27 65 31 0 0; ]
1200002289[308 70 27 65 31 0 0; ]
1200002290[309 70 27 65 31 0 0; ]
1200002291[310 70 27 65 31 0 0; ]
1200002292[311 70 27 64 31 0 0; ]
1200002293[312 70 27 64 31 0 0; ]
1200002294[313 70 28 64 31 0 0; ]
1200002295[314 70 28 64 31 0 0; ]
1200002296[315 70 28 64 31 0 0; ]
1200002297[316 70 28 64 31 0 0; ]
1200002298[317 70 28 64 31 0 0; ]
1200002299[318 70 28 64 31 0 0; ]
1200002300[319 71 28 64 31 0 0; ]
1200002301[320 71 28 64 31 0 0; ]
1200002302[321 71 28 64 31 0 0; ]
1200002303[323 71 28 64 31 0 0; ]
1200002304[324 71 28 64 31 0 0; ]
1200002305[326 71 28 64 31 0 0; ]
1200002306[327 71 28 64 31 0 0; ]
1200002307[329 72 28 65 31 0 0; ]
1200002308[331 72 28 65 31 0 0; ]
1200002309[332 72 28 65 31 0 0; ]
1200002310[334 72 28 65 31 0 0; ]
1200002311[336 72 29 65 31 0 0; ]
1200002312[337 73 29 65 31 0 0; ]
1200002313[339 73 29 65 31 0 0; ]
1200002314[341 73 29 65 31 0 0; ]
1200002315[343 73 29 65 31 0 0; ]
1200002316[344 73 29 66 31 0 0; ]
1200002317[346 73 29 66 31 0 0; ]
1200002318[348 73 29 66 31 0 0; ]
1200002319[349 73 29 66 31 0 0; ]
1200002320[351 73 29 66 31 0 0; ]
1200002321[353 73 29 66 31 0 0; ]
1200002322[354 73 29 67 31 0 0; ]
1200002323[356 73 29 68 31 0 0; ]
1200002324[358 72 29 69 31 0 0; ]
1200002325[359 71 29 70 31 0 0; ]
1200002326[361 71 29 71 31 0 0; ]
1200002327[363 72 29 71 31 0 0; ]
1200002328[365 73 29 71 31 0 0; ]
1200002329[367 74 29 71 31 0 0; ]
1200002330[368 74 29 71 31 0 0; ]
1200002331[370 75 30 70 31 0 0; ]
1200002332[372 76 30 70 31 0 0; ]
1200002333[374 76 30 70 31 0 0; ]
1200002334[375 77 30 70 31 0 0; ]
1200002335[377 77 30 70 31 0 0; ]
1200002336[378 77 30 70 31 0 0; ]
1200002337[380 77 30 70 31 0 0; ]
1200002338[382 77 30 70 31 0 0; ]
1200002339[383 77 30 71 31 0 0; ]
1200002340[385 77 31 71 31 0 0; ]
1200002341[386 77 31 71 31 0 0; ]
1200002342[388 77 31 71 31 0 0; ]
1200002343[389 77 32 71 31 0 0; ]
1200002344[391 77 32 71 31 0 0; ]
1200002345[392 77 33 71 31 0 0; ]
1200002346[393 77 33 71 31 0 0; ]
1200002347[395 77 33 71 31 0 0; ]
1200002348[396 77 34 71 31 0 0; ]
1200002349[398 77 34 71 31 0 0; ]
1200002350[399 77 35 71 31 0 0; ]
1200002351[400 77 35 72 31 0 0; ]
1200002352[401 77 35 72 31 0 0; ]
1200002353[402 77 36 72 31 0 0; ]
1200002354[404 77 36 72 31 0 0; ]
1200002355[405 77 36 72 31 0 0; ]
1200002356[406 77 37 72 31 0 0; ]
1200002357[407 76 37 72 31 0 0; ]
1200002358[407 76 37 73 31 0 0; ]
1200002359[408 76 37 73 31 0 0; ]
1200002360[409 76 38 73 31 0 0; ]
1200002361[410 75 38 73 31 0 0; ]
1200002362[411 74 38 73 31 0 0; ]
1200002363[411 74 38 73 31 0 0; ]
1200002364[412 73 38 74 31 0 0; ]
1200002365[413 72 39 74 31 0 0; ]
1200002366[413 72 39 74 31 0 0; ]
1200002367[414 71 39 74 31 0 0; ]
1200002368[415 70 39 75 31 0 0; ]
1200002369[415 69 39 75 31 0 0; ]
1200002370[416 68 39 75 31 0 0; ]
1200002371[417 68 40 76 31 0 0; ]
1200002372[417 67 40 76 31 0 0; ]
1200002373[418 66 40 76 31 0 0; ]
1200002374[419 65 40 77 31 0 0; ]
1200002375[419 65 40 77 31 0 0; ]
1200002376[420 64 40 77 31 0 0; ]
1200002377[421 63 40 78 31 0 0; ]
1200002378[422 63 41 78 31 0 0; ]
1200002379[422 62 41 79 31 0 0; ]
1200002380[423 62 41 79 31 0 0; ]
1200002381[424 61 41 80 31 0 0; ]
1200002382[425 61 41 81 31 0 0; ]
1200002383[426 61 41 82 31 0 0; ]
1200002384[427 60 41 84 31 0 0; ]
1200002385[428 60 41 85 31 0 0; ]
1200002386[429 60 41 87 31 0 0; ]
1200002387[430 60 42 89 31 0 0; ]
1200002388[432 60 42 91 31 0 0; ]
1200002389[433 59 42 92 31 0 0; ]
1200002390[434 59 42 93 31 0 0; ]
1200002391[435 59 42 93 31 0 0; ]
1200002392[436 59 42 93 31 0 0; ]
1200002393[438 59 42 91 31 0 0; ]
1200002394[439 59 42 88 31 0 0; ]
1200002395[440 58 42 87 31 0 0; ]
1200002396[441 58 42 86 31 0 0; ]
1200002397[443 58 42 86 31 0 0; ]
1200002398[444 58 42 87 31 0 0; ]
1200002399[446 58 42 88 31 0 0; ]
1200002400[447 58 42 90 31 0 0; ]
1200002401[448 58 42 91 31 0 0; ]
1200002402[450 58 42 92 31 0 0; 190 86 14 30 70 0 0; ]
1200002403[451 59 43 93 31 0 0; 191 87 14 30 70 0 0; ]
1200002404[452 60 43 93 31 0 0; 191 89 14 31 70 0 0; ]
1200002405[454 62 43 94 31 0 0; 191 90 13 32 70 0 0; ]
1200002406[455 63 43 95 31 0 0; 191 91 13 32 70 0 0; ]
1200002407[456 64 43 95 31 0 0; 192 92 13 31 70 0 0; ]
1200002408[458 65 43 96 31 0 0; 192 93 13 31 70 0 0; ]
1200002409[459 66 43 97 31 0 0; 193 94 13 30 70 0 0; ]
1200002410[461 66 43 97 31 0 0; ]
1200002411[463 66 44 98 31 0 0; ]
1200002412[464 67 44 98 31 0 0; ]
1200002413[466 67 44 99 31 0 0; ]
1200002414[]
1200002415[]
1200002416[]
1200002417[]
1200002418[]
1200002419[]
1200002420[]
1200002421[]
1200002422[]
1200002423[]
