1200200001[]
1200200002[]
1200200003[]
1200200004[]
1200200005[]
1200200006[]
1200200007[]
1200200008[]
1200200009[]
1200200010[]
1200200011[]
1200200012[]
1200200013[]
1200200014[]
1200200015[]
1200200016[]
1200200017[]
1200200018[]
1200200019[]
1200200020[]
1200200021[]
1200200022[]
1200200023[]
1200200024[]
1200200025[]
1200200026[]
1200200027[]
1200200028[]
1200200029[]
1200200030[]
1200200031[]
1200200032[]
1200200033[]
1200200034[]
1200200035[]
1200200036[]
1200200037[]
1200200038[]
1200200039[]
1200200040[]
1200200041[]
1200200042[]
1200200043[]
1200200044[]
1200200045[]
1200200046[]
1200200047[]
1200200048[]
1200200049[]
1200200050[]
1200200051[]
1200200052[]
1200200053[]
1200200054[]
1200200055[]
1200200056[]
1200200057[]
1200200058[]
1200200059[]
1200200060[]
1200200061[]
1200200062[]
1200200063[]
1200200064[]
1200200065[]
1200200066[]
1200200067[]
1200200068[]
1200200069[]
1200200070[]
1200200071[]
1200200072[]
1200200073[]
1200200074[]
1200200075[]
1200200076[]
1200200077[]
1200200078[]
1200200079[]
1200200080[]
1200200081[]
1200200082[]
1200200083[]
1200200084[]
1200200085[]
1200200086[]
1200200087[]
1200200088[]
1200200089[]
1200200090[]
1200200091[]
1200200092[]
1200200093[]
1200200094[]
1200200095[]
1200200096[]
1200200097[]
1200200098[]
1200200099[]
1200200100[]
1200200101[]
1200200102[]
1200200103[]
1200200104[]
1200200105[]
1200200106[]
1200200107[]
1200200108[]
1200200109[]
1200200110[]
1200200111[]
1200200112[]
1200200113[]
1200200114[]
1200200115[]
1200200116[]
1200200117[]
1200200118[]
1200200119[]
1200200120[]
1200200121[]
1200200122[]
1200200123[]
1200200124[]
1200200125[]
1200200126[]
1200200127[]
1200200128[]
1200200129[]
1200200130[]
1200200131[]
1200200132[]
1200200133[]
1200200134[]
1200200135[]
1200200136[]
1200200137[]
1200200138[]
1200200139[]
1200200140[]
1200200141[]
1200200142[]
1200200143[]
1200200144[]
1200200145[]
1200200146[]
1200200147[]
1200200148[]
1200200149[]
1200200150[]
1200200151[]
1200200152[]
1200200153[]
1200200154[]
1200200155[]
1200200156[]
1200200157[]
1200200158[]
1200200159[]
1200200160[]
1200200161[]
1200200162[]
1200200163[]
1200200164[]
1200200165[]
1200200166[]
1200200167[]
1200200168[]
1200200169[]
1200200170[]
1200200171[]
1200200172[]
1200200173[]
1200200174[]
1200200175[]
1200200176[]
1200200177[]
1200200178[]
1200200179[]
1200200180[]
1200200181[]
1200200182[]
1200200183[]
1200200184[]
1200200185[]
1200200186[]
1200200187[]
1200200188[]
1200200189[]
1200200190[]
1200200191[]
1200200192[]
1200200193[]
1200200194[]
1200200195[]
1200200196[]
1200200197[]
1200200198[]
1200200199[]
1200200200[]
1200200201[]
1200200202[]
1200200203[]
1200200204[]
1200200205[]
1200200206[]
1200200207[]
1200200208[]
1200200209[]
1200200210[]
1200200211[]
1200200212[]
1200200213[]
1200200214[]
1200200215[]
1200200216[]
1200200217[]
1200200218[]
1200200219[]
1200200220[]
1200200221[]
1200200222[]
1200200223[]
1200200224[]
1200200225[]
1200200226[]
1200200227[]
1200200228[]
1200200229[]
1200200230[]
1200200231[]
1200200232[]
1200200233[]
1200200234[]
1200200235[]
1200200236[]
1200200237[]
1200200238[]
1200200239[]
1200200240[]
1200200241[]
1200200242[]
1200200243[]
1200200244[]
1200200245[]
1200200246[]
1200200247[]
1200200248[]
1200200249[]
1200200250[]
1200200251[]
1200200252[]
1200200253[]
1200200254[]
1200200255[]
1200200256[]
1200200257[]
1200200258[]
1200200259[]
1200200260[]
1200200261[]
1200200262[]
1200200263[]
1200200264[]
1200200265[]
1200200266[]
1200200267[]
1200200268[]
1200200269[]
1200200270[]
1200200271[]
1200200272[]
1200200273[]
1200200274[]
1200200275[]
1200200276[]
1200200277[]
1200200278[]
1200200279[]
1200200280[]
1200200281[]
1200200282[]
1200200283[]
1200200284[]
1200200285[]
1200200286[]
1200200287[]
1200200288[]
1200200289[]
1200200290[]
1200200291[]
1200200292[]
1200200293[]
1200200294[]
1200200295[]
1200200296[]
1200200297[]
1200200298[]
1200200299[]
1200200300[]
1200200301[]
1200200302[]
1200200303[]
1200200304[]
1200200305[]
1200200306[]
1200200307[]
1200200308[]
1200200309[]
1200200310[]
1200200311[]
1200200312[]
1200200313[]
1200200314[]
1200200315[]
1200200316[]
1200200317[]
1200200318[]
1200200319[]
1200200320[]
1200200321[]
1200200322[]
1200200323[]
1200200324[]
1200200325[]
1200200326[]
1200200327[]
1200200328[]
1200200329[]
1200200330[]
1200200331[]
1200200332[]
1200200333[]
1200200334[]
1200200335[]
1200200336[]
1200200337[]
1200200338[]
1200200339[]
1200200340[]
1200200341[]
1200200342[]
1200200343[]
1200200344[]
1200200345[]
1200200346[]
1200200347[]
1200200348[]
1200200349[]
1200200350[]
1200200351[]
1200200352[]
1200200353[]
1200200354[]
1200200355[]
1200200356[]
1200200357[]
1200200358[]
1200200359[]
1200200360[]
1200200361[]
1200200362[]
1200200363[]
1200200364[]
1200200365[]
1200200366[]
1200200367[]
1200200368[]
1200200369[]
1200200370[]
1200200371[]
1200200372[]
1200200373[]
1200200374[]
1200200375[]
1200200376[]
1200200377[]
1200200378[]
1200200379[]
1200200380[]
1200200381[]
1200200382[]
1200200383[]
1200200384[]
1200200385[]
1200200386[]
1200200387[]
1200200388[]
1200200389[]
1200200390[]
1200200391[]
1200200392[]
1200200393[]
1200200394[]
1200200395[]
1200200396[]
1200200397[]
1200200398[]
1200200399[]
1200200400[]
1200200401[]
1200200402[]
1200200403[]
1200200404[]
1200200405[]
1200200406[]
1200200407[]
1200200408[]
1200200409[]
1200200410[]
1200200411[]
1200200412[]
1200200413[]
1200200414[]
1200200415[]
1200200416[]
1200200417[]
1200200418[]
1200200419[]
1200200420[]
1200200421[]
1200200422[]
1200200423[]
1200200424[]
1200200425[]
1200200426[]
1200200427[]
1200200428[]
1200200429[]
1200200430[]
1200200431[]
1200200432[]
1200200433[]
1200200434[]
1200200435[]
1200200436[]
1200200437[]
1200200438[]
1200200439[]
1200200440[]
1200200441[]
1200200442[]
1200200443[]
1200200444[]
1200200445[]
1200200446[]
1200200447[]
1200200448[]
1200200449[]
1200200450[]
1200200451[]
1200200452[]
1200200453[]
1200200454[]
1200200455[]
1200200456[]
1200200457[]
1200200458[]
1200200459[]
1200200460[]
1200200461[]
1200200462[]
1200200463[]
1200200464[]
1200200465[]
1200200466[]
1200200467[]
1200200468[]
1200200469[]
1200200470[]
1200200471[]
1200200472[]
1200200473[]
1200200474[]
1200200475[]
1200200476[]
1200200477[]
1200200478[]
1200200479[]
1200200480[]
1200200481[]
1200200482[]
1200200483[]
1200200484[]
1200200485[]
1200200486[]
1200200487[]
1200200488[]
1200200489[]
1200200490[]
1200200491[]
1200200492[]
1200200493[]
1200200494[]
1200200495[]
1200200496[]
1200200497[]
1200200498[]
1200200499[]
1200200500[]
1200200501[]
1200200502[]
1200200503[]
1200200504[]
1200200505[]
1200200506[]
1200200507[]
1200200508[]
1200200509[]
1200200510[]
1200200511[]
1200200512[]
1200200513[]
1200200514[]
1200200515[]
1200200516[]
1200200517[]
1200200518[]
1200200519[]
1200200520[]
1200200521[]
1200200522[]
1200200523[]
1200200524[]
1200200525[]
1200200526[]
1200200527[]
1200200528[]
1200200529[]
1200200530[]
1200200531[]
1200200532[]
1200200533[]
1200200534[]
1200200535[]
1200200536[]
1200200537[]
1200200538[]
1200200539[]
1200200540[]
1200200541[]
1200200542[]
1200200543[]
1200200544[]
1200200545[]
1200200546[]
1200200547[]
1200200548[]
1200200549[]
1200200550[]
1200200551[]
1200200552[]
1200200553[]
1200200554[]
1200200555[]
1200200556[]
1200200557[]
1200200558[]
1200200559[]
1200200560[]
1200200561[]
1200200562[]
1200200563[]
1200200564[]
1200200565[]
1200200566[]
1200200567[]
1200200568[]
1200200569[]
1200200570[]
1200200571[]
1200200572[]
1200200573[]
1200200574[]
1200200575[]
1200200576[]
1200200577[]
1200200578[]
1200200579[]
1200200580[]
1200200581[]
1200200582[]
1200200583[]
1200200584[]
1200200585[]
1200200586[]
1200200587[]
1200200588[]
1200200589[]
1200200590[]
1200200591[]
1200200592[]
1200200593[]
1200200594[]
1200200595[]
1200200596[]
1200200597[]
1200200598[]
1200200599[]
1200200600[]
1200200601[]
1200200602[]
1200200603[]
1200200604[]
1200200605[]
1200200606[]
1200200607[]
1200200608[]
1200200609[]
1200200610[]
1200200611[]
1200200612[]
1200200613[]
1200200614[]
1200200615[]
1200200616[]
1200200617[]
1200200618[]
1200200619[]
1200200620[]
1200200621[]
1200200622[]
1200200623[]
1200200624[]
1200200625[]
1200200626[]
1200200627[]
1200200628[]
1200200629[]
1200200630[]
1200200631[]
1200200632[]
1200200633[]
1200200634[]
1200200635[]
1200200636[]
1200200637[]
1200200638[]
1200200639[]
1200200640[]
1200200641[]
1200200642[]
1200200643[]
1200200644[]
1200200645[]
1200200646[]
1200200647[]
1200200648[]
1200200649[]
1200200650[]
1200200651[]
1200200652[]
1200200653[]
1200200654[]
1200200655[]
1200200656[]
1200200657[]
1200200658[]
1200200659[]
1200200660[]
1200200661[]
1200200662[]
1200200663[]
1200200664[]
1200200665[]
1200200666[]
1200200667[]
1200200668[]
1200200669[]
1200200670[]
1200200671[]
1200200672[]
1200200673[]
1200200674[]
1200200675[]
1200200676[]
1200200677[]
1200200678[]
1200200679[]
1200200680[]
1200200681[]
1200200682[]
1200200683[]
1200200684[]
1200200685[]
1200200686[]
1200200687[]
1200200688[]
1200200689[]
1200200690[]
1200200691[]
1200200692[]
1200200693[]
1200200694[]
1200200695[]
1200200696[]
1200200697[]
1200200698[]
1200200699[]
1200200700[]
1200200701[]
1200200702[]
1200200703[]
1200200704[]
1200200705[]
1200200706[]
1200200707[]
1200200708[]
1200200709[]
1200200710[]
1200200711[]
1200200712[]
1200200713[]
1200200714[]
1200200715[]
1200200716[]
1200200717[]
1200200718[]
1200200719[]
1200200720[]
1200200721[]
1200200722[]
1200200723[]
1200200724[]
1200200725[]
1200200726[]
1200200727[]
1200200728[]
1200200729[]
1200200730[]
1200200731[]
1200200732[]
1200200733[]
1200200734[]
1200200735[]
1200200736[]
1200200737[]
1200200738[]
1200200739[]
1200200740[]
1200200741[]
1200200742[]
1200200743[]
1200200744[]
1200200745[]
1200200746[]
1200200747[]
1200200748[]
1200200749[]
1200200750[]
1200200751[]
1200200752[]
1200200753[]
1200200754[]
1200200755[]
1200200756[]
1200200757[]
1200200758[]
1200200759[]
1200200760[]
1200200761[]
1200200762[]
1200200763[]
1200200764[]
1200200765[]
1200200766[]
1200200767[]
1200200768[]
1200200769[]
1200200770[]
1200200771[]
1200200772[]
1200200773[]
1200200774[]
1200200775[]
1200200776[]
1200200777[]
1200200778[]
1200200779[]
1200200780[]
1200200781[]
1200200782[]
1200200783[]
1200200784[]
1200200785[]
1200200786[]
1200200787[]
1200200788[]
1200200789[]
1200200790[]
1200200791[]
1200200792[]
1200200793[]
1200200794[]
1200200795[]
1200200796[]
1200200797[]
1200200798[]
1200200799[]
1200200800[]
1200200801[]
1200200802[]
1200200803[]
1200200804[]
1200200805[]
1200200806[]
1200200807[]
1200200808[]
1200200809[]
1200200810[]
1200200811[]
1200200812[]
1200200813[]
1200200814[]
1200200815[]
1200200816[]
1200200817[]
1200200818[]
1200200819[]
1200200820[]
1200200821[]
1200200822[]
1200200823[]
1200200824[]
1200200825[]
1200200826[]
1200200827[]
1200200828[]
1200200829[]
1200200830[]
1200200831[]
1200200832[]
1200200833[]
1200200834[]
1200200835[]
1200200836[]
1200200837[]
1200200838[]
1200200839[]
1200200840[]
1200200841[]
1200200842[]
1200200843[]
1200200844[]
1200200845[]
1200200846[]
1200200847[]
1200200848[]
1200200849[]
1200200850[]
1200200851[]
1200200852[]
1200200853[]
1200200854[]
1200200855[]
1200200856[]
1200200857[]
1200200858[]
1200200859[]
1200200860[]
1200200861[]
1200200862[]
1200200863[]
1200200864[]
1200200865[]
1200200866[]
1200200867[]
1200200868[]
1200200869[]
1200200870[]
1200200871[]
1200200872[]
1200200873[]
1200200874[]
1200200875[]
1200200876[]
1200200877[]
1200200878[]
1200200879[]
1200200880[]
1200200881[]
1200200882[]
1200200883[]
1200200884[]
1200200885[]
1200200886[]
1200200887[]
1200200888[]
1200200889[]
1200200890[]
1200200891[]
1200200892[]
1200200893[]
1200200894[]
1200200895[]
1200200896[]
1200200897[]
1200200898[]
1200200899[]
1200200900[]
1200200901[]
1200200902[]
1200200903[]
1200200904[]
1200200905[]
1200200906[]
1200200907[]
1200200908[]
1200200909[]
1200200910[]
1200200911[]
1200200912[]
1200200913[]
1200200914[]
1200200915[]
1200200916[]
1200200917[]
1200200918[]
1200200919[]
1200200920[]
1200200921[]
1200200922[]
1200200923[]
1200200924[]
1200200925[]
1200200926[]
1200200927[]
1200200928[]
1200200929[]
1200200930[]
1200200931[]
1200200932[]
1200200933[]
1200200934[]
1200200935[]
1200200936[]
1200200937[]
1200200938[]
1200200939[]
1200200940[]
1200200941[]
1200200942[]
1200200943[]
1200200944[]
1200200945[]
1200200946[]
1200200947[]
1200200948[]
1200200949[]
1200200950[]
1200200951[]
1200200952[]
1200200953[]
1200200954[]
1200200955[]
1200200956[]
1200200957[]
1200200958[]
1200200959[]
1200200960[]
1200200961[]
1200200962[]
1200200963[]
1200200964[]
1200200965[]
1200200966[]
1200200967[]
1200200968[]
1200200969[]
1200200970[]
1200200971[]
1200200972[]
1200200973[]
1200200974[]
1200200975[]
1200200976[]
1200200977[]
1200200978[]
1200200979[]
1200200980[]
1200200981[]
1200200982[]
1200200983[]
1200200984[]
1200200985[]
1200200986[]
1200200987[]
1200200988[]
1200200989[]
1200200990[]
1200200991[]
1200200992[]
1200200993[]
1200200994[]
1200200995[]
1200200996[]
1200200997[]
1200200998[]
1200200999[]
1200201000[]
1200201001[]
1200201002[]
1200201003[]
1200201004[]
1200201005[]
1200201006[]
1200201007[]
1200201008[]
1200201009[]
1200201010[]
1200201011[]
1200201012[]
1200201013[]
1200201014[]
1200201015[]
1200201016[]
1200201017[]
1200201018[]
1200201019[]
1200201020[]
1200201021[]
1200201022[]
1200201023[]
1200201024[]
1200201025[]
1200201026[]
1200201027[]
1200201028[]
1200201029[]
1200201030[]
1200201031[]
1200201032[]
1200201033[]
1200201034[]
1200201035[]
1200201036[]
1200201037[]
1200201038[]
1200201039[]
1200201040[]
1200201041[]
1200201042[]
1200201043[]
1200201044[]
1200201045[]
1200201046[]
1200201047[]
1200201048[]
1200201049[]
1200201050[]
1200201051[]
1200201052[]
1200201053[]
1200201054[]
1200201055[]
1200201056[]
1200201057[]
1200201058[]
1200201059[]
1200201060[]
1200201061[]
1200201062[]
1200201063[]
1200201064[]
1200201065[]
1200201066[]
1200201067[]
1200201068[]
1200201069[]
1200201070[]
1200201071[]
1200201072[]
1200201073[]
1200201074[]
1200201075[]
1200201076[]
1200201077[]
1200201078[]
1200201079[]
1200201080[]
1200201081[]
1200201082[]
1200201083[]
1200201084[]
1200201085[]
1200201086[]
1200201087[]
1200201088[]
1200201089[]
1200201090[]
1200201091[]
1200201092[]
1200201093[]
1200201094[]
1200201095[]
1200201096[]
1200201097[]
1200201098[]
1200201099[]
1200201100[]
1200201101[]
1200201102[]
1200201103[]
1200201104[]
1200201105[]
1200201106[3 112 24 59 3 0 2; ]
1200201107[8 112 24 59 3 0 2; ]
1200201108[13 112 23 59 3 0 2; ]
1200201109[18 112 23 59 3 0 2; ]
1200201110[23 112 23 59 3 0 2; ]
1200201111[27 113 23 59 3 0 2; ]
1200201112[31 113 23 59 3 0 2; ]
1200201113[36 114 23 59 3 0 2; ]
1200201114[41 114 23 59 3 0 2; ]
1200201115[45 115 23 59 3 0 2; ]
1200201116[49 115 23 59 3 0 2; ]
1200201117[53 114 23 59 3 0 2; ]
1200201118[57 113 23 59 3 0 2; ]
1200201119[61 112 23 59 3 0 2; ]
1200201120[65 110 24 59 3 0 2; ]
1200201121[68 108 25 60 3 0 2; ]
1200201122[72 106 26 61 3 0 2; ]
1200201123[76 105 27 61 3 0 2; ]
1200201124[80 104 27 61 3 0 2; ]
1200201125[84 103 27 61 3 0 2; ]
1200201126[88 103 27 61 3 0 2; ]
1200201127[93 102 27 61 3 0 2; ]
1200201128[97 101 27 61 3 0 2; ]
1200201129[101 99 27 61 3 0 2; ]
1200201130[105 97 27 61 3 0 2; ]
1200201131[109 97 27 62 3 0 2; ]
1200201132[113 96 27 62 3 0 2; ]
1200201133[116 96 27 62 3 0 2; ]
1200201134[120 96 27 62 3 0 2; ]
1200201135[123 96 27 62 3 0 2; ]
1200201136[127 97 27 62 3 0 2; ]
1200201137[130 97 27 62 3 0 2; ]
1200201138[134 97 27 62 3 0 2; ]
1200201139[137 97 27 62 3 0 2; ]
1200201140[140 97 27 62 3 0 2; ]
1200201141[143 97 27 62 3 0 2; ]
1200201142[146 97 27 62 3 0 2; ]
1200201143[149 97 27 63 3 0 2; ]
1200201144[151 97 29 64 3 0 2; ]
1200201145[154 96 31 66 3 0 2; ]
1200201146[157 95 31 66 3 0 2; ]
1200201147[160 94 31 66 3 0 2; ]
1200201148[163 94 31 66 3 0 2; ]
1200201149[166 94 31 66 3 0 2; ]
1200201150[170 94 31 66 3 0 2; ]
1200201151[173 94 31 66 3 0 2; ]
1200201152[176 95 31 66 3 0 2; ]
1200201153[179 95 31 66 3 0 2; ]
1200201154[182 94 31 66 3 0 2; ]
1200201155[185 94 31 66 3 0 2; ]
1200201156[187 93 30 66 3 0 2; ]
1200201157[190 92 30 66 3 0 2; ]
1200201158[193 93 30 66 3 0 2; ]
1200201159[196 93 30 66 3 0 2; ]
1200201160[199 94 30 66 3 0 2; ]
1200201161[201 94 30 66 3 0 2; ]
1200201162[203 94 30 66 3 0 2; ]
1200201163[205 94 30 66 3 0 2; ]
1200201164[207 94 30 66 3 0 2; ]
1200201165[210 94 30 66 3 0 2; ]
1200201166[212 94 30 66 3 0 2; ]
1200201167[215 94 30 66 3 0 2; ]
1200201168[217 94 30 66 3 0 2; ]
1200201169[220 94 30 66 3 0 2; ]
1200201170[222 94 30 66 3 0 2; ]
1200201171[224 94 30 66 3 0 2; ]
1200201172[227 94 30 66 3 0 2; ]
1200201173[229 93 30 66 3 0 2; ]
1200201174[231 92 30 66 3 0 2; ]
1200201175[233 91 30 66 3 0 2; ]
1200201176[236 91 29 66 3 0 2; ]
1200201177[239 91 29 66 3 0 2; ]
1200201178[241 90 28 66 3 0 2; ]
1200201179[244 90 28 66 3 0 2; ]
1200201180[246 89 28 66 3 0 2; ]
1200201181[248 87 28 68 3 0 2; ]
1200201182[250 85 28 69 3 0 2; ]
1200201183[252 84 29 69 3 0 2; ]
1200201184[254 84 29 69 3 0 2; ]
1200201185[256 84 29 67 3 0 2; ]
1200201186[258 84 29 66 3 0 2; ]
1200201187[260 84 29 66 3 0 2; ]
1200201188[262 84 30 66 3 0 2; ]
1200201189[264 84 30 66 3 0 2; ]
1200201190[265 84 30 66 3 0 2; ]
1200201191[268 84 30 66 3 0 2; ]
1200201192[270 83 30 66 3 0 2; ]
1200201193[273 82 30 67 3 0 2; ]
1200201194[275 82 30 67 3 0 2; ]
1200201195[278 80 30 68 3 0 2; ]
1200201196[281 79 30 69 3 0 2; ]
1200201197[283 77 30 69 3 0 2; ]
1200201198[285 77 30 70 3 0 2; ]
1200201199[288 77 30 70 3 0 2; ]
1200201200[290 77 30 70 3 0 2; ]
1200201201[291 78 30 70 3 0 2; ]
1200201202[293 78 30 70 3 0 2; ]
1200201203[296 78 30 70 3 0 2; ]
1200201204[298 78 30 70 3 0 2; ]
1200201205[300 78 30 70 3 0 2; ]
1200201206[303 78 30 70 3 0 2; ]
1200201207[305 79 30 70 3 0 2; ]
1200201208[307 79 30 70 3 0 2; ]
1200201209[309 79 30 70 3 0 2; ]
1200201210[311 79 30 70 3 0 2; ]
1200201211[313 79 30 70 3 0 2; ]
1200201212[315 79 30 70 3 0 2; ]
1200201213[317 79 30 70 3 0 2; ]
1200201214[319 79 30 70 3 0 2; ]
1200201215[321 79 30 70 3 0 2; ]
1200201216[322 79 30 70 3 0 2; ]
1200201217[324 79 30 71 3 0 2; ]
1200201218[326 78 30 71 3 0 2; ]
1200201219[328 77 30 72 3 0 2; ]
1200201220[331 74 30 72 3 0 2; ]
1200201221[333 74 30 72 3 0 2; ]
1200201222[335 73 30 72 3 0 2; ]
1200201223[337 73 30 72 3 0 2; ]
1200201224[339 72 30 72 3 0 2; ]
1200201225[341 71 31 72 3 0 2; ]
1200201226[342 70 32 72 3 0 2; ]
1200201227[344 69 33 73 3 0 2; ]
1200201228[346 68 34 73 3 0 2; ]
1200201229[347 68 33 74 3 0 2; ]
1200201230[349 67 33 74 3 0 2; ]
1200201231[351 67 32 74 3 0 2; ]
1200201232[352 67 31 74 3 0 2; ]
1200201233[354 67 31 74 3 0 2; ]
1200201234[356 67 30 74 3 0 2; ]
1200201235[358 67 29 74 3 0 2; ]
1200201236[360 67 29 74 3 0 2; ]
1200201237[361 67 29 74 3 0 2; ]
1200201238[362 67 29 74 3 0 2; ]
1200201239[364 67 29 74 3 0 2; ]
1200201240[365 67 29 74 3 0 2; ]
1200201241[366 66 29 74 3 0 2; ]
1200201242[367 66 29 74 3 0 2; ]
1200201243[368 66 29 74 3 0 2; ]
1200201244[369 66 29 74 3 0 2; ]
1200201245[370 66 30 74 3 0 2; ]
1200201246[371 67 30 74 3 0 2; ]
1200201247[372 67 30 74 3 0 2; ]
1200201248[373 67 30 74 3 0 2; ]
1200201249[374 68 30 74 3 0 2; ]
1200201250[375 68 30 74 3 0 2; ]
1200201251[377 68 30 74 3 0 2; ]
1200201252[378 68 30 74 3 0 2; ]
1200201253[379 68 30 74 3 0 2; ]
1200201254[381 67 30 74 3 0 2; ]
1200201255[382 66 30 74 3 0 2; ]
1200201256[383 65 30 74 3 0 2; ]
1200201257[384 64 30 74 3 0 2; ]
1200201258[385 63 30 74 3 0 2; ]
1200201259[386 63 31 75 3 0 2; ]
1200201260[386 62 32 75 3 0 2; ]
1200201261[387 62 34 75 3 0 2; ]
1200201262[388 61 35 76 3 0 2; ]
1200201263[388 61 35 76 3 0 2; ]
1200201264[390 60 35 76 3 0 2; ]
1200201265[391 60 35 76 3 0 2; ]
1200201266[392 59 35 76 3 0 2; ]
1200201267[393 57 35 76 3 0 2; ]
1200201268[394 56 35 76 3 0 2; ]
1200201269[395 55 35 76 3 0 2; ]
1200201270[397 54 35 76 3 0 2; ]
1200201271[398 53 35 76 3 0 2; ]
1200201272[399 52 35 76 3 0 2; ]
1200201273[400 51 35 77 3 0 2; ]
1200201274[401 51 35 77 3 0 2; ]
1200201275[402 51 36 77 3 0 2; ]
1200201276[403 51 37 78 3 0 2; ]
1200201277[405 51 38 78 3 0 2; ]
1200201278[412 61 32 68 2 0 1; 406 53 22 37 5 0 2; ]
1200201279[413 61 32 68 2 0 1; 406 53 22 37 5 0 2; ]
1200201280[417 61 31 68 2 0 1; 407 53 22 37 5 0 2; ]
1200201281[418 60 31 69 2 0 1; 408 53 22 37 5 0 2; ]
1200201282[419 58 32 70 2 0 1; 409 52 22 37 5 0 2; ]
1200201283[419 57 32 70 2 0 1; 410 51 22 37 5 0 2; ]
1200201284[420 56 33 71 2 0 1; 411 50 22 37 5 0 2; ]
1200201285[422 56 34 71 2 0 1; 412 50 22 37 5 0 2; ]
1200201286[423 56 34 71 2 0 1; 413 50 22 37 5 0 2; ]
1200201287[424 56 35 71 2 0 1; 414 50 22 37 5 0 2; ]
1200201288[425 56 35 71 2 0 1; 415 50 22 37 5 0 2; ]
1200201289[427 56 36 71 2 0 1; 416 50 22 37 5 0 2; ]
1200201290[428 56 36 71 2 0 1; 417 50 22 37 5 0 2; ]
1200201291[430 56 36 71 2 0 1; 418 49 22 37 5 0 2; ]
1200201292[431 56 36 71 2 0 1; 419 48 22 37 5 0 2; ]
1200201293[432 56 36 71 2 0 1; 419 48 22 37 5 0 2; ]
1200201294[434 56 36 71 2 0 1; 420 48 22 37 5 0 2; ]
1200201295[435 56 36 71 2 0 1; 420 48 23 37 5 0 2; ]
1200201296[437 55 35 71 2 0 1; 420 48 23 37 5 0 2; ]
1200201297[439 55 34 72 2 0 1; 421 47 23 37 5 0 2; ]
1200201298[441 54 33 73 2 0 1; 422 47 23 37 5 0 2; ]
1200201299[442 54 33 73 2 0 1; 423 47 23 37 5 0 2; ]
1200201300[443 54 32 73 2 0 1; 424 47 23 37 5 0 2; ]
1200201301[444 54 32 73 2 0 1; 424 47 23 37 5 0 2; ]
1200201302[445 54 33 73 2 0 1; 425 47 23 37 5 0 2; ]
1200201303[445 54 33 73 2 0 1; 425 47 23 38 5 0 2; ]
1200201304[446 55 33 73 2 0 1; 425 47 23 38 5 0 2; ]
1200201305[446 55 34 73 2 0 1; 425 47 24 39 5 0 2; ]
1200201306[447 55 34 73 2 0 1; 425 47 24 39 5 0 2; ]
1200201307[448 55 34 74 2 0 1; 425 48 25 39 5 0 2; ]
1200201308[449 56 34 74 2 0 1; 425 49 26 39 5 0 2; ]
1200201309[449 56 34 75 2 0 1; 425 50 26 39 5 0 2; ]
1200201310[450 56 34 76 2 0 1; 425 51 26 39 5 0 2; ]
1200201311[451 57 34 76 2 0 1; 425 53 26 39 5 0 2; ]
1200201312[452 59 35 77 2 0 1; 425 54 26 39 5 0 2; ]
1200201313[453 60 35 77 2 0 1; 425 56 26 39 5 0 2; ]
1200201314[454 61 36 78 2 0 1; 426 57 26 39 5 0 2; ]
1200201315[454 61 36 78 2 0 1; 426 57 26 39 5 0 2; ]
1200201316[455 61 36 78 2 0 1; 427 57 25 40 5 0 2; ]
1200201317[455 62 36 78 2 0 1; 427 57 25 40 5 0 2; ]
1200201318[456 62 36 78 2 0 1; 428 56 25 40 5 0 2; ]
1200201319[456 62 36 78 2 0 1; 428 56 24 41 5 0 2; ]
1200201320[457 62 36 78 2 0 1; 428 56 24 41 5 0 2; ]
1200201321[457 62 36 78 2 0 1; 428 56 24 41 5 0 2; ]
1200201322[458 62 36 78 2 0 1; 428 56 24 41 5 0 2; ]
1200201323[459 62 36 78 2 0 1; 428 56 24 41 5 0 2; ]
1200201324[459 62 36 78 2 0 1; 428 56 24 41 5 0 2; ]
1200201325[460 62 36 78 2 0 1; 428 56 24 41 5 0 2; ]
1200201326[460 62 37 78 2 0 1; 428 56 24 41 5 0 2; ]
1200201327[460 62 37 79 2 0 1; 426 56 26 41 5 0 2; ]
1200201328[460 62 38 79 2 0 1; 424 56 27 41 5 0 2; ]
1200201329[460 62 38 79 2 0 1; 422 56 27 41 5 0 2; ]
1200201330[460 62 38 79 2 0 1; 422 56 28 41 5 0 2; ]
1200201331[460 62 38 79 2 0 1; 421 56 28 41 5 0 2; ]
1200201332[460 62 38 79 2 0 1; 421 56 29 41 5 0 2; ]
1200201333[461 62 38 79 2 0 1; 421 56 29 41 5 0 2; ]
1200201334[461 62 37 79 2 0 1; 420 56 29 41 5 0 2; ]
1200201335[461 62 37 79 2 0 1; 420 56 29 41 5 0 2; ]
1200201336[462 62 37 79 2 0 1; 419 56 29 41 5 0 2; ]
1200201337[462 62 36 79 2 0 1; 419 56 29 41 5 0 2; ]
1200201338[462 62 36 79 2 0 1; 418 56 29 41 5 0 2; ]
1200201339[463 62 35 79 2 0 1; 418 56 29 41 5 0 2; ]
1200201340[463 62 35 79 2 0 1; 417 56 29 41 5 0 2; ]
1200201341[463 62 35 80 2 0 1; 417 56 29 42 5 0 2; ]
1200201342[463 62 36 81 2 0 1; 418 56 28 42 5 0 2; ]
1200201343[463 62 36 81 2 0 1; 419 56 27 42 5 0 2; ]
1200201344[463 62 37 81 2 0 1; 426 56 20 42 5 0 2; ]
1200201345[463 62 37 82 2 0 1; 419 56 27 42 5 0 2; ]
1200201346[463 62 37 81 2 0 1; 419 56 27 41 5 0 2; ]
1200201347[463 62 37 81 2 0 1; 418 56 27 40 5 0 2; ]
1200201348[463 62 37 81 2 0 1; 417 55 27 40 5 0 2; ]
1200201349[463 62 37 81 2 0 1; 416 55 27 39 5 0 2; ]
1200201350[463 62 37 80 2 0 1; 415 54 27 40 5 0 2; ]
1200201351[463 62 37 80 2 0 1; 414 54 28 40 5 0 2; ]
1200201352[463 62 37 81 2 0 1; 413 53 28 41 5 0 2; ]
1200201353[463 61 38 81 2 0 1; 412 53 29 42 5 0 2; ]
1200201354[463 61 39 81 2 0 1; 411 52 29 42 5 0 2; ]
1200201355[463 60 39 82 2 0 1; 409 52 30 42 5 0 2; ]
1200201356[464 59 40 83 2 0 1; 408 52 30 42 5 0 2; ]
1200201357[464 58 40 84 2 0 1; 408 52 30 42 5 0 2; ]
1200201358[464 57 40 84 2 0 1; 408 52 30 42 5 0 2; ]
1200201359[464 57 40 85 2 0 1; 408 52 30 42 5 0 2; ]
1200201360[465 56 40 85 2 0 1; 408 52 30 42 5 0 2; ]
1200201361[465 56 40 85 2 0 1; 408 52 30 42 5 0 2; ]
1200201362[466 55 40 85 2 0 1; 408 52 30 42 5 0 2; ]
1200201363[467 54 40 85 2 0 1; 407 51 30 42 5 0 2; ]
1200201364[468 54 40 85 2 0 1; 406 50 31 42 5 0 2; ]
1200201365[468 54 40 85 2 0 1; 405 49 31 42 5 0 2; ]
1200201366[468 54 40 85 2 0 1; 403 48 32 42 5 0 2; ]
1200201367[468 54 40 85 2 0 1; 402 47 33 43 5 0 2; ]
1200201368[468 54 40 86 2 0 1; 401 46 34 44 5 0 2; ]
1200201369[467 54 40 86 2 0 1; 401 47 34 43 5 0 2; ]
1200201370[467 55 40 86 2 0 1; 401 47 34 43 5 0 2; ]
1200201371[468 54 40 87 2 0 1; 401 48 34 43 5 0 2; ]
1200201372[469 54 40 88 2 0 1; 401 48 34 43 5 0 2; ]
1200201373[469 53 40 88 2 0 1; 401 48 34 43 5 0 2; ]
1200201374[470 53 40 88 2 0 1; 401 48 34 43 5 0 2; ]
1200201375[401 48 34 43 5 0 2; ]
1200201376[401 48 34 43 5 0 2; ]
1200201377[401 48 33 43 5 0 2; ]
1200201378[401 48 33 44 5 0 2; ]
1200201379[401 48 33 45 5 0 2; ]
1200201380[401 48 32 45 5 0 2; ]
1200201381[401 48 32 45 5 0 2; ]
1200201382[401 48 32 45 5 0 2; ]
1200201383[401 48 32 45 5 0 2; ]
1200201384[402 48 32 45 5 0 2; ]
1200201385[403 49 32 45 5 0 2; ]
1200201386[404 49 32 45 5 0 2; ]
1200201387[405 49 32 45 5 0 2; ]
1200201388[405 48 32 46 5 0 2; ]
1200201389[405 47 32 47 5 0 2; ]
1200201390[406 46 32 47 5 0 2; ]
1200201391[406 45 32 48 5 0 2; ]
1200201392[406 45 32 48 5 0 2; ]
1200201393[406 45 32 48 5 0 2; ]
1200201394[406 45 32 48 5 0 2; ]
1200201395[406 45 32 48 5 0 2; ]
1200201396[406 45 32 48 5 0 2; ]
1200201397[406 45 30 48 5 0 2; ]
1200201398[406 45 28 48 5 0 2; ]
1200201399[406 45 28 48 5 0 2; ]
1200201400[406 45 28 48 5 0 2; ]
1200201401[406 45 28 48 5 0 2; ]
1200201402[406 45 28 48 5 0 2; ]
1200201403[406 45 28 48 5 0 2; ]
1200201404[406 45 28 48 5 0 2; ]
1200201405[414 44 31 48 5 0 2; ]
1200201406[415 44 31 48 5 0 2; ]
1200201407[415 43 30 48 5 0 2; ]
1200201408[415 43 29 48 5 0 2; ]
1200201409[416 43 29 48 5 0 2; ]
1200201410[416 43 29 48 5 0 2; ]
1200201411[417 43 29 48 5 0 2; ]
1200201412[418 43 29 48 5 0 2; ]
1200201413[418 43 29 48 5 0 2; ]
1200201414[419 43 29 48 5 0 2; ]
1200201415[419 43 29 48 5 0 2; ]
1200201416[420 44 29 49 5 0 2; ]
1200201417[420 44 29 49 5 0 2; ]
1200201418[421 45 29 49 5 0 2; ]
1200201419[421 47 29 50 5 0 2; ]
1200201420[421 49 30 50 5 0 2; ]
1200201421[422 50 30 50 5 0 2; ]
1200201422[422 51 31 51 5 0 2; ]
1200201423[422 52 31 51 5 0 2; ]
1200201424[422 53 32 51 5 0 2; ]
1200201425[423 54 32 51 5 0 2; ]
1200201426[423 55 33 51 5 0 2; ]
1200201427[424 56 34 51 5 0 2; ]
1200201428[425 57 35 50 5 0 2; ]
1200201429[425 57 34 50 5 0 2; ]
1200201430[426 57 34 50 5 0 2; ]
1200201431[426 57 34 50 5 0 2; ]
1200201432[426 57 34 50 5 0 2; ]
1200201433[426 57 33 50 5 0 2; ]
1200201434[427 57 33 50 5 0 2; ]
1200201435[427 57 32 50 5 0 2; ]
1200201436[427 56 32 50 5 0 2; ]
1200201437[428 55 32 50 5 0 2; ]
1200201438[428 53 33 51 5 0 2; ]
1200201439[428 52 33 51 5 0 2; ]
1200201440[428 50 33 51 5 0 2; ]
1200201441[428 49 34 52 5 0 2; ]
1200201442[428 48 35 52 5 0 2; ]
1200201443[428 48 36 53 5 0 2; ]
1200201444[428 48 36 53 5 0 2; ]
1200201445[428 48 36 53 5 0 2; ]
1200201446[428 48 36 53 5 0 2; ]
1200201447[428 48 36 53 5 0 2; ]
1200201448[429 47 36 53 5 0 2; ]
1200201449[429 47 35 53 5 0 2; ]
1200201450[429 46 35 53 5 0 2; ]
1200201451[430 45 35 53 5 0 2; ]
1200201452[429 45 35 53 5 0 2; ]
1200201453[429 44 35 53 5 0 2; ]
1200201454[429 43 35 53 5 0 2; ]
1200201455[428 43 35 53 5 0 2; ]
1200201456[428 43 35 53 5 0 2; ]
1200201457[428 43 35 53 5 0 2; ]
1200201458[428 43 35 53 5 0 2; ]
1200201459[428 43 33 53 5 0 2; ]
1200201460[428 43 33 53 5 0 2; ]
1200201461[428 43 32 53 5 0 2; ]
1200201462[428 43 31 53 5 0 2; ]
1200201463[428 43 31 53 5 0 2; ]
1200201464[428 43 30 53 5 0 2; ]
1200201465[427 43 30 53 5 0 2; ]
1200201466[426 43 30 54 5 0 2; ]
1200201467[425 43 30 54 5 0 2; ]
1200201468[424 44 31 55 5 0 2; ]
1200201469[423 45 31 55 5 0 2; ]
1200201470[422 45 31 55 5 0 2; ]
1200201471[421 46 31 55 5 0 2; ]
1200201472[420 47 31 55 5 0 2; ]
1200201473[419 48 31 55 5 0 2; ]
1200201474[419 48 31 55 5 0 2; ]
1200201475[418 48 31 55 5 0 2; ]
1200201476[417 48 31 55 5 0 2; ]
1200201477[416 48 31 55 5 0 2; ]
1200201478[415 48 32 55 5 0 2; ]
1200201479[413 47 32 56 5 0 2; ]
1200201480[412 47 33 56 5 0 2; ]
1200201481[410 47 34 56 5 0 2; ]
1200201482[409 46 34 57 5 0 2; ]
1200201483[408 45 34 57 5 0 2; ]
1200201484[408 44 34 57 5 0 2; ]
1200201485[407 44 34 57 5 0 2; ]
1200201486[406 44 34 57 5 0 2; ]
1200201487[405 45 34 57 5 0 2; ]
1200201488[403 45 35 57 5 0 2; ]
1200201489[402 46 35 57 5 0 2; ]
1200201490[401 47 35 57 5 0 2; ]
1200201491[400 48 35 57 5 0 2; ]
1200201492[399 48 35 57 5 0 2; ]
1200201493[398 48 35 57 5 0 2; ]
1200201494[397 48 36 57 5 0 2; ]
1200201495[396 48 37 57 5 0 2; ]
1200201496[394 48 37 57 5 0 2; ]
1200201497[393 48 37 58 5 0 2; ]
1200201498[391 48 37 59 5 0 2; ]
1200201499[390 48 37 60 5 0 2; ]
1200201500[389 48 37 60 5 0 2; ]
1200201501[387 48 37 60 5 0 2; ]
1200201502[386 48 37 60 5 0 2; ]
1200201503[385 49 37 60 5 0 2; ]
1200201504[385 49 36 60 5 0 2; ]
1200201505[385 49 35 60 5 0 2; ]
1200201506[385 48 35 60 5 0 2; ]
1200201507[384 48 35 60 5 0 2; ]
1200201508[383 47 35 60 5 0 2; ]
1200201509[382 46 35 61 5 0 2; ]
1200201510[381 45 35 62 5 0 2; ]
1200201511[380 44 35 62 5 0 2; ]
1200201512[378 43 35 62 5 0 2; ]
1200201513[377 43 35 62 5 0 2; ]
1200201514[376 42 35 62 5 0 2; ]
1200201515[375 42 35 62 5 0 2; ]
1200201516[374 42 35 62 5 0 2; ]
1200201517[372 42 35 62 5 0 2; ]
1200201518[371 42 36 62 5 0 2; ]
1200201519[370 42 36 62 5 0 2; ]
1200201520[369 42 36 62 5 0 2; ]
1200201521[368 43 36 62 5 0 2; ]
1200201522[367 43 36 62 5 0 2; ]
1200201523[366 43 36 62 5 0 2; ]
1200201524[365 44 36 63 5 0 2; ]
1200201525[364 44 35 63 5 0 2; ]
1200201526[363 44 35 63 5 0 2; ]
1200201527[362 44 35 63 5 0 2; ]
1200201528[361 44 35 63 5 0 2; ]
1200201529[360 44 35 63 5 0 2; ]
1200201530[359 44 35 63 5 0 2; ]
1200201531[357 44 36 64 5 0 2; ]
1200201532[355 43 38 65 5 0 2; ]
1200201533[352 42 40 66 5 0 2; ]
1200201534[352 42 40 65 5 0 2; ]
1200201535[351 43 40 65 5 0 2; ]
1200201536[350 43 40 65 5 0 2; ]
1200201537[349 43 39 65 5 0 2; ]
1200201538[348 43 39 65 5 0 2; ]
1200201539[346 43 38 65 5 0 2; ]
1200201540[346 42 38 65 5 0 2; ]
1200201541[358 45 25 61 6 0 1; 346 44 26 66 7 0 1; ]
1200201542[356 45 25 62 6 0 1; 344 44 26 66 7 0 1; ]
1200201543[355 45 25 62 6 0 1; 343 45 26 66 7 0 1; ]
1200201544[354 46 26 62 6 0 1; 341 45 26 66 7 0 1; ]
1200201545[353 47 26 62 6 0 1; 339 45 26 67 7 0 1; ]
1200201546[352 47 26 63 6 0 1; 338 45 27 67 7 0 1; ]
1200201547[351 48 26 63 6 0 1; 336 45 27 68 7 0 1; ]
1200201548[350 48 26 63 6 0 1; 335 45 28 69 7 0 1; ]
1200201549[348 48 26 64 6 0 1; 333 45 28 69 7 0 1; ]
1200201550[347 49 26 64 6 0 1; 332 45 29 70 7 0 1; ]
1200201551[346 48 26 64 6 0 1; 330 45 29 70 7 0 1; ]
1200201552[345 47 25 64 6 0 1; 328 44 30 70 7 0 1; ]
1200201553[344 46 24 64 6 0 1; 326 43 30 70 7 0 1; ]
1200201554[343 46 24 64 6 0 1; 324 42 30 70 7 0 1; ]
1200201555[342 45 24 64 6 0 1; 322 41 30 70 7 0 1; ]
1200201556[340 45 24 64 6 0 1; 321 40 30 70 7 0 1; ]
1200201557[339 44 24 64 6 0 1; 319 39 30 70 7 0 1; ]
1200201558[337 42 24 64 6 0 1; 318 38 30 70 7 0 1; ]
1200201559[336 40 24 65 6 0 1; 317 37 30 70 7 0 1; ]
1200201560[335 38 24 66 6 0 1; 316 36 30 70 7 0 1; ]
1200201561[333 36 24 66 6 0 1; 315 34 30 70 7 0 1; ]
1200201562[332 35 24 66 6 0 1; 314 34 30 70 7 0 1; ]
1200201563[330 35 24 66 6 0 1; 313 33 30 70 7 0 1; ]
1200201564[329 34 24 66 6 0 1; 313 32 30 70 7 0 1; ]
1200201565[327 33 24 66 6 0 1; 312 31 30 70 7 0 1; ]
1200201566[326 32 24 66 6 0 1; 310 30 30 70 7 0 1; ]
1200201567[325 30 24 66 6 0 1; 309 28 30 70 7 0 1; ]
1200201568[324 29 24 66 6 0 1; 307 26 30 71 7 0 1; ]
1200201569[323 28 24 66 6 0 1; 306 25 30 72 7 0 1; ]
1200201570[322 27 24 66 6 0 1; 305 23 30 73 7 0 1; ]
1200201571[322 25 24 66 6 0 1; 304 22 31 74 7 0 1; ]
1200201572[321 24 24 66 6 0 1; 302 20 31 74 7 0 1; ]
1200201573[320 23 24 67 6 0 1; 302 18 30 75 7 0 1; ]
1200201574[318 22 24 68 6 0 1; 302 17 30 76 7 0 1; ]
1200201575[317 21 24 69 6 0 1; 302 17 29 77 7 0 1; ]
1200201576[316 21 24 70 6 0 1; 301 16 29 77 7 0 1; ]
1200201577[315 21 24 70 6 0 1; 301 17 29 77 7 0 1; ]
1200201578[314 22 24 70 6 0 1; 300 18 29 76 7 0 1; ]
1200201579[314 22 24 70 6 0 1; 299 19 29 76 7 0 1; ]
1200201580[313 23 24 70 6 0 1; 298 20 29 76 7 0 1; ]
1200201581[311 24 25 70 6 0 1; 297 21 29 76 7 0 1; ]
1200201582[310 25 26 70 6 0 1; 296 22 30 76 7 0 1; ]
1200201583[308 27 27 70 6 0 1; 294 23 30 76 7 0 1; ]
1200201584[307 30 27 70 6 0 1; 293 25 30 76 7 0 1; ]
1200201585[306 33 27 70 6 0 1; 293 26 30 76 7 0 1; ]
1200201586[305 35 27 70 6 0 1; 292 28 30 77 7 0 1; ]
1200201587[304 35 27 70 6 0 1; 291 30 29 78 7 0 1; ]
1200201588[303 35 27 70 6 0 1; 290 29 29 79 7 0 1; ]
1200201589[302 35 27 70 6 0 1; 289 29 29 79 7 0 1; ]
1200201590[301 35 27 71 6 0 1; 288 29 29 80 7 0 1; ]
1200201591[300 35 27 71 6 0 1; 287 28 29 80 7 0 1; ]
1200201592[299 35 27 72 6 0 1; 285 28 29 81 7 0 1; ]
1200201593[298 34 27 73 6 0 1; 284 27 29 81 7 0 1; ]
1200201594[297 33 28 73 6 0 1; 283 27 29 81 7 0 1; ]
1200201595[296 33 28 74 6 0 1; 282 26 29 82 7 0 1; ]
1200201596[295 33 28 74 6 0 1; 281 26 29 82 7 0 1; ]
1200201597[293 33 28 74 6 0 1; 280 25 30 82 7 0 1; ]
1200201598[292 34 28 74 6 0 1; 279 25 30 83 7 0 1; ]
1200201599[292 32 27 74 6 0 1; 278 25 30 83 7 0 1; ]
1200201600[291 30 27 74 6 0 1; 277 24 30 83 7 0 1; ]
1200201601[291 28 27 74 6 0 1; 276 23 30 83 7 0 1; ]
1200201602[290 27 27 75 6 0 1; 275 22 30 83 7 0 1; ]
1200201603[289 25 27 75 6 0 1; 274 21 31 83 7 0 1; ]
1200201604[289 24 27 76 6 0 1; 273 19 31 84 7 0 1; ]
1200201605[288 23 27 77 6 0 1; 272 18 32 85 7 0 1; ]
1200201606[288 22 27 78 6 0 1; 271 18 32 85 7 0 1; ]
1200201607[287 22 27 78 6 0 1; 270 17 33 86 7 0 1; ]
1200201608[286 22 27 79 6 0 1; 270 17 33 87 7 0 1; ]
1200201609[286 22 28 79 6 0 1; 269 17 33 87 7 0 1; ]
1200201610[285 22 28 79 6 0 1; 268 16 34 88 7 0 1; ]
1200201611[285 22 28 79 6 0 1; 268 16 34 88 7 0 1; ]
1200201612[285 22 28 79 6 0 1; 267 15 35 88 7 0 1; ]
1200201613[285 22 28 79 6 0 1; 266 14 36 89 7 0 1; ]
1200201614[285 22 29 79 6 0 1; 266 14 36 89 7 0 1; ]
1200201615[284 22 29 79 6 0 1; 266 14 35 89 7 0 1; ]
1200201616[284 22 30 79 6 0 1; 266 14 35 90 7 0 1; ]
1200201617[283 22 30 79 6 0 1; 266 14 34 90 7 0 1; ]
1200201618[282 23 30 79 6 0 1; 266 15 33 90 7 0 1; ]
1200201619[282 24 30 80 6 0 1; 265 16 33 91 7 0 1; ]
1200201620[281 24 30 81 6 0 1; 265 17 32 91 7 0 1; ]
1200201621[276 25 34 82 6 0 1; 264 18 32 91 7 0 1; ]
1200201622[275 25 33 82 6 0 1; 263 18 33 92 7 0 1; ]
1200201623[274 25 33 83 6 0 1; 262 18 33 92 7 0 1; ]
1200201624[274 25 33 83 6 0 1; 261 18 33 93 7 0 1; ]
1200201625[273 25 32 84 6 0 1; 261 18 34 94 7 0 1; ]
1200201626[272 25 33 85 6 0 1; 260 17 34 95 7 0 1; ]
1200201627[272 25 34 86 6 0 1; 259 16 34 95 7 0 1; ]
1200201628[271 25 35 86 6 0 1; 258 16 34 96 7 0 1; ]
1200201629[270 25 35 87 6 0 1; 257 15 34 97 7 0 1; ]
1200201630[269 25 36 87 6 0 1; 256 15 34 98 7 0 1; ]
1200201631[268 25 37 88 6 0 1; 254 15 36 99 7 0 1; ]
1200201632[267 25 37 88 6 0 1; 252 15 39 100 7 0 1; ]
1200201633[267 25 37 88 6 0 1; 251 15 39 101 7 0 1; ]
1200201634[266 25 37 88 6 0 1; 250 15 39 102 7 0 1; ]
1200201635[266 26 37 88 6 0 1; 249 15 39 103 7 0 1; ]
1200201636[265 26 37 88 6 0 1; 248 15 39 103 7 0 1; ]
1200201637[264 26 37 88 6 0 1; 247 16 39 103 7 0 1; ]
1200201638[263 26 37 89 6 0 1; 247 16 39 103 7 0 1; ]
1200201639[262 26 38 90 6 0 1; 246 17 39 103 7 0 1; ]
1200201640[262 26 38 91 6 0 1; 245 18 39 103 7 0 1; ]
1200201641[261 26 38 92 6 0 1; 244 17 39 104 7 0 1; ]
1200201642[261 27 38 93 6 0 1; 243 16 40 106 7 0 1; ]
1200201643[261 27 38 94 6 0 1; 242 16 41 108 7 0 1; ]
1200201644[260 27 38 94 6 0 1; 241 15 41 109 7 0 1; ]
1200201645[259 27 38 95 6 0 1; 240 15 41 109 7 0 1; ]
1200201646[257 27 39 95 6 0 1; 240 16 41 109 7 0 1; ]
1200201647[256 27 39 96 6 0 1; 239 16 41 109 7 0 1; ]
1200201648[255 27 40 97 6 0 1; 238 16 42 111 7 0 1; ]
1200201649[254 28 40 97 6 0 1; 237 16 42 112 7 0 1; ]
1200201650[253 28 41 98 6 0 1; 237 15 43 113 7 0 1; ]
1200201651[251 28 41 99 6 0 1; 236 15 43 114 7 0 1; ]
1200201652[250 28 42 99 6 0 1; 235 15 42 115 7 0 1; ]
1200201653[249 28 42 99 6 0 1; 233 14 42 116 7 0 1; ]
1200201654[248 27 42 100 6 0 1; 232 14 41 116 7 0 1; ]
1200201655[247 27 43 100 6 0 1; 231 14 41 117 7 0 1; ]
1200201656[246 27 43 100 6 0 1; 230 14 42 117 7 0 1; ]
1200201657[245 27 43 101 6 0 1; 228 14 42 117 7 0 1; ]
1200201658[244 27 44 102 6 0 1; 227 14 43 118 7 0 1; ]
1200201659[242 27 45 103 6 0 1; 225 14 43 118 7 0 1; ]
1200201660[240 26 46 105 6 0 1; 224 14 43 118 7 0 1; ]
1200201661[238 26 47 106 6 0 1; 223 15 43 119 7 0 1; ]
1200201662[236 25 47 107 6 0 1; 222 16 43 119 7 0 1; ]
1200201663[234 24 47 108 6 0 1; 219 16 44 119 7 0 1; ]
1200201664[232 23 47 109 6 0 1; 216 15 45 120 7 0 1; ]
1200201665[230 22 47 110 6 0 1; 213 14 46 121 7 0 1; ]
1200201666[228 21 47 111 6 0 1; 210 13 47 123 7 0 1; ]
1200201667[225 20 47 112 6 0 1; 206 11 48 125 7 0 1; ]
1200201668[223 19 46 113 6 0 1; 201 9 49 129 7 0 1; ]
1200201669[220 18 45 115 6 0 1; 197 8 49 131 7 0 1; ]
1200201670[217 18 44 117 6 0 1; 193 7 49 131 7 0 1; ]
1200201671[214 17 44 117 6 0 1; 189 6 49 131 7 0 1; ]
1200201672[211 17 45 117 6 0 1; 185 5 49 131 7 0 1; ]
1200201673[207 16 46 118 6 0 1; 181 6 49 131 7 0 1; ]
1200201674[203 15 46 118 6 0 1; 177 6 49 131 7 0 1; ]
1200201675[199 14 46 119 6 0 1; 173 7 49 131 7 0 1; ]
1200201676[195 13 46 120 6 0 1; 168 6 49 132 7 0 1; ]
1200201677[191 13 46 120 6 0 1; 163 4 49 132 7 0 1; ]
1200201678[187 13 46 121 6 0 1; 159 3 49 135 7 0 1; ]
1200201679[184 13 45 121 6 0 1; 154 2 49 137 7 0 1; ]
1200201680[180 14 45 122 6 0 1; 150 1 49 139 7 0 1; ]
1200201681[175 14 45 123 6 0 1; 146 1 49 141 7 0 1; ]
1200201682[171 14 45 124 6 0 1; 142 0 50 142 7 0 1; ]
1200201683[166 14 46 125 6 0 1; 138 0 50 143 7 0 1; ]
1200201684[161 14 48 126 6 0 1; ]
1200201685[156 14 49 128 6 0 1; ]
1200201686[151 14 51 128 6 0 1; ]
1200201687[147 14 52 129 6 0 1; ]
1200201688[141 14 53 130 6 0 1; 117 0 48 149 7 0 1; ]
1200201689[136 14 54 132 6 0 1; 111 0 48 150 7 0 1; ]
1200201690[130 14 55 134 6 0 1; 105 1 48 152 7 0 1; ]
1200201691[123 14 56 136 6 0 1; 98 1 50 153 7 0 1; ]
1200201692[117 14 57 138 6 0 1; 90 1 54 154 7 0 1; ]
1200201693[110 14 59 140 6 0 1; 82 1 57 155 7 0 1; ]
1200201694[102 14 60 142 6 0 1; 74 1 60 157 7 0 1; ]
1200201695[95 13 61 145 6 0 1; 67 1 61 159 7 0 1; ]
1200201696[87 13 63 147 6 0 1; 59 0 60 162 7 0 1; ]
1200201697[79 12 64 148 6 0 1; 53 0 59 165 7 0 1; ]
1200201698[71 12 65 148 6 0 1; ]
1200201699[62 12 66 148 6 0 1; ]
1200201700[53 11 68 149 6 0 1; ]
1200201701[44 10 71 150 6 0 1; ]
1200201702[34 9 73 152 6 0 1; ]
1200201703[25 8 77 155 6 0 1; ]
1200201704[15 7 80 157 6 0 1; ]
1200201705[6 6 82 159 6 0 1; ]
1200201706[]
1200201707[]
1200201708[]
1200201709[]
1200201710[]
1200201711[]
1200201712[]
1200201713[]
1200201714[]
1200201715[]
1200201716[]
1200201717[]
1200201718[]
1200201719[]
1200201720[]
1200201721[]
1200201722[]
1200201723[]
1200201724[]
1200201725[]
1200201726[]
1200201727[]
1200201728[]
1200201729[]
1200201730[]
1200201731[]
1200201732[]
1200201733[]
1200201734[]
1200201735[]
1200201736[]
1200201737[]
1200201738[]
1200201739[]
1200201740[]
1200201741[]
1200201742[]
1200201743[]
1200201744[]
1200201745[]
1200201746[]
1200201747[]
1200201748[]
1200201749[]
1200201750[]
1200201751[]
1200201752[]
1200201753[]
1200201754[]
1200201755[]
1200201756[]
1200201757[]
1200201758[]
1200201759[]
1200201760[]
1200201761[]
1200201762[]
1200201763[]
1200201764[]
1200201765[]
1200201766[]
1200201767[]
1200201768[]
1200201769[]
1200201770[]
1200201771[]
1200201772[]
1200201773[]
1200201774[]
1200201775[]
1200201776[]
1200201777[]
1200201778[]
1200201779[]
1200201780[]
1200201781[]
1200201782[]
1200201783[]
1200201784[]
1200201785[]
1200201786[]
1200201787[]
1200201788[]
1200201789[]
1200201790[]
1200201791[]
1200201792[]
1200201793[]
1200201794[]
1200201795[]
1200201796[]
1200201797[]
1200201798[]
1200201799[]
1200201800[]
1200201801[]
1200201802[]
1200201803[]
1200201804[]
1200201805[]
1200201806[]
1200201807[]
1200201808[]
1200201809[]
1200201810[]
1200201811[]
1200201812[]
1200201813[]
1200201814[]
1200201815[]
1200201816[]
1200201817[]
1200201818[]
1200201819[]
1200201820[107 73 21 30 10 0 2; ]
1200201821[106 73 21 31 10 0 2; ]
1200201822[105 73 21 31 10 0 2; ]
1200201823[104 73 21 31 10 0 2; ]
1200201824[103 74 22 30 10 0 2; ]
1200201825[102 74 22 30 10 0 2; ]
1200201826[101 74 22 30 10 0 2; ]
1200201827[100 74 22 30 10 0 2; ]
1200201828[98 74 22 30 10 0 2; ]
1200201829[97 74 22 31 10 0 2; ]
1200201830[96 74 22 31 10 0 2; ]
1200201831[95 74 22 31 10 0 2; ]
1200201832[94 74 22 31 10 0 2; ]
1200201833[94 74 22 31 10 0 2; ]
1200201834[93 74 22 31 10 0 2; ]
1200201835[92 74 22 31 10 0 2; ]
1200201836[91 75 22 31 10 0 2; ]
1200201837[90 75 22 31 10 0 2; ]
1200201838[89 75 21 31 10 0 2; ]
1200201839[88 75 22 30 10 0 2; ]
1200201840[87 76 22 30 10 0 2; ]
1200201841[86 77 22 30 10 0 2; ]
1200201842[85 77 22 30 10 0 2; ]
1200201843[84 77 22 30 10 0 2; ]
1200201844[82 77 22 30 10 0 2; ]
1200201845[81 77 22 30 10 0 2; ]
1200201846[80 77 22 30 10 0 2; ]
1200201847[79 77 22 30 10 0 2; ]
1200201848[78 77 22 30 10 0 2; ]
1200201849[77 77 22 30 10 0 2; ]
1200201850[77 78 22 30 10 0 2; ]
1200201851[76 78 22 30 10 0 2; ]
1200201852[75 78 22 30 10 0 2; ]
1200201853[74 78 22 31 10 0 2; ]
1200201854[73 79 22 32 10 0 2; ]
1200201855[72 79 22 32 10 0 2; ]
1200201856[71 80 22 32 10 0 2; ]
1200201857[71 81 22 32 10 0 2; ]
1200201858[70 82 22 32 10 0 2; ]
1200201859[69 83 22 32 10 0 2; ]
1200201860[68 83 22 32 10 0 2; ]
1200201861[68 84 22 32 10 0 2; ]
1200201862[67 85 22 32 10 0 2; ]
1200201863[67 85 22 32 10 0 2; ]
1200201864[66 86 22 32 10 0 2; ]
1200201865[65 86 22 32 10 0 2; ]
1200201866[64 86 22 32 10 0 2; ]
1200201867[63 86 22 32 10 0 2; ]
1200201868[63 87 22 32 10 0 2; ]
1200201869[62 87 23 32 10 0 2; ]
1200201870[61 87 23 32 10 0 2; ]
1200201871[61 88 23 32 10 0 2; ]
1200201872[61 88 23 32 10 0 2; ]
1200201873[60 90 23 32 10 0 2; ]
1200201874[60 91 23 32 10 0 2; ]
1200201875[60 91 23 32 10 0 2; ]
1200201876[60 91 23 32 10 0 2; ]
1200201877[59 91 23 32 10 0 2; ]
1200201878[59 91 22 32 10 0 2; ]
1200201879[59 91 22 32 10 0 2; ]
1200201880[58 92 22 32 10 0 2; ]
1200201881[58 93 22 32 10 0 2; ]
1200201882[58 93 22 32 10 0 2; ]
1200201883[58 94 22 32 10 0 2; ]
1200201884[57 94 22 32 10 0 2; ]
1200201885[57 94 22 33 10 0 2; ]
1200201886[56 95 22 34 10 0 2; ]
1200201887[55 95 22 35 10 0 2; ]
1200201888[54 95 22 34 10 0 2; ]
1200201889[54 95 22 34 10 0 2; ]
1200201890[52 96 22 34 10 0 2; ]
1200201891[52 96 22 33 10 0 2; ]
1200201892[52 96 22 33 10 0 2; ]
1200201893[51 97 22 33 10 0 2; ]
1200201894[51 97 22 32 10 0 2; ]
1200201895[51 97 22 32 10 0 2; ]
1200201896[50 98 22 32 10 0 2; ]
1200201897[50 98 22 32 10 0 2; ]
1200201898[49 98 22 32 10 0 2; ]
1200201899[49 98 22 32 10 0 2; ]
1200201900[48 98 22 32 10 0 2; ]
1200201901[48 98 21 32 10 0 2; ]
1200201902[47 98 21 32 10 0 2; ]
1200201903[46 97 21 32 10 0 2; ]
1200201904[46 96 21 33 10 0 2; ]
1200201905[45 95 22 34 10 0 2; ]
1200201906[44 94 22 35 10 0 2; ]
1200201907[43 94 22 36 10 0 2; ]
1200201908[43 94 22 36 10 0 2; ]
1200201909[42 94 22 36 10 0 2; ]
1200201910[41 94 22 36 10 0 2; ]
1200201911[41 94 22 36 10 0 2; ]
1200201912[40 94 22 36 10 0 2; ]
1200201913[40 93 22 36 10 0 2; ]
1200201914[39 93 22 36 10 0 2; ]
1200201915[38 92 23 36 10 0 2; ]
1200201916[37 92 23 36 10 0 2; ]
1200201917[37 91 23 36 10 0 2; ]
1200201918[36 90 23 36 10 0 2; ]
1200201919[35 90 24 36 10 0 2; ]
1200201920[34 90 24 36 10 0 2; ]
1200201921[33 89 24 36 10 0 2; ]
1200201922[31 89 25 36 10 0 2; ]
1200201923[31 89 25 36 10 0 2; ]
1200201924[31 89 25 37 10 0 2; ]
1200201925[30 89 25 37 10 0 2; ]
1200201926[29 89 25 37 10 0 2; ]
1200201927[28 89 25 37 10 0 2; ]
1200201928[27 91 25 37 10 0 2; ]
1200201929[26 92 25 37 10 0 2; ]
1200201930[25 94 25 37 10 0 2; ]
1200201931[24 95 25 37 10 0 2; ]
1200201932[23 96 26 37 10 0 2; ]
1200201933[21 97 27 37 10 0 2; ]
1200201934[20 98 27 37 10 0 2; ]
1200201935[19 99 27 37 10 0 2; ]
1200201936[17 100 27 37 10 0 2; ]
1200201937[16 101 27 37 10 0 2; ]
1200201938[14 101 27 38 10 0 2; ]
1200201939[13 101 28 39 10 0 2; ]
1200201940[12 100 28 39 10 0 2; ]
1200201941[11 100 28 39 10 0 2; ]
1200201942[10 99 28 39 10 0 2; ]
1200201943[9 98 28 39 10 0 2; ]
1200201944[8 97 28 39 10 0 2; ]
1200201945[7 96 28 39 10 0 2; ]
1200201946[6 95 28 39 10 0 2; ]
1200201947[5 94 28 39 10 0 2; ]
1200201948[4 92 28 39 10 0 2; ]
1200201949[3 91 28 39 10 0 2; ]
1200201950[2 90 28 39 10 0 2; ]
1200201951[1 90 28 39 10 0 2; ]
1200201952[0 89 28 39 10 0 2; ]
1200201953[]
1200201954[]
1200201955[]
1200201956[]
1200201957[]
1200201958[]
1200201959[]
1200201960[]
1200201961[]
1200201962[]
1200201963[]
1200201964[]
1200201965[]
1200201966[]
1200201967[]
1200201968[]
1200201969[]
1200201970[]
1200201971[]
1200201972[]
1200201973[]
1200201974[]
1200201975[]
1200201976[]
1200201977[]
1200201978[]
1200201979[]
1200201980[]
1200201981[]
1200201982[]
1200201983[]
1200201984[]
1200201985[]
1200201986[]
1200201987[]
1200201988[]
1200201989[]
1200201990[]
1200201991[]
1200201992[]
1200201993[]
1200201994[]
1200201995[]
1200201996[]
1200201997[]
1200201998[]
1200201999[]
1200202000[]
1200202001[]
1200202002[]
1200202003[]
1200202004[]
1200202005[]
1200202006[]
1200202007[]
1200202008[]
1200202009[]
1200202010[]
1200202011[]
1200202012[]
1200202013[]
1200202014[]
1200202015[]
1200202016[]
1200202017[]
1200202018[]
1200202019[]
1200202020[]
1200202021[]
1200202022[]
1200202023[]
1200202024[]
1200202025[]
1200202026[]
1200202027[]
1200202028[]
1200202029[]
1200202030[]
1200202031[]
1200202032[]
1200202033[]
1200202034[]
1200202035[]
1200202036[]
1200202037[]
1200202038[]
1200202039[]
1200202040[]
1200202041[]
1200202042[]
1200202043[]
1200202044[]
1200202045[]
1200202046[]
1200202047[]
1200202048[]
1200202049[]
1200202050[]
1200202051[2 89 18 46 12 0 1; ]
1200202052[4 88 18 47 12 0 1; ]
1200202053[6 88 18 47 12 0 1; ]
1200202054[8 88 18 47 12 0 1; ]
1200202055[10 87 18 47 12 0 1; ]
1200202056[12 87 18 47 12 0 1; ]
1200202057[0 90 18 46 11 0 1; 14 87 18 47 12 0 1; ]
1200202058[2 90 18 45 11 0 1; 16 87 18 47 12 0 1; ]
1200202059[5 90 18 45 11 0 1; 18 86 18 47 12 0 1; ]
1200202060[7 90 18 45 11 0 1; 20 86 18 47 12 0 1; ]
1200202061[9 90 18 45 11 0 1; 22 86 18 48 12 0 1; ]
1200202062[11 90 18 45 11 0 1; 25 86 18 48 12 0 1; ]
1200202063[13 90 18 45 11 0 1; 27 86 18 48 12 0 1; ]
1200202064[16 90 18 45 11 0 1; 29 86 18 48 12 0 1; ]
1200202065[18 89 18 46 11 0 1; 32 86 18 48 12 0 1; ]
1200202066[21 88 18 46 11 0 1; 34 85 18 48 12 0 1; ]
1200202067[23 87 18 47 11 0 1; 37 85 18 48 12 0 1; ]
1200202068[26 87 18 47 11 0 1; 40 85 18 48 12 0 1; ]
1200202069[29 86 18 47 11 0 1; 42 85 18 48 12 0 1; ]
1200202070[31 87 18 47 11 0 1; 45 85 18 48 12 0 1; ]
1200202071[34 87 18 47 11 0 1; 48 85 18 49 12 0 1; ]
1200202072[36 87 19 47 11 0 1; 50 85 18 49 12 0 1; ]
1200202073[39 87 19 47 11 0 1; 53 85 18 49 12 0 1; ]
1200202074[41 87 20 47 11 0 1; 56 85 18 49 12 0 1; ]
1200202075[44 88 20 47 11 0 1; 59 85 18 49 12 0 1; ]
1200202076[47 88 21 46 11 0 1; 62 85 18 49 12 0 1; ]
1200202077[50 88 21 46 11 0 1; 65 86 18 49 12 0 1; ]
1200202078[53 89 21 46 11 0 1; 68 86 18 49 12 0 1; ]
1200202079[57 90 21 46 11 0 1; 72 87 18 49 12 0 1; ]
1200202080[61 92 19 46 11 0 1; 75 87 18 49 12 0 1; ]
1200202081[66 93 19 46 11 0 1; 79 88 18 49 12 0 1; ]
1200202082[70 93 19 46 11 0 1; 82 88 18 49 12 0 1; ]
1200202083[74 93 19 46 11 0 1; 86 89 18 49 12 0 1; ]
1200202084[78 93 19 47 11 0 1; 89 89 18 49 12 0 1; ]
1200202085[82 93 19 47 11 0 1; 93 90 18 49 12 0 1; ]
1200202086[86 92 19 47 11 0 1; 96 90 18 49 12 0 1; ]
1200202087[90 92 19 47 11 0 1; 100 90 18 49 12 0 1; ]
1200202088[93 92 19 47 11 0 1; 104 90 18 50 12 0 1; ]
1200202089[97 92 19 47 11 0 1; 107 90 19 50 12 0 1; ]
1200202090[101 92 20 48 11 0 1; 111 90 19 50 12 0 1; ]
1200202091[105 92 20 48 11 0 1; 115 89 19 50 12 0 1; ]
1200202092[109 91 20 48 11 0 1; 119 89 20 51 12 0 1; ]
1200202093[112 91 20 49 11 0 1; 123 88 21 51 12 0 1; ]
1200202094[116 90 21 49 11 0 1; 126 88 21 51 12 0 1; ]
1200202095[119 90 21 49 11 0 1; 130 88 22 52 12 0 1; ]
1200202096[123 89 22 50 11 0 1; 134 87 22 52 12 0 1; ]
1200202097[126 89 22 50 11 0 1; 138 87 23 52 12 0 1; ]
1200202098[130 89 22 50 11 0 1; 141 87 23 52 12 0 1; ]
1200202099[133 89 23 50 11 0 1; 145 86 23 53 12 0 1; ]
1200202100[136 89 23 50 11 0 1; 149 86 23 53 12 0 1; ]
1200202101[139 89 25 50 11 0 1; 152 87 23 53 12 0 1; ]
1200202102[141 89 26 50 11 0 1; 155 88 23 53 12 0 1; ]
1200202103[146 90 25 50 11 0 1; 159 88 23 53 12 0 1; ]
1200202104[151 90 25 50 11 0 1; 162 89 23 53 12 0 1; ]
1200202105[154 90 25 50 11 0 1; 166 89 23 53 12 0 1; ]
1200202106[158 90 25 51 11 0 1; 170 89 23 53 12 0 1; ]
1200202107[161 90 25 51 11 0 1; 174 89 23 53 12 0 1; ]
1200202108[164 90 26 51 11 0 1; 178 89 23 53 12 0 1; ]
1200202109[167 90 26 52 11 0 1; 182 89 23 53 12 0 1; ]
1200202110[171 89 26 52 11 0 1; 185 88 23 53 12 0 1; ]
1200202111[174 89 27 53 11 0 1; 188 88 23 54 12 0 1; ]
1200202112[178 89 27 53 11 0 1; 192 88 23 54 12 0 1; ]
1200202113[182 89 27 53 11 0 1; 195 88 23 54 12 0 1; ]
1200202114[186 89 27 53 11 0 1; 199 88 24 54 12 0 1; ]
1200202115[190 89 27 53 11 0 1; 203 88 24 54 12 0 1; ]
1200202116[194 88 27 53 11 0 1; 206 86 24 55 12 0 1; ]
1200202117[197 87 26 54 11 0 1; 210 85 24 55 12 0 1; ]
1200202118[200 86 26 54 11 0 1; 213 84 24 56 12 0 1; ]
1200202119[204 85 26 55 11 0 1; 216 84 24 56 12 0 1; ]
1200202120[208 85 26 55 11 0 1; 220 84 24 57 12 0 1; ]
1200202121[211 85 26 56 11 0 1; 223 84 24 57 12 0 1; ]
1200202122[215 85 26 56 11 0 1; 226 84 23 57 12 0 1; ]
1200202123[219 85 26 56 11 0 1; 229 84 23 57 12 0 1; ]
1200202124[222 85 26 56 11 0 1; 232 84 23 57 12 0 1; ]
1200202125[224 85 26 56 11 0 1; 235 84 23 57 12 0 1; ]
1200202126[227 84 26 55 11 0 1; 238 83 23 57 12 0 1; ]
1200202127[230 84 26 55 11 0 1; 241 83 23 57 12 0 1; ]
1200202128[233 84 26 55 11 0 1; 244 82 24 58 12 0 1; ]
1200202129[235 84 26 55 11 0 1; 246 82 25 58 12 0 1; ]
1200202130[238 84 26 55 11 0 1; 248 82 26 59 12 0 1; ]
1200202131[240 84 26 55 11 0 1; 251 82 26 59 12 0 1; ]
1200202132[242 85 26 55 11 0 1; 254 83 26 59 12 0 1; ]
1200202133[245 86 27 56 11 0 1; 257 84 26 59 12 0 1; ]
1200202134[247 86 27 56 11 0 1; 259 84 26 59 12 0 1; ]
1200202135[249 86 27 57 11 0 1; 262 84 26 59 12 0 1; ]
1200202136[252 86 27 58 11 0 1; 264 84 26 59 12 0 1; ]
1200202137[255 85 27 59 11 0 1; 266 84 26 60 12 0 1; ]
1200202138[257 85 27 60 11 0 1; 268 84 26 60 12 0 1; ]
1200202139[259 85 27 60 11 0 1; 271 84 26 60 12 0 1; ]
1200202140[261 85 27 60 11 0 1; 273 84 26 61 12 0 1; ]
1200202141[263 85 27 60 11 0 1; 276 84 26 61 12 0 1; ]
1200202142[265 85 27 60 11 0 1; 278 84 26 61 12 0 1; ]
1200202143[267 85 27 60 11 0 1; 279 84 26 61 12 0 1; ]
1200202144[268 86 27 60 11 0 1; 281 85 27 61 12 0 1; ]
1200202145[270 86 27 60 11 0 1; 282 85 28 61 12 0 1; ]
1200202146[272 87 27 60 11 0 1; 285 85 27 61 12 0 1; ]
1200202147[274 87 27 60 11 0 1; 287 85 27 62 12 0 1; ]
1200202148[276 88 27 60 11 0 1; 289 85 27 62 12 0 1; ]
1200202149[278 88 27 60 11 0 1; 291 85 27 62 12 0 1; ]
1200202150[279 87 27 60 11 0 1; 293 85 27 63 12 0 1; ]
1200202151[281 87 27 60 11 0 1; 295 85 27 63 12 0 1; ]
1200202152[283 87 28 61 11 0 1; 296 84 28 63 12 0 1; ]
1200202153[284 86 28 61 11 0 1; 298 84 28 64 12 0 1; ]
1200202154[286 87 28 61 11 0 1; 300 84 28 64 12 0 1; ]
1200202155[288 88 28 61 11 0 1; 302 85 28 65 12 0 1; ]
1200202156[290 89 28 61 11 0 1; 304 86 28 66 12 0 1; ]
1200202157[292 90 28 61 11 0 1; 306 86 28 66 12 0 1; ]
1200202158[294 90 28 61 11 0 1; 308 86 28 66 12 0 1; ]
1200202159[296 90 28 61 11 0 1; 309 86 28 66 12 0 1; ]
1200202160[298 90 28 61 11 0 1; 310 86 28 66 12 0 1; ]
1200202161[299 91 29 61 11 0 1; 312 87 28 66 12 0 1; ]
1200202162[301 92 29 61 11 0 1; 314 88 28 66 12 0 1; ]
1200202163[302 92 30 61 11 0 1; 316 89 28 66 12 0 1; ]
1200202164[304 92 30 61 11 0 1; 317 89 28 66 12 0 1; ]
1200202165[305 92 30 61 11 0 1; 319 89 28 66 12 0 1; ]
1200202166[307 92 30 62 11 0 1; 321 88 28 67 12 0 1; ]
1200202167[308 91 30 63 11 0 1; 323 88 29 67 12 0 1; ]
1200202168[309 90 30 64 11 0 1; 324 88 29 67 12 0 1; ]
1200202169[310 89 30 64 11 0 1; 325 87 29 67 12 0 1; ]
1200202170[312 87 30 65 11 0 1; 326 86 29 67 12 0 1; ]
1200202171[313 86 29 66 11 0 1; 327 84 29 67 12 0 1; ]
1200202172[314 85 29 66 11 0 1; 329 84 29 67 12 0 1; ]
1200202173[315 85 29 66 11 0 1; 330 84 29 67 12 0 1; ]
1200202174[317 85 29 66 11 0 1; 331 84 29 68 12 0 1; ]
1200202175[318 85 29 66 11 0 1; 332 84 29 70 12 0 1; ]
1200202176[319 85 29 66 11 0 1; 333 84 29 70 12 0 1; ]
1200202177[320 85 30 66 11 0 1; 334 84 29 70 12 0 1; ]
1200202178[321 85 30 67 11 0 1; 334 84 29 70 12 0 1; ]
1200202179[322 85 30 67 11 0 1; 335 84 29 70 12 0 1; ]
1200202180[323 85 30 68 11 0 1; 336 84 29 70 12 0 1; ]
1200202181[324 85 30 69 11 0 1; 338 84 29 70 12 0 1; ]
1200202182[325 84 30 70 11 0 1; 339 84 29 70 12 0 1; ]
1200202183[326 84 30 71 11 0 1; 340 84 29 71 12 0 1; ]
1200202184[327 84 30 71 11 0 1; 341 84 29 71 12 0 1; ]
1200202185[328 84 30 71 11 0 1; 342 85 29 72 12 0 1; ]
1200202186[329 85 30 71 11 0 1; 343 85 29 72 12 0 1; ]
1200202187[330 85 30 71 11 0 1; 343 85 29 72 12 0 1; ]
1200202188[331 86 30 71 11 0 1; 344 85 29 72 12 0 1; ]
1200202189[332 86 30 71 11 0 1; 345 85 29 72 12 0 1; ]
1200202190[333 86 30 71 11 0 1; 346 85 29 72 12 0 1; ]
1200202191[334 87 30 70 11 0 1; 348 86 29 71 12 0 1; ]
1200202192[335 88 31 70 11 0 1; 350 87 29 71 12 0 1; ]
1200202193[336 88 31 70 11 0 1; 351 87 29 71 12 0 1; ]
1200202194[338 89 31 70 11 0 1; 352 88 29 71 12 0 1; ]
1200202195[339 89 32 70 11 0 1; 353 88 30 71 12 0 1; ]
1200202196[340 90 32 71 11 0 1; 354 88 32 73 12 0 1; ]
1200202197[341 90 32 73 11 0 1; 354 88 34 75 12 0 1; ]
1200202198[342 91 32 73 11 0 1; 355 89 35 76 12 0 1; ]
1200202199[343 93 32 73 11 0 1; 356 90 34 76 12 0 1; ]
1200202200[344 96 32 73 11 0 1; 357 93 34 76 12 0 1; ]
1200202201[345 99 32 73 11 0 1; 359 95 33 76 12 0 1; ]
1200202202[346 100 32 73 11 0 1; 360 96 32 77 12 0 1; ]
1200202203[347 100 32 74 11 0 1; 361 96 32 77 12 0 1; ]
1200202204[347 100 32 74 11 0 1; 362 96 32 78 12 0 1; ]
1200202205[348 100 32 76 11 0 1; 363 96 32 78 12 0 1; ]
1200202206[349 99 33 76 11 0 1; 364 96 32 78 12 0 1; ]
1200202207[351 98 33 76 11 0 1; 364 95 32 78 12 0 1; ]
1200202208[352 98 33 76 11 0 1; 365 95 32 78 12 0 1; ]
1200202209[353 97 33 76 11 0 1; 366 95 32 78 12 0 1; ]
1200202210[353 97 33 76 11 0 1; 367 95 32 78 12 0 1; ]
1200202211[353 97 33 77 11 0 1; 367 95 32 79 12 0 1; ]
1200202212[354 97 33 79 11 0 1; 368 95 32 79 12 0 1; ]
1200202213[354 97 33 79 11 0 1; 368 95 31 79 12 0 1; ]
1200202214[355 96 33 80 11 0 1; 370 94 31 79 12 0 1; ]
1200202215[356 95 33 80 11 0 1; 372 92 31 79 12 0 1; ]
1200202216[358 92 33 80 11 0 1; 374 90 30 79 12 0 1; ]
1200202217[359 90 33 81 11 0 1; 375 88 30 79 12 0 1; ]
1200202218[360 87 33 81 11 0 1; 376 84 30 80 12 1 1; ]
1200202219[360 83 34 83 11 0 1; 377 79 30 82 12 1 1; ]
1200202220[361 78 34 84 11 0 1; 377 77 30 84 12 1 1; ]
1200202221[361 78 35 84 11 0 1; 378 77 30 85 12 1 1; ]
1200202222[362 78 35 84 11 0 1; 379 77 31 86 12 1 1; ]
1200202223[363 79 36 84 11 0 1; 381 77 32 86 12 1 1; ]
1200202224[364 79 36 84 11 0 1; 382 78 32 86 12 1 1; ]
1200202225[366 80 36 84 11 0 1; 384 80 33 86 12 1 1; ]
1200202226[369 81 36 84 11 0 1; 386 81 34 85 12 1 1; ]
1200202227[371 82 36 84 11 0 1; 388 82 35 85 12 1 1; ]
1200202228[374 83 36 84 11 0 1; 390 81 35 85 12 1 1; ]
1200202229[376 82 36 84 11 0 1; 392 80 35 85 12 1 1; ]
1200202230[377 80 36 84 11 0 1; 394 78 35 85 12 1 1; ]
1200202231[379 77 36 84 11 0 1; 397 76 35 86 12 1 1; ]
1200202232[381 76 36 84 11 0 1; 399 74 35 88 12 1 1; ]
1200202233[384 74 36 85 11 0 1; 402 71 35 89 12 1 1; ]
1200202234[387 73 36 86 11 0 1; 405 69 35 90 12 1 1; ]
1200202235[389 72 36 88 11 0 1; 407 69 36 90 12 1 1; ]
1200202236[392 72 36 89 11 0 1; 411 68 38 90 12 1 1; ]
1200202237[394 71 36 90 11 0 1; 414 67 39 90 12 1 1; ]
1200202238[397 70 36 90 11 0 1; 416 66 39 91 12 1 1; ]
1200202239[400 69 36 91 11 0 1; 419 66 39 94 12 1 1; ]
1200202240[402 68 36 92 11 0 1; 422 65 41 94 12 1 1; ]
1200202241[405 66 37 93 11 0 1; 425 64 42 94 12 1 1; ]
1200202242[408 64 37 93 11 0 1; 428 63 42 95 12 1 1; ]
1200202243[411 62 37 94 11 0 1; 431 62 43 95 12 1 1; ]
1200202244[414 62 37 94 11 0 1; 434 61 42 95 12 1 1; ]
1200202245[417 61 37 95 11 0 1; 438 60 41 96 12 1 1; ]
1200202246[419 61 37 95 11 0 1; 441 59 41 97 12 1 1; ]
1200202247[422 60 37 96 11 0 1; 444 57 40 97 12 1 1; ]
1200202248[424 59 37 97 11 0 1; 447 56 40 98 12 1 1; ]
1200202249[426 57 37 98 11 0 1; 449 54 41 100 12 1 1; ]
1200202250[428 55 37 99 11 0 1; 451 52 41 101 12 1 1; ]
1200202251[431 55 37 99 11 0 1; 453 51 41 102 12 1 1; ]
1200202252[433 55 37 100 11 0 1; 456 51 41 103 12 1 1; ]
1200202253[436 54 37 100 11 0 1; 459 51 41 103 12 1 1; ]
1200202254[439 54 37 101 11 0 1; 462 51 41 103 12 1 1; ]
1200202255[441 53 37 102 11 0 1; 465 51 42 103 12 1 1; ]
1200202256[445 52 38 103 11 0 1; 468 51 43 103 12 1 1; ]
1200202257[448 51 39 104 11 0 1; ]
1200202258[451 50 39 105 11 0 1; ]
1200202259[454 50 40 105 11 0 1; ]
1200202260[458 50 41 105 11 0 1; ]
1200202261[462 50 41 105 11 0 1; ]
1200202262[466 50 41 105 11 0 1; ]
1200202263[]
1200202264[]
1200202265[]
1200202266[]
1200202267[]
1200202268[]
1200202269[]
1200202270[]
1200202271[]
1200202272[]
1200202273[]
1200202274[]
1200202275[]
1200202276[]
1200202277[]
1200202278[]
1200202279[]
1200202280[]
1200202281[]
1200202282[]
1200202283[]
1200202284[]
1200202285[]
1200202286[]
1200202287[]
1200202288[]
1200202289[]
1200202290[]
1200202291[]
1200202292[]
1200202293[]
1200202294[]
1200202295[]
1200202296[]
1200202297[]
1200202298[]
1200202299[]
1200202300[]
1200202301[]
1200202302[]
1200202303[]
1200202304[]
1200202305[]
1200202306[]
1200202307[]
1200202308[]
1200202309[]
1200202310[]
1200202311[]
1200202312[]
1200202313[]
1200202314[]
1200202315[]
1200202316[]
1200202317[]
1200202318[]
1200202319[]
1200202320[]
1200202321[]
1200202322[]
1200202323[]
1200202324[]
1200202325[]
1200202326[]
1200202327[]
1200202328[]
1200202329[]
1200202330[]
1200202331[]
1200202332[]
1200202333[]
1200202334[]
1200202335[]
1200202336[]
1200202337[]
1200202338[]
1200202339[]
1200202340[]
1200202341[]
1200202342[]
1200202343[]
1200202344[]
1200202345[]
1200202346[]
1200202347[]
1200202348[]
1200202349[]
1200202350[]
1200202351[]
1200202352[]
1200202353[]
1200202354[]
1200202355[]
1200202356[]
1200202357[]
1200202358[]
1200202359[]
1200202360[]
1200202361[]
1200202362[]
1200202363[]
1200202364[]
1200202365[]
1200202366[]
1200202367[]
1200202368[]
1200202369[]
1200202370[]
1200202371[]
1200202372[]
1200202373[]
1200202374[]
1200202375[]
1200202376[]
1200202377[]
1200202378[]
1200202379[]
1200202380[]
1200202381[]
1200202382[]
1200202383[]
1200202384[]
1200202385[]
1200202386[]
1200202387[]
1200202388[]
1200202389[]
1200202390[]
1200202391[]
1200202392[]
1200202393[]
1200202394[]
1200202395[]
1200202396[]
1200202397[]
1200202398[]
1200202399[]
1200202400[]
1200202401[]
1200202402[]
1200202403[]
1200202404[]
1200202405[]
1200202406[]
1200202407[]
1200202408[]
1200202409[]
1200202410[]
1200202411[]
1200202412[]
1200202413[]
1200202414[]
1200202415[]
1200202416[]
1200202417[]
1200202418[]
1200202419[]
1200202420[]
1200202421[]
1200202422[]
1200202423[]
1200202424[]
1200202425[]
1200202426[]
1200202427[]
1200202428[]
1200202429[]
1200202430[]
1200202431[]
1200202432[]
1200202433[]
1200202434[]
1200202435[]
1200202436[]
1200202437[]
1200202438[]
1200202439[]
1200202440[]
1200202441[]
1200202442[]
1200202443[]
1200202444[]
1200202445[]
1200202446[]
1200202447[]
1200202448[]
1200202449[]
1200202450[]
1200202451[]
1200202452[]
1200202453[]
1200202454[]
1200202455[]
1200202456[]
1200202457[]
1200202458[]
1200202459[]
1200202460[51 84 21 30 16 0 2; ]
1200202461[52 84 21 31 16 0 2; ]
1200202462[54 83 21 31 16 0 2; ]
1200202463[56 82 20 31 16 0 2; ]
1200202464[59 80 20 31 16 0 2; ]
1200202465[60 79 20 31 16 0 2; ]
1200202466[61 78 20 31 16 0 2; ]
1200202467[62 78 20 30 16 0 2; ]
1200202468[63 77 20 30 16 0 2; ]
1200202469[]
1200202470[]
1200202471[67 73 20 30 17 0 1; ]
1200202472[69 71 20 30 17 0 1; ]
1200202473[71 70 20 31 17 0 1; ]
1200202474[72 69 20 31 17 0 1; ]
1200202475[74 68 20 31 17 0 1; ]
1200202476[75 68 20 31 17 0 1; ]
1200202477[77 68 20 31 17 0 1; ]
1200202478[78 68 20 31 17 0 1; ]
1200202479[80 68 20 31 17 0 1; ]
1200202480[81 69 20 31 17 0 1; ]
1200202481[82 69 20 31 17 0 1; ]
1200202482[84 70 20 31 17 0 1; ]
1200202483[85 71 20 31 17 0 1; ]
1200202484[87 71 20 31 17 0 1; ]
1200202485[89 71 20 31 17 0 1; ]
1200202486[89 71 20 31 17 0 1; ]
1200202487[90 72 20 31 17 0 1; ]
1200202488[92 73 20 31 17 0 1; ]
1200202489[95 75 20 31 17 0 1; ]
1200202490[95 74 20 31 17 0 1; ]
1200202491[97 73 20 32 18 0 2; ]
1200202492[99 73 20 32 18 0 2; ]
1200202493[101 72 20 32 18 0 2; ]
1200202494[103 72 20 32 18 0 2; ]
1200202495[104 72 20 32 18 0 2; ]
1200202496[105 72 20 32 18 0 2; ]
1200202497[106 72 20 32 18 0 2; ]
1200202498[107 72 20 32 18 0 2; ]
1200202499[109 72 20 32 18 0 2; ]
1200202500[110 72 20 32 18 0 2; ]
1200202501[112 72 20 32 18 0 2; ]
1200202502[114 73 20 32 18 0 2; ]
1200202503[115 73 20 32 18 0 2; ]
1200202504[117 73 20 32 18 0 2; ]
1200202505[118 74 20 32 18 0 2; ]
1200202506[119 74 20 32 18 0 2; ]
1200202507[120 74 20 32 18 0 2; ]
1200202508[122 74 20 32 18 0 2; ]
1200202509[123 74 20 32 18 0 2; ]
1200202510[125 73 20 32 18 0 2; ]
1200202511[126 72 20 32 18 0 2; 144 76 20 30 66 1 1; ]
1200202512[128 71 20 32 18 0 2; 145 75 20 30 66 0 1; ]
1200202513[129 70 20 32 18 0 2; 147 74 20 30 66 0 1; ]
1200202514[131 70 20 32 18 0 2; 148 73 20 30 66 0 1; ]
1200202515[132 69 20 32 18 0 2; 149 72 20 30 66 0 1; ]
1200202516[134 69 20 32 18 0 2; 150 71 20 30 66 0 1; ]
1200202517[135 68 20 32 18 0 2; 150 70 20 30 66 0 1; ]
1200202518[136 68 20 32 18 0 2; 151 70 20 30 66 0 1; ]
1200202519[137 68 20 32 18 0 2; 152 69 20 30 66 0 1; ]
1200202520[138 68 20 31 18 0 2; 153 69 20 30 66 0 1; ]
1200202521[139 68 20 31 18 0 2; 155 69 20 30 66 0 1; ]
1200202522[140 68 20 30 18 0 2; 156 69 20 30 66 0 1; ]
1200202523[143 68 32 31 18 0 2; ]
1200202524[144 70 33 31 18 0 2; ]
1200202525[146 71 33 31 18 0 2; ]
1200202526[148 72 32 31 18 0 2; ]
1200202527[149 73 30 31 18 0 2; ]
1200202528[135 73 38 31 18 0 2; ]
1200202529[137 73 36 31 18 0 2; ]
1200202530[139 73 36 31 18 0 2; ]
1200202531[140 74 35 31 18 0 2; ]
1200202532[141 74 35 31 18 0 2; ]
1200202533[143 74 34 31 18 0 2; ]
1200202534[146 74 33 31 18 0 2; ]
1200202535[148 73 32 32 18 0 2; ]
1200202536[149 73 32 32 18 0 2; ]
1200202537[149 72 33 32 18 0 2; ]
1200202538[149 70 34 32 18 0 2; ]
1200202539[152 70 31 32 18 0 2; ]
1200202540[165 70 20 32 18 0 2; ]
1200202541[167 69 20 32 18 0 2; ]
1200202542[168 68 20 32 18 0 2; ]
1200202543[169 68 20 33 18 0 2; ]
1200202544[170 67 20 33 18 0 2; ]
1200202545[172 67 20 33 18 0 2; ]
1200202546[173 68 20 33 18 0 2; ]
1200202547[172 69 20 33 18 0 2; ]
1200202548[171 71 22 33 18 0 2; ]
1200202549[171 73 23 33 18 0 2; ]
1200202550[173 75 23 33 18 0 2; ]
1200202551[175 77 23 33 18 0 2; ]
1200202552[176 79 25 33 18 0 2; ]
1200202553[177 80 26 33 18 0 2; ]
1200202554[178 80 27 33 18 0 2; ]
1200202555[178 80 28 33 18 0 2; ]
1200202556[179 79 29 33 18 0 2; ]
1200202557[180 78 29 33 18 0 2; ]
1200202558[181 78 29 33 18 0 2; ]
1200202559[187 77 20 31 19 0 1; ]
1200202560[190 74 20 31 19 0 1; ]
1200202561[192 71 20 31 19 0 1; ]
1200202562[194 69 20 31 19 0 1; ]
1200202563[195 67 20 31 19 0 1; ]
1200202564[196 65 20 31 19 0 1; ]
1200202565[196 64 20 31 19 0 1; ]
1200202566[196 63 20 31 19 0 1; 183 62 20 30 63 1 1; ]
1200202567[197 62 20 31 19 0 1; 183 64 20 30 63 1 1; ]
1200202568[199 63 20 31 19 0 1; 183 65 20 30 63 0 1; ]
1200202569[201 64 20 31 19 0 1; 184 66 20 30 63 0 1; ]
1200202570[202 65 20 31 19 0 1; 184 67 20 30 63 0 1; ]
1200202571[203 66 20 31 19 0 1; 185 68 20 30 63 0 1; ]
1200202572[203 68 20 30 20 0 -1; 185 69 20 30 63 0 1; ]
1200202573[205 68 20 30 20 0 -1; 186 70 20 30 63 0 1; ]
1200202574[205 68 20 31 20 0 -1; 186 71 20 30 63 0 1; ]
1200202575[207 68 20 31 20 0 -1; 186 71 20 30 63 0 1; ]
1200202576[209 68 20 31 20 0 -1; 187 71 20 30 63 1 1; ]
1200202577[206 68 20 32 21 0 1; 187 71 20 30 63 1 1; ]
1200202578[208 68 20 32 21 0 1; ]
1200202579[209 69 20 32 21 0 1; ]
1200202580[210 69 20 32 21 0 1; ]
1200202581[211 69 20 32 21 0 1; ]
1200202582[212 69 20 32 21 0 1; ]
1200202583[213 69 20 32 21 0 1; ]
1200202584[214 69 20 32 21 0 1; ]
1200202585[215 69 20 32 21 0 1; ]
1200202586[215 69 20 32 21 0 1; ]
1200202587[216 68 20 32 21 0 1; ]
1200202588[217 68 20 32 21 0 1; ]
1200202589[218 68 20 32 21 0 1; ]
1200202590[218 67 20 32 21 0 1; ]
1200202591[219 65 20 32 21 0 1; ]
1200202592[219 64 20 32 21 0 1; ]
1200202593[220 63 20 32 21 0 1; ]
1200202594[221 61 20 32 21 0 1; ]
1200202595[222 61 20 32 21 0 1; ]
1200202596[222 60 20 32 21 0 1; ]
1200202597[223 60 20 32 21 0 1; ]
1200202598[224 60 20 32 21 0 1; ]
1200202599[225 60 20 32 21 0 1; ]
1200202600[225 60 20 32 21 0 1; 255 62 21 32 47 1 2; ]
1200202601[225 60 20 32 21 0 1; 256 62 20 32 47 1 2; ]
1200202602[225 60 20 32 21 0 1; 256 62 20 32 47 1 2; ]
1200202603[225 60 20 32 21 0 1; 257 62 20 32 47 1 2; ]
1200202604[225 60 20 32 21 0 1; 258 62 20 32 47 1 2; ]
1200202605[225 60 20 32 21 0 1; 260 61 20 32 47 0 2; ]
1200202606[225 60 20 32 21 0 1; 260 61 20 32 47 0 2; ]
1200202607[225 60 20 32 21 0 1; 261 62 20 32 47 0 2; ]
1200202608[225 59 20 32 21 0 1; 261 62 20 32 47 0 2; ]
1200202609[225 59 20 32 21 0 1; 261 62 20 32 47 0 2; ]
1200202610[225 58 20 32 21 0 1; 261 61 20 32 47 0 2; ]
1200202611[226 56 20 33 22 0 2; 262 60 20 32 47 0 2; ]
1200202612[226 56 20 33 22 0 2; 262 59 20 32 47 0 2; ]
1200202613[226 56 20 33 22 0 2; 263 59 20 32 47 0 2; ]
1200202614[226 56 20 33 22 0 2; 264 59 20 32 47 0 2; ]
1200202615[226 56 20 33 22 0 2; 265 59 20 32 47 0 2; 296 58 20 30 67 1 1; ]
1200202616[226 57 20 33 22 0 2; 264 59 20 32 47 0 2; 296 59 20 30 67 1 1; ]
1200202617[226 57 20 33 22 0 2; 264 60 20 32 47 0 2; 296 60 20 30 67 1 1; ]
1200202618[226 58 20 33 22 0 2; 259 60 23 32 47 1 2; 296 60 20 31 67 1 1; ]
1200202619[226 59 20 33 22 0 2; 261 60 21 32 47 1 2; 296 60 20 31 67 1 1; ]
1200202620[226 59 20 33 22 0 2; 261 61 21 32 47 1 2; 296 60 20 31 67 1 1; ]
1200202621[227 59 20 33 22 0 2; 262 61 21 32 47 0 2; 296 60 20 31 67 1 1; ]
1200202622[227 60 20 33 22 0 2; 263 61 21 32 47 0 2; 296 60 20 31 67 1 1; ]
1200202623[228 60 20 33 22 0 2; 264 62 21 32 47 0 2; 297 60 20 31 67 1 1; ]
1200202624[228 60 20 33 22 0 2; 265 62 21 32 47 0 2; 297 60 20 31 67 1 1; ]
1200202625[228 59 20 33 22 0 2; 266 62 21 32 47 0 2; 297 60 20 31 67 1 1; ]
1200202626[228 59 20 33 22 0 2; 267 62 21 32 47 0 2; 297 60 20 31 67 1 1; ]
1200202627[228 59 20 33 22 0 2; 267 62 21 32 47 0 2; 297 60 20 31 67 1 1; ]
1200202628[228 59 20 33 22 0 2; 268 62 21 32 47 0 2; 297 60 20 31 67 1 1; ]
1200202629[228 59 20 33 22 0 2; 268 62 21 32 47 0 2; 297 60 20 31 67 1 1; ]
1200202630[228 59 20 33 22 0 2; 268 62 21 32 47 0 2; 297 60 20 31 67 1 1; ]
1200202631[228 58 20 33 22 0 2; 270 61 21 32 47 0 2; 297 60 20 31 67 1 1; ]
1200202632[228 58 20 33 22 0 2; 271 61 21 32 47 0 2; 298 60 20 31 67 1 1; ]
1200202633[229 58 20 33 22 0 2; 272 61 21 32 47 0 2; 299 59 20 31 67 1 1; ]
1200202634[229 57 20 33 22 0 2; 273 60 21 32 47 0 2; 300 59 20 31 67 1 1; ]
1200202635[229 57 20 33 22 0 2; 273 60 21 32 47 0 2; 300 58 20 31 67 1 1; ]
1200202636[229 57 20 33 22 0 2; 274 60 21 31 47 0 2; 300 57 20 31 67 1 1; ]
1200202637[229 56 20 33 22 0 2; 274 60 21 31 47 0 2; 300 57 20 31 67 1 1; ]
1200202638[229 56 20 33 22 0 2; 275 61 21 30 47 0 2; 301 56 20 31 67 1 1; ]
1200202639[230 56 20 33 22 0 2; 276 61 21 30 47 0 2; 301 57 20 31 67 1 1; ]
1200202640[230 57 20 33 22 0 2; 276 61 21 30 47 0 2; 302 58 20 31 67 1 1; ]
1200202641[232 57 20 33 22 0 2; 302 59 20 31 67 1 1; ]
1200202642[232 58 20 33 22 0 2; 303 60 20 31 67 1 1; ]
1200202643[232 59 20 33 22 0 2; 303 61 20 31 67 1 1; ]
1200202644[232 60 20 33 22 0 2; 157 60 20 30 26 0 1; 304 62 20 31 67 1 1; ]
1200202645[232 61 20 33 22 0 2; 157 60 20 30 26 0 1; 304 63 20 31 67 1 1; ]
1200202646[232 62 20 33 22 0 2; 156 61 20 30 26 0 1; 304 64 20 32 67 1 1; ]
1200202647[232 63 20 33 22 0 2; 155 62 20 31 26 0 1; 304 65 20 32 67 1 1; ]
1200202648[232 64 20 33 22 0 2; 154 62 20 31 26 0 1; 305 66 20 32 67 1 1; ]
1200202649[232 65 20 33 22 0 2; 153 63 20 31 26 0 1; 305 67 20 32 67 1 1; ]
1200202650[232 65 20 33 22 0 2; 153 64 20 31 26 0 1; 305 67 20 32 67 1 1; ]
1200202651[232 65 20 33 22 0 2; 152 65 20 31 26 0 1; 305 67 20 32 67 1 1; ]
1200202652[233 66 20 32 22 0 2; 151 64 20 31 26 0 1; 306 67 20 32 67 1 1; ]
1200202653[233 66 20 32 22 0 2; 150 64 20 31 26 0 1; 306 67 20 32 67 1 1; ]
1200202654[233 66 20 32 22 0 2; 148 64 20 31 26 0 1; 306 66 20 32 67 1 1; ]
1200202655[233 65 20 32 22 0 2; 147 63 20 31 26 0 1; 307 66 20 32 67 1 1; ]
1200202656[233 65 20 32 22 0 2; 147 63 20 31 26 0 1; 277 68 30 30 47 1 2; 307 65 20 32 67 1 1; ]
1200202657[233 64 20 32 22 0 2; 146 62 20 31 26 0 1; 277 67 32 31 47 1 2; 307 64 20 33 67 1 1; ]
1200202658[233 63 20 32 22 0 2; 145 62 20 31 26 0 1; 276 66 32 31 47 1 2; 307 63 20 33 67 1 1; ]
1200202659[233 62 20 32 22 0 2; 144 61 20 31 26 0 1; 277 65 25 31 47 0 2; 307 62 20 33 67 1 1; ]
1200202660[233 61 20 32 22 0 2; 143 60 20 31 26 0 1; 277 64 26 31 47 0 2; 307 61 20 33 67 1 1; ]
1200202661[233 60 20 32 22 0 2; 141 59 20 31 26 0 1; 277 64 26 31 47 0 2; 307 60 20 33 67 1 1; ]
1200202662[233 59 20 32 22 0 2; 140 58 20 31 26 0 1; 278 63 27 31 47 0 2; 307 60 20 33 67 1 1; ]
1200202663[233 59 20 32 22 0 2; 139 57 20 31 26 0 1; 278 63 27 31 47 0 2; 307 60 20 33 67 1 1; ]
1200202664[233 59 20 32 22 0 2; 139 58 20 31 26 0 1; 278 63 27 31 47 0 2; 307 60 20 33 67 1 1; ]
1200202665[233 59 20 32 22 0 2; 139 58 20 31 26 0 1; 278 63 27 31 47 0 2; 307 60 20 33 67 1 1; ]
1200202666[233 59 20 32 22 0 2; 139 59 20 31 26 0 1; 275 65 20 31 48 0 1; 290 62 20 32 52 0 1; 307 60 20 33 67 1 1; ]
1200202667[233 60 20 32 22 0 2; 138 59 20 31 26 0 1; 275 65 20 31 48 0 1; 292 64 20 32 52 1 1; 307 60 20 33 67 1 1; ]
1200202668[233 60 20 32 22 0 2; 275 66 20 31 48 0 1; 292 65 20 32 52 1 1; 306 61 20 33 67 1 1; ]
1200202669[233 60 20 32 22 0 2; 275 66 20 31 48 0 1; 292 65 20 31 52 1 1; 306 61 20 33 67 1 1; ]
1200202670[233 61 20 33 22 0 2; 275 67 20 31 48 0 1; 292 65 20 31 52 1 1; 306 61 20 33 67 1 1; ]
1200202671[232 61 20 34 22 0 2; 275 68 20 31 48 0 1; 293 65 20 31 52 1 1; 306 62 20 33 67 1 1; ]
1200202672[232 61 21 35 22 0 2; 275 69 20 31 48 0 1; 294 66 20 31 52 1 1; 306 62 20 33 67 1 1; ]
1200202673[232 61 21 35 22 0 2; 131 59 20 33 27 0 1; 275 69 20 31 48 0 1; 295 67 20 31 52 1 1; 306 62 20 33 67 1 1; ]
1200202674[130 59 20 33 27 0 1; 275 69 20 31 48 0 1; 307 63 20 33 67 1 1; 231 61 20 33 69 0 1; ]
1200202675[129 58 20 33 27 0 1; 275 69 20 30 48 0 1; 307 62 20 33 67 1 1; 231 60 20 34 69 0 1; ]
1200202676[128 56 20 33 27 0 1; 307 61 20 33 67 1 1; 231 58 20 34 69 0 1; ]
1200202677[127 55 20 33 27 0 1; 307 60 20 33 67 1 1; 231 58 20 34 69 0 1; ]
1200202678[127 54 20 33 27 0 1; 307 58 20 33 67 1 1; 231 57 20 35 69 0 1; ]
1200202679[126 53 20 33 27 0 1; 307 58 20 33 67 1 1; 231 58 20 35 69 0 1; ]
1200202680[125 53 20 33 27 0 1; 308 58 20 33 67 1 1; 232 58 20 35 69 0 1; ]
1200202681[124 54 20 33 27 0 1; 309 59 20 33 67 1 1; 233 59 20 35 69 0 1; ]
1200202682[123 56 20 33 27 0 1; 309 60 20 33 67 1 1; 233 60 20 35 69 0 1; ]
1200202683[122 57 20 33 27 0 1; 311 62 20 33 68 1 2; 234 61 20 35 69 0 1; ]
1200202684[121 59 20 33 27 0 1; 311 63 20 37 68 1 2; 234 62 20 35 69 0 1; ]
1200202685[121 60 20 33 27 0 1; 311 65 21 38 68 1 2; 235 64 20 35 69 0 1; ]
1200202686[120 62 20 33 27 0 1; 311 66 21 38 68 1 2; 236 66 20 35 69 0 1; ]
1200202687[119 62 20 33 27 0 1; 311 67 22 38 68 1 2; 235 65 20 35 69 0 1; ]
1200202688[118 61 20 33 27 0 1; 278 74 20 30 48 0 1; 311 66 22 38 68 1 2; 235 64 20 35 69 0 1; ]
1200202689[117 59 20 33 27 0 1; 278 73 20 30 48 0 1; 312 65 22 38 68 1 2; 234 63 20 35 69 0 1; ]
1200202690[115 57 20 33 27 0 1; 279 72 20 30 48 0 1; 313 63 22 38 68 1 2; 234 62 20 35 69 0 1; ]
1200202691[114 55 20 33 27 0 1; 280 69 20 31 48 0 1; 314 61 22 38 68 1 2; 235 61 20 35 69 0 1; ]
1200202692[113 53 20 33 27 0 1; 281 65 20 31 48 0 1; 315 60 22 38 68 1 2; 236 58 20 35 69 0 1; ]
1200202693[111 52 20 33 27 0 1; 282 62 20 31 48 0 1; 317 58 22 38 68 1 2; 237 56 20 35 69 1 1; ]
1200202694[110 50 20 32 27 0 1; 282 60 20 31 48 0 1; 318 57 22 38 68 1 2; 238 55 20 35 69 1 1; ]
1200202695[109 49 20 32 27 0 1; 283 58 20 32 48 0 1; 319 56 22 38 68 1 2; 238 54 20 35 69 1 1; ]
1200202696[108 48 20 32 27 0 1; 283 56 20 32 48 0 1; 319 56 23 38 68 1 2; 238 53 20 35 69 1 1; ]
1200202697[106 47 20 33 27 0 1; 284 56 20 33 48 0 1; 318 56 24 38 68 1 2; 237 53 20 35 69 1 1; ]
1200202698[105 47 20 33 27 0 1; 284 56 20 33 48 0 1; 317 56 27 38 68 1 2; 237 53 20 35 69 1 1; ]
1200202699[103 47 20 33 27 0 1; 285 56 20 33 48 0 1; 317 56 27 38 68 1 2; 237 53 20 35 69 1 1; ]
1200202700[102 47 20 33 27 0 1; 285 56 20 33 48 0 1; 318 56 27 36 68 1 2; 237 53 20 35 69 1 1; ]
1200202701[100 47 20 33 27 0 1; 285 56 20 33 48 0 1; 318 55 27 35 68 1 2; 238 53 20 35 69 1 1; ]
1200202702[99 48 20 33 27 0 1; 285 56 20 33 48 0 1; 318 55 27 35 68 1 2; 238 53 20 35 69 1 1; ]
1200202703[97 48 20 33 27 0 1; 285 55 20 33 48 0 1; 319 55 27 35 68 1 2; 238 52 20 35 69 1 1; ]
1200202704[96 47 20 33 27 0 1; 285 55 20 33 48 0 1; 319 55 27 35 68 1 2; 238 52 20 35 69 1 1; ]
1200202705[94 46 20 33 27 0 1; 285 55 20 33 48 0 1; 319 55 27 35 68 1 2; 239 51 20 35 69 1 1; ]
1200202706[92 44 20 33 27 0 1; 286 54 20 33 48 0 1; 239 50 20 35 69 1 1; ]
1200202707[91 44 20 33 27 0 1; 286 54 20 33 48 0 1; 239 50 20 35 69 1 1; ]
1200202708[90 43 20 33 27 0 1; 286 54 20 33 48 0 1; 240 49 20 35 69 1 1; ]
1200202709[88 43 20 33 27 0 1; 286 54 20 33 48 0 1; 240 49 20 35 69 1 1; ]
1200202710[86 43 20 33 27 0 1; 286 54 20 33 48 0 1; 240 49 20 35 69 1 1; ]
1200202711[85 43 20 33 27 0 1; 286 55 20 33 48 0 1; 240 50 20 35 69 1 1; ]
1200202712[83 43 20 33 27 0 1; 286 55 20 34 48 0 1; 240 50 20 35 69 1 1; ]
1200202713[81 44 20 33 27 0 1; 286 56 20 34 48 0 1; 240 51 20 35 69 1 1; ]
1200202714[79 44 20 33 27 0 1; 286 56 20 34 48 0 1; 240 51 20 35 69 1 1; ]
1200202715[76 45 20 33 27 0 1; 286 56 20 35 48 0 1; 240 52 20 35 69 1 1; ]
1200202716[74 45 20 33 27 0 1; 286 57 20 35 48 0 1; 241 53 20 35 69 1 1; ]
1200202717[73 47 20 33 27 0 1; 287 57 20 36 48 0 1; 242 54 20 36 69 1 1; ]
1200202718[288 57 20 37 48 0 1; 242 54 20 36 69 1 1; ]
1200202719[288 57 20 37 48 0 1; 242 54 20 36 69 1 1; ]
1200202720[289 58 20 37 48 0 1; 242 54 20 36 69 1 1; ]
1200202721[289 58 20 37 48 0 1; 242 54 20 36 69 1 1; ]
1200202722[290 58 20 37 48 0 1; 242 54 20 36 69 1 1; ]
1200202723[290 59 20 37 48 0 1; 243 54 20 36 69 1 1; ]
1200202724[291 59 20 37 48 0 1; 243 54 20 36 69 1 1; ]
1200202725[292 60 20 37 48 0 1; 243 55 20 36 69 1 1; ]
1200202726[294 61 20 37 48 0 1; 244 55 20 36 69 1 1; ]
1200202727[294 62 20 37 48 0 1; 243 56 20 36 69 1 1; ]
1200202728[294 63 20 37 48 0 1; 243 59 20 36 69 1 1; ]
1200202729[294 64 20 37 48 0 1; 243 61 20 36 69 1 1; ]
1200202730[295 65 20 37 48 0 1; 242 62 20 36 69 1 1; ]
1200202731[296 65 20 37 48 0 1; 243 62 20 36 69 1 1; ]
1200202732[297 66 20 37 48 0 1; 245 62 20 36 69 1 1; ]
1200202733[298 67 20 37 48 0 1; 246 62 20 36 69 1 1; ]
1200202734[298 67 20 37 48 0 1; ]
1200202735[298 67 20 37 48 0 1; ]
1200202736[34 55 20 36 28 0 1; 298 67 20 37 48 0 1; ]
1200202737[31 55 20 36 28 0 1; 298 67 20 37 48 0 1; ]
1200202738[28 55 21 36 28 0 1; 299 68 20 36 49 0 1; ]
1200202739[26 55 21 36 28 0 1; 300 68 20 36 49 0 1; ]
1200202740[24 55 21 36 28 0 1; 301 68 20 36 49 0 1; ]
1200202741[22 55 21 36 28 0 1; 302 68 20 36 49 0 1; ]
1200202742[20 56 20 36 28 0 1; 303 68 20 36 49 0 1; ]
1200202743[18 56 20 36 28 0 1; 303 68 20 36 49 0 1; ]
1200202744[254 61 20 39 23 1 1; 17 56 20 36 28 0 1; 304 68 20 36 49 0 1; ]
1200202745[255 61 20 39 23 1 1; 15 56 20 36 28 0 1; 305 68 20 36 49 0 1; ]
1200202746[256 62 20 39 23 1 1; 13 55 21 37 28 0 1; 306 68 20 36 49 0 1; ]
1200202747[256 62 20 38 23 1 1; 11 54 22 39 28 0 1; 307 68 20 36 49 0 1; ]
1200202748[258 62 20 38 23 1 1; 10 54 22 39 28 0 1; 308 68 20 36 49 0 1; ]
1200202749[259 63 20 38 23 1 1; 8 53 22 39 28 0 1; 310 68 20 36 49 0 1; ]
1200202750[261 63 20 38 23 1 1; 7 53 21 39 28 0 1; 312 68 20 36 49 0 1; ]
1200202751[265 64 20 38 23 1 1; 6 53 20 39 28 0 1; 314 68 20 36 49 0 1; ]
1200202752[267 65 23 38 23 1 1; 5 53 20 39 28 0 1; 316 67 20 36 49 0 1; 389 67 18 44 71 1 3; ]
1200202753[266 61 28 43 23 1 1; 5 52 20 39 28 0 1; 318 66 20 36 49 0 1; 393 66 18 44 71 1 3; ]
1200202754[269 59 28 43 23 1 1; 5 51 20 39 28 0 1; 321 65 20 36 49 0 1; 397 65 18 43 71 1 3; ]
1200202755[273 57 28 43 23 1 1; 5 49 20 39 28 0 1; 324 64 20 36 49 0 1; 400 64 18 43 71 1 3; ]
1200202756[276 56 28 43 23 1 1; 5 48 20 39 28 0 1; 327 64 20 36 49 0 1; 404 64 18 43 71 1 3; ]
1200202757[279 56 27 43 23 1 1; 5 47 20 39 28 0 1; 330 63 20 36 49 0 1; 407 63 18 43 71 1 3; ]
1200202758[282 55 25 43 23 1 1; 5 47 21 39 28 0 1; 333 63 20 36 49 0 1; 411 63 18 43 71 1 3; ]
1200202759[284 55 24 43 23 1 1; 5 47 21 39 28 0 1; 335 63 20 36 49 0 1; 415 63 18 43 71 1 3; ]
1200202760[288 55 24 43 23 1 1; 5 47 21 40 28 0 1; 338 62 20 37 49 0 1; 418 64 18 43 71 1 3; ]
1200202761[291 56 24 43 23 1 1; 5 48 22 40 28 0 1; 341 62 20 37 49 0 1; 422 65 18 43 71 1 3; ]
1200202762[294 57 25 43 23 1 1; 5 49 23 40 28 0 1; 344 63 20 37 49 0 1; 425 65 18 44 71 1 3; ]
1200202763[296 62 26 38 23 1 1; 5 49 23 41 28 0 1; 347 63 20 37 49 0 1; 429 66 18 44 71 1 3; ]
1200202764[298 59 26 42 23 1 1; 5 49 24 41 28 0 1; 351 64 20 37 49 0 1; 432 67 18 44 71 1 3; ]
1200202765[300 67 28 35 23 1 1; 5 49 26 41 28 0 1; 354 65 20 37 49 0 1; 436 67 19 44 71 1 3; ]
1200202766[302 66 35 37 23 1 1; 4 49 27 41 28 0 1; 356 65 20 37 49 0 1; 440 67 19 44 71 1 3; ]
1200202767[305 68 31 35 23 1 1; 4 49 28 41 28 0 1; 359 66 20 37 49 0 1; 443 67 19 44 71 1 3; ]
1200202768[309 69 33 35 23 1 1; 4 49 27 41 28 0 1; 362 66 20 37 49 0 1; 447 67 19 44 71 1 3; ]
1200202769[312 70 35 34 23 1 1; 5 49 26 41 28 0 1; 365 66 20 37 49 0 1; 451 67 19 44 71 1 3; ]
1200202770[315 70 35 34 23 1 1; 5 49 24 41 28 0 1; 369 65 20 37 49 0 1; 455 66 19 44 71 1 3; ]
1200202771[318 71 33 33 23 1 1; 6 49 24 41 28 0 1; 372 65 20 37 49 0 1; 458 66 19 44 71 1 3; ]
1200202772[321 71 35 33 23 1 1; 6 49 24 41 28 0 1; 375 65 20 37 49 0 1; 462 65 19 44 71 1 3; 408 61 15 34 72 1 3; ]
1200202773[324 72 35 32 23 1 1; 7 49 24 41 28 0 1; 378 64 20 37 49 0 1; 408 59 20 39 61 1 1; 466 65 19 44 71 1 3; ]
1200202774[326 72 35 32 23 1 1; 8 49 24 41 28 0 1; 381 64 20 37 49 0 1; 412 59 20 39 61 1 1; 470 64 19 43 71 1 3; ]
1200202775[330 72 35 32 23 1 1; 9 49 24 41 28 0 1; 384 64 20 38 49 0 1; 415 59 20 39 61 1 1; 474 64 19 44 71 1 3; ]
1200202776[333 72 35 32 23 1 1; 10 49 24 41 28 0 1; 388 63 20 38 49 0 1; 419 59 20 38 61 1 1; 479 63 19 44 71 1 3; ]
1200202777[337 72 35 32 23 1 1; 10 48 24 41 28 0 1; 391 63 20 39 49 0 1; 422 59 20 38 61 1 1; 483 63 19 44 71 1 3; ]
1200202778[340 72 34 31 23 1 1; 11 48 23 41 28 0 1; 394 62 20 39 49 0 1; 425 58 20 38 61 1 1; 487 63 19 44 71 1 3; ]
1200202779[343 72 34 30 23 1 1; 12 47 23 41 28 0 1; 398 62 20 39 49 0 1; 428 56 20 37 61 1 1; 491 63 19 45 71 1 3; ]
1200202780[347 72 34 30 23 1 1; 12 47 22 41 28 0 1; 401 61 20 39 49 0 1; 431 55 20 37 61 1 1; ]
1200202781[350 71 33 30 23 1 1; 12 46 21 41 28 0 1; 404 60 20 39 49 0 1; 435 54 20 37 61 1 1; ]
1200202782[353 69 32 31 23 1 1; 12 45 21 41 28 0 1; 407 59 20 39 49 0 1; 438 54 20 37 61 1 1; ]
1200202783[357 67 31 32 23 1 1; 12 45 22 41 28 0 1; 410 59 20 39 49 0 1; 442 54 20 37 61 1 1; ]
1200202784[361 66 30 33 23 1 1; 12 44 23 41 28 0 1; 414 58 20 39 49 0 1; 446 54 20 37 61 1 1; ]
1200202785[364 65 30 33 23 1 1; 12 43 24 41 28 0 1; 418 58 20 39 49 0 1; 449 54 20 37 61 1 1; ]
1200202786[368 63 29 33 23 1 1; 13 42 23 41 28 0 1; 421 57 20 39 49 0 1; 453 54 20 37 61 1 1; ]
1200202787[372 63 28 34 23 1 1; 14 42 23 42 28 0 1; 425 57 20 39 49 0 1; 456 53 20 38 61 1 1; ]
1200202788[376 63 27 34 23 1 1; 15 42 22 43 28 0 1; 429 58 20 39 49 0 1; 459 53 20 38 61 1 1; ]
1200202789[380 63 26 35 23 1 1; 16 42 22 43 28 0 1; 432 58 20 39 49 0 1; 463 53 20 38 61 1 1; ]
1200202790[384 63 24 35 23 1 1; 16 42 23 43 28 0 1; 435 59 20 39 49 0 1; 467 54 20 38 61 1 1; ]
1200202791[388 63 22 36 23 1 1; 16 43 25 44 28 0 1; 439 60 20 39 49 0 1; 470 55 20 38 61 1 1; ]
1200202792[392 63 21 37 23 1 1; 16 44 27 44 28 0 1; 442 61 20 39 49 0 1; 474 55 20 38 61 1 1; ]
1200202793[397 64 20 37 23 1 1; 17 44 28 44 28 0 1; 446 61 20 39 49 0 1; 478 55 20 38 61 1 1; ]
1200202794[400 65 20 37 23 1 1; 19 44 26 44 28 0 1; 450 62 20 39 49 0 1; 481 56 20 39 61 1 1; ]
1200202795[401 64 20 38 23 1 1; 390 60 20 43 25 1 1; 21 44 23 44 28 0 1; 453 62 20 39 49 0 1; 485 56 20 39 61 1 1; ]
1200202796[403 62 21 38 23 1 1; 393 60 20 43 25 1 1; 21 44 23 44 28 0 1; 457 62 20 39 49 0 1; 489 56 20 39 61 1 1; ]
1200202797[409 61 20 37 23 1 1; 396 59 20 43 25 1 1; 21 44 22 44 28 0 1; 460 62 20 39 49 0 1; ]
1200202798[410 62 21 38 23 1 1; 399 59 20 43 25 1 1; 22 44 22 44 28 0 1; 463 62 20 39 49 0 1; ]
1200202799[414 62 21 38 23 1 1; 402 59 20 43 25 1 1; 22 43 22 44 28 0 1; 467 62 20 39 49 0 1; ]
1200202800[405 58 20 43 25 1 1; 24 42 22 44 28 0 1; 471 62 20 39 49 0 1; ]
1200202801[409 58 20 43 25 1 1; 24 42 23 44 28 0 1; 475 61 20 39 49 0 1; ]
1200202802[412 58 20 43 25 1 1; 25 41 23 44 28 0 1; 479 61 20 39 49 0 1; ]
1200202803[416 57 20 43 25 1 1; 25 41 23 44 28 0 1; 482 60 20 39 49 0 1; ]
1200202804[419 57 20 43 25 0 1; 26 41 23 44 28 0 1; 486 59 20 39 49 0 1; 288 57 20 37 53 0 1; ]
1200202805[422 56 20 43 25 0 1; 27 40 23 44 28 0 1; 489 58 20 39 49 0 1; 291 56 20 37 53 0 1; ]
1200202806[425 55 20 43 25 0 1; 28 39 22 44 28 0 1; 294 55 20 37 53 0 1; ]
1200202807[428 54 20 43 25 0 1; 29 38 21 44 28 0 1; 297 54 20 37 53 0 1; ]
1200202808[432 53 20 43 25 0 1; 29 37 21 44 28 0 1; 300 54 20 37 53 0 1; ]
1200202809[435 53 20 43 25 0 1; 29 37 22 44 28 0 1; 303 54 20 37 53 0 1; ]
1200202810[439 53 20 43 25 0 1; 29 37 24 44 28 0 1; 306 55 20 37 53 0 1; ]
1200202811[443 53 20 43 25 0 1; 29 37 27 44 28 0 1; 486 56 20 39 51 0 1; 309 56 20 37 53 0 1; ]
1200202812[446 54 20 43 25 0 1; 29 37 28 44 28 0 1; 489 56 20 40 51 0 1; 312 56 20 37 53 0 1; ]
1200202813[461 55 21 43 24 1 1; 450 54 20 43 25 0 1; 30 37 27 44 28 0 1; 315 56 20 37 53 0 1; ]
1200202814[464 54 21 43 24 1 1; 453 54 20 43 25 0 1; 32 36 26 44 28 0 1; 318 55 20 37 53 0 1; ]
1200202815[468 53 21 44 24 1 1; 457 53 20 43 25 0 1; 34 36 24 43 28 0 1; 321 55 20 37 53 0 1; ]
1200202816[471 51 21 44 24 1 1; 460 52 20 43 25 0 1; 37 34 22 44 28 0 1; 323 54 20 37 53 0 1; ]
1200202817[475 50 21 45 24 1 1; 463 50 20 43 25 0 1; 38 33 20 44 28 0 1; 326 53 20 37 53 0 1; ]
1200202818[479 49 21 45 24 0 1; 467 49 20 43 25 0 1; 39 32 20 45 28 0 1; 329 52 20 38 53 0 1; ]
1200202819[483 48 21 45 24 0 1; 470 49 20 43 25 0 1; 39 31 20 45 28 0 1; 332 50 20 38 53 0 1; ]
1200202820[487 47 21 45 24 0 1; 473 48 20 43 25 0 1; 39 30 20 45 28 0 1; 335 50 20 38 53 0 1; ]
1200202821[477 48 20 44 25 0 1; 39 28 21 45 28 0 1; 337 50 20 38 53 0 1; ]
1200202822[480 48 20 44 25 0 1; 38 28 23 45 28 0 1; 339 49 20 38 53 0 1; ]
1200202823[484 47 20 45 25 0 1; 38 27 24 45 28 0 1; 342 49 20 38 53 0 1; ]
1200202824[488 46 20 45 25 0 1; 39 27 26 45 28 0 1; 344 49 20 38 53 0 1; ]
1200202825[39 27 27 45 28 0 1; 347 48 20 39 53 0 1; ]
1200202826[40 27 26 45 28 0 1; 349 48 20 39 53 0 1; ]
1200202827[41 27 24 45 28 0 1; 352 48 20 39 53 0 1; ]
1200202828[41 27 24 45 28 0 1; 354 48 20 39 53 0 1; ]
1200202829[41 27 23 45 28 0 1; 355 48 20 39 53 0 1; ]
1200202830[41 27 22 45 28 0 1; 357 48 20 38 53 0 1; ]
1200202831[40 27 20 46 28 0 1; 358 48 20 38 53 0 1; ]
1200202832[39 27 20 46 28 0 1; 360 48 20 38 53 0 1; ]
1200202833[38 26 23 46 28 0 1; 363 47 20 38 53 0 1; ]
1200202834[37 26 26 47 28 0 1; 365 47 20 38 53 0 1; ]
1200202835[37 26 26 47 28 0 1; 367 47 20 38 53 0 1; ]
1200202836[37 26 26 47 28 0 1; 368 47 20 39 53 0 1; ]
1200202837[37 26 27 47 28 0 1; 370 47 20 39 53 0 1; ]
1200202838[37 26 27 47 28 0 1; 372 47 20 39 53 0 1; ]
1200202839[37 26 26 47 28 0 1; 374 47 20 40 53 0 1; ]
1200202840[38 25 23 47 28 0 1; 375 47 20 40 53 0 1; ]
1200202841[38 25 21 48 28 0 1; 377 47 20 40 53 0 1; ]
1200202842[39 25 20 48 28 0 1; 379 47 20 41 53 0 1; ]
1200202843[38 25 20 48 28 0 1; 381 47 20 41 53 0 1; ]
1200202844[37 25 21 48 28 0 1; 383 48 20 41 53 0 1; 176 38 20 31 54 0 0; ]
1200202845[35 26 23 48 28 0 1; 386 48 20 41 53 0 1; 177 39 20 31 54 0 0; ]
1200202846[35 27 25 48 28 0 1; 388 49 20 41 53 0 1; 179 39 20 31 54 0 0; ]
1200202847[35 28 25 48 28 0 1; 390 49 20 41 53 0 1; 181 40 20 31 54 0 0; ]
1200202848[36 29 26 48 28 0 1; 392 50 20 41 53 0 1; 182 41 20 31 54 0 0; ]
1200202849[36 30 26 48 28 0 1; 393 50 20 41 53 0 1; 184 41 20 31 54 0 0; ]
1200202850[37 30 25 48 28 0 1; 396 51 20 41 53 0 1; 187 42 20 30 54 0 0; ]
1200202851[38 31 23 48 28 0 1; 399 52 20 41 53 0 1; ]
1200202852[39 31 21 49 28 0 1; 402 53 20 41 53 0 1; ]
1200202853[39 32 20 49 28 0 1; 405 54 20 41 53 0 1; ]
1200202854[39 33 20 49 28 0 1; 408 55 20 41 53 0 1; ]
1200202855[39 34 21 50 28 0 1; 410 57 20 41 53 0 1; ]
1200202856[39 36 23 50 28 0 1; 413 58 20 41 53 0 1; ]
1200202857[39 37 24 50 28 0 1; 416 60 20 41 53 0 1; ]
1200202858[39 38 24 50 28 0 1; 419 61 20 41 53 0 1; 203 51 20 31 54 0 0; ]
1200202859[40 40 25 50 28 0 1; 422 63 20 42 53 0 1; 205 51 20 33 54 0 0; ]
1200202860[40 42 26 50 28 0 1; 425 64 20 43 53 0 1; 207 52 20 33 54 0 0; ]
1200202861[41 41 26 50 28 0 1; 427 65 20 43 53 0 1; 209 52 20 32 54 0 0; ]
1200202862[42 41 26 50 28 0 1; 430 64 20 43 53 0 1; 212 53 20 31 54 0 0; ]
1200202863[43 40 26 50 28 0 1; 433 64 20 42 53 0 1; 214 53 20 31 54 0 0; ]
1200202864[44 39 26 50 28 0 1; 435 62 20 42 53 0 1; 217 52 20 30 54 0 0; ]
1200202865[45 38 26 50 28 0 1; 439 62 20 42 53 0 1; 220 50 20 30 54 0 0; ]
1200202866[45 37 26 51 28 0 1; 443 61 20 42 53 0 1; 223 49 20 30 54 0 0; ]
1200202867[46 36 26 51 28 0 1; 447 61 20 42 53 0 1; 225 48 20 30 54 0 0; ]
1200202868[47 36 26 51 28 0 1; 450 61 20 42 53 0 1; 228 49 20 30 54 0 0; ]
1200202869[48 37 26 51 28 0 1; 453 62 20 42 53 0 1; 231 52 20 30 54 0 0; ]
1200202870[48 41 26 51 28 0 1; 456 65 20 43 53 0 1; 233 55 20 30 54 0 0; ]
1200202871[49 45 27 51 28 0 1; 459 68 20 44 53 0 1; 236 59 20 30 54 0 0; ]
1200202872[49 49 27 51 28 0 1; 461 71 20 44 53 0 1; ]
1200202873[51 51 26 51 28 0 1; 464 73 20 44 53 0 1; ]
1200202874[52 53 24 51 28 0 1; 467 76 20 44 53 0 1; ]
1200202875[54 55 21 51 28 0 1; 471 78 20 44 53 0 1; ]
1200202876[56 57 21 52 28 0 1; 474 80 20 44 53 0 1; ]
1200202877[57 59 21 52 28 0 1; 478 82 20 44 53 0 1; ]
1200202878[57 60 21 53 28 0 1; 481 84 20 43 53 0 1; ]
1200202879[58 60 21 53 28 0 1; 485 86 20 42 53 0 1; ]
1200202880[57 59 24 53 28 0 1; 489 82 20 42 53 0 1; ]
1200202881[56 58 27 52 28 0 1; ]
1200202882[57 55 27 52 28 0 1; 0 55 24 52 40 0 1; 263 68 20 30 54 0 0; ]
1200202883[59 53 27 51 28 0 1; 2 50 25 52 40 0 1; 265 65 20 31 54 0 0; ]
1200202884[60 52 26 52 28 0 1; 4 47 25 52 40 0 1; 268 64 20 31 54 0 0; ]
1200202885[62 51 25 52 28 0 1; 7 48 24 54 41 0 2; 271 64 20 31 54 0 0; ]
1200202886[64 50 24 52 28 0 1; 9 48 25 54 41 0 2; 274 63 20 31 54 0 0; ]
1200202887[64 50 23 53 28 0 1; 11 48 26 54 41 0 2; 276 64 20 31 54 0 0; ]
1200202888[64 50 23 53 28 0 1; 12 49 27 54 41 0 2; 278 65 20 31 54 0 0; ]
1200202889[64 51 22 53 28 0 1; 13 49 28 54 41 0 2; 280 66 20 31 54 0 0; ]
1200202890[64 51 22 53 28 0 1; 15 49 29 54 41 0 2; 283 66 20 31 54 0 0; ]
1200202891[64 51 22 53 28 0 1; 16 50 29 54 41 0 2; 284 66 20 31 54 0 0; ]
1200202892[64 51 22 53 28 0 1; 16 50 30 54 41 0 2; 284 66 20 31 54 0 0; ]
1200202893[64 51 22 53 28 0 1; 17 50 30 54 41 0 2; 284 66 20 31 54 0 0; ]
1200202894[64 51 22 53 28 0 1; 17 50 30 54 41 0 2; 284 66 20 31 54 0 0; ]
1200202895[64 51 22 53 28 0 1; 17 50 30 54 41 0 2; 284 66 20 31 54 0 0; ]
1200202896[64 51 22 53 28 0 1; 17 50 30 54 41 0 2; 284 66 20 31 54 0 0; ]
1200202897[64 51 22 53 28 0 1; 17 50 30 54 41 0 2; 284 66 20 31 54 0 0; ]
1200202898[64 51 22 53 28 0 1; 17 50 30 54 41 0 2; 284 66 20 31 54 0 0; ]
1200202899[64 51 22 53 28 0 1; 17 50 30 54 41 0 2; 284 66 20 31 54 0 0; ]
1200202900[64 51 22 53 28 0 1; 17 50 30 54 41 0 2; 284 66 20 31 54 0 0; ]
1200202901[64 51 22 53 28 0 1; 17 50 30 54 41 0 2; 284 66 20 31 54 0 0; ]
1200202902[64 51 22 53 28 0 1; 17 50 30 54 41 0 2; 284 66 20 31 54 0 0; ]
1200202903[64 51 23 53 28 0 1; 17 50 30 54 41 0 2; 284 66 20 31 54 0 0; ]
1200202904[64 51 23 53 28 0 1; 17 50 30 54 41 0 2; 284 66 20 31 54 0 0; ]
1200202905[64 51 23 53 28 0 1; 17 50 30 54 41 0 2; 285 66 20 31 54 0 0; ]
1200202906[67 45 34 55 28 0 1; 44 43 22 51 42 0 1; ]
1200202907[71 45 31 55 28 0 1; 46 44 22 51 42 0 1; ]
1200202908[72 48 28 54 28 0 1; 48 45 22 51 42 0 1; ]
1200202909[75 49 26 54 29 0 2; 50 46 22 51 42 0 1; ]
1200202910[75 49 29 55 29 0 2; 52 47 22 51 42 0 1; 330 63 20 36 55 0 0; ]
1200202911[75 49 33 56 29 0 2; 54 48 22 51 42 0 1; 332 64 20 35 55 0 0; 0 48 20 49 60 0 1; ]
1200202912[76 50 37 56 29 0 2; 56 50 22 50 42 0 1; 334 65 20 34 55 0 0; 2 49 20 49 60 0 1; ]
1200202913[77 50 24 55 30 0 1; 57 51 22 49 42 0 1; 86 53 30 55 45 0 1; 336 66 20 34 55 0 0; 4 49 20 50 60 0 1; ]
1200202914[77 51 25 54 30 0 1; 59 52 22 49 42 0 1; 89 53 29 55 45 0 1; 339 67 20 33 55 0 0; 6 50 20 51 60 0 1; ]
1200202915[77 51 25 54 30 0 1; 61 52 22 49 42 0 1; 92 54 29 55 45 0 1; 341 68 20 33 55 0 0; 8 50 20 51 60 0 1; ]
1200202916[77 52 26 53 30 0 1; 64 52 22 49 42 0 1; 95 54 28 55 45 0 1; 344 69 20 33 55 0 0; 9 50 20 51 60 0 1; ]
1200202917[77 53 26 52 30 0 1; 65 52 22 49 42 0 1; 98 54 27 55 45 0 1; 346 69 20 33 55 0 0; 11 50 20 51 60 0 1; ]
1200202918[66 49 39 57 31 0 2; 101 54 26 55 45 0 1; 349 69 20 33 55 0 0; 12 50 20 51 60 0 1; ]
1200202919[67 49 37 56 31 0 2; 104 53 24 55 45 0 1; 351 69 20 34 55 0 0; 14 49 20 51 60 0 1; ]
1200202920[69 49 35 56 31 0 2; 108 52 22 56 45 0 1; 352 68 20 35 55 0 0; 15 49 20 51 60 0 1; ]
1200202921[70 49 32 55 31 0 2; 111 51 20 57 45 0 1; 354 66 20 35 55 0 0; 16 49 20 51 60 0 1; ]
1200202922[71 49 30 55 31 0 2; 114 50 20 57 45 0 1; 356 66 20 36 55 0 0; 17 49 20 51 60 0 1; ]
1200202923[72 49 28 55 31 0 2; 117 50 21 57 45 0 1; 357 66 20 36 55 0 0; 17 49 20 51 60 0 1; ]
1200202924[74 49 26 56 32 0 1; 119 50 24 57 45 0 1; 359 66 20 35 55 0 0; 18 49 20 51 60 0 1; ]
1200202925[75 48 26 56 32 0 1; 121 50 26 57 45 0 1; 361 67 20 35 55 0 0; 19 49 20 51 60 0 1; ]
1200202926[76 48 26 56 32 0 1; 122 50 28 57 45 0 1; 363 66 20 35 55 0 0; 20 49 20 51 60 0 1; ]
1200202927[76 48 26 56 32 0 1; 124 50 28 58 45 0 1; 365 65 20 35 55 0 0; 22 49 20 51 60 0 1; ]
1200202928[75 48 27 56 32 0 1; 126 50 27 58 45 0 1; 366 65 20 35 55 0 0; 23 48 20 51 60 0 1; ]
1200202929[73 42 31 62 33 0 2; 128 49 25 59 45 0 1; 368 65 20 35 55 0 0; 24 47 20 51 60 0 1; ]
1200202930[74 44 32 62 33 0 2; 132 49 23 59 45 0 1; 370 65 20 35 55 0 0; 25 47 20 51 60 0 1; ]
1200202931[75 45 32 61 33 0 2; 135 49 22 60 45 0 1; 372 66 20 35 55 0 0; 26 47 20 51 60 0 1; ]
1200202932[75 46 32 61 33 0 2; 138 49 21 60 45 0 1; 373 67 20 35 55 0 0; 27 47 20 51 60 0 1; ]
1200202933[76 47 32 60 33 0 2; 140 49 21 60 45 0 1; 375 67 20 35 55 0 0; 28 47 20 51 60 0 1; ]
1200202934[76 47 32 58 33 0 2; 142 49 21 60 45 0 1; 376 67 20 35 55 0 0; 29 48 20 51 60 0 1; ]
1200202935[76 47 32 57 33 0 2; 144 49 23 60 45 0 1; 378 66 20 35 55 0 0; 30 48 20 51 60 0 1; ]
1200202936[73 47 36 58 33 0 2; 145 49 24 60 45 0 1; 379 65 20 35 55 0 0; 30 47 20 52 60 0 1; ]
1200202937[70 45 26 60 34 0 1; 87 47 22 55 43 0 1; 146 49 26 60 45 0 1; 381 65 20 35 55 0 0; 31 47 20 53 60 0 1; ]
1200202938[70 45 28 60 34 0 1; 88 46 22 55 43 0 1; 147 49 27 60 45 0 1; 382 64 20 35 55 0 0; 32 46 20 53 60 0 1; ]
1200202939[69 45 29 60 34 0 1; 89 46 22 55 43 0 1; 148 48 30 60 45 0 1; 383 63 20 35 55 0 0; 33 45 20 54 60 0 1; ]
1200202940[68 45 30 60 34 0 1; 90 45 22 55 43 0 1; 149 48 32 61 45 0 1; 384 62 20 35 55 0 0; 33 45 20 54 60 0 1; ]
1200202941[67 45 30 60 34 0 1; 91 45 22 55 43 0 1; 151 48 32 61 45 0 1; 385 63 20 35 55 0 0; 33 44 20 54 60 0 1; ]
1200202942[65 45 30 60 34 0 1; 91 46 22 55 43 0 1; 152 48 32 61 45 0 1; 386 63 20 35 55 0 0; 33 44 20 54 60 0 1; ]
1200202943[63 45 29 60 34 0 1; 91 46 22 55 43 0 1; 153 48 32 61 45 0 1; 387 63 20 35 55 0 0; 33 45 20 54 60 0 1; ]
1200202944[63 45 28 60 34 0 1; 92 46 22 55 43 0 1; 155 48 30 61 45 0 1; 388 63 20 35 55 0 0; 33 46 20 54 60 0 1; ]
1200202945[63 45 27 60 34 0 1; 92 47 22 55 43 0 1; 160 48 26 61 45 0 1; 390 64 20 34 55 0 0; 33 46 20 54 60 0 1; ]
1200202946[63 45 26 60 34 0 1; 92 47 22 55 43 0 1; 164 48 24 61 45 0 1; 391 64 20 33 55 0 0; 33 47 20 54 60 0 1; ]
1200202947[62 45 25 60 34 0 1; 93 47 22 55 43 0 1; 168 48 23 61 45 0 1; 392 64 20 32 55 0 0; 33 47 20 54 60 0 1; ]
1200202948[61 45 24 60 34 0 1; 93 47 22 55 43 0 1; 170 48 22 61 45 0 1; 393 65 20 32 55 0 0; 33 47 20 54 60 0 1; ]
1200202949[60 45 23 60 34 0 1; 93 47 22 55 43 0 1; 171 48 24 61 45 0 1; 394 65 20 32 55 0 0; 33 47 20 54 60 0 1; ]
1200202950[58 46 24 60 34 0 1; 93 47 22 55 43 0 1; 172 49 27 62 45 0 1; 394 65 20 33 55 0 0; 33 47 20 54 60 0 1; ]
1200202951[54 47 27 60 34 0 1; 93 47 22 55 43 0 1; 172 49 30 62 45 0 1; 395 65 20 34 55 0 0; 33 47 20 54 60 0 1; ]
1200202952[50 49 31 60 34 0 1; 90 48 22 55 43 0 1; 173 50 32 62 45 0 1; 395 66 20 35 55 0 0; 33 48 20 54 60 0 1; ]
1200202953[50 49 29 60 34 0 1; 91 49 22 55 43 0 1; 174 51 33 63 45 0 1; 396 66 20 35 55 0 0; 33 50 20 54 60 0 1; ]
1200202954[50 50 27 60 34 0 1; 92 50 23 56 43 0 1; 175 52 34 63 45 0 1; 396 67 20 35 55 0 0; 33 51 20 54 60 0 1; ]
1200202955[50 51 26 60 34 0 1; 92 52 23 56 43 0 1; 176 53 34 63 45 0 1; 396 68 20 35 55 0 0; 33 52 20 54 60 0 1; ]
1200202956[50 51 26 60 34 0 1; 93 53 23 56 43 0 1; 178 54 35 64 45 0 1; 397 70 20 34 55 0 0; 33 53 20 54 60 0 1; ]
1200202957[49 52 26 60 34 0 1; 93 54 23 56 43 0 1; 181 55 33 64 45 0 1; 398 72 20 33 55 0 0; 34 54 20 54 60 0 1; ]
1200202958[47 53 26 60 34 0 1; 93 55 23 56 43 0 1; 185 55 28 64 45 0 1; 398 73 20 32 55 0 0; 33 55 20 54 60 0 1; ]
1200202959[45 55 26 61 34 0 1; 93 56 23 56 43 0 1; 190 56 22 65 45 0 1; 399 74 20 32 55 0 0; 33 56 20 55 60 0 1; ]
1200202960[42 56 26 61 34 0 1; 93 57 23 55 43 0 1; 192 57 25 65 45 0 1; 399 75 20 32 55 0 0; 32 57 20 56 60 0 1; ]
1200202961[39 57 28 61 34 0 1; 93 59 23 55 43 0 1; 193 58 28 65 45 0 1; 400 76 20 33 55 0 0; 31 57 20 56 60 0 1; 118 67 14 30 73 1 3; ]
1200202962[31 57 35 62 35 0 2; 93 60 23 56 43 0 1; 195 59 30 65 45 0 1; 400 77 20 33 55 0 0; 118 68 14 30 73 1 3; ]
1200202963[29 60 35 60 35 0 2; 92 61 23 56 43 0 1; 196 60 31 65 45 0 1; 401 78 20 33 55 0 0; 118 69 14 30 73 1 3; ]
1200202964[28 61 35 60 35 0 2; 92 62 23 56 43 0 1; 197 61 32 65 45 0 1; 402 79 20 33 55 0 0; 118 70 14 30 73 1 3; ]
1200202965[28 62 31 61 36 0 1; 91 63 23 56 43 0 1; 197 63 34 65 45 0 1; 402 81 20 33 55 0 0; 118 70 14 30 73 1 3; ]
1200202966[28 63 27 60 36 0 1; 91 64 23 56 43 0 1; 198 64 34 65 45 0 1; 403 82 20 33 55 0 0; 118 71 14 31 73 1 3; ]
1200202967[28 63 25 60 36 0 1; 91 65 23 56 43 0 1; 199 65 35 65 45 0 1; 403 83 20 33 55 0 0; 117 72 14 31 73 1 3; ]
1200202968[24 63 25 61 36 0 1; 90 65 23 57 43 0 1; 202 65 33 65 45 0 1; 406 83 20 33 55 0 0; 117 72 15 31 73 1 3; ]
1200202969[23 63 24 61 37 0 2; 90 65 23 57 43 0 1; 207 65 29 65 45 0 1; 405 84 20 33 55 0 0; 116 73 15 31 73 1 3; ]
1200202970[19 64 26 62 37 0 2; 89 65 23 58 43 0 1; 211 65 25 66 45 0 1; 404 84 20 33 55 0 0; 115 73 16 32 73 1 3; ]
1200202971[16 64 29 62 37 0 2; 88 65 23 59 43 0 1; 214 66 23 66 45 0 1; 404 85 20 33 55 0 0; 114 74 16 32 73 1 3; ]
1200202972[12 65 31 62 37 0 2; 88 65 23 59 43 0 1; 215 67 24 66 45 0 1; 404 86 20 33 55 0 0; 114 74 16 32 73 1 3; ]
1200202973[8 66 35 62 37 0 2; 87 67 23 59 43 0 1; 216 70 27 66 45 0 1; 404 88 20 33 55 0 0; 114 75 16 32 73 1 3; ]
1200202974[4 68 39 61 37 0 2; 86 69 23 59 43 0 1; 216 71 29 66 45 0 1; 404 89 20 33 55 0 0; 114 76 16 32 73 1 3; ]
1200202975[2 69 40 61 37 0 2; 86 69 23 59 43 0 1; 217 71 31 66 45 0 1; 405 89 20 33 55 0 0; 114 77 16 33 73 1 3; ]
1200202976[2 69 40 61 37 0 2; 86 69 23 59 43 0 1; 217 71 33 66 45 0 1; 405 90 20 33 55 0 0; 114 78 16 33 73 1 3; ]
1200202977[2 69 40 61 37 0 2; 86 69 23 59 43 0 1; 217 71 35 66 45 0 1; 405 90 20 33 55 0 0; 114 79 16 33 73 1 3; ]
