0300100001[]
0300100002[]
0300100003[]
0300100004[]
0300100005[]
0300100006[]
0300100007[]
0300100008[]
0300100009[]
0300100010[]
0300100011[]
0300100012[]
0300100013[]
0300100014[]
0300100015[]
0300100016[]
0300100017[]
0300100018[]
0300100019[]
0300100020[]
0300100021[]
0300100022[]
0300100023[]
0300100024[]
0300100025[]
0300100026[]
0300100027[]
0300100028[]
0300100029[]
0300100030[]
0300100031[]
0300100032[]
0300100033[]
0300100034[]
0300100035[]
0300100036[]
0300100037[]
0300100038[]
0300100039[]
0300100040[]
0300100041[]
0300100042[]
0300100043[]
0300100044[]
0300100045[]
0300100046[]
0300100047[]
0300100048[]
0300100049[]
0300100050[]
0300100051[]
0300100052[]
0300100053[]
0300100054[]
0300100055[]
0300100056[]
0300100057[]
0300100058[]
0300100059[]
0300100060[]
0300100061[]
0300100062[]
0300100063[]
0300100064[]
0300100065[]
0300100066[]
0300100067[]
0300100068[]
0300100069[]
0300100070[]
0300100071[]
0300100072[]
0300100073[]
0300100074[]
0300100075[]
0300100076[]
0300100077[]
0300100078[]
0300100079[]
0300100080[]
0300100081[]
0300100082[]
0300100083[]
0300100084[]
0300100085[]
0300100086[]
0300100087[]
0300100088[]
0300100089[]
0300100090[]
0300100091[]
0300100092[]
0300100093[]
0300100094[]
0300100095[]
0300100096[]
0300100097[]
0300100098[]
0300100099[]
0300100100[]
0300100101[]
0300100102[]
0300100103[]
0300100104[]
0300100105[]
0300100106[]
0300100107[]
0300100108[]
0300100109[]
0300100110[]
0300100111[]
0300100112[]
0300100113[]
0300100114[]
0300100115[]
0300100116[]
0300100117[]
0300100118[]
0300100119[]
0300100120[]
0300100121[]
0300100122[]
0300100123[]
0300100124[]
0300100125[]
0300100126[]
0300100127[]
0300100128[]
0300100129[]
0300100130[]
0300100131[]
0300100132[]
0300100133[]
0300100134[]
0300100135[]
0300100136[]
0300100137[]
0300100138[]
0300100139[]
0300100140[]
0300100141[]
0300100142[]
0300100143[]
0300100144[]
0300100145[]
0300100146[]
0300100147[]
0300100148[]
0300100149[]
0300100150[]
0300100151[]
0300100152[]
0300100153[]
0300100154[]
0300100155[]
0300100156[]
0300100157[]
0300100158[]
0300100159[]
0300100160[]
0300100161[]
0300100162[]
0300100163[]
0300100164[]
0300100165[]
0300100166[]
0300100167[]
0300100168[]
0300100169[]
0300100170[]
0300100171[]
0300100172[]
0300100173[]
0300100174[]
0300100175[]
0300100176[]
0300100177[]
0300100178[]
0300100179[]
0300100180[]
0300100181[]
0300100182[]
0300100183[]
0300100184[]
0300100185[]
0300100186[]
0300100187[]
0300100188[]
0300100189[]
0300100190[]
0300100191[]
0300100192[]
0300100193[]
0300100194[]
0300100195[]
0300100196[]
0300100197[]
0300100198[]
0300100199[]
0300100200[]
0300100201[]
0300100202[]
0300100203[]
0300100204[]
0300100205[]
0300100206[]
0300100207[]
0300100208[]
0300100209[]
0300100210[]
0300100211[]
0300100212[]
0300100213[]
0300100214[]
0300100215[]
0300100216[]
0300100217[]
0300100218[]
0300100219[]
0300100220[]
0300100221[]
0300100222[]
0300100223[]
0300100224[]
0300100225[]
0300100226[]
0300100227[]
0300100228[]
0300100229[]
0300100230[]
0300100231[]
0300100232[]
0300100233[]
0300100234[]
0300100235[]
0300100236[]
0300100237[]
0300100238[]
0300100239[]
0300100240[]
0300100241[]
0300100242[]
0300100243[]
0300100244[]
0300100245[]
0300100246[]
0300100247[]
0300100248[]
0300100249[]
0300100250[]
0300100251[]
0300100252[]
0300100253[]
0300100254[]
0300100255[]
0300100256[]
0300100257[]
0300100258[]
0300100259[]
0300100260[]
0300100261[]
0300100262[]
0300100263[]
0300100264[]
0300100265[]
0300100266[]
0300100267[]
0300100268[]
0300100269[]
0300100270[]
0300100271[]
0300100272[]
0300100273[]
0300100274[]
0300100275[]
0300100276[]
0300100277[]
0300100278[]
0300100279[]
0300100280[]
0300100281[]
0300100282[]
0300100283[]
0300100284[]
0300100285[]
0300100286[]
0300100287[]
0300100288[]
0300100289[]
0300100290[]
0300100291[]
0300100292[]
0300100293[]
0300100294[]
0300100295[]
0300100296[]
0300100297[]
0300100298[]
0300100299[]
0300100300[]
0300100301[]
0300100302[]
0300100303[]
0300100304[]
0300100305[]
0300100306[]
0300100307[]
0300100308[]
0300100309[]
0300100310[]
0300100311[]
0300100312[]
0300100313[]
0300100314[]
0300100315[]
0300100316[]
0300100317[]
0300100318[]
0300100319[]
0300100320[]
0300100321[]
0300100322[]
0300100323[]
0300100324[]
0300100325[]
0300100326[]
0300100327[]
0300100328[]
0300100329[]
0300100330[]
0300100331[]
0300100332[]
0300100333[]
0300100334[]
0300100335[]
0300100336[]
0300100337[]
0300100338[]
0300100339[]
0300100340[]
0300100341[]
0300100342[]
0300100343[]
0300100344[]
0300100345[]
0300100346[]
0300100347[]
0300100348[]
0300100349[]
0300100350[]
0300100351[]
0300100352[]
0300100353[]
0300100354[]
0300100355[]
0300100356[]
0300100357[]
0300100358[]
0300100359[]
0300100360[]
0300100361[]
0300100362[]
0300100363[]
0300100364[]
0300100365[]
0300100366[]
0300100367[]
0300100368[]
0300100369[]
0300100370[]
0300100371[]
0300100372[]
0300100373[]
0300100374[]
0300100375[]
0300100376[]
0300100377[]
0300100378[]
0300100379[]
0300100380[]
0300100381[]
0300100382[]
0300100383[]
0300100384[]
0300100385[]
0300100386[]
0300100387[]
0300100388[]
0300100389[]
0300100390[]
0300100391[]
0300100392[]
0300100393[]
0300100394[]
0300100395[]
0300100396[]
0300100397[]
0300100398[]
0300100399[]
0300100400[]
0300100401[]
0300100402[]
0300100403[]
0300100404[]
0300100405[]
0300100406[]
0300100407[]
0300100408[]
0300100409[]
0300100410[]
0300100411[]
0300100412[]
0300100413[]
0300100414[]
0300100415[]
0300100416[]
0300100417[]
0300100418[]
0300100419[]
0300100420[]
0300100421[]
0300100422[]
0300100423[]
0300100424[]
0300100425[]
0300100426[]
0300100427[]
0300100428[]
0300100429[]
0300100430[]
0300100431[]
0300100432[]
0300100433[]
0300100434[]
0300100435[]
0300100436[]
0300100437[]
0300100438[]
0300100439[]
0300100440[]
0300100441[]
0300100442[]
0300100443[]
0300100444[]
0300100445[]
0300100446[]
0300100447[]
0300100448[]
0300100449[]
0300100450[]
0300100451[]
0300100452[]
0300100453[]
0300100454[]
0300100455[]
0300100456[]
0300100457[]
0300100458[]
0300100459[]
0300100460[]
0300100461[]
0300100462[]
0300100463[]
0300100464[]
0300100465[]
0300100466[]
0300100467[]
0300100468[]
0300100469[]
0300100470[]
0300100471[]
0300100472[]
0300100473[]
0300100474[]
0300100475[]
0300100476[]
0300100477[]
0300100478[]
0300100479[]
0300100480[]
0300100481[]
0300100482[]
0300100483[]
0300100484[186 123 16 30 0 0 0; ]
0300100485[]
0300100486[]
0300100487[]
0300100488[]
0300100489[]
0300100490[]
0300100491[]
0300100492[]
0300100493[]
0300100494[]
0300100495[]
0300100496[]
0300100497[203 131 16 30 0 0 0; ]
0300100498[205 130 16 30 0 0 0; ]
0300100499[206 129 16 30 0 0 0; ]
0300100500[207 128 16 30 0 0 0; ]
0300100501[208 127 16 30 0 0 0; ]
0300100502[209 126 16 30 0 0 0; ]
0300100503[210 125 16 30 0 0 0; ]
0300100504[]
0300100505[]
0300100506[]
0300100507[]
0300100508[]
0300100509[]
0300100510[]
0300100511[]
0300100512[]
0300100513[]
0300100514[]
0300100515[]
0300100516[]
0300100517[]
0300100518[]
0300100519[]
0300100520[]
0300100521[]
0300100522[]
0300100523[]
0300100524[]
0300100525[]
0300100526[]
0300100527[]
0300100528[]
0300100529[]
0300100530[]
0300100531[]
0300100532[]
0300100533[]
0300100534[]
0300100535[]
0300100536[148 123 19 30 7 0 2; ]
0300100537[]
0300100538[]
0300100539[]
0300100540[]
0300100541[]
0300100542[]
0300100543[]
0300100544[223 118 16 30 0 0 0; ]
0300100545[223 117 17 30 0 0 0; ]
0300100546[223 117 17 30 0 0 0; ]
0300100547[223 116 17 31 0 0 0; ]
0300100548[223 116 17 31 0 0 0; ]
0300100549[223 116 17 31 0 0 0; ]
0300100550[223 115 17 32 0 0 0; ]
0300100551[223 115 17 32 0 0 0; ]
0300100552[223 115 18 32 0 0 0; ]
0300100553[223 115 18 33 0 0 0; ]
0300100554[223 114 18 33 0 0 0; ]
0300100555[224 113 18 33 0 0 0; ]
0300100556[224 112 18 33 0 0 0; ]
0300100557[224 111 18 33 0 0 0; ]
0300100558[224 111 18 33 0 0 0; ]
0300100559[224 110 17 33 0 0 0; ]
0300100560[225 109 17 33 0 0 0; ]
0300100561[225 109 17 33 0 0 0; ]
0300100562[225 108 17 33 0 0 0; ]
0300100563[225 107 17 33 0 0 0; ]
0300100564[225 107 17 33 0 0 0; ]
0300100565[226 106 17 33 0 0 0; ]
0300100566[226 106 17 32 0 0 0; ]
0300100567[226 106 17 32 0 0 0; ]
0300100568[226 105 17 32 0 0 0; ]
0300100569[227 108 17 32 0 0 0; ]
0300100570[227 111 18 32 0 0 0; ]
0300100571[227 112 18 32 0 0 0; ]
0300100572[227 113 18 32 0 0 0; ]
0300100573[227 112 18 32 0 0 0; ]
0300100574[227 111 17 32 0 0 0; ]
0300100575[227 110 17 33 0 0 0; 148 111 20 30 7 0 2; ]
0300100576[228 108 17 33 0 0 0; 148 108 20 31 7 0 2; ]
0300100577[229 103 17 32 0 0 0; 149 101 20 30 7 0 2; ]
0300100578[228 94 18 34 0 0 0; 148 93 21 30 7 0 2; ]
0300100579[228 88 18 33 0 0 0; ]
0300100580[228 84 18 33 0 0 0; ]
0300100581[228 85 18 33 0 0 0; ]
0300100582[228 91 19 32 0 0 0; ]
0300100583[229 91 19 35 0 0 0; ]
0300100584[228 91 19 36 0 0 0; ]
0300100585[228 89 20 37 0 0 0; 149 91 21 30 7 0 2; ]
0300100586[227 87 20 38 0 0 0; 148 87 21 30 7 0 2; ]
0300100587[227 87 21 38 0 0 0; 148 88 21 32 7 0 2; ]
0300100588[228 87 20 37 0 0 0; 148 87 21 33 7 0 2; ]
0300100589[229 87 19 37 0 0 0; 148 86 21 33 7 0 2; ]
0300100590[230 87 19 36 0 0 0; 148 84 21 32 7 0 2; ]
0300100591[230 87 19 36 0 0 0; 148 84 21 31 7 0 2; ]
0300100592[229 83 19 36 0 0 0; 148 83 21 30 7 0 2; ]
0300100593[228 88 19 36 0 0 0; 148 90 21 30 7 0 2; ]
0300100594[227 88 19 36 0 0 0; 148 89 21 30 7 0 2; ]
0300100595[228 96 19 33 0 0 0; 148 96 21 30 7 0 2; ]
0300100596[228 96 19 34 0 0 0; 148 97 21 30 7 0 2; ]
0300100597[229 97 19 31 0 0 0; 148 99 21 30 7 0 2; ]
0300100598[229 99 19 31 0 0 0; 148 100 22 30 7 0 2; ]
0300100599[229 103 19 31 0 0 0; 148 103 22 30 7 0 2; ]
0300100600[229 104 19 31 0 0 0; 148 104 22 31 7 0 2; ]
0300100601[229 105 19 32 0 0 0; 148 105 21 31 7 0 2; ]
0300100602[229 106 19 32 0 0 0; 148 105 21 31 7 0 2; ]
0300100603[229 106 20 33 0 0 0; 148 106 21 31 7 0 2; ]
0300100604[229 106 20 34 0 0 0; 148 107 21 31 7 0 2; ]
0300100605[229 106 20 34 0 0 0; 148 108 21 31 7 0 2; ]
0300100606[229 106 20 34 0 0 0; 148 109 21 30 7 0 2; ]
0300100607[229 106 20 35 0 0 0; 148 108 21 31 7 0 2; ]
0300100608[229 106 19 35 0 0 0; 148 108 21 31 7 0 2; ]
0300100609[229 105 19 35 0 0 0; 148 107 21 32 7 0 2; ]
0300100610[230 105 19 35 0 0 0; 148 106 22 32 7 0 2; ]
0300100611[230 104 19 35 0 0 0; 148 106 22 31 7 0 2; ]
0300100612[231 104 19 35 0 0 0; 148 105 22 31 7 0 2; ]
0300100613[231 103 19 35 0 0 0; 148 105 22 30 7 0 2; ]
0300100614[232 103 19 35 0 0 0; 148 105 22 30 7 0 2; ]
0300100615[233 103 19 35 0 0 0; 149 105 22 30 7 0 2; ]
0300100616[233 103 20 35 0 0 0; 150 106 22 30 7 0 2; ]
0300100617[234 103 20 36 0 0 0; 151 106 22 30 7 0 2; ]
0300100618[235 104 20 36 0 0 0; 152 106 22 30 7 0 2; ]
0300100619[235 104 20 36 0 0 0; 153 106 22 30 7 0 2; ]
0300100620[236 105 20 36 0 0 0; 154 106 22 30 7 0 2; ]
0300100621[237 105 21 37 0 0 0; 154 107 22 30 7 0 2; ]
0300100622[237 106 21 37 0 0 0; 155 107 22 31 7 0 2; ]
0300100623[238 106 21 37 0 0 0; 155 108 23 32 7 0 2; ]
0300100624[239 107 21 38 0 0 0; 156 109 23 33 7 0 2; ]
0300100625[239 107 21 38 0 0 0; 156 109 24 34 7 0 2; ]
0300100626[240 108 22 39 0 0 0; 157 111 23 33 7 0 2; ]
0300100627[241 108 22 39 0 0 0; 158 112 22 33 7 0 2; ]
0300100628[242 108 22 39 0 0 0; 159 112 22 32 7 0 2; ]
0300100629[243 109 23 39 0 0 0; 160 113 22 32 7 0 2; ]
0300100630[244 109 23 39 0 0 0; 161 112 23 31 7 0 2; ]
0300100631[245 108 23 39 0 0 0; 162 110 24 31 7 0 2; ]
0300100632[247 107 23 39 0 0 0; 163 109 25 30 7 0 2; ]
0300100633[248 105 23 40 0 0 0; 164 109 25 30 7 0 2; ]
0300100634[249 104 23 40 0 0 0; 165 109 25 31 7 0 2; ]
0300100635[251 104 23 40 0 0 0; 166 109 25 31 7 0 2; ]
0300100636[252 105 23 40 0 0 0; 167 109 25 31 7 0 2; ]
0300100637[253 105 23 40 0 0 0; 168 109 25 31 7 0 2; ]
0300100638[255 105 23 40 0 0 0; 169 109 25 32 7 0 2; ]
0300100639[257 105 23 40 0 0 0; 170 109 25 33 7 0 2; ]
0300100640[258 106 23 40 0 0 0; 171 109 25 34 7 0 2; ]
0300100641[260 106 22 40 0 0 0; 173 109 25 34 7 0 2; ]
0300100642[261 106 22 41 0 0 0; 174 108 25 34 7 0 2; ]
0300100643[263 105 22 42 0 0 0; 175 107 25 34 7 0 2; ]
0300100644[264 105 22 43 0 0 0; 176 106 25 34 7 0 2; ]
0300100645[266 104 22 44 0 0 0; 178 106 25 34 7 0 2; ]
0300100646[267 103 22 44 0 0 0; 179 105 25 34 7 0 2; ]
0300100647[269 102 23 45 0 0 0; 180 104 25 34 7 0 2; ]
0300100648[270 101 23 45 0 0 0; 181 103 25 34 7 0 2; ]
0300100649[272 100 23 45 0 0 0; 182 102 25 35 7 0 2; ]
0300100650[274 99 23 45 0 0 0; 184 101 25 35 7 0 2; ]
0300100651[275 98 23 45 0 0 0; 185 100 25 35 7 0 2; ]
0300100652[277 97 22 45 0 0 0; 186 99 25 35 7 0 2; ]
0300100653[278 95 22 44 0 0 0; 187 98 25 36 7 0 2; ]
0300100654[280 94 23 44 0 0 0; 188 97 25 36 7 0 2; ]
0300100655[281 92 23 44 0 0 0; 190 96 25 36 7 0 2; ]
0300100656[283 91 24 43 0 0 0; 190 93 25 37 7 0 2; ]
0300100657[284 89 24 43 0 0 0; 191 91 25 37 7 0 2; ]
0300100658[285 88 24 44 0 0 0; 192 89 25 37 7 0 2; ]
0300100659[287 87 25 44 0 0 0; 194 87 25 38 7 0 2; ]
0300100660[289 85 25 44 0 0 0; 196 85 25 38 7 0 2; ]
0300100661[291 84 25 44 0 0 0; 198 84 26 38 7 0 2; ]
0300100662[294 82 24 44 0 0 0; 200 83 26 38 7 0 2; ]
0300100663[299 81 24 45 0 0 0; 202 83 26 38 7 0 2; ]
0300100664[301 79 24 45 0 0 0; 206 82 27 37 7 0 2; ]
0300100665[302 78 24 45 0 0 0; 206 82 27 37 7 0 2; ]
0300100666[302 78 24 44 0 0 0; 206 81 27 37 7 0 2; ]
0300100667[302 77 25 44 0 0 0; 206 81 27 37 7 0 2; ]
0300100668[303 74 25 45 0 0 0; 208 78 27 37 7 0 2; ]
0300100669[306 72 25 44 0 0 0; 211 73 27 37 7 0 2; ]
0300100670[311 65 24 48 0 0 0; 213 70 28 38 7 0 2; ]
0300100671[309 65 28 50 0 0 0; 214 70 27 38 7 0 2; ]
0300100672[312 65 25 51 0 0 0; 214 70 26 39 7 0 2; ]
0300100673[317 69 26 47 0 0 0; 216 73 28 40 7 0 2; ]
0300100674[317 69 26 48 0 0 0; 217 74 28 40 7 0 2; ]
0300100675[316 69 26 49 0 0 0; 218 75 26 39 7 0 2; ]
0300100676[317 70 26 50 0 0 0; 220 76 26 40 7 0 2; ]
0300100677[319 73 26 50 0 0 0; 221 80 27 39 7 0 2; ]
0300100678[322 77 26 50 0 0 0; 222 83 27 39 7 0 2; ]
0300100679[325 78 26 50 0 0 0; 223 84 27 39 7 0 2; ]
0300100680[327 79 26 50 0 0 0; 225 85 28 39 7 0 2; ]
0300100681[328 80 26 50 0 0 0; 235 87 18 36 3 0 1; 224 87 19 38 8 0 1; ]
0300100682[330 81 27 51 0 0 0; 237 88 18 36 3 0 1; 227 87 19 39 8 0 1; ]
0300100683[336 81 28 51 0 0 0; 242 88 18 40 3 0 1; 229 87 19 40 8 0 1; ]
0300100684[337 82 28 51 0 0 0; 243 89 17 39 3 0 1; 231 87 19 41 8 0 1; ]
0300100685[337 82 28 52 0 0 0; 243 90 16 38 3 0 1; 231 88 19 41 8 0 1; ]
0300100686[343 82 29 53 0 0 0; 245 90 17 39 3 0 1; 232 89 18 40 8 0 1; ]
0300100687[347 83 29 55 0 0 0; 252 91 18 41 3 0 1; 238 90 20 43 8 0 1; ]
0300100688[348 84 29 54 0 0 0; 251 91 20 40 3 0 1; 238 91 22 43 8 0 1; ]
0300100689[348 85 28 53 0 0 0; 250 92 21 39 3 0 1; 238 90 21 42 8 0 1; ]
0300100690[349 85 28 53 0 0 0; 251 92 21 39 3 0 1; 238 90 21 41 8 0 1; ]
0300100691[351 84 28 54 0 0 0; 252 92 21 38 3 0 1; 240 91 21 40 8 0 1; ]
0300100692[354 83 28 55 0 0 0; 254 93 21 38 3 0 1; 241 92 21 38 8 0 1; ]
0300100693[357 84 28 55 0 0 0; 256 93 21 38 3 0 1; 243 93 21 38 8 0 1; ]
0300100694[359 85 29 56 0 0 0; 257 94 21 38 3 0 1; 244 94 21 38 8 0 1; ]
0300100695[361 86 29 57 0 0 0; 258 95 21 39 3 0 1; 245 95 21 39 8 0 1; ]
0300100696[363 88 29 58 0 0 0; 259 96 22 40 3 0 1; 246 96 21 41 8 0 1; ]
0300100697[365 90 29 58 0 0 0; 261 97 21 41 3 0 1; 248 97 21 43 8 0 1; ]
0300100698[367 91 29 59 0 0 0; 263 98 21 42 3 0 1; 250 97 21 45 8 0 1; ]
0300100699[370 92 29 60 0 0 0; 264 99 21 43 3 0 1; 251 97 21 46 8 0 1; ]
0300100700[372 93 29 60 0 0 0; 266 100 21 43 3 0 1; 253 98 21 47 8 0 1; ]
0300100701[375 94 30 61 0 0 0; 268 101 20 43 3 0 1; 255 99 21 47 8 0 1; ]
0300100702[377 94 30 62 0 0 0; 270 102 20 43 3 0 1; 256 99 21 48 8 0 1; ]
0300100703[380 95 30 63 0 0 0; 271 103 20 42 3 0 1; 258 100 21 48 8 0 1; ]
0300100704[383 95 31 64 0 0 0; 273 103 19 41 3 0 1; 259 101 21 48 8 0 1; ]
0300100705[386 95 31 65 0 0 0; 275 104 19 41 3 0 1; 260 102 21 46 8 0 1; ]
0300100706[389 96 32 65 0 0 0; 277 106 19 41 3 0 1; 262 104 22 45 8 0 1; ]
0300100707[392 95 32 65 0 0 0; 278 108 20 41 3 0 1; 263 104 22 45 8 0 1; ]
0300100708[394 95 32 65 0 0 0; 280 108 20 41 3 0 1; 264 105 23 45 8 0 1; ]
0300100709[397 95 32 65 0 0 0; 282 109 20 41 3 0 1; 265 105 23 45 8 0 1; ]
0300100710[400 95 33 65 0 0 0; 284 107 21 42 3 0 1; 266 105 24 46 8 0 1; ]
0300100711[403 95 33 65 0 0 0; 286 106 22 44 3 0 1; 267 105 25 47 8 0 1; ]
0300100712[406 95 33 65 0 0 0; 288 106 22 45 3 0 1; 268 105 25 47 8 0 1; ]
0300100713[409 95 33 65 0 0 0; 289 105 22 45 3 0 1; 270 105 25 47 8 0 1; ]
0300100714[412 95 34 65 0 0 0; 291 105 23 46 3 0 1; 272 105 24 47 8 0 1; ]
0300100715[415 95 34 65 0 0 0; 293 105 23 46 3 0 1; 274 105 24 47 8 0 1; ]
0300100716[418 95 34 65 0 0 0; 295 105 23 46 3 0 1; 276 104 24 48 8 0 1; ]
0300100717[421 95 34 65 0 0 0; 296 105 24 46 3 0 1; 278 104 24 48 8 0 1; ]
0300100718[424 95 35 65 0 0 0; 298 105 24 47 3 0 1; 281 104 23 48 8 0 1; ]
0300100719[427 95 35 65 0 0 0; 299 105 24 47 3 0 1; 284 104 22 48 8 0 1; ]
0300100720[430 95 35 65 0 0 0; 301 104 24 47 3 0 1; 285 104 22 48 8 0 1; ]
0300100721[433 95 35 65 0 0 0; 302 104 23 47 3 0 1; 286 104 22 48 8 0 1; ]
0300100722[435 94 36 66 0 0 0; 303 104 23 47 3 0 1; 287 104 22 48 8 0 1; ]
0300100723[438 94 36 67 0 0 0; 304 104 23 47 3 0 1; 288 103 21 49 8 0 1; ]
0300100724[441 93 36 68 0 0 0; 305 103 22 47 3 0 1; 289 103 21 49 8 0 1; ]
0300100725[444 92 37 70 0 0 0; 306 103 22 48 3 0 1; 290 103 21 49 8 0 1; ]
0300100726[446 92 37 71 0 0 0; 306 103 22 48 3 0 1; 291 103 21 49 8 0 1; ]
0300100727[449 91 37 72 0 0 0; 307 102 22 48 3 0 1; 291 102 21 49 8 0 1; ]
0300100728[452 91 38 74 0 0 0; 308 102 22 48 3 0 1; 292 101 22 49 8 0 1; ]
0300100729[454 90 38 75 0 0 0; 308 102 22 49 3 0 1; 292 100 22 49 8 0 1; ]
0300100730[457 89 39 76 0 0 0; 309 101 22 49 3 0 1; 293 99 22 49 8 0 1; ]
0300100731[460 89 39 78 0 0 0; 310 101 22 49 3 0 1; 293 99 23 50 8 0 1; ]
0300100732[462 88 39 79 0 0 0; 310 100 22 50 3 0 1; 293 98 23 50 8 0 1; ]
0300100733[465 88 40 80 0 0 0; 311 100 22 50 3 0 1; 294 98 24 50 8 0 1; ]
0300100734[468 87 40 82 0 0 0; 311 99 23 50 3 0 1; 294 98 24 50 8 0 1; ]
0300100735[470 86 40 83 0 0 0; 312 99 23 51 3 0 1; 295 98 24 50 8 0 1; ]
0300100736[313 99 23 52 3 0 1; 295 98 25 50 8 0 1; ]
0300100737[314 98 23 53 3 0 1; 296 98 25 51 8 0 1; ]
0300100738[314 98 24 54 3 0 1; 296 98 26 51 8 0 1; ]
0300100739[315 98 24 55 3 0 1; 296 98 26 51 8 0 1; ]
0300100740[315 98 25 55 3 0 1; 297 98 27 51 8 0 1; ]
0300100741[315 98 26 55 3 0 1; 297 98 27 52 8 0 1; ]
0300100742[315 98 26 56 3 0 1; 298 97 27 54 8 0 1; ]
0300100743[315 98 26 56 3 0 1; 299 97 27 55 8 0 1; ]
0300100744[315 98 26 56 3 0 1; 299 96 28 57 8 0 1; ]
0300100745[316 99 26 56 3 0 1; 300 96 28 58 8 0 1; ]
0300100746[317 99 26 55 3 0 1; 301 97 28 59 8 0 1; ]
0300100747[318 100 26 55 3 0 1; 302 98 28 60 8 0 1; ]
0300100748[319 100 26 55 3 0 1; 302 99 28 60 8 0 1; ]
0300100749[320 101 26 55 3 0 1; 303 100 28 61 8 0 1; ]
0300100750[322 102 26 54 3 0 1; 305 99 27 61 8 0 1; ]
0300100751[323 101 26 55 3 0 1; 306 98 27 61 8 0 1; ]
0300100752[324 101 25 56 3 0 1; 308 96 26 61 8 0 1; ]
0300100753[326 100 25 57 3 0 1; 309 96 25 61 8 0 1; ]
0300100754[327 100 25 57 3 0 1; 311 96 26 61 8 0 1; ]
0300100755[329 99 25 58 3 0 1; 312 96 26 61 8 0 1; ]
0300100756[330 99 25 59 3 0 1; 313 96 27 61 8 0 1; ]
0300100757[331 98 25 60 3 0 1; 314 96 27 62 8 0 1; ]
0300100758[333 98 25 61 3 0 1; 315 96 27 62 8 0 1; ]
0300100759[334 98 25 61 3 0 1; 316 96 27 63 8 0 1; ]
0300100760[336 97 25 62 3 0 1; 317 96 27 63 8 0 1; ]
0300100761[337 97 25 63 3 0 1; 319 96 27 64 8 0 1; ]
0300100762[339 97 26 63 3 0 1; 320 96 28 64 8 0 1; ]
0300100763[341 97 26 64 3 0 1; 322 96 28 64 8 0 1; ]
0300100764[342 96 27 65 3 0 1; 324 96 28 65 8 0 1; ]
0300100765[344 96 28 65 3 0 1; 325 96 28 65 8 0 1; ]
0300100766[345 96 28 66 3 0 1; 327 96 29 65 8 0 1; ]
0300100767[347 96 28 67 3 0 1; 329 96 29 65 8 0 1; ]
0300100768[331 95 48 66 2 0 2; ]
0300100769[334 92 48 68 2 0 2; ]
0300100770[336 90 48 69 2 0 2; ]
0300100771[339 88 49 71 2 0 2; ]
0300100772[341 87 49 72 2 0 2; ]
0300100773[344 85 49 73 2 0 2; ]
0300100774[346 84 50 74 2 0 2; ]
0300100775[349 83 50 75 2 0 2; ]
0300100776[351 83 50 76 2 0 2; ]
0300100777[354 82 51 77 2 0 2; ]
0300100778[356 82 51 77 2 0 2; ]
0300100779[359 82 51 78 2 0 2; ]
0300100780[361 82 52 78 2 0 2; ]
0300100781[364 82 52 79 2 0 2; ]
0300100782[366 82 52 79 2 0 2; ]
0300100783[369 82 53 79 2 0 2; ]
0300100784[372 81 54 80 2 0 2; ]
0300100785[375 81 55 81 2 0 2; ]
0300100786[378 80 56 82 2 0 2; ]
0300100787[381 80 57 84 2 0 2; ]
0300100788[384 79 59 85 2 0 2; ]
0300100789[387 79 60 87 2 0 2; ]
0300100790[390 78 61 88 2 0 2; ]
0300100791[394 78 62 90 2 0 2; ]
0300100792[397 77 63 91 2 0 2; ]
0300100793[401 77 64 93 2 0 2; ]
0300100794[405 76 65 95 2 0 2; ]
0300100795[409 76 66 97 2 0 2; ]
0300100796[412 75 67 100 2 0 2; ]
0300100797[416 75 69 102 2 0 2; ]
0300100798[421 74 70 104 2 0 2; ]
0300100799[424 74 70 105 2 0 2; ]
0300100800[428 74 71 107 2 0 2; ]
0300100801[432 74 72 108 2 0 2; ]
0300100802[436 73 73 110 2 0 2; ]
0300100803[]
0300100804[]
0300100805[]
0300100806[]
0300100807[]
0300100808[]
0300100809[]
0300100810[]
0300100811[]
0300100812[]
0300100813[]
0300100814[]
0300100815[]
0300100816[]
0300100817[]
0300100818[]
0300100819[]
0300100820[]
0300100821[]
0300100822[]
0300100823[]
0300100824[]
0300100825[]
0300100826[]
0300100827[]
0300100828[]
0300100829[]
0300100830[]
0300100831[]
0300100832[]
0300100833[]
0300100834[]
0300100835[]
0300100836[]
0300100837[]
0300100838[]
0300100839[]
0300100840[]
0300100841[]
0300100842[]
0300100843[]
0300100844[]
0300100845[]
0300100846[]
0300100847[]
0300100848[]
0300100849[]
0300100850[]
0300100851[]
0300100852[]
0300100853[]
0300100854[]
0300100855[]
0300100856[]
0300100857[]
0300100858[]
0300100859[]
0300100860[]
0300100861[]
0300100862[]
0300100863[]
0300100864[]
0300100865[]
0300100866[]
0300100867[]
0300100868[]
0300100869[]
0300100870[]
0300100871[]
0300100872[]
0300100873[]
0300100874[]
0300100875[]
0300100876[]
0300100877[]
0300100878[]
0300100879[]
0300100880[]
0300100881[]
0300100882[]
0300100883[]
0300100884[]
0300100885[]
0300100886[]
0300100887[]
0300100888[]
0300100889[]
0300100890[]
0300100891[]
0300100892[]
0300100893[]
0300100894[]
0300100895[]
0300100896[]
0300100897[]
0300100898[]
0300100899[]
0300100900[]
0300100901[]
0300100902[]
0300100903[]
0300100904[]
0300100905[]
0300100906[]
0300100907[]
0300100908[]
0300100909[]
0300100910[]
0300100911[]
0300100912[]
0300100913[]
0300100914[]
0300100915[]
