1600100001[]
1600100002[]
1600100003[74 22 70 195 0 0 0; 146 99 15 38 2 0 1; 158 21 72 205 18 0 0; 231 18 106 266 19 0 0; ]
1600100004[73 21 73 195 0 0 0; 146 99 15 38 2 0 1; 158 21 72 205 18 0 0; 231 18 106 266 19 0 0; ]
1600100005[72 21 75 195 0 0 0; 146 99 15 38 2 0 1; 158 21 72 205 18 0 0; 231 18 106 266 19 0 0; ]
1600100006[72 21 76 196 0 0 0; 146 99 15 38 2 0 1; 158 21 72 205 18 0 0; 231 18 106 266 19 0 0; ]
1600100007[72 21 77 196 0 0 0; 146 99 15 39 2 0 1; 158 21 72 205 18 0 0; 231 18 106 266 19 0 0; ]
1600100008[72 21 77 196 0 0 0; 147 99 15 39 2 0 1; 158 21 72 205 18 0 0; 231 18 106 266 19 0 0; ]
1600100009[71 21 78 197 0 0 0; 147 99 15 39 2 0 1; 158 21 72 205 18 0 0; 231 18 106 266 19 0 0; ]
1600100010[71 21 78 197 0 0 0; 147 99 15 39 2 0 1; 158 21 72 205 18 0 0; 231 18 106 266 19 0 0; ]
1600100011[71 21 78 198 0 0 0; 147 99 15 39 2 0 1; 158 21 72 205 18 0 0; 231 18 106 266 19 0 0; ]
1600100012[84 21 76 202 0 0 0; 156 99 17 39 2 0 1; 245 95 16 55 4 0 1; 258 96 18 56 5 0 1; 175 21 75 205 18 0 0; 269 18 100 240 19 0 0; ]
1600100013[87 21 75 202 0 0 0; 158 99 17 39 2 0 1; 246 95 16 55 4 0 1; 258 96 18 56 5 0 1; 178 21 75 205 18 0 0; 271 18 100 242 19 0 0; ]
1600100014[90 21 74 202 0 0 0; 159 99 17 39 2 0 1; 246 95 16 55 4 0 1; 258 95 18 57 5 0 1; 180 21 75 205 18 0 0; 272 18 100 246 19 0 0; ]
1600100015[92 21 73 201 0 0 0; 160 99 17 39 2 0 1; 247 95 16 55 4 0 1; 259 95 18 57 5 0 1; 182 21 75 205 18 0 0; 273 18 100 251 19 0 0; ]
1600100016[93 21 72 200 0 0 0; 161 98 17 39 2 0 1; 247 95 16 55 4 0 1; 259 95 18 57 5 0 1; 183 21 75 205 18 0 0; 273 18 100 255 19 0 0; ]
1600100017[93 21 71 199 0 0 0; 161 98 17 39 2 0 1; 248 94 16 56 4 0 1; 259 95 18 57 5 0 1; 184 21 75 205 18 0 0; 274 18 100 256 19 0 0; ]
1600100018[161 97 17 39 2 0 1; 249 94 29 57 7 0 2; 92 18 79 205 13 0 2; 184 21 74 205 18 0 0; 275 18 100 256 19 0 0; ]
1600100019[162 97 17 39 2 0 1; 249 94 30 57 7 0 2; 90 18 80 205 13 0 2; 185 21 74 205 18 0 0; 276 18 100 254 19 0 0; ]
1600100020[162 97 16 39 2 0 1; 249 94 30 57 7 0 2; 88 18 82 205 13 0 2; 185 21 74 205 18 0 0; 278 18 100 252 19 0 0; ]
1600100021[163 97 16 39 2 0 1; 249 94 30 57 7 1 2; 87 18 84 205 13 0 2; 186 21 73 205 18 0 0; 279 18 100 248 19 0 0; ]
1600100022[163 97 16 39 2 0 1; 250 94 30 57 7 1 2; 85 18 85 205 13 0 2; 186 21 73 205 18 0 0; 280 18 100 243 19 0 0; ]
1600100023[164 97 16 39 2 0 1; 250 94 30 57 7 1 2; 83 18 87 205 13 0 2; 186 21 72 205 18 0 0; 281 18 99 237 19 0 0; ]
1600100024[164 98 16 39 2 0 1; 250 95 31 57 7 1 2; 82 18 89 205 13 0 2; 186 21 71 205 18 0 0; 282 18 99 230 19 0 0; ]
1600100025[164 98 16 39 2 0 1; 79 51 42 122 6 1 0; 250 95 31 57 7 1 2; 101 21 73 200 17 0 0; 186 21 72 204 18 0 0; 282 19 99 235 19 0 0; ]
1600100026[165 99 16 39 2 0 1; 77 51 43 124 6 1 0; 250 95 31 57 7 1 2; 100 22 73 201 17 0 0; 186 22 73 204 18 0 0; 282 20 99 240 19 0 0; ]
1600100027[165 99 15 38 2 0 1; 74 51 44 125 6 1 0; 251 95 31 57 7 1 2; 100 23 73 201 17 0 0; 186 22 73 203 18 0 0; 281 21 99 244 19 0 0; ]
1600100028[167 100 22 39 3 0 2; 71 51 45 127 6 1 0; 252 95 29 60 7 1 2; 100 23 73 202 17 0 0; 186 23 74 203 18 0 0; 281 22 98 248 19 0 0; ]
1600100029[167 100 22 40 3 0 2; 68 51 46 129 6 0 0; 252 96 29 60 7 1 2; 100 24 73 202 17 0 0; 186 23 75 202 18 0 0; 281 23 98 250 19 0 0; ]
1600100030[167 100 22 41 3 0 2; 66 51 47 130 6 0 0; 252 97 30 60 7 1 2; 100 25 74 203 17 0 0; 186 24 75 202 18 0 0; 281 24 98 251 19 0 0; ]
1600100031[166 100 22 42 3 0 2; 63 51 48 132 6 0 0; 252 97 30 60 7 1 2; 100 25 74 203 17 0 0; 186 24 76 201 18 0 0; 281 25 98 251 19 0 0; ]
1600100032[166 99 22 44 3 0 2; 60 51 49 133 6 0 0; 252 98 30 60 7 1 2; 100 26 74 204 17 0 0; 186 24 77 201 18 0 0; 280 26 97 250 19 0 0; ]
1600100033[166 99 21 45 3 0 2; 57 51 50 134 6 0 0; 252 99 31 60 7 1 2; 100 27 74 204 17 0 0; 186 25 78 201 18 0 0; 280 27 97 250 19 0 0; ]
1600100034[165 99 21 46 3 0 2; 54 51 51 135 6 0 0; 252 100 31 60 7 1 2; 100 27 74 205 17 0 0; 186 25 78 200 18 0 0; 280 28 97 248 19 0 0; ]
1600100035[165 99 21 47 3 0 2; 52 51 52 137 6 0 0; 252 101 32 60 7 1 2; 100 28 75 205 17 0 0; 186 26 79 200 18 0 0; 280 29 97 247 19 0 0; ]
1600100036[164 99 21 47 3 0 2; 49 51 53 138 6 0 0; 252 101 32 60 7 1 2; 100 29 75 206 17 0 0; 186 26 80 199 18 0 0; 279 30 96 245 19 0 0; ]
1600100037[162 102 21 46 3 0 2; 46 51 54 139 6 0 0; 252 102 32 60 7 1 2; 100 29 75 206 17 0 0; 186 27 80 199 18 0 0; 279 31 96 242 19 0 0; ]
1600100038[159 105 21 44 3 1 2; 43 51 55 140 6 0 0; 252 103 33 60 7 1 2; 100 30 75 207 17 0 0; 186 27 81 198 18 0 0; 279 32 96 238 19 0 0; ]
1600100039[159 107 20 41 3 1 2; 41 55 53 136 6 0 0; 255 105 22 58 15 1 1; 100 30 75 207 17 0 0; 186 28 82 198 18 0 0; 279 33 96 233 19 0 0; ]
1600100040[159 108 19 40 3 1 2; 36 54 55 139 6 0 0; 253 105 23 58 15 1 1; 99 30 77 207 17 0 0; 188 28 84 205 18 0 0; 279 27 102 254 19 0 0; ]
1600100041[159 108 19 40 3 1 2; 31 53 56 143 6 0 0; 252 105 23 58 15 1 1; 96 30 79 207 17 0 0; 189 28 84 209 18 0 0; 279 27 102 257 19 0 0; ]
1600100042[158 108 20 41 3 1 2; 27 52 57 146 6 0 0; 251 105 23 58 15 1 1; 96 30 79 207 17 0 0; 188 28 84 211 18 0 0; 279 30 104 260 19 0 0; ]
1600100043[157 108 20 41 3 1 2; 22 51 59 149 6 0 0; 250 105 23 58 15 1 1; 95 30 78 204 17 0 0; 188 28 83 211 18 0 0; 277 32 104 257 19 0 0; ]
1600100044[156 108 20 41 3 1 2; 18 51 60 152 6 0 0; 249 105 23 58 15 1 1; 94 30 78 202 17 0 0; 187 28 83 211 18 0 0; 273 34 104 252 19 0 0; ]
1600100045[155 108 20 42 3 1 2; 13 50 61 156 6 0 0; 248 105 23 58 15 1 1; 92 30 77 199 17 0 0; 187 28 83 211 18 0 0; 270 35 103 248 19 0 0; ]
1600100046[153 108 20 42 3 1 2; 9 49 62 159 6 0 0; 248 105 22 58 15 1 1; 91 30 76 197 17 0 0; 186 29 82 211 18 0 0; 269 36 103 245 19 0 0; ]
1600100047[152 108 20 42 3 1 2; 4 48 63 162 6 0 0; 247 105 22 59 15 1 1; 90 30 76 196 17 0 0; 186 29 82 211 18 0 0; 269 37 103 243 19 0 0; ]
1600100048[151 108 20 42 3 1 2; 0 47 65 164 6 0 0; 247 106 22 59 15 1 1; 89 30 76 196 17 0 0; 185 30 82 211 18 0 0; 268 38 102 241 19 0 0; ]
1600100049[149 109 21 42 3 1 2; 247 107 22 59 15 1 1; 87 31 76 197 17 0 0; 184 30 82 211 18 0 0; 268 39 102 240 19 0 0; 393 26 116 247 20 0 0; ]
1600100050[148 110 21 43 3 1 2; 246 110 21 59 15 1 1; 86 33 77 198 17 0 0; 184 31 81 211 18 0 0; 268 39 101 239 19 0 0; 391 29 115 249 20 0 0; ]
1600100051[146 112 22 43 3 1 2; 246 112 21 60 15 1 1; 85 34 77 200 17 0 0; 183 32 81 211 18 0 0; 267 40 101 239 19 0 0; 388 30 114 250 20 0 0; ]
1600100052[145 113 23 43 3 1 2; 245 113 21 60 15 1 1; 84 36 78 202 17 0 0; 183 32 81 211 18 0 0; 267 40 101 239 19 0 0; 385 31 113 247 20 0 0; ]
1600100053[143 115 23 43 3 1 2; 245 113 20 60 15 1 1; 82 38 79 204 17 0 0; 182 33 81 211 18 0 0; 266 40 100 241 19 0 0; 383 32 112 240 20 0 0; ]
1600100054[244 113 20 60 15 1 1; 81 41 81 208 17 0 0; 181 33 80 211 18 0 0; 265 40 100 243 19 0 0; 380 32 111 231 20 0 0; ]
1600100055[242 113 21 61 15 1 1; 79 39 81 204 17 0 0; 180 34 80 211 18 0 0; 265 40 100 246 19 0 0; 377 34 109 229 20 0 0; 152 115 17 41 21 0 1; 26 109 20 47 26 0 0; ]
1600100056[241 111 22 61 15 1 1; 78 38 81 201 17 0 0; 180 34 80 211 18 0 0; 264 39 99 247 19 0 0; 376 37 107 228 20 0 0; 152 114 16 41 21 0 1; 25 115 18 40 26 1 0; ]
1600100057[240 110 23 62 15 1 1; 76 36 81 198 17 0 0; 179 34 80 211 18 0 0; 263 39 99 248 19 0 0; 374 38 105 228 20 0 0; 151 113 16 40 21 0 1; 24 113 17 39 26 1 0; ]
1600100058[239 108 23 62 15 1 1; 75 35 81 195 17 0 0; 178 35 80 211 18 0 0; 263 39 99 247 19 0 0; 372 37 102 229 20 0 0; 151 112 15 40 21 0 1; 23 112 17 38 26 1 0; ]
1600100059[239 106 23 62 15 1 1; 73 34 81 194 17 0 0; 178 35 79 211 18 0 0; 262 39 99 244 19 0 0; 370 35 99 230 20 0 0; 150 110 16 41 21 0 1; 22 110 16 37 26 1 0; ]
1600100060[238 105 23 62 15 1 1; 72 34 81 193 17 0 0; 177 35 79 209 18 0 0; 262 39 98 240 19 0 0; 369 34 98 231 20 0 0; 149 108 16 41 21 0 1; 21 109 16 37 26 1 0; ]
1600100061[238 105 22 62 15 1 1; 70 34 81 193 17 0 0; 176 34 79 204 18 0 0; 261 39 98 236 19 0 0; 368 34 99 225 20 0 0; 148 107 17 42 21 0 1; 20 109 16 37 26 1 0; ]
1600100062[237 105 21 61 15 1 1; 68 34 81 193 17 0 0; 175 34 79 199 18 0 0; 261 39 98 234 19 0 0; 368 34 99 215 20 0 0; 148 107 16 42 21 0 1; 20 109 16 37 26 1 0; ]
1600100063[237 106 20 61 15 1 1; 67 34 80 193 17 0 0; 174 34 78 194 18 0 0; 260 39 98 232 19 0 0; 368 34 100 210 20 0 0; 147 107 16 43 21 0 1; 19 109 16 37 26 1 0; ]
1600100064[236 106 20 60 15 1 1; 66 34 80 194 17 0 0; 173 33 78 193 18 0 0; 260 40 97 233 19 0 0; 368 37 99 210 20 0 0; 147 108 16 43 21 0 1; 19 109 16 37 26 1 0; ]
1600100065[236 106 23 61 15 1 1; 64 35 79 194 17 0 0; 172 34 78 194 18 0 0; 260 41 97 234 19 0 0; 367 43 98 211 20 0 0; 147 109 16 41 21 0 1; 18 109 16 38 26 1 0; ]
1600100066[235 106 23 61 15 1 1; 63 35 79 196 17 0 0; 172 34 78 198 18 0 0; 259 42 97 235 19 0 0; 366 48 96 212 20 0 0; 147 111 15 40 21 0 1; 17 109 16 38 26 1 0; ]
1600100067[234 106 23 62 15 1 1; 61 35 78 197 17 0 0; 171 34 78 203 18 0 0; 259 44 97 237 19 0 0; 364 49 95 212 20 0 0; 147 111 15 40 21 0 1; 16 109 16 38 26 1 0; ]
1600100068[233 106 23 63 15 1 1; 60 36 77 199 17 0 0; 170 35 78 207 18 0 0; 259 45 97 238 19 0 0; 361 49 94 212 20 0 0; 147 111 15 40 21 0 1; 15 109 16 38 26 1 0; ]
1600100069[232 105 23 64 15 1 1; 58 37 77 202 17 0 0; 169 35 77 209 18 0 0; 259 46 97 238 19 0 0; 358 50 93 211 20 0 0; 146 110 16 41 21 0 1; 14 108 17 37 26 1 0; ]
1600100070[231 104 23 64 15 1 1; 56 33 77 201 17 0 0; 168 34 77 208 18 0 0; 258 45 97 237 19 0 0; 354 51 93 203 20 0 0; 146 109 16 42 21 0 1; 12 108 17 37 26 1 0; ]
1600100071[231 102 23 63 15 1 1; 53 31 78 200 17 0 0; 167 33 77 206 18 0 0; 258 45 96 232 19 0 0; 350 51 93 188 20 0 0; 146 107 16 40 21 0 1; 11 108 18 36 26 1 0; ]
1600100072[230 102 22 63 15 1 1; 50 29 79 198 17 0 0; 165 32 77 204 18 0 0; 258 44 96 227 19 0 0; 346 51 93 180 20 0 0; 145 106 15 39 21 0 1; 10 106 18 34 26 1 0; ]
1600100073[230 101 22 62 15 1 1; 48 28 79 194 17 0 0; 164 30 77 202 18 0 0; 258 43 96 221 19 0 0; 343 52 93 181 20 0 0; 145 105 15 39 21 0 1; 10 105 17 33 26 1 0; ]
1600100074[230 100 21 62 15 1 1; 45 28 80 192 17 0 0; 163 30 77 202 18 0 0; 258 42 96 217 19 0 0; 340 52 93 183 20 0 0; 145 104 15 39 21 0 1; 9 105 17 32 26 1 0; ]
1600100075[228 97 23 63 15 1 1; 43 28 80 193 17 0 0; 162 30 76 202 18 0 0; 258 41 96 216 19 0 0; 337 53 92 184 20 0 0; 145 104 15 39 21 0 1; 9 105 17 32 26 1 0; ]
1600100076[227 98 23 63 15 0 1; 40 29 79 196 17 0 0; 161 30 76 202 18 0 0; 257 41 95 217 19 0 0; 335 52 91 183 20 0 0; 145 104 14 40 21 0 1; 255 99 23 48 22 1 0; 110 99 20 44 24 0 2; 8 104 17 33 26 1 0; ]
1600100077[226 100 23 63 15 0 1; 37 30 79 199 17 0 0; 160 30 75 203 18 0 0; 257 42 95 219 19 0 0; 332 52 91 182 20 1 0; 145 103 14 40 21 0 1; 251 99 23 49 22 1 0; 109 100 20 45 24 0 2; 8 104 17 33 26 1 0; ]
1600100078[226 100 23 63 15 0 1; 35 31 79 201 17 0 0; 158 30 74 204 18 0 0; 257 42 94 223 19 0 0; 330 52 90 182 20 1 0; 145 103 14 40 21 0 1; 247 99 23 50 22 1 0; 108 100 20 45 24 0 2; 7 104 17 33 26 1 0; ]
1600100079[226 100 23 63 15 0 1; 33 31 78 202 17 0 0; 157 30 74 206 18 0 0; 257 42 93 226 19 0 0; 328 52 89 181 20 1 0; 145 103 14 41 21 0 1; 244 99 23 51 22 1 0; 107 100 20 46 24 0 2; 7 104 17 33 26 1 0; ]
1600100080[226 100 23 64 15 0 1; 30 31 78 202 17 0 0; 156 31 73 207 18 0 0; 257 42 92 229 19 0 0; 326 52 86 180 20 1 0; 145 103 14 41 21 0 1; 242 99 24 51 22 1 0; 106 100 20 47 24 0 2; 6 104 17 33 26 1 0; ]
1600100081[226 100 23 64 15 0 1; 28 31 78 202 17 0 0; 154 31 72 208 18 0 0; 257 42 92 230 19 0 0; 324 53 83 179 20 1 0; 145 103 15 42 21 0 1; 240 99 21 51 22 1 0; 105 100 20 47 24 0 2; 6 104 17 33 26 1 0; ]
1600100082[227 100 22 65 15 0 1; 26 31 78 201 17 0 0; 153 31 72 209 18 0 0; 257 43 92 230 19 0 0; 323 53 80 178 20 1 0; 145 103 15 43 21 1 1; 104 100 20 47 24 0 2; 6 104 17 34 26 1 0; ]
1600100083[227 99 21 66 15 0 1; 24 31 78 199 17 0 0; 152 31 71 209 18 0 0; 257 43 92 229 19 0 0; 321 54 76 177 20 1 0; 145 103 17 44 21 1 1; 103 100 20 48 24 0 2; 5 104 17 34 26 1 0; ]
1600100084[228 99 21 66 15 0 1; 23 31 78 198 17 0 0; 150 31 71 210 18 0 0; 256 43 93 228 19 0 0; 320 55 71 176 20 1 0; 145 103 17 44 21 1 1; 102 100 20 48 24 0 2; 5 104 17 34 26 1 0; ]
1600100085[228 97 21 66 15 0 1; 21 31 78 195 17 0 0; 149 31 71 208 18 0 0; 256 44 93 227 19 0 0; 312 55 75 174 20 1 0; 145 103 17 44 21 1 1; 101 100 20 48 24 0 2; 4 104 17 34 26 1 0; ]
1600100086[227 96 21 67 15 0 1; 19 30 78 192 17 0 0; 148 31 71 203 18 0 0; 256 44 94 226 19 0 0; 307 55 77 172 20 1 0; 145 102 18 44 21 1 1; 100 100 20 47 24 0 2; 4 104 18 34 26 1 0; ]
1600100087[227 95 21 67 15 0 1; 18 30 78 189 17 0 0; 146 30 71 197 18 0 0; 256 44 94 225 19 0 0; 304 55 78 171 20 1 0; 145 102 19 43 21 1 1; 99 99 20 47 24 0 2; 4 103 18 34 26 1 0; ]
1600100088[227 94 21 67 15 0 1; 18 30 75 189 17 0 0; 145 30 71 192 18 0 0; 257 44 93 223 19 0 0; 303 55 76 170 20 1 0; 145 101 19 42 21 1 1; 98 99 21 47 24 0 2; 4 101 18 34 26 1 0; ]
1600100089[227 94 21 67 15 0 1; 18 30 74 190 17 0 0; 143 29 71 190 18 0 0; 258 43 93 221 19 0 0; 303 54 71 170 20 1 0; 146 100 19 41 21 1 1; 97 98 21 47 24 0 2; 4 100 18 34 26 1 0; 203 99 30 51 27 1 2; ]
1600100090[227 93 22 67 15 0 1; 17 29 75 192 17 0 0; 142 29 71 191 18 0 0; 259 43 92 219 19 0 0; 302 53 66 169 20 1 0; 146 100 19 40 21 1 1; 97 97 21 46 24 0 2; 4 99 18 34 26 1 0; 200 97 30 52 27 1 2; ]
1600100091[227 93 22 67 15 0 1; 16 27 76 197 17 0 0; 140 29 71 193 18 0 0; 259 42 92 217 19 0 0; 301 52 64 169 20 1 0; 96 96 21 46 24 0 2; 4 99 18 34 26 1 0; 197 95 30 52 27 1 2; ]
1600100092[227 92 22 67 15 0 1; 14 24 77 201 17 0 0; 139 28 71 195 18 0 0; 260 41 92 216 19 0 0; 297 50 64 170 20 1 0; 96 95 21 46 24 0 2; 4 98 18 34 26 1 0; 195 94 29 53 27 1 2; ]
1600100093[226 92 22 67 15 0 1; 12 23 78 203 17 0 0; 137 28 71 197 18 0 0; 95 95 22 46 24 0 2; 4 98 18 34 26 1 0; 193 93 29 54 27 1 2; 260 41 98 210 29 0 2; ]
1600100094[226 92 22 68 15 0 1; 11 23 78 202 17 0 0; 136 28 71 198 18 0 0; 94 95 22 46 24 0 2; 4 98 18 34 26 1 0; 193 91 29 55 27 1 2; 261 41 97 210 29 0 2; ]
1600100095[226 92 22 68 15 0 1; 9 24 78 199 17 0 0; 134 27 71 198 18 0 0; 94 95 22 46 24 0 2; 4 98 18 34 26 1 0; 193 90 28 56 27 1 2; 261 41 97 209 29 0 2; ]
1600100096[226 92 22 68 15 0 1; 8 24 78 196 17 0 0; 133 27 71 199 18 0 0; 93 95 22 47 24 0 2; 4 97 18 35 26 1 0; 193 90 27 58 27 1 2; 261 41 96 208 29 0 2; ]
1600100097[226 91 23 69 15 0 1; 7 25 77 193 17 0 0; 131 27 71 199 18 0 0; 93 95 22 47 24 0 2; 4 96 18 36 26 1 0; 192 90 24 56 28 1 0; 261 41 96 208 29 0 2; ]
1600100098[226 91 23 69 15 0 1; 6 25 77 189 17 0 0; 129 27 71 199 18 0 0; 92 94 22 47 24 0 2; 191 90 24 56 28 1 0; 261 41 96 207 29 0 2; ]
1600100099[225 91 23 70 15 0 1; 4 26 77 187 17 0 0; 128 27 71 199 18 0 0; 92 94 22 47 24 0 2; 191 89 25 56 28 1 0; 260 41 96 207 29 0 2; ]
1600100100[225 91 23 70 15 0 1; 3 26 76 186 17 0 0; 126 27 71 197 18 0 0; 91 94 22 47 24 0 2; 190 89 25 57 28 0 0; 259 41 96 206 29 0 2; ]
1600100101[225 91 23 70 15 0 1; 1 25 76 187 17 0 0; 124 27 71 194 18 0 0; 90 94 22 47 24 0 2; 190 89 25 57 28 0 0; 258 41 97 205 29 0 2; 318 67 35 102 33 1 1; ]
1600100102[225 91 24 70 15 0 1; 0 24 75 190 17 0 0; 123 27 71 190 18 0 0; 90 94 22 48 24 0 2; 190 89 26 57 28 0 0; 256 41 97 205 29 0 2; 318 67 36 102 33 1 1; ]
1600100103[225 91 24 70 15 0 1; 0 24 75 192 17 0 0; 121 27 71 187 18 0 0; 89 94 22 48 24 0 2; 190 89 26 58 28 0 0; 254 41 98 204 29 0 2; 319 67 36 102 33 1 1; ]
1600100104[225 90 24 70 15 0 1; 120 27 71 186 18 0 0; 89 94 22 48 24 0 2; 190 89 26 58 28 0 0; 251 41 98 204 29 0 2; 319 67 36 102 33 1 1; ]
1600100105[225 90 24 70 15 0 1; 118 27 72 187 18 0 0; 88 93 23 48 24 0 2; 190 89 27 58 28 0 0; 248 41 99 203 29 0 2; 320 67 37 103 33 1 1; ]
1600100106[225 90 24 70 15 0 1; 116 27 72 190 18 0 0; 88 93 23 48 24 0 2; 190 88 27 59 28 0 0; 245 41 100 202 29 0 2; 320 67 37 103 33 1 1; ]
1600100107[225 90 25 70 15 0 1; 114 28 72 193 18 0 0; 87 93 23 48 24 0 2; 190 87 27 60 28 0 0; 242 41 101 202 29 0 2; 321 67 37 104 33 1 1; ]
1600100108[225 90 25 70 15 0 1; 113 28 72 195 18 0 0; 87 93 22 48 24 0 2; 190 87 28 61 28 0 0; 239 41 103 201 29 0 2; 321 67 37 104 33 1 1; ]
1600100109[225 90 25 70 15 1 1; 111 28 72 196 18 0 0; 86 94 22 48 24 0 2; 190 87 27 62 28 0 0; 237 44 105 201 29 0 2; 322 67 38 105 33 1 1; ]
1600100110[225 90 25 70 15 1 1; 109 28 72 196 18 0 0; 86 94 22 48 24 0 2; 190 87 27 63 28 0 0; 235 47 107 201 29 0 2; 323 67 38 105 33 1 1; ]
1600100111[225 90 25 70 15 1 1; 108 29 72 194 18 0 0; 86 94 22 49 24 0 2; 190 88 26 64 28 0 0; 232 48 108 200 29 0 2; 324 67 38 106 33 1 1; ]
1600100112[225 90 25 70 15 1 1; 106 29 72 191 18 0 0; 85 95 22 49 24 0 2; 191 88 25 65 28 0 0; 230 49 107 200 29 0 2; 325 67 39 106 33 0 1; ]
1600100113[225 90 25 70 15 1 1; 104 30 72 188 18 0 0; 85 95 21 49 24 0 2; 191 89 25 65 28 0 0; 227 49 106 199 29 0 2; 326 67 39 107 33 0 1; ]
1600100114[102 30 72 183 18 0 0; 84 95 21 49 24 1 2; 191 90 25 65 28 0 0; 224 49 105 197 29 0 2; 326 67 39 108 33 0 1; ]
1600100115[100 31 71 185 18 0 0; 83 96 21 49 24 1 2; 191 90 25 65 28 0 0; 221 50 103 195 29 0 2; 327 68 39 108 33 0 1; ]
1600100116[97 32 70 187 18 0 0; 83 96 21 49 24 1 2; 191 91 25 65 28 0 0; 219 50 102 194 29 0 2; 328 68 40 109 33 0 1; ]
1600100117[95 32 70 188 18 0 0; 82 97 20 50 24 1 2; 191 91 25 65 28 0 0; 218 50 102 193 29 0 2; 328 68 40 109 33 0 1; ]
1600100118[93 33 69 189 18 0 0; 82 97 20 50 24 1 2; 191 92 25 65 28 0 0; 217 50 102 192 29 0 2; 329 69 40 110 33 0 1; ]
1600100119[91 34 69 189 18 0 0; 192 92 25 65 28 0 0; 217 50 102 191 29 0 2; 330 69 41 110 33 0 1; ]
1600100120[89 34 69 189 18 0 0; 192 93 25 65 28 0 0; 216 50 102 190 29 0 2; 331 69 41 111 33 0 1; ]
1600100121[87 35 69 189 18 0 0; 192 93 25 66 28 0 0; 216 50 103 189 29 0 2; 332 69 42 112 33 0 1; ]
1600100122[86 36 69 188 18 0 0; 193 93 26 66 28 0 0; 333 69 42 112 33 0 1; 211 68 61 131 40 1 0; 240 53 79 188 41 0 0; ]
1600100123[84 36 69 188 18 0 0; 193 94 26 67 28 0 0; 334 69 43 113 33 0 1; 208 70 62 127 40 1 0; 239 53 78 193 41 0 0; 391 97 24 46 59 1 1; ]
1600100124[83 37 69 187 18 0 0; 194 94 26 67 28 1 0; 335 68 43 114 33 0 1; 205 71 63 124 40 1 0; 238 53 77 197 41 0 0; 164 108 15 32 44 0 0; 393 97 23 46 59 1 1; ]
1600100125[81 36 69 185 18 0 0; 194 94 26 68 28 1 0; 337 68 44 114 33 0 1; 202 72 63 122 40 1 0; 237 53 77 198 41 0 0; 164 108 15 32 44 0 0; 393 97 22 46 59 1 1; ]
1600100126[80 36 69 183 18 0 0; 195 94 27 69 28 1 0; 338 68 44 114 33 0 1; 201 72 63 121 40 1 0; 235 53 77 199 41 0 0; 164 108 15 31 44 0 0; 394 97 22 46 59 1 1; ]
1600100127[78 36 69 180 18 0 0; 339 67 44 114 33 0 1; 199 72 63 121 40 1 0; 233 53 77 196 41 0 0; 164 108 15 31 44 0 0; 395 97 21 46 59 1 1; ]
1600100128[77 36 69 177 18 0 0; 341 67 44 112 33 0 1; 198 72 63 122 40 1 0; 230 54 79 188 41 0 0; 165 108 15 31 44 0 0; 395 97 21 46 59 1 1; ]
1600100129[75 36 69 176 18 0 0; 342 66 44 114 33 0 1; 31 90 35 59 35 1 2; 198 72 61 124 40 1 0; 227 54 81 180 41 0 0; 165 108 15 31 44 0 0; 395 97 21 46 59 1 1; ]
1600100130[74 36 68 177 18 0 0; 344 66 44 115 33 0 1; 46 90 26 58 35 1 2; 197 72 60 125 40 1 0; 225 55 82 175 41 0 0; 165 108 15 31 44 0 0; 396 97 20 46 59 1 1; ]
1600100131[72 36 68 179 18 0 0; 346 65 44 116 33 0 1; 45 87 41 66 36 0 2; 196 72 60 123 40 1 0; 223 55 82 174 41 0 0; 165 108 15 31 44 0 0; 396 97 20 46 59 1 1; ]
1600100132[70 36 68 182 18 0 0; 347 64 44 117 33 0 1; 45 87 41 66 36 0 2; 194 72 60 118 40 1 0; 222 56 82 175 41 0 0; 166 107 15 31 44 0 0; 396 97 20 46 59 1 1; ]
1600100133[68 36 67 184 18 0 0; 349 63 44 118 33 0 1; 49 91 43 63 36 1 2; 192 72 60 114 40 1 0; 222 56 81 178 41 0 0; 166 107 15 31 44 0 0; 396 97 20 46 59 1 1; ]
1600100134[67 36 67 185 18 0 0; 351 63 44 119 33 0 1; 43 91 47 59 36 1 2; 190 72 60 112 40 1 0; 221 56 79 182 41 0 0; 166 107 15 31 44 0 0; 397 96 20 46 59 1 1; ]
1600100135[65 36 67 184 18 0 0; 352 62 44 120 33 0 1; 37 91 51 56 36 1 2; 187 72 60 116 40 1 0; 221 57 77 184 41 0 0; 166 106 15 31 44 0 0; 398 95 21 47 59 1 1; ]
1600100136[63 37 66 181 18 0 0; 354 61 44 121 33 0 1; 30 90 31 53 37 1 0; 185 72 60 120 40 1 0; 221 57 77 186 41 0 0; 167 106 15 32 44 0 0; 398 95 21 47 59 1 1; ]
1600100137[61 37 66 178 18 0 0; 355 61 44 122 33 0 1; 26 90 31 51 37 1 0; 183 72 61 121 40 1 0; 220 57 77 185 41 0 0; 167 105 15 32 44 0 0; 399 95 21 48 59 1 1; ]
1600100138[60 37 66 175 18 0 0; 357 60 44 123 33 0 1; 22 91 31 49 37 1 0; 181 72 60 117 40 0 0; 218 56 78 182 41 0 0; 167 104 15 33 44 0 0; 399 94 21 48 59 1 1; ]
1600100139[58 37 65 174 18 0 0; 359 59 44 123 33 0 1; 179 72 60 110 40 0 0; 215 56 80 178 41 0 0; 168 104 15 33 44 0 0; 399 93 20 49 59 1 1; ]
1600100140[57 37 65 174 18 0 0; 360 59 44 124 33 0 1; 178 72 59 106 40 0 0; 213 56 82 173 41 0 0; 168 104 15 33 44 0 0; 399 93 19 50 59 1 1; ]
1600100141[55 37 65 174 18 0 0; 362 58 44 124 33 0 1; 176 72 59 108 40 0 0; 210 55 83 169 41 0 0; 169 104 15 32 44 0 0; 399 92 18 50 59 1 1; ]
1600100142[54 37 65 174 18 0 0; 364 57 44 125 33 0 1; 106 87 32 56 39 1 2; 175 72 58 110 40 0 0; 208 55 84 166 41 0 0; 169 105 14 31 44 0 0; 399 92 18 50 59 1 1; ]
1600100143[53 37 65 174 18 0 0; 365 56 44 125 33 0 1; 109 88 32 54 39 1 2; 173 72 58 113 40 0 0; 207 55 85 165 41 0 0; 170 105 14 31 44 1 0; 399 92 18 50 59 1 1; ]
1600100144[51 38 64 174 18 0 0; 367 56 44 126 33 0 1; 111 88 37 53 39 1 2; 172 72 57 114 40 0 0; 205 55 84 166 41 0 0; 399 91 19 51 59 1 1; ]
1600100145[50 38 64 174 18 0 0; 369 56 45 126 33 0 1; 115 87 36 55 39 0 2; 170 71 57 113 40 0 0; 204 55 84 170 41 0 0; 399 91 19 52 59 1 1; ]
1600100146[49 38 64 174 18 0 0; 371 56 45 127 33 0 1; 121 86 36 57 39 0 2; 168 71 56 109 40 0 0; 202 55 83 173 41 0 0; ]
1600100147[48 38 64 174 18 0 0; 373 56 45 128 33 0 1; 124 86 40 57 39 0 2; 166 71 56 106 40 0 0; 201 55 82 176 41 0 0; ]
1600100148[46 38 64 174 18 0 0; 375 56 46 128 33 0 1; 129 87 40 57 39 0 2; 164 71 56 104 40 0 0; 201 55 81 178 41 0 0; ]
1600100149[45 38 64 174 18 0 0; 376 55 46 129 33 0 1; 134 87 40 57 39 0 2; 162 71 55 105 40 0 0; 201 55 80 177 41 0 0; ]
1600100150[44 38 64 173 18 0 0; 378 55 46 130 33 0 1; 139 87 40 57 39 1 2; 161 71 55 108 40 0 0; 201 55 78 174 41 0 0; ]
1600100151[43 38 64 170 18 0 0; 380 55 47 130 33 0 1; 146 87 40 58 39 1 2; 160 71 54 110 40 0 0; 202 55 77 169 41 0 0; ]
1600100152[42 38 64 166 18 0 0; 382 55 47 131 33 0 1; 152 88 40 59 39 1 2; 159 71 53 111 40 0 0; 202 56 76 164 41 0 0; ]
1600100153[41 38 63 162 18 0 0; 384 55 47 132 33 0 1; 160 71 52 105 40 0 0; 203 56 75 161 41 0 0; ]
1600100154[40 38 63 161 18 0 0; 386 55 48 132 33 0 1; 160 71 51 102 40 0 0; 203 56 74 159 41 0 0; ]
1600100155[39 38 63 162 18 0 0; 388 54 48 133 33 0 1; 160 71 50 101 40 0 0; 203 57 73 159 41 0 0; ]
1600100156[38 38 63 165 18 0 0; 389 54 48 134 33 0 1; 161 71 46 104 40 0 0; 202 57 72 160 41 0 0; ]
1600100157[37 38 63 168 18 0 0; 391 54 49 134 33 0 1; 162 72 45 106 40 0 0; 201 58 71 163 41 0 0; 255 91 23 76 47 1 1; ]
1600100158[36 38 63 170 18 0 0; 393 54 49 135 33 0 1; 159 73 47 105 40 0 0; 200 58 70 166 41 0 0; 256 90 23 76 47 1 1; ]
1600100159[35 38 63 171 18 0 0; 396 53 49 136 33 0 1; 158 74 49 104 40 0 0; 199 58 69 168 41 0 0; 257 90 23 76 47 1 1; ]
1600100160[34 39 63 171 18 0 0; 398 53 49 137 33 0 1; 157 74 50 102 40 0 0; 197 58 71 169 41 0 0; 258 89 23 76 47 0 1; ]
1600100161[33 39 63 170 18 0 0; 401 53 49 137 33 0 1; 157 74 49 98 40 0 0; 196 58 73 170 41 0 0; 259 89 23 76 47 0 1; ]
1600100162[32 39 62 169 18 0 0; 403 52 49 138 33 0 1; 157 74 49 96 40 0 0; 195 58 75 171 41 0 0; 261 89 23 76 47 0 1; ]
1600100163[31 39 62 168 18 0 0; 406 52 50 139 33 0 1; 157 74 49 97 40 0 0; 195 58 74 169 41 0 0; 263 89 23 76 47 0 1; ]
1600100164[30 39 62 167 18 0 0; 408 52 50 140 33 0 1; 156 74 48 99 40 0 0; 195 58 73 162 41 0 0; 265 88 23 76 47 0 1; ]
1600100165[29 39 62 166 18 0 0; 411 51 50 141 33 0 1; 156 74 47 101 40 0 0; 195 59 72 156 41 0 0; 267 88 23 76 47 0 1; ]
1600100166[28 39 62 165 18 0 0; 413 51 50 141 33 0 1; 155 74 47 102 40 0 0; 195 59 71 152 41 0 0; 268 88 23 76 47 0 1; ]
1600100167[27 39 62 164 18 0 0; 415 50 50 142 33 0 1; 155 74 47 100 40 0 0; 195 59 70 151 41 0 0; 270 88 24 77 47 0 1; ]
1600100168[27 39 62 164 18 0 0; 418 50 50 143 33 0 1; 154 76 47 97 40 0 0; 195 59 70 152 41 0 0; 271 88 24 77 47 0 1; 243 88 22 71 49 1 0; ]
1600100169[27 39 62 163 18 0 0; 420 50 50 144 33 0 1; 154 76 47 95 40 0 0; 194 60 69 155 41 0 0; 272 88 26 78 47 0 1; 243 88 23 71 49 1 0; ]
1600100170[27 39 62 164 18 0 0; 423 49 50 144 33 0 1; 154 77 47 95 40 0 0; 193 60 69 159 41 0 0; 272 88 28 78 47 0 1; 244 88 24 72 49 1 0; ]
1600100171[27 40 62 164 18 0 0; 425 49 50 145 33 0 1; 153 78 46 96 40 0 0; 193 60 68 161 41 0 0; 273 88 29 79 47 0 1; 245 87 25 73 49 1 0; ]
1600100172[28 41 62 164 18 0 0; 428 49 50 146 33 0 1; 152 78 46 97 40 0 0; 192 60 68 162 41 0 0; 275 88 29 79 47 0 1; 246 86 26 73 49 1 0; ]
1600100173[28 41 63 164 18 0 0; 430 48 50 147 33 0 1; 151 79 46 98 40 0 0; 191 60 67 161 41 0 0; 277 88 29 79 47 0 1; 247 86 27 74 49 1 0; 84 95 18 52 60 0 2; ]
1600100174[28 41 63 165 18 0 0; 433 46 51 150 33 0 1; 151 78 46 96 40 0 0; 190 60 67 160 41 0 0; 279 88 29 79 47 0 1; 248 85 28 76 49 1 0; 297 92 28 54 52 1 0; 84 93 19 52 60 0 2; ]
1600100175[28 41 63 163 18 0 0; 436 44 52 152 33 0 1; 150 76 45 94 40 0 0; 189 60 66 158 41 0 0; 281 88 28 79 47 0 1; 249 84 28 76 49 1 0; 299 91 31 56 52 1 0; 85 92 19 51 60 0 2; ]
1600100176[28 40 62 159 18 0 0; 438 42 53 154 33 0 1; 149 74 45 91 40 0 0; 189 60 66 154 41 0 0; 282 87 28 79 47 0 1; 250 83 28 76 49 0 0; 302 89 35 58 52 1 0; 85 90 19 51 60 0 2; ]
1600100177[27 39 61 155 18 0 0; 441 41 54 156 33 0 1; 149 72 45 90 40 0 0; 189 60 65 147 41 0 0; 282 86 29 79 47 0 1; 252 83 28 76 49 0 0; 305 88 37 59 52 1 0; 85 89 19 51 60 0 2; ]
1600100178[27 38 60 151 18 0 0; 443 40 55 157 33 0 1; 149 71 45 91 40 0 0; 188 60 65 142 41 0 0; 283 84 29 79 47 0 1; 253 82 28 76 49 0 0; 309 87 39 60 52 1 0; 85 88 19 51 60 0 2; ]
1600100179[26 38 60 150 18 0 0; 446 38 56 158 33 0 1; 148 70 45 92 40 0 0; 188 60 65 140 41 0 0; 285 83 29 79 47 0 1; 254 81 28 76 49 0 0; 313 86 40 60 52 0 0; 85 87 19 51 60 0 2; ]
1600100180[26 38 60 151 18 0 0; 448 37 57 158 33 0 1; 148 68 45 94 40 0 0; 187 60 65 142 41 0 0; 286 82 29 79 47 0 1; 255 81 28 76 49 0 0; 317 86 40 60 52 0 0; 85 87 19 51 60 0 2; ]
1600100181[25 38 59 153 18 0 0; 450 37 57 159 33 0 1; 147 68 44 95 40 0 0; 185 59 66 146 41 0 0; 288 81 30 79 47 0 1; 257 80 28 75 49 0 0; 322 85 41 60 52 0 0; 85 86 19 51 60 0 2; ]
1600100182[24 38 59 155 18 0 0; 452 36 58 160 33 0 1; 147 68 44 93 40 0 0; 184 57 67 150 41 0 0; 289 80 30 79 47 0 1; 258 79 28 75 49 0 0; 327 85 41 60 52 0 0; 85 86 19 51 60 0 2; ]
1600100183[23 38 59 157 18 0 0; 146 68 44 89 40 0 0; 183 57 67 152 41 0 0; 291 80 31 80 47 0 1; 259 79 27 74 49 0 0; 332 84 42 60 52 0 0; 85 87 19 51 60 0 2; ]
1600100184[22 38 59 158 18 0 0; 146 68 43 87 40 0 0; 182 57 67 151 41 0 0; 292 79 32 81 47 0 1; 260 79 28 73 49 0 0; 338 84 42 60 52 0 0; 84 87 19 52 60 0 2; ]
1600100185[21 38 59 157 18 0 0; 145 69 43 87 40 0 0; 181 57 67 150 41 0 0; 294 79 33 81 47 0 1; 260 80 28 72 49 0 0; 343 83 43 60 52 0 0; 84 87 19 52 60 0 2; ]
1600100186[19 38 59 157 18 0 0; 143 70 44 88 40 0 0; 179 58 66 147 41 0 0; 295 79 33 81 47 0 1; 261 81 28 72 49 0 0; 348 82 44 60 52 1 0; 84 87 19 53 60 0 2; ]
1600100187[18 39 59 155 18 0 0; 142 72 44 89 40 0 0; 178 58 66 144 41 0 0; 297 80 32 81 47 0 1; 262 81 29 71 49 0 0; 353 82 44 61 52 1 0; 83 87 19 54 60 0 2; ]
1600100188[16 39 59 153 18 0 0; 141 72 45 89 40 0 0; 178 58 66 141 41 0 0; 298 80 32 81 47 0 1; 263 82 29 71 49 0 0; 358 82 44 62 52 1 0; 82 87 19 55 60 0 2; ]
1600100189[14 39 59 150 18 0 0; 140 73 44 88 40 0 0; 177 59 66 139 41 0 0; 300 81 31 81 47 0 1; 263 82 29 71 49 0 0; 362 82 44 63 52 1 0; 82 88 20 54 60 0 2; ]
1600100190[13 40 58 150 18 0 0; 140 74 44 86 40 0 0; 176 59 65 137 41 0 0; 301 82 30 80 47 0 1; 264 82 29 71 49 0 0; 82 88 20 54 60 0 2; ]
1600100191[12 41 58 150 18 0 0; 139 74 44 83 40 0 0; 176 59 65 137 41 0 0; 302 83 29 79 47 0 1; 265 82 29 71 49 0 0; 81 89 20 54 60 0 2; ]
1600100192[11 42 57 150 18 0 0; 139 74 44 82 40 0 0; 175 59 65 137 41 0 0; 304 83 28 79 47 0 1; 266 82 30 71 49 0 0; 81 89 20 53 60 0 2; ]
1600100193[10 42 57 150 18 0 0; 139 74 43 83 40 0 0; 174 59 65 140 41 0 0; 305 84 28 79 47 0 1; 267 82 30 71 49 0 0; 80 89 20 53 60 0 2; ]
1600100194[9 43 57 150 18 0 0; 140 74 42 85 40 0 0; 172 59 64 143 41 0 0; 307 85 28 79 47 0 1; 269 82 30 72 49 0 0; 80 89 20 53 60 0 2; ]
1600100195[8 42 56 150 18 0 0; 140 74 41 88 40 0 0; 171 59 64 145 41 0 0; 308 85 28 79 47 0 1; 270 82 30 73 49 0 0; 79 90 21 53 60 0 2; ]
1600100196[7 42 56 151 18 0 0; 140 74 41 88 40 0 0; 170 59 64 148 41 0 0; 310 85 27 79 47 0 1; 271 82 30 74 49 0 0; 79 90 21 53 60 0 2; ]
1600100197[7 42 56 152 18 0 0; 140 74 40 86 40 0 0; 170 59 63 149 41 0 0; 311 85 27 79 47 0 1; 273 81 30 75 49 0 0; 78 89 21 53 60 0 2; ]
1600100198[6 42 55 153 18 0 0; 140 75 40 80 40 0 0; 170 59 63 148 41 0 0; 312 85 28 79 47 0 1; 274 81 30 76 49 0 0; 77 89 22 54 60 0 2; ]
1600100199[6 41 55 153 18 0 0; 139 76 40 77 40 0 0; 170 59 63 148 41 0 0; 313 85 28 79 47 0 1; 275 81 30 76 49 0 0; 77 89 22 54 60 0 2; ]
1600100200[5 42 55 151 18 0 0; 139 75 40 79 40 0 0; 170 59 63 146 41 0 0; 314 85 28 79 47 0 1; 276 81 30 76 49 0 0; 76 89 23 54 60 0 2; ]
1600100201[5 42 55 148 18 0 0; 139 75 39 82 40 0 0; 171 59 63 145 41 0 0; 315 85 29 80 47 0 1; 276 82 31 76 49 0 0; 75 89 24 55 60 0 2; ]
1600100202[5 42 55 143 18 0 0; 139 75 39 84 40 0 0; 171 59 63 142 41 0 0; 315 84 29 80 47 0 1; 277 82 31 76 49 0 0; 74 88 24 55 60 0 2; ]
1600100203[4 42 54 139 18 0 0; 138 75 39 83 40 0 0; 169 59 61 132 41 0 0; 315 84 30 81 47 0 1; 278 82 31 76 49 0 0; 73 88 25 56 60 0 2; 388 86 29 56 66 1 0; ]
1600100204[4 43 54 138 18 0 0; 137 76 40 80 40 0 0; 172 59 62 139 41 0 0; 316 83 31 82 47 0 1; 279 82 31 76 49 0 0; 73 89 24 56 60 0 2; 387 87 29 56 66 1 0; ]
1600100205[4 43 54 139 18 0 0; 136 76 41 77 40 0 0; 171 60 60 140 41 0 0; 317 84 31 82 47 0 1; 279 82 31 76 49 0 0; 73 89 23 56 60 0 2; 386 88 29 56 66 1 0; ]
1600100206[3 44 54 141 18 0 0; 135 76 42 76 40 0 0; 170 62 59 140 41 0 0; 319 84 31 82 47 0 1; 280 83 31 76 49 0 0; 73 89 22 56 60 0 2; 385 89 29 56 66 1 0; ]
1600100207[3 45 54 144 18 0 0; 136 77 41 77 40 0 0; 169 63 58 141 41 0 0; 320 85 31 81 47 0 1; 281 83 31 76 49 0 0; 73 90 21 56 60 0 2; 384 90 29 57 66 1 0; ]
1600100208[3 46 54 146 18 0 0; 136 78 40 78 40 0 0; 168 63 57 141 41 0 0; 322 86 31 81 47 0 1; 281 83 31 76 49 0 0; 73 90 21 56 60 0 2; 383 90 29 57 66 1 0; ]
1600100209[2 46 53 147 18 0 0; 137 79 38 79 40 0 0; 166 64 57 141 41 0 0; 323 87 32 81 47 0 1; 282 83 31 77 49 0 0; 73 90 20 56 60 0 2; 382 90 29 57 66 1 0; ]
1600100210[1 46 54 146 18 0 0; 138 79 37 80 40 0 0; 165 64 57 141 41 0 0; 325 88 32 81 47 0 1; 283 83 31 77 49 0 0; 73 90 20 56 60 0 2; 381 91 30 57 66 0 0; ]
1600100211[0 47 54 143 18 0 0; 137 79 37 79 40 0 0; 163 64 57 140 41 0 0; 327 88 32 81 47 0 1; 284 84 31 77 49 0 0; 72 90 20 56 60 0 2; 380 91 30 58 66 0 0; ]
1600100212[136 78 38 76 40 1 0; 161 63 59 137 41 0 0; 328 88 32 81 47 0 1; 284 84 32 77 49 0 0; 72 90 20 56 60 0 2; 417 93 31 55 65 1 0; 378 91 30 58 66 0 0; ]
1600100213[135 78 39 75 40 1 0; 160 63 60 135 41 0 0; 330 88 32 81 47 0 1; 285 84 32 77 49 0 0; 71 90 20 56 60 0 2; 413 92 32 56 65 1 0; 377 91 30 58 66 0 0; ]
1600100214[136 78 38 75 40 1 0; 158 63 61 130 41 0 0; 331 87 32 81 47 0 1; 286 84 32 77 49 0 0; 70 90 20 56 60 0 2; 409 91 32 57 65 1 0; 375 90 31 59 66 0 0; ]
1600100215[137 78 36 77 40 1 0; 157 65 61 126 41 0 0; 333 86 31 82 47 0 1; 287 84 33 78 49 0 0; 69 89 21 56 60 0 2; 406 91 32 57 65 1 0; 373 89 32 60 66 0 0; ]
1600100216[139 78 33 78 40 1 0; 156 66 61 124 41 0 0; 334 85 30 82 47 0 1; 288 84 34 78 49 0 0; 68 89 21 57 60 0 2; 403 90 32 58 65 1 0; 372 88 33 61 66 0 0; ]
1600100217[139 78 32 79 40 1 0; 156 66 61 124 41 0 0; 336 85 30 82 47 0 1; 289 84 34 78 49 0 0; 67 89 21 57 60 0 2; 400 90 32 59 65 0 0; 371 87 33 63 66 0 0; ]
1600100218[139 78 31 79 40 1 0; 155 67 61 125 41 0 0; 337 85 30 82 47 0 1; 289 84 34 78 49 0 0; 65 88 22 57 60 0 2; 397 89 32 60 65 0 0; 370 87 33 63 66 0 0; ]
1600100219[139 78 31 79 40 1 0; 155 67 60 126 41 0 0; 339 85 30 82 47 0 1; 290 84 34 78 49 0 0; 64 88 22 57 60 0 2; 394 89 33 60 65 0 0; 369 88 33 63 66 0 0; ]
1600100220[139 78 30 80 40 1 0; 155 67 59 127 41 0 0; 340 85 30 82 47 0 1; 291 84 34 78 49 0 0; 63 89 22 57 60 0 2; 391 89 33 61 65 0 0; 368 88 33 63 66 0 0; ]
1600100221[139 78 30 80 40 1 0; 155 68 59 127 41 0 0; 341 85 30 82 47 0 1; 291 84 34 78 49 0 0; 63 89 23 57 60 0 2; 389 88 33 62 65 0 0; 367 88 32 63 66 0 0; ]
1600100222[139 78 29 80 40 1 0; 154 68 58 128 41 0 0; 342 85 30 82 47 0 1; 292 84 34 78 49 0 0; 62 89 23 57 60 0 2; 386 88 33 62 65 0 0; 366 89 32 63 66 1 0; ]
1600100223[138 78 30 79 40 1 0; 154 68 57 129 41 0 0; 343 86 30 82 47 0 1; 292 84 34 78 49 0 0; 61 89 23 57 60 0 2; 384 88 32 63 65 0 0; 365 89 32 63 66 1 0; ]
1600100224[137 79 31 77 40 1 0; 153 68 57 128 41 0 0; 344 86 30 82 47 0 1; 293 84 34 77 49 0 0; 60 89 23 57 60 0 2; 382 88 32 63 65 0 0; 364 89 32 63 66 1 0; ]
1600100225[136 80 31 76 40 1 0; 153 68 56 124 41 0 0; 345 87 31 82 47 0 1; 293 84 34 77 49 0 0; 59 89 24 57 60 0 2; 380 88 32 64 65 0 0; 363 90 32 63 66 1 0; ]
1600100226[136 80 31 75 40 1 0; 152 68 56 120 41 0 0; 346 87 31 82 47 0 1; 294 84 34 77 49 0 0; 58 90 24 57 60 0 2; 378 88 32 64 65 0 0; 362 90 31 63 66 1 0; ]
1600100227[364 88 47 69 1 1 2; 135 80 31 75 40 1 0; 151 68 55 117 41 0 0; 347 87 32 82 47 0 1; 294 84 33 76 49 0 0; 58 90 24 57 60 0 2; ]
1600100228[360 88 43 69 1 1 2; 135 80 31 75 40 1 0; 151 68 55 116 41 0 0; 348 88 32 82 47 0 1; 295 84 33 76 49 0 0; 57 90 24 57 60 0 2; 400 100 14 42 102 0 3; ]
1600100229[360 88 39 69 1 1 2; 135 80 31 75 40 1 0; 151 69 54 116 41 0 0; 349 88 33 82 47 0 1; 295 84 32 76 49 0 0; 56 90 25 57 60 0 2; 401 101 14 41 102 0 3; ]
1600100230[360 88 36 69 1 1 2; 135 80 31 75 40 1 0; 151 69 54 117 41 0 0; 350 88 32 82 47 0 1; 296 84 32 76 49 0 0; 55 90 25 57 60 0 2; 205 106 13 30 69 0 0; 401 101 14 41 102 0 3; ]
1600100231[135 80 31 76 40 1 0; 152 69 53 119 41 0 0; 351 88 32 82 47 0 1; 297 84 32 76 49 0 0; 54 90 25 57 60 0 2; 206 106 13 30 69 0 0; 402 101 14 41 102 0 3; ]
1600100232[135 80 31 76 40 1 0; 152 70 52 123 41 0 0; 352 88 32 83 47 0 1; 297 84 32 76 49 0 0; 53 91 25 57 60 0 2; 206 106 13 31 69 0 0; 402 101 15 41 102 0 3; ]
1600100233[134 81 31 74 40 1 0; 153 70 51 127 41 0 0; 353 88 31 83 47 0 1; 298 84 32 76 49 0 0; 53 91 26 57 60 0 2; 207 106 13 31 69 0 0; 403 102 15 41 102 0 3; ]
1600100234[132 82 31 73 40 1 0; 150 70 53 123 41 0 0; 355 87 30 83 47 0 1; 299 85 31 76 49 0 0; 52 91 26 57 60 0 2; 207 106 13 31 69 0 0; 403 102 15 41 102 0 3; 431 97 16 45 103 1 3; ]
1600100235[132 82 31 72 40 1 0; 148 71 54 120 41 0 0; 356 87 30 83 47 0 1; 299 85 31 76 49 0 0; 51 91 25 57 60 0 2; 208 106 13 32 69 0 0; 404 102 15 41 102 0 3; 432 97 16 45 103 1 3; ]
1600100236[346 91 25 62 8 1 2; 131 83 31 71 40 1 0; 147 71 56 118 41 0 0; 357 87 29 83 47 0 1; 300 85 31 76 49 0 0; 50 91 25 57 60 0 2; 208 107 13 32 69 0 0; 404 102 16 41 102 0 3; 432 97 16 45 103 1 3; ]
1600100237[340 91 28 62 8 1 2; 131 83 31 71 40 1 0; 145 72 57 116 41 0 0; 359 87 29 83 47 0 1; 301 85 31 77 49 0 0; 49 92 25 57 60 0 2; 209 107 13 32 69 0 0; 405 103 16 40 102 0 3; 433 97 16 45 103 1 3; ]
1600100238[334 90 31 63 8 1 2; 131 83 31 71 40 1 0; 144 72 58 114 41 0 0; 360 87 30 83 47 0 1; 302 85 31 77 49 0 0; 48 92 25 57 60 0 2; 210 107 13 31 69 0 0; 405 103 16 40 102 0 3; 434 97 17 45 103 1 3; ]
1600100239[331 90 35 63 8 1 2; 131 83 31 71 40 1 0; 144 72 58 113 41 0 0; 361 87 30 83 47 0 1; 302 85 31 77 49 0 0; 47 92 24 57 60 0 2; 211 108 13 30 69 0 0; 406 103 16 40 102 0 3; 435 97 17 45 103 1 3; ]
1600100240[327 90 39 64 8 1 2; 131 84 31 71 40 1 0; 143 72 58 113 41 0 0; 363 87 31 83 47 0 1; 303 86 30 77 49 0 0; 46 92 24 57 60 0 2; 406 103 17 40 102 0 3; 435 97 17 45 103 1 3; ]
1600100241[324 90 43 65 8 1 2; 131 84 30 70 40 1 0; 143 72 58 114 41 0 0; 364 87 31 83 47 0 1; 304 86 30 77 49 0 0; 45 92 24 57 60 0 2; 407 104 17 40 102 0 3; 436 97 17 45 103 1 3; ]
1600100242[322 90 47 65 8 1 2; 131 85 29 70 40 1 0; 143 73 58 115 41 0 0; 366 87 32 83 47 0 1; 304 86 30 77 49 0 0; 44 93 21 57 60 0 2; 408 104 17 40 102 0 3; 437 97 17 45 103 1 3; ]
1600100243[131 85 29 70 40 1 0; 143 73 58 117 41 0 0; 367 87 32 83 47 0 1; 44 93 22 57 60 0 2; 304 85 57 76 68 0 2; 408 104 17 40 102 0 3; 438 98 17 45 103 1 3; ]
1600100244[131 85 28 70 40 1 0; 143 73 57 120 41 0 0; 369 87 33 83 47 0 1; 43 93 22 57 60 0 2; 304 85 59 75 68 0 2; 409 104 17 40 102 0 3; 439 98 17 45 103 1 3; ]
1600100245[131 86 28 69 40 1 0; 143 73 57 121 41 0 0; 370 87 33 83 47 0 1; 42 94 22 57 60 0 2; 303 85 60 74 68 0 2; 409 104 17 40 102 0 3; 439 98 17 46 103 1 3; ]
1600100246[131 86 28 68 40 1 0; 143 73 57 122 41 0 0; 371 88 34 83 47 0 1; 41 94 22 57 60 0 2; 303 85 61 73 68 0 2; 410 105 17 40 102 0 3; 440 98 18 46 103 1 3; ]
1600100247[131 86 27 67 40 1 0; 143 73 56 122 41 0 0; 373 88 34 83 47 0 1; 40 94 22 57 60 0 2; 303 85 62 72 68 0 2; 411 105 17 40 102 0 3; 441 98 18 46 103 1 3; ]
1600100248[131 86 27 67 40 1 0; 143 73 55 121 41 0 0; 374 88 35 83 47 0 1; 39 94 22 57 60 1 2; 302 85 62 72 68 0 2; 412 105 17 40 102 0 3; 442 98 18 46 103 1 3; ]
1600100249[131 86 27 66 40 1 0; 144 73 55 120 41 0 0; 376 88 35 83 47 0 1; 37 93 22 58 60 1 2; 300 85 62 71 68 0 2; 412 105 17 40 102 0 3; 442 98 18 46 103 1 3; ]
1600100250[131 87 27 66 40 1 0; 144 73 53 116 41 0 0; 377 88 36 83 47 0 1; 36 93 21 58 60 1 2; 296 85 62 71 68 0 2; 413 105 17 40 102 0 3; 443 98 18 46 103 1 3; ]
1600100251[131 88 27 66 40 1 0; 143 73 51 113 41 0 0; 378 88 36 84 47 0 1; 35 92 20 59 60 1 2; 293 85 62 71 68 0 2; 414 105 16 40 102 0 3; 444 98 18 46 103 1 3; ]
1600100252[130 88 27 66 40 1 0; 143 73 50 112 41 0 0; 380 88 37 84 47 0 1; 35 91 20 59 60 1 2; 313 85 47 71 68 0 2; 288 87 30 67 72 0 0; 414 105 16 40 102 0 3; 444 98 18 46 103 1 3; ]
1600100253[130 89 27 66 40 1 0; 143 73 50 112 41 0 0; 382 88 37 84 47 0 1; 34 90 21 59 60 1 2; 313 85 45 71 68 0 2; 285 87 30 68 72 0 0; 415 106 16 40 102 0 3; 445 98 18 46 103 1 3; ]
1600100254[130 89 27 66 40 1 0; 143 73 49 112 41 0 0; 385 88 38 84 47 0 1; 313 85 43 71 68 0 2; 282 87 30 68 72 0 0; 416 106 16 40 102 0 3; 445 98 18 46 103 1 3; ]
1600100255[130 89 27 65 40 1 0; 143 75 49 112 41 0 0; 387 88 38 84 47 0 1; 313 85 41 71 68 0 2; 225 110 21 32 71 0 2; 279 87 30 68 72 0 0; 416 106 16 40 102 0 3; 446 98 18 46 103 1 3; ]
1600100256[130 89 27 65 40 1 0; 143 77 48 112 41 0 0; 389 88 39 85 47 0 1; 312 85 40 71 68 0 2; 226 109 19 32 71 0 2; 275 87 30 69 72 0 0; 200 107 17 30 76 0 -1; 349 101 15 37 101 0 3; 417 106 16 40 102 0 3; 446 98 17 46 103 1 3; ]
1600100257[130 89 27 65 40 1 0; 143 77 48 112 41 0 0; 391 87 39 85 47 0 1; 312 85 40 70 68 0 2; 227 109 17 32 71 0 2; 272 87 30 69 72 0 0; 200 107 18 30 76 0 -1; 350 101 15 37 101 0 3; 447 98 17 46 103 1 3; ]
1600100258[130 89 27 65 40 1 0; 143 77 47 112 41 0 0; 393 87 40 85 47 0 1; 312 85 40 69 68 0 2; 227 109 17 33 71 0 2; 268 87 30 69 72 0 0; 200 107 18 30 76 0 -1; 351 101 15 37 101 0 3; 448 98 17 46 103 1 3; ]
1600100259[130 89 27 65 40 1 0; 143 77 47 112 41 0 0; 395 87 41 85 47 0 1; 311 85 40 70 68 0 2; 227 109 17 33 71 0 2; 265 87 30 69 72 0 0; 200 107 19 30 76 0 -1; 352 101 15 37 101 0 3; 448 98 17 46 103 1 3; ]
1600100260[130 90 27 64 40 1 0; 143 76 47 112 41 0 0; 397 87 41 85 47 0 1; 311 85 40 70 68 0 2; 227 108 18 33 71 0 2; 261 86 30 69 72 0 0; 200 107 19 31 76 0 -1; 352 101 15 37 101 0 3; 449 98 17 46 103 1 3; ]
1600100261[130 90 26 64 40 1 0; 144 76 46 112 41 0 0; 399 87 42 86 47 0 1; 310 85 41 70 68 0 2; 227 108 19 33 71 0 2; 257 86 30 69 72 0 0; 200 107 20 31 76 0 -1; 353 101 15 37 101 0 3; 449 98 17 46 103 1 3; ]
1600100262[0 62 46 113 18 0 0; 130 90 25 63 40 1 0; 144 75 46 112 41 0 0; 401 87 42 86 47 0 1; 309 85 41 71 68 0 2; 226 108 22 34 71 0 2; 253 86 30 69 72 0 0; 200 107 21 32 76 0 -1; 354 101 15 37 101 0 3; 450 98 17 46 103 1 3; ]
1600100263[1 63 46 112 18 0 0; 130 91 25 63 40 1 0; 142 76 47 108 41 0 0; 403 87 43 86 47 0 1; 308 85 43 71 68 0 2; 249 87 30 69 72 0 0; 200 106 21 32 76 0 -1; 355 101 15 37 101 0 3; 450 98 17 46 103 1 3; ]
1600100264[1 63 46 112 18 0 0; 130 91 24 63 40 1 0; 141 76 47 105 41 0 0; 405 87 43 86 47 0 1; 306 85 45 71 68 0 2; 244 88 31 68 72 0 0; 200 106 22 33 76 0 -1; 355 100 15 37 101 0 3; 451 98 17 46 103 1 3; ]
1600100265[2 62 46 114 18 0 0; 130 90 24 63 40 1 0; 140 77 47 103 41 0 0; 407 87 44 86 47 0 1; 304 85 47 71 68 0 2; 239 89 32 67 72 0 0; 200 106 23 33 76 0 -1; 356 100 15 37 101 0 3; 451 98 17 46 103 1 3; ]
1600100266[2 62 45 115 18 0 0; 130 90 24 63 40 1 0; 140 77 47 102 41 0 0; 409 87 45 87 47 0 1; 236 89 33 67 72 0 0; 303 87 31 70 73 1 0; 325 88 26 69 74 0 0; 200 105 24 34 76 0 -1; 357 100 15 37 101 0 3; 452 98 17 46 103 1 3; ]
1600100267[2 62 45 115 18 0 0; 130 89 24 63 40 1 0; 140 76 46 104 41 0 0; 412 87 44 87 47 0 1; 235 85 33 71 72 0 0; 302 87 32 70 73 1 0; 325 88 27 69 74 0 0; 201 105 24 34 76 0 -1; 358 100 15 38 101 0 3; 453 97 17 46 103 1 3; ]
1600100268[3 62 45 116 18 0 0; 129 89 24 64 40 1 0; 140 76 45 106 41 0 0; 415 87 44 87 47 0 1; 232 85 33 71 72 0 0; 301 87 32 70 73 1 0; 326 88 27 70 74 0 0; 202 105 24 35 76 1 -1; 358 100 15 38 101 0 3; 453 97 17 46 103 1 3; ]
1600100269[3 62 45 116 18 0 0; 129 88 24 64 40 1 0; 141 75 44 109 41 0 0; 418 87 43 87 47 0 1; 228 85 33 71 72 0 0; 299 86 33 70 73 1 0; 326 87 28 70 74 0 0; 202 104 24 35 76 1 -1; 359 100 15 38 101 0 3; ]
1600100270[4 62 45 115 18 0 0; 129 89 24 64 40 1 0; 141 75 43 110 41 0 0; 420 87 43 87 47 0 1; 224 85 33 71 72 0 0; 298 86 33 70 73 1 0; 326 87 28 70 74 0 0; 203 104 24 35 76 1 -1; 360 100 15 38 101 0 3; ]
1600100271[4 62 45 112 18 0 0; 128 90 24 63 40 1 0; 141 75 43 110 41 0 0; 423 86 42 87 47 0 1; 220 85 33 71 72 0 0; 296 86 34 70 73 1 0; 327 87 29 70 74 0 0; 361 100 15 38 101 0 3; ]
1600100272[4 62 44 108 18 0 0; 128 90 24 63 40 1 0; 141 75 43 109 41 0 0; 426 86 42 87 47 0 1; 216 85 32 71 72 0 0; 295 86 34 70 73 1 0; 327 86 29 70 74 0 0; 362 100 16 38 101 0 3; ]
1600100273[5 62 44 105 18 0 0; 128 90 24 63 40 1 0; 141 75 43 108 41 0 0; 429 86 41 87 47 0 1; 212 85 32 71 72 0 0; 293 86 35 70 73 1 0; 328 86 29 70 74 0 0; 362 101 16 38 101 0 3; 427 99 16 40 104 0 3; ]
1600100274[5 63 44 104 18 0 0; 128 90 24 63 40 1 0; 140 75 43 107 41 0 0; 432 86 41 88 47 0 1; 208 85 32 71 72 0 0; 292 86 35 70 73 1 0; 328 86 30 70 74 0 0; 363 101 16 37 101 0 3; 428 100 16 40 104 0 3; ]
1600100275[6 63 44 105 18 0 0; 127 91 24 61 40 0 0; 140 75 43 105 41 0 0; 435 86 40 88 47 0 1; 204 85 32 71 72 0 0; 290 86 35 70 73 0 0; 329 86 30 70 74 0 0; 364 101 16 37 101 0 3; 428 100 16 40 104 0 3; 322 96 16 49 105 1 3; ]
1600100276[6 63 44 106 18 0 0; 126 91 24 59 40 0 0; 140 76 43 102 41 0 0; 437 86 40 88 47 0 1; 201 85 32 71 72 0 0; 288 86 35 70 73 0 0; 330 85 30 71 74 0 0; 2 85 17 78 75 1 2; 365 102 16 37 101 0 3; 429 101 16 40 104 0 3; 322 97 16 49 105 1 3; ]
1600100277[6 64 44 107 18 0 0; 125 91 25 58 40 0 0; 139 76 43 99 41 0 0; 440 86 40 88 47 0 1; 197 86 32 71 72 0 0; 287 86 36 69 73 0 0; 330 85 31 71 74 0 0; 4 88 20 62 75 1 2; 366 102 16 37 101 0 3; 430 101 16 40 104 0 3; 323 97 16 49 105 1 3; ]
1600100278[7 64 44 108 18 0 0; 124 91 25 57 40 1 0; 139 77 43 97 41 0 0; 443 86 39 88 47 0 1; 193 86 32 71 72 0 0; 285 86 36 68 73 0 0; 331 85 31 72 74 0 0; 1 88 23 62 75 1 2; 367 102 16 37 101 0 3; 431 102 16 39 104 0 3; 323 98 17 49 105 1 3; ]
1600100279[7 65 44 108 18 0 0; 123 91 25 57 40 1 0; 138 76 43 98 41 0 0; 446 86 39 88 47 0 1; 189 86 32 71 72 0 0; 283 86 36 67 73 0 0; 333 84 31 72 74 0 0; 367 102 16 37 101 0 3; 431 102 16 39 104 0 3; 323 98 17 49 105 1 3; ]
1600100280[8 65 44 108 18 0 0; 123 92 24 57 40 0 0; 138 76 43 101 41 0 0; 449 85 38 88 47 0 1; 185 86 32 71 72 0 0; 281 86 36 66 73 0 0; 334 84 31 73 74 0 0; 368 103 17 37 101 0 3; 432 103 16 39 104 0 3; 324 98 17 49 105 1 3; ]
1600100281[9 65 43 107 18 0 0; 122 93 24 57 40 0 0; 138 75 43 104 41 0 0; 451 85 38 88 47 0 1; 181 86 32 71 72 0 0; 279 86 36 65 73 0 0; 335 84 31 74 74 0 0; 369 103 17 37 101 0 3; 433 103 16 39 104 0 3; 324 99 17 48 105 1 3; ]
1600100282[11 66 42 105 18 0 0; 122 93 24 57 40 0 0; 138 74 44 108 41 0 0; 453 85 39 89 47 0 1; 177 86 32 71 72 0 0; 278 86 37 67 73 0 0; 336 84 32 74 74 0 0; 210 107 21 31 77 0 -1; 370 103 17 37 101 0 3; 434 104 16 39 104 0 3; 324 99 17 48 105 1 3; ]
1600100283[12 66 41 104 18 0 0; 121 93 24 57 40 0 0; 138 78 41 106 41 0 0; 454 85 40 90 47 0 1; 175 87 30 70 72 0 0; 276 86 38 69 73 0 0; 337 84 32 74 74 0 0; 210 108 21 32 77 0 -1; 371 104 17 36 101 0 3; 434 104 16 39 104 0 3; 325 100 18 48 105 1 3; ]
1600100284[13 67 40 103 18 0 0; 121 93 23 57 40 0 0; 137 78 41 106 41 0 0; 455 86 41 91 47 0 1; 172 87 29 70 72 0 0; 275 86 38 70 73 0 0; 338 84 32 74 74 0 0; 211 109 21 32 77 0 -1; 372 104 17 36 101 0 3; 435 105 16 39 104 0 3; 325 100 18 48 105 1 3; ]
1600100285[13 67 40 103 18 0 0; 119 94 25 56 40 0 0; 137 79 41 106 41 0 0; 457 86 42 91 47 0 1; 169 88 27 69 72 1 0; 273 86 39 71 73 0 0; 339 84 32 75 74 0 0; 211 109 21 32 77 0 -1; 372 104 17 36 101 0 3; 436 105 16 39 104 0 3; 326 101 18 48 105 1 3; ]
1600100286[13 68 41 104 18 0 0; 118 94 26 56 40 0 0; 137 79 41 106 41 0 0; 458 86 42 92 47 0 1; 166 88 26 69 72 1 0; 272 86 39 72 73 0 0; 340 84 33 75 74 0 0; 212 110 21 32 77 0 -1; 373 105 17 36 101 0 3; 437 106 16 39 104 0 3; 326 101 18 48 105 1 3; ]
1600100287[13 68 41 104 18 0 0; 117 94 26 56 40 0 0; 136 79 41 106 41 0 0; 460 87 43 92 47 0 1; 163 88 26 70 72 1 0; 270 86 40 72 73 0 0; 341 84 33 75 74 0 0; 212 109 20 32 77 0 -1; 438 106 16 39 104 0 3; ]
1600100288[14 69 41 105 18 0 0; 116 94 26 56 40 0 0; 136 79 41 106 41 0 0; 461 87 43 92 47 0 1; 161 88 25 70 72 1 0; 269 86 40 73 73 0 0; 342 84 33 76 74 0 0; 213 109 20 32 77 0 -1; 438 107 16 39 104 0 3; ]
1600100289[14 69 41 105 18 0 0; 116 94 26 56 40 1 0; 133 80 43 102 41 0 0; 463 88 43 92 47 0 1; 158 87 24 70 72 1 0; 268 86 40 73 73 0 0; 343 85 33 77 74 0 0; 213 109 20 31 77 0 -1; 438 108 16 40 104 0 3; ]
1600100290[14 69 41 105 18 0 0; 116 94 25 56 40 1 0; 131 80 45 97 41 0 0; 465 88 43 92 47 0 1; 155 87 24 71 72 1 0; 266 86 40 73 73 0 0; 344 85 33 77 74 0 0; 214 108 20 31 77 0 -1; 439 109 16 41 104 0 3; ]
1600100291[15 69 41 105 18 0 0; 115 94 24 56 40 1 0; 129 80 46 96 41 0 0; 466 89 43 92 47 0 1; 265 86 40 73 73 0 0; 345 85 33 78 74 0 0; 214 109 20 31 77 0 -1; 439 109 17 42 104 0 3; ]
1600100292[15 69 41 104 18 0 0; 115 95 23 56 40 1 0; 128 80 46 96 41 0 0; 468 90 42 92 47 0 1; 263 86 40 73 73 0 0; 346 86 33 79 74 0 0; 215 109 20 31 77 0 -1; 439 110 17 43 104 0 3; ]
1600100293[16 69 41 104 18 0 0; 115 95 23 56 40 1 0; 127 80 46 96 41 0 0; 262 86 40 72 73 0 0; 348 86 33 80 74 0 0; 215 109 20 31 77 0 -1; 440 110 17 43 104 0 3; ]
1600100294[16 69 41 104 18 0 0; 114 95 23 56 40 1 0; 127 80 46 96 41 0 0; 260 88 39 71 73 0 0; 349 87 33 81 74 0 0; 216 110 20 32 77 0 -1; 440 111 17 44 104 0 3; ]
1600100295[17 70 40 103 18 0 0; 114 96 24 56 40 1 0; 122 83 47 98 41 0 0; 259 89 38 68 73 0 0; 350 88 33 83 74 0 0; 216 111 20 32 77 0 -1; 441 111 17 44 104 0 3; ]
1600100296[18 71 40 102 18 0 0; 118 85 48 100 41 0 0; 258 91 37 66 73 0 0; 352 90 33 84 74 0 0; 217 113 20 32 77 0 -1; 114 93 33 69 78 1 2; 442 111 17 44 104 0 3; ]
1600100297[18 74 40 100 18 0 0; 117 86 48 101 41 0 0; 256 91 37 67 73 0 0; 353 89 33 84 74 0 0; 217 114 19 33 77 0 -1; 112 94 33 70 78 1 2; 442 111 17 44 104 0 3; ]
1600100298[19 75 40 99 18 0 0; 116 86 48 102 41 0 0; 255 91 37 68 73 0 0; 354 88 33 83 74 0 0; 218 113 19 33 77 0 -1; 110 94 34 70 78 1 2; 443 111 17 44 104 0 3; ]
1600100299[19 76 40 99 18 0 0; 116 86 48 102 41 0 0; 254 90 37 69 73 0 0; 356 87 33 83 74 0 0; 219 112 20 32 77 0 -1; 107 95 34 71 78 1 2; 444 110 17 43 104 0 3; ]
1600100300[20 76 39 99 18 0 0; 116 86 48 103 41 0 0; 252 90 38 70 73 0 0; 357 87 33 82 74 0 0; 220 112 20 32 77 0 -1; 105 94 35 70 79 1 0; 445 110 17 43 104 0 3; ]
1600100301[21 75 39 99 18 0 0; 116 84 47 98 41 0 0; 251 90 38 71 73 0 0; 359 86 33 81 74 0 0; 220 111 20 32 77 0 -1; 99 92 37 71 79 1 0; 446 109 17 42 104 0 3; ]
1600100302[21 73 39 100 18 0 0; 116 82 47 95 41 0 0; 250 90 38 72 73 0 0; 360 86 34 81 74 0 0; 221 111 20 31 77 0 -1; 92 90 39 71 79 1 0; 447 108 17 40 104 0 3; ]
1600100303[22 72 39 100 18 0 0; 115 82 47 93 41 0 0; 248 90 38 73 73 0 0; 362 86 34 80 74 0 0; 221 111 20 31 77 0 -1; 87 89 40 71 79 1 0; 449 107 17 39 104 0 3; ]
1600100304[22 72 39 100 18 0 0; 114 82 47 94 41 0 0; 247 90 38 74 73 0 0; 363 86 34 80 74 0 0; 222 111 20 31 77 0 -1; 82 88 41 72 79 1 0; 450 107 17 39 104 0 3; ]
1600100305[23 73 39 99 18 0 0; 112 83 47 95 41 0 0; 246 90 38 75 73 0 0; 365 86 35 80 74 0 0; 223 111 20 31 77 0 -1; 77 88 41 73 79 0 0; 451 107 17 39 104 0 3; ]
1600100306[23 75 38 97 18 0 0; 111 85 46 97 41 0 0; 244 90 39 76 73 0 0; 366 86 35 79 74 0 0; 223 112 20 30 77 1 -1; 73 89 41 73 79 0 0; 452 108 17 39 104 0 3; ]
1600100307[24 77 38 95 18 0 0; 110 86 46 98 41 0 0; 243 89 39 77 73 0 0; 367 87 35 79 74 0 0; 224 114 21 30 77 1 -1; 69 89 40 74 79 0 0; 453 108 17 39 104 0 3; ]
1600100308[24 80 38 93 18 0 0; 110 86 46 99 41 0 0; 242 89 39 78 73 0 0; 369 87 36 78 74 0 0; 224 114 21 30 77 1 -1; 66 90 40 75 79 0 0; 453 108 17 39 104 0 3; ]
1600100309[25 80 38 92 18 0 0; 111 87 44 101 41 0 0; 240 89 39 79 73 0 0; 370 88 37 78 74 0 0; 225 114 22 30 77 1 -1; 62 90 40 75 79 0 0; 454 109 17 40 104 0 3; ]
1600100310[25 80 38 92 18 0 0; 111 87 43 101 41 0 0; 239 89 39 80 73 0 0; 372 89 37 77 74 0 0; 225 115 23 31 77 1 -1; 59 91 40 75 79 0 0; 455 109 17 40 104 0 3; ]
1600100311[25 80 38 93 18 0 0; 111 88 41 102 41 0 0; 237 89 39 80 73 0 0; 373 90 38 77 74 0 0; 55 91 40 76 79 1 0; 456 109 17 40 104 0 3; 346 103 19 59 106 1 3; ]
1600100312[26 79 39 94 18 0 0; 109 88 41 102 41 0 0; 236 89 40 81 73 0 0; 376 89 38 77 74 0 0; 51 91 39 76 79 1 0; 457 110 17 40 104 0 3; 348 103 19 59 106 1 3; ]
1600100313[26 78 40 96 18 0 0; 108 88 41 102 41 0 0; 235 89 40 81 73 0 0; 378 89 38 77 74 0 0; 47 90 37 75 79 1 0; 458 110 17 40 104 0 3; 349 103 19 59 106 1 3; ]
1600100314[26 77 41 98 18 0 0; 106 88 42 99 41 0 0; 234 89 40 81 73 0 0; 380 89 38 77 74 0 0; 42 90 35 75 79 1 0; 459 110 17 40 104 0 3; 350 103 19 59 106 1 3; ]
1600100315[103 87 43 96 41 0 0; 234 89 40 81 73 0 0; 382 89 38 77 74 0 0; 27 77 50 98 80 0 2; 460 110 17 40 104 0 3; 351 103 19 59 106 1 3; ]
1600100316[102 87 43 96 41 0 0; 233 89 40 81 73 0 0; 384 89 38 77 74 0 0; 25 77 49 97 80 0 2; 461 111 17 40 104 0 3; 353 103 19 59 106 1 3; ]
1600100317[101 87 43 96 41 0 0; 232 88 40 82 73 0 0; 386 89 38 77 74 0 0; 23 78 49 96 80 0 2; 462 111 17 40 104 0 3; 354 103 19 59 106 1 3; ]
1600100318[100 87 42 96 41 0 0; 231 88 40 82 73 0 0; 388 88 38 78 74 0 0; 21 78 48 95 80 0 2; 463 111 17 40 104 0 3; 355 103 19 59 106 1 3; ]
1600100319[98 87 42 96 41 0 0; 230 88 40 82 73 0 0; 390 88 38 78 74 0 0; 20 79 48 94 80 0 2; 465 111 17 40 104 0 3; 356 103 19 59 106 1 3; ]
1600100320[97 87 42 95 41 0 0; 229 88 40 82 73 0 0; 392 88 38 78 74 0 0; 17 91 32 72 81 1 0; 29 80 36 85 83 0 0; 466 111 18 41 104 0 3; 357 103 19 59 106 1 3; ]
1600100321[96 87 42 95 41 0 0; 228 88 40 83 73 0 0; 393 88 38 78 74 0 0; 12 90 34 73 81 1 0; 30 79 36 89 83 0 0; 467 111 18 41 104 0 3; 359 103 19 59 106 1 3; ]
1600100322[95 87 42 95 41 0 0; 227 88 40 83 73 0 0; 395 88 38 79 74 0 0; 6 88 35 74 81 1 0; 30 79 36 92 83 0 0; 469 111 18 41 104 0 3; 360 103 19 59 106 1 3; ]
1600100323[93 87 42 95 41 0 0; 226 88 40 83 73 0 0; 397 88 38 79 74 0 0; 1 87 37 75 81 0 0; 31 79 36 94 83 0 0; 470 110 19 41 104 0 3; 361 103 20 59 106 1 3; ]
1600100324[92 87 42 94 41 0 0; 225 88 40 83 73 0 0; 398 87 40 81 74 0 0; 31 78 36 96 83 0 0; 471 110 19 41 104 0 3; 362 103 20 59 106 1 3; ]
1600100325[91 87 42 94 41 0 0; 224 88 41 83 73 0 0; 399 87 42 83 74 0 0; 32 78 36 96 83 0 0; 472 110 19 41 104 0 3; 363 103 20 59 106 1 3; ]
1600100326[90 87 42 93 41 0 0; 223 88 41 84 73 0 0; 402 87 41 83 74 0 0; 32 78 36 96 83 0 0; 474 110 19 41 104 0 3; 365 103 20 59 106 1 3; ]
1600100327[88 87 42 92 41 0 0; 222 88 41 84 73 0 0; 406 87 40 83 74 0 0; 33 78 37 94 83 0 0; 475 110 20 41 104 0 3; 366 103 20 59 106 1 3; ]
1600100328[87 88 42 91 41 0 0; 222 89 41 84 73 0 0; 409 87 40 82 74 0 0; 33 78 37 92 83 0 0; 476 109 20 42 104 0 3; 368 103 20 59 106 1 3; ]
1600100329[86 88 43 89 41 0 0; 222 89 41 84 73 0 0; 412 87 39 82 74 0 0; 34 78 37 90 83 0 0; 478 109 20 42 104 0 3; 369 103 20 59 106 1 3; ]
1600100330[85 88 43 88 41 0 0; 221 88 41 84 73 0 0; 415 87 39 82 74 0 0; 34 79 37 89 83 0 0; 479 109 20 42 104 0 3; 371 103 20 59 106 1 3; ]
1600100331[84 87 43 90 41 0 0; 221 87 41 84 73 0 0; 418 87 39 82 74 0 0; 35 79 37 88 83 0 0; 480 109 17 42 104 0 3; 373 103 19 59 106 1 3; ]
1600100332[83 86 43 92 41 0 0; 221 86 41 85 73 0 0; 420 86 39 82 74 0 0; 35 78 37 88 83 0 0; 481 109 19 42 104 0 3; 374 103 19 59 106 1 3; ]
1600100333[83 86 42 94 41 0 0; 220 85 41 85 73 0 0; 423 86 39 82 74 0 0; 36 78 37 88 83 0 0; 483 108 21 42 104 0 3; 376 103 19 59 106 1 3; ]
1600100334[82 85 42 95 41 0 0; 220 84 41 85 73 0 0; 425 86 39 82 74 0 0; 36 77 37 89 83 0 0; 485 108 21 42 104 0 3; 377 103 19 59 106 1 3; ]
1600100335[81 85 42 95 41 0 0; 220 84 41 85 73 0 0; 428 87 39 82 74 0 0; 37 77 37 89 83 0 0; 487 108 21 42 104 0 3; 379 103 19 59 106 1 3; ]
1600100336[80 86 41 95 41 0 0; 220 84 41 85 73 0 0; 430 87 40 83 74 0 0; 38 79 36 90 83 0 0; 490 108 21 42 104 0 3; 381 103 19 59 106 1 3; ]
1600100337[79 87 41 94 41 0 0; 219 85 41 85 73 0 0; 433 88 42 84 74 0 0; 39 81 35 90 83 0 0; 382 102 19 59 106 1 3; ]
1600100338[79 89 40 93 41 0 0; 219 85 41 85 73 0 0; 435 89 44 85 74 0 0; 40 82 34 90 83 0 0; 384 102 19 59 106 1 3; ]
1600100339[78 91 40 91 41 0 0; 219 86 41 86 73 0 0; 435 89 46 87 74 0 0; 41 82 34 90 83 0 0; 385 102 19 59 106 1 3; ]
1600100340[78 91 40 90 41 0 0; 218 87 41 86 73 0 0; 438 88 48 88 74 0 0; 42 82 34 90 83 0 0; 387 102 18 59 106 1 3; ]
1600100341[106 105 21 53 10 1 0; 77 91 40 89 41 0 0; 218 89 41 86 73 0 0; 440 87 49 89 74 0 0; 43 81 34 89 83 0 0; 389 102 18 59 106 1 3; ]
1600100342[107 103 21 52 10 1 0; 77 91 40 88 41 0 0; 218 87 41 87 73 0 0; 443 86 50 90 74 0 0; 44 80 34 87 83 0 0; ]
1600100343[108 102 21 52 10 1 0; 77 90 39 87 41 0 0; 218 86 42 87 73 0 0; 446 86 50 90 74 0 0; 45 80 34 86 83 0 0; ]
1600100344[109 101 22 51 10 1 0; 77 89 39 86 41 0 0; 219 84 42 88 73 0 0; 449 85 50 90 74 0 0; 47 79 34 85 83 0 0; ]
1600100345[111 101 22 51 10 0 0; 77 87 39 84 41 0 0; 219 83 42 88 73 0 0; 453 85 50 90 74 0 0; 49 79 34 84 83 0 0; ]
1600100346[113 101 22 50 10 0 0; 77 86 39 85 41 0 0; 219 82 43 89 73 0 0; 458 84 48 88 74 0 0; 51 79 34 85 83 1 0; ]
1600100347[115 101 22 50 10 0 0; 78 86 38 87 41 0 0; 220 81 43 89 73 0 0; 462 84 47 88 74 0 0; 54 79 33 87 83 1 0; ]
1600100348[117 101 22 50 10 0 0; 78 85 37 88 41 0 0; 220 81 43 90 73 0 0; 58 79 31 90 83 1 0; 9 64 66 118 87 0 0; ]
1600100349[121 102 21 50 10 0 0; 221 81 44 90 73 0 0; 21 64 67 116 87 0 0; 62 78 52 99 90 1 2; ]
1600100350[126 102 20 49 10 0 0; 222 81 44 90 73 0 0; 33 65 69 115 87 0 0; 62 79 53 96 90 1 2; ]
1600100351[128 102 20 49 10 0 0; 223 81 44 91 73 0 0; 54 65 63 121 90 0 2; ]
1600100352[128 102 22 49 10 1 0; 224 81 45 91 73 0 0; 61 66 65 119 90 0 2; ]
1600100353[226 81 45 91 73 0 0; 69 66 73 122 90 0 2; ]
1600100354[228 81 46 91 73 0 0; 94 64 66 129 91 0 0; 72 80 45 95 97 1 2; ]
1600100355[229 81 46 91 73 0 0; 110 64 66 126 91 0 0; 75 79 44 99 97 1 2; ]
1600100356[231 81 46 91 73 0 0; 125 64 65 124 91 0 0; 79 79 44 103 97 1 2; ]
1600100357[232 81 46 92 73 0 0; 140 65 65 123 91 0 0; 81 78 41 97 97 1 2; ]
1600100358[234 81 45 92 73 0 0; 155 65 65 122 91 0 0; 84 78 39 95 97 0 2; ]
1600100359[235 81 44 92 73 0 0; 171 65 65 122 91 0 0; 86 78 39 94 97 0 2; 148 100 26 52 99 1 0; ]
1600100360[237 81 44 93 73 1 0; 186 65 65 123 91 0 0; 88 78 38 99 97 0 2; 152 101 24 52 99 0 0; ]
1600100361[239 81 43 94 73 1 0; 201 66 65 124 91 0 0; 89 78 38 102 97 0 2; 155 101 23 51 99 0 0; ]
1600100362[241 80 42 95 73 1 0; 216 66 65 127 91 0 0; 91 78 38 101 97 0 2; 158 101 23 51 99 0 0; ]
1600100363[219 60 78 134 92 0 2; 91 78 39 99 97 0 2; 161 101 22 50 99 0 0; ]
1600100364[239 65 74 129 92 0 2; 92 78 40 98 97 0 2; 164 101 22 49 99 0 0; ]
1600100365[242 79 39 94 96 1 0; 92 78 44 99 97 0 2; 258 63 70 133 98 0 0; 167 101 22 49 99 0 0; ]
1600100366[243 78 42 98 96 1 0; 93 78 47 99 97 0 2; 275 63 70 132 98 0 0; 170 101 21 48 99 0 0; ]
1600100367[2 74 36 87 88 0 0; 243 77 43 99 96 0 0; 93 78 49 100 97 0 2; 291 62 70 131 98 0 0; 172 101 21 48 99 0 0; ]
1600100368[4 74 36 86 88 0 0; 243 75 45 98 96 0 0; 94 78 50 99 97 0 2; 308 62 70 130 98 0 0; 175 100 21 48 99 0 0; ]
1600100369[7 74 35 86 88 0 0; 243 75 45 98 96 0 0; 94 78 51 97 97 0 2; 325 61 70 130 98 0 0; 177 100 21 48 99 0 0; ]
1600100370[9 74 35 86 88 0 0; 244 74 45 97 96 0 0; 95 78 52 96 97 0 2; 342 60 70 130 98 0 0; 179 100 21 48 99 0 0; ]
1600100371[12 74 35 86 88 0 0; 244 74 46 97 96 0 0; 95 78 53 95 97 0 2; 358 60 70 130 98 0 0; 182 99 22 48 99 0 0; ]
1600100372[14 74 35 85 88 0 0; 244 73 46 97 96 0 0; 96 78 54 94 97 0 2; 375 59 70 132 98 0 0; 184 99 22 48 99 0 0; ]
1600100373[128 76 25 84 85 1 0; 99 82 40 88 86 0 0; 15 71 38 90 88 0 0; 245 72 46 96 96 0 0; 391 57 71 137 98 0 0; 186 98 22 48 99 0 0; ]
1600100374[124 77 29 81 85 1 0; 101 81 39 85 86 0 0; 17 68 41 93 88 0 0; 245 72 46 96 96 0 0; 408 56 71 142 98 0 0; 188 97 23 48 99 0 0; ]
1600100375[125 77 29 81 85 1 0; 102 81 38 83 86 0 0; 18 67 43 96 88 0 0; 245 71 47 96 96 0 0; 425 54 72 145 98 0 0; 190 96 23 49 99 0 0; ]
1600100376[127 76 29 81 85 1 0; 103 80 37 81 86 0 0; 20 66 44 97 88 0 0; 244 70 47 96 96 0 0; 192 95 23 49 99 0 0; ]
1600100377[128 75 30 81 85 1 0; 105 80 36 79 86 0 0; 22 66 43 97 88 0 0; 244 69 47 96 96 0 0; 194 94 23 49 99 0 0; ]
1600100378[130 75 30 81 85 1 0; 106 80 36 79 86 0 0; 25 66 42 97 88 0 0; 243 68 47 96 96 0 0; 196 94 23 49 99 0 0; ]
1600100379[131 75 31 80 85 1 0; 107 80 35 78 86 0 0; 28 66 40 96 88 0 0; 243 67 48 96 96 0 0; 199 94 23 49 99 0 0; ]
1600100380[133 74 32 80 85 1 0; 108 80 34 78 86 0 0; 31 67 38 95 88 0 0; 242 67 48 96 96 0 0; 201 94 23 49 99 0 0; ]
1600100381[134 74 32 80 85 1 0; 110 80 34 77 86 0 0; 34 67 37 94 88 0 0; 241 68 48 95 96 0 0; 203 95 23 49 99 0 0; ]
1600100382[135 76 33 79 85 0 0; 111 80 33 78 86 0 0; 36 68 36 93 88 0 0; 241 69 48 95 96 0 0; 205 97 24 48 99 0 0; ]
1600100383[137 78 33 78 85 0 0; 112 81 33 80 86 0 0; 38 68 36 92 88 0 0; 240 70 48 94 96 0 0; 207 98 24 47 99 0 0; ]
1600100384[138 79 33 78 85 0 0; 114 82 32 83 86 0 0; 40 70 36 90 88 0 0; 240 71 48 95 96 0 0; 210 99 24 47 99 0 0; ]
1600100385[140 80 34 77 85 0 0; 115 83 32 85 86 0 0; 42 72 37 88 88 0 0; 239 72 49 95 96 0 0; 212 100 23 47 99 1 0; ]
1600100386[141 81 34 77 85 0 0; 116 84 32 86 86 0 0; 43 74 38 86 88 0 0; 238 74 49 95 96 0 0; 214 101 21 47 99 1 0; ]
1600100387[143 82 34 76 85 0 0; 117 85 32 85 86 0 0; 45 76 39 83 88 0 0; 238 75 50 95 96 0 0; 216 101 21 47 99 1 0; ]
1600100388[144 83 34 76 85 0 0; 119 86 31 82 86 0 0; 47 76 39 83 88 0 0; 237 75 51 95 96 0 0; 218 101 21 48 99 1 0; ]
1600100389[146 83 34 76 85 0 0; 121 86 32 80 86 0 0; 49 76 39 83 88 0 0; 236 76 51 96 96 0 0; 220 102 21 48 99 1 0; ]
1600100390[147 83 34 76 85 0 0; 122 85 33 78 86 0 0; 51 76 39 82 88 0 0; 235 75 52 96 96 0 0; 222 101 22 49 99 1 0; ]
1600100391[149 83 34 76 85 0 0; 124 85 34 77 86 0 0; 54 76 39 82 88 0 0; 233 75 52 97 96 0 0; ]
1600100392[151 83 34 77 85 0 0; 126 85 34 77 86 0 0; 56 76 39 82 88 0 0; 232 74 52 98 96 0 0; ]
1600100393[152 83 34 78 85 0 0; 127 85 35 77 86 0 0; 58 76 39 82 88 0 0; 231 73 53 99 96 0 0; ]
1600100394[154 83 34 79 85 0 0; 129 85 35 77 86 0 0; 60 76 39 82 88 0 0; 229 72 53 101 96 0 0; ]
1600100395[155 82 34 81 85 0 0; 130 85 35 77 86 0 0; 63 76 39 82 88 0 0; 228 70 53 102 96 0 0; ]
1600100396[157 81 33 83 85 0 0; 132 85 36 77 86 0 0; 65 76 39 82 88 0 0; 227 71 53 103 96 0 0; ]
1600100397[159 82 32 82 85 0 0; 134 86 36 77 86 0 0; 67 77 39 83 88 0 0; 226 71 53 103 96 0 0; ]
1600100398[161 84 32 81 85 0 0; 135 86 36 77 86 0 0; 69 78 39 83 88 0 0; 225 72 52 103 96 0 0; ]
1600100399[163 85 31 80 85 0 0; 137 87 37 77 86 0 0; 72 79 40 84 88 0 0; 224 72 52 104 96 0 0; ]
1600100400[165 86 30 79 85 0 0; 138 88 37 77 86 0 0; 74 80 40 85 88 0 0; 223 73 52 104 96 0 0; ]
1600100401[167 87 29 79 85 0 0; 140 89 37 77 86 0 0; 76 81 41 86 88 0 0; 222 73 51 105 96 0 0; ]
1600100402[169 88 29 78 85 0 0; 141 90 37 77 86 0 0; 78 82 41 87 88 0 0; 222 74 51 105 96 0 0; ]
1600100403[171 88 28 78 85 0 0; 143 91 37 77 86 0 0; 81 84 41 85 88 0 0; 429 119 14 30 93 0 0; 221 74 51 105 96 0 0; ]
1600100404[172 89 27 78 85 0 0; 145 94 36 77 86 0 0; 84 85 40 84 88 0 0; 431 119 14 30 93 0 0; 220 75 50 106 96 0 0; ]
1600100405[174 90 27 79 85 0 0; 147 96 34 76 86 0 0; 87 87 39 83 88 0 0; 432 120 14 30 93 0 0; 219 75 50 106 96 0 0; ]
1600100406[175 90 26 79 85 0 0; 149 97 34 76 86 0 0; 89 87 39 83 88 0 0; 433 120 14 30 93 0 0; 218 76 50 106 96 0 0; ]
1600100407[260 110 16 38 11 1 0; 176 91 26 79 85 0 0; 151 97 33 76 86 0 0; 92 88 38 82 88 0 0; 435 120 14 30 93 0 0; 217 76 49 107 96 0 0; ]
1600100408[260 110 18 42 11 1 0; 178 91 25 79 85 0 0; 153 97 33 76 86 0 0; 95 88 37 82 88 0 0; 436 120 14 30 93 0 0; 216 77 49 107 96 0 0; ]
1600100409[260 111 19 41 11 1 0; 179 91 25 77 85 0 0; 155 97 33 77 86 0 0; 98 88 36 82 88 0 0; 437 120 14 30 93 0 0; 215 77 49 108 96 0 0; ]
1600100410[260 110 19 41 11 1 0; 181 92 25 75 85 0 0; 157 97 33 78 86 0 0; 100 88 36 81 88 0 0; 439 120 14 30 93 0 0; 215 78 48 108 96 0 0; ]
1600100411[262 109 19 40 11 1 0; 182 92 25 73 85 1 0; 159 96 33 79 86 0 0; 103 88 35 81 88 0 0; 440 119 14 30 93 0 0; 213 76 49 107 96 0 0; ]
1600100412[264 107 19 40 11 1 0; 183 90 26 71 85 1 0; 162 95 33 80 86 0 0; 105 88 34 81 88 0 0; 441 118 14 30 93 0 0; 211 73 49 106 96 0 0; ]
1600100413[266 106 19 40 11 1 0; 184 89 27 70 85 1 0; 164 93 30 80 86 0 0; 108 87 33 81 88 0 0; 443 116 14 30 93 0 0; 210 72 50 105 96 0 0; ]
1600100414[268 105 19 40 11 1 0; 167 86 45 82 67 1 2; 111 86 33 81 88 0 0; 444 115 14 30 93 0 0; 208 72 50 106 96 0 0; ]
1600100415[270 106 20 40 11 1 0; 171 87 44 80 67 1 2; 113 85 32 81 88 0 0; 446 115 14 30 93 0 0; 206 72 50 106 96 0 0; ]
1600100416[272 106 20 41 11 1 0; 174 88 42 79 67 1 2; 116 84 31 81 88 0 0; 447 115 14 30 93 0 0; 204 72 50 106 96 0 0; ]
1600100417[274 106 20 42 11 1 0; 176 88 41 79 67 1 2; 118 83 30 81 88 0 0; 448 115 14 30 93 0 0; 202 72 50 107 96 0 0; ]
1600100418[276 107 20 42 11 1 0; 179 88 39 79 67 1 2; 120 84 31 80 88 0 0; 450 115 14 30 93 0 0; 200 72 50 107 96 0 0; ]
1600100419[278 107 20 43 11 1 0; 180 86 38 80 67 1 2; 122 86 31 79 88 0 0; 197 72 50 108 96 0 0; ]
1600100420[279 107 20 43 11 1 0; 124 87 31 78 88 0 0; 195 72 50 109 96 0 0; ]
1600100421[281 107 21 43 11 1 0; 126 87 31 78 88 0 0; 192 72 51 109 96 0 0; ]
1600100422[283 107 21 43 11 1 0; 127 87 31 78 88 0 0; 189 72 51 110 96 0 0; ]
1600100423[285 107 21 42 11 1 0; 129 87 31 78 88 0 0; 186 70 52 113 96 0 0; ]
1600100424[287 107 21 42 11 1 0; 132 88 31 77 88 0 0; 182 67 53 115 96 0 0; ]
1600100425[289 105 20 43 11 1 0; 134 88 30 77 88 0 0; 179 64 54 116 96 0 0; ]
1600100426[291 103 20 44 11 1 0; 136 84 31 78 88 1 0; 176 62 54 118 96 0 0; ]
1600100427[293 102 19 44 11 1 0; 208 86 29 72 14 1 0; 138 82 32 77 88 1 0; 173 61 55 119 96 0 0; ]
1600100428[296 101 19 44 11 1 0; 211 84 29 73 14 1 0; 140 81 33 76 88 1 0; 170 60 55 119 96 0 0; ]
1600100429[298 100 19 44 11 1 0; 213 83 29 73 14 1 0; 143 80 34 74 88 1 0; 167 60 56 120 96 0 0; ]
1600100430[301 100 18 45 11 1 0; 215 82 29 74 14 1 0; 145 79 34 73 88 1 0; 165 60 56 120 96 0 0; ]
1600100431[303 100 18 45 11 1 0; 217 83 29 75 14 0 0; 147 80 34 74 88 1 0; 162 60 56 120 96 0 0; ]
1600100432[306 100 18 44 11 1 0; 219 83 30 76 14 0 0; 148 82 32 75 88 1 0; 160 60 57 120 96 0 0; ]
1600100433[308 102 19 43 11 1 0; 221 84 31 78 14 0 0; 153 83 27 66 88 1 0; 157 60 57 120 96 0 0; ]
1600100434[311 103 19 43 11 1 0; 223 86 32 79 14 0 0; 443 111 12 30 89 0 1; 155 60 57 120 96 0 0; ]
1600100435[314 104 19 42 11 1 0; 225 87 34 80 14 0 0; 446 111 12 30 89 0 1; 153 60 57 120 96 0 0; ]
1600100436[317 104 20 42 11 1 0; 228 87 35 81 14 0 0; 449 111 12 30 89 0 1; 151 60 57 120 96 0 0; ]
1600100437[320 103 20 43 11 1 0; 230 88 35 82 14 0 0; 451 111 12 30 89 0 1; 149 60 57 120 96 0 0; ]
1600100438[323 103 21 45 11 1 0; 233 88 36 81 14 0 0; 455 111 13 30 89 0 1; 146 60 58 119 96 0 0; ]
1600100439[327 103 21 44 11 1 0; 236 88 36 81 14 0 0; 458 110 13 30 89 0 1; 143 59 59 118 96 0 0; ]
1600100440[330 104 21 44 11 1 0; 240 87 36 80 14 0 0; 461 110 14 31 89 0 1; 141 59 60 118 96 0 0; ]
1600100441[334 104 20 44 11 1 0; 244 87 37 79 14 0 0; 183 83 27 66 64 1 0; 464 110 14 31 89 0 1; 138 59 60 117 96 0 0; ]
1600100442[338 105 20 44 11 1 0; 248 86 37 77 14 0 0; 185 84 29 69 64 1 0; 467 111 14 31 89 0 1; 135 59 61 117 96 0 0; ]
1600100443[342 105 20 44 11 1 0; 252 87 36 77 14 0 0; 187 84 31 71 64 1 0; 471 111 14 31 89 0 1; 133 58 61 117 96 0 0; ]
1600100444[345 105 20 44 11 1 0; 256 88 35 77 14 0 0; 190 85 31 73 64 1 0; 474 111 14 31 89 0 1; 131 58 61 117 96 0 0; ]
1600100445[349 106 20 44 11 1 0; 260 89 35 76 14 0 0; 193 85 31 75 64 0 0; 477 112 14 30 89 0 1; 128 58 61 118 96 0 0; ]
1600100446[353 106 19 44 11 1 0; 264 89 35 76 14 0 0; 197 86 31 76 64 0 0; 126 59 61 119 96 0 0; ]
1600100447[357 107 19 43 11 1 0; 268 90 34 76 14 0 0; 201 87 31 77 64 0 0; 124 59 61 120 96 0 0; ]
1600100448[360 107 19 43 11 1 0; 272 91 34 76 14 0 0; 206 87 31 78 64 0 0; 122 59 61 121 96 0 0; ]
1600100449[364 107 19 43 11 1 0; 276 91 33 76 14 0 0; 210 88 30 78 64 0 0; 120 59 61 123 96 0 0; ]
1600100450[368 108 18 43 11 1 0; 281 92 33 76 14 0 0; 215 89 30 79 64 0 0; 118 59 61 125 96 0 0; ]
1600100451[371 108 18 43 11 1 0; 285 93 33 77 14 0 0; 219 90 30 78 64 0 0; 116 59 61 127 96 0 0; ]
1600100452[375 109 18 43 11 1 0; 290 94 32 77 14 0 0; 224 91 30 78 64 0 0; 114 60 61 130 96 0 0; ]
1600100453[295 94 32 78 14 0 0; 228 92 30 77 64 0 0; 113 60 61 130 96 0 0; 379 109 18 43 107 1 3; ]
1600100454[299 95 32 79 14 0 0; 233 93 30 76 64 0 0; 112 61 60 130 96 0 0; 384 109 18 43 107 1 3; ]
1600100455[304 96 32 79 14 0 0; 238 94 30 74 64 0 0; 110 61 60 130 96 0 0; 389 110 18 43 107 1 3; ]
1600100456[309 96 32 79 14 0 0; 243 95 30 72 64 0 0; 109 62 60 129 96 0 0; 394 110 18 43 107 1 3; ]
1600100457[314 97 31 79 14 0 0; 248 95 30 72 64 0 0; 107 62 59 129 96 0 0; 400 110 17 43 107 1 3; ]
1600100458[319 97 31 79 14 0 0; 254 96 30 72 64 0 0; 106 62 59 129 96 0 0; 405 111 17 43 107 1 3; ]
1600100459[324 98 32 79 14 0 0; 259 96 30 72 64 0 0; 104 62 59 126 96 0 0; 410 111 17 43 107 1 3; ]
1600100460[329 98 32 79 14 0 0; 264 96 29 72 64 0 0; 102 62 60 124 96 0 0; 415 111 17 43 107 1 3; ]
1600100461[334 99 32 78 14 0 0; 270 97 29 72 64 0 0; 99 62 60 124 96 0 0; 420 112 17 43 107 1 3; ]
1600100462[340 99 32 78 14 0 0; 275 97 29 72 64 0 0; 97 62 60 125 96 0 0; 426 112 17 43 107 1 3; ]
1600100463[345 100 33 77 14 0 0; 281 98 29 72 64 0 0; 94 61 60 126 96 0 0; 431 112 17 44 107 1 3; ]
1600100464[350 100 33 76 14 0 0; 286 98 29 72 64 0 0; 92 61 61 129 96 0 0; 436 113 17 44 107 1 3; ]
1600100465[356 100 34 75 14 0 0; 292 98 29 72 64 0 0; 89 60 61 132 96 0 0; 441 113 17 44 107 1 3; ]
1600100466[361 101 34 75 14 0 0; 298 99 29 72 64 0 0; 86 60 62 136 96 0 0; 446 113 17 44 107 1 3; ]
1600100467[367 101 34 75 14 0 0; 304 99 29 72 64 0 0; 82 59 63 142 96 0 0; 451 114 17 44 107 1 3; ]
1600100468[373 101 34 75 14 0 0; 310 99 30 72 64 0 0; 78 59 64 142 96 0 0; 457 114 17 44 107 1 3; ]
1600100469[379 101 34 74 14 0 0; 316 100 30 71 64 0 0; 75 60 65 143 96 0 0; 462 114 17 44 107 1 3; ]
1600100470[385 101 35 74 14 0 0; 322 100 30 71 64 0 0; 71 60 66 143 96 0 0; 468 114 16 44 107 1 3; ]
1600100471[391 101 35 74 14 0 0; 328 100 30 71 64 0 0; 67 60 67 144 96 0 0; 474 114 16 44 107 1 3; ]
1600100472[397 102 35 74 14 0 0; 325 119 16 30 63 1 0; 334 100 30 72 64 0 0; 63 60 68 144 96 0 0; 480 114 16 43 107 1 3; ]
1600100473[403 102 35 74 14 0 0; 329 119 16 30 63 0 0; 340 100 30 73 64 0 0; 59 60 69 144 96 0 0; 485 115 16 43 107 1 3; ]
1600100474[409 102 35 74 14 0 0; 333 119 17 30 63 0 0; 346 100 30 74 64 0 0; 55 60 69 145 96 0 0; 491 115 16 43 107 1 3; ]
1600100475[415 102 36 74 14 0 0; 336 119 17 30 63 0 0; 352 100 30 74 64 0 0; 51 59 70 145 96 0 0; ]
1600100476[421 102 36 74 14 0 0; 340 119 17 30 63 0 0; 359 100 30 73 64 0 0; 47 59 71 146 96 0 0; ]
1600100477[427 102 36 73 14 0 0; 344 119 17 30 63 0 0; 365 100 29 72 64 0 0; 42 58 71 147 96 0 0; ]
1600100478[433 103 36 73 14 0 0; 349 119 17 30 63 0 0; 372 100 29 71 64 0 0; 38 57 72 147 96 0 0; ]
1600100479[439 103 36 73 14 0 0; 353 119 17 30 63 0 0; 378 100 29 70 64 0 0; 34 56 73 148 96 0 0; ]
1600100480[445 103 37 73 16 0 2; 358 119 17 30 63 0 0; 385 100 28 71 64 0 0; 30 55 73 148 96 0 0; ]
1600100481[450 103 37 74 16 0 2; 362 119 17 30 63 0 0; 392 100 28 71 64 0 0; 25 54 74 149 96 0 0; ]
1600100482[456 102 37 75 16 0 2; 366 119 17 30 63 0 0; 398 101 28 72 64 0 0; 21 53 74 150 96 0 0; ]
1600100483[462 102 38 76 16 0 2; 370 118 17 30 63 0 0; 405 101 27 72 64 0 0; 17 53 74 151 96 0 0; ]
1600100484[468 101 38 77 16 0 2; 373 118 17 30 63 0 0; 411 101 27 72 64 0 0; 13 52 74 151 96 0 0; ]
1600100485[377 117 17 30 63 0 0; 417 100 27 71 64 0 0; 9 51 74 152 96 0 0; ]
1600100486[380 116 18 31 63 0 0; 422 99 27 70 64 0 0; 5 50 74 153 96 0 0; ]
1600100487[384 116 17 31 63 0 0; 428 99 28 70 64 0 0; 1 50 74 154 96 0 0; ]
1600100488[388 116 17 31 63 0 0; 435 99 29 70 64 0 0; ]
1600100489[393 116 17 31 63 0 0; 441 98 30 70 64 0 0; ]
1600100490[397 116 17 31 63 0 0; 447 98 30 69 64 0 0; ]
1600100491[401 116 16 31 63 0 0; 453 98 31 69 64 0 0; 47 101 14 41 108 1 3; ]
1600100492[405 115 16 30 63 0 0; 459 97 32 69 64 0 0; 50 101 14 41 108 1 3; ]
1600100493[409 115 16 30 63 0 0; 466 97 33 69 64 0 0; 53 100 14 41 108 1 3; ]
1600100494[413 114 16 30 63 0 0; 472 96 33 69 64 0 0; 56 100 14 42 108 1 3; ]
1600100495[417 113 16 30 63 0 0; 59 100 14 42 108 1 3; ]
1600100496[422 113 16 30 63 0 0; 62 99 14 42 108 1 3; ]
1600100497[426 112 16 30 63 0 0; 65 99 14 42 108 1 3; ]
1600100498[430 112 16 30 63 0 0; 68 99 14 42 108 1 3; ]
1600100499[434 111 16 30 63 0 0; 71 98 14 43 108 1 3; ]
1600100500[438 111 15 30 63 0 0; 74 98 13 43 108 1 3; ]
1600100501[442 110 15 31 63 0 0; 77 98 13 43 108 1 3; ]
1600100502[447 111 15 31 63 0 0; 80 97 13 43 108 1 3; ]
1600100503[452 111 15 31 63 0 0; ]
1600100504[456 112 15 31 63 0 0; ]
1600100505[461 112 15 32 63 0 0; ]
1600100506[465 112 15 32 63 0 0; ]
1600100507[470 113 15 32 63 0 0; ]
1600100508[475 113 15 32 63 0 0; ]
1600100509[479 114 15 33 63 0 0; ]
1600100510[484 114 15 33 63 0 0; ]
1600100511[489 115 15 33 63 0 0; ]
1600100512[2 76 44 113 62 0 2; 493 115 15 33 63 0 0; ]
1600100513[5 77 42 113 62 0 2; ]
1600100514[8 77 42 113 62 0 2; ]
1600100515[11 78 41 114 62 0 2; ]
1600100516[13 78 41 114 62 0 2; 128 104 13 42 110 1 3; ]
1600100517[14 79 41 114 62 0 2; 131 104 13 42 110 1 3; ]
1600100518[17 80 42 115 62 0 2; 134 105 14 42 110 1 3; ]
1600100519[20 80 44 115 62 0 2; 137 105 15 43 110 1 3; ]
1600100520[22 80 45 116 62 0 2; 140 106 16 43 110 1 3; ]
1600100521[25 81 46 116 62 0 2; 143 107 17 43 110 1 3; ]
1600100522[27 81 47 117 62 0 2; 146 107 17 43 110 1 3; ]
1600100523[29 81 49 117 62 0 2; 149 108 18 43 110 1 3; ]
1600100524[30 81 50 118 62 0 2; 152 108 19 43 110 1 3; ]
1600100525[151 106 26 46 58 1 0; 32 81 50 119 62 0 2; ]
1600100526[155 106 26 47 58 1 0; 33 81 51 120 62 0 2; ]
1600100527[159 106 26 47 58 1 0; 34 82 52 120 62 0 2; ]
1600100528[163 106 26 47 58 1 0; 36 82 53 121 62 0 2; ]
1600100529[167 106 26 47 58 1 0; 38 82 54 121 62 0 2; ]
1600100530[171 106 26 47 58 1 0; 41 82 55 121 62 0 2; ]
1600100531[175 106 26 47 58 1 0; 46 82 57 120 62 0 2; ]
1600100532[179 106 26 48 58 1 0; 50 82 58 120 62 0 2; ]
1600100533[183 106 26 48 58 1 0; 54 82 57 120 62 0 2; ]
1600100534[187 106 26 48 58 1 0; 58 82 55 120 62 0 2; ]
1600100535[191 106 25 48 58 1 0; 61 82 53 121 62 0 2; ]
1600100536[195 106 25 48 58 1 0; 63 81 50 122 62 0 2; ]
1600100537[199 105 25 49 58 1 0; 66 80 48 123 62 1 2; ]
1600100538[203 105 25 49 58 1 0; 69 79 46 124 62 1 2; ]
1600100539[207 105 25 49 58 1 0; 73 79 45 124 62 1 2; ]
1600100540[211 105 25 49 58 1 0; 77 83 39 110 112 1 3; ]
1600100541[215 106 24 51 58 1 0; ]
1600100542[16 62 108 133 57 0 2; ]
1600100543[35 62 109 133 57 0 2; ]
1600100544[54 62 109 133 57 0 2; ]
1600100545[74 62 110 133 57 0 2; 236 108 17 46 113 1 3; ]
1600100546[93 62 111 133 57 0 2; 241 107 17 47 113 1 3; ]
1600100547[98 80 39 125 55 1 2; 113 62 111 133 57 0 2; 245 106 18 48 113 1 3; ]
1600100548[99 80 51 126 55 1 2; 133 62 111 133 57 0 2; 250 106 18 49 113 1 3; ]
1600100549[100 80 57 126 55 0 2; 154 62 111 133 57 0 2; 255 105 18 50 113 1 3; ]
1600100550[100 80 59 127 55 0 2; 174 61 111 134 57 0 2; 259 105 19 51 113 1 3; ]
1600100551[99 80 60 128 55 0 2; 196 61 110 136 57 0 2; ]
1600100552[99 79 61 129 55 0 2; 217 60 108 138 57 0 2; ]
1600100553[101 79 66 131 55 0 2; 238 61 109 138 57 0 2; ]
1600100554[105 79 65 132 55 0 2; 0 90 39 76 56 0 0; 259 62 109 138 57 0 2; ]
1600100555[111 79 63 132 55 0 2; 2 90 40 77 56 0 0; 280 63 110 138 57 0 2; ]
1600100556[283 107 25 56 54 1 0; 118 79 60 133 55 0 2; 3 90 41 78 56 0 0; 301 63 110 138 57 0 2; ]
1600100557[288 107 25 56 54 1 0; 125 79 57 133 55 0 2; 4 90 41 78 56 0 0; 323 63 111 138 57 0 2; ]
1600100558[293 107 25 56 54 1 0; 130 78 55 134 55 0 2; 6 90 41 78 56 0 0; 345 63 112 138 57 0 2; ]
1600100559[298 106 25 56 54 1 0; 132 78 54 134 55 0 2; 8 89 41 79 56 0 0; 366 63 113 139 57 0 2; ]
1600100560[303 106 25 56 54 1 0; 132 77 54 135 55 0 2; 9 89 41 79 56 0 0; 388 63 115 140 57 0 2; ]
1600100561[308 106 25 56 54 1 0; 132 77 55 135 55 0 2; 11 89 41 79 56 0 0; ]
1600100562[313 106 25 56 54 1 0; 132 76 57 136 55 0 2; 12 88 41 79 56 0 0; ]
1600100563[318 106 25 56 54 1 0; 137 76 58 136 55 0 2; 14 88 42 79 56 0 0; ]
1600100564[323 106 25 56 54 1 0; 142 77 59 135 55 0 2; 15 88 42 80 56 0 0; ]
1600100565[328 105 24 56 54 1 0; 146 77 59 135 55 0 2; 17 88 42 80 56 0 0; ]
1600100566[333 105 24 56 54 1 0; 150 77 60 135 55 0 2; 18 87 42 80 56 0 0; ]
1600100567[337 105 24 56 54 1 0; 152 77 61 135 55 0 2; 20 87 42 80 56 0 0; ]
1600100568[342 104 24 56 54 1 0; 154 77 62 136 55 0 2; 21 87 42 80 56 0 0; ]
1600100569[347 104 24 56 54 1 0; 156 77 63 136 55 0 2; 23 86 43 81 56 0 0; ]
1600100570[352 103 23 57 54 1 0; 158 76 64 137 55 0 2; 24 86 43 81 56 0 0; ]
1600100571[357 102 23 57 54 1 0; 159 76 65 137 55 0 2; 26 86 43 81 56 0 0; ]
1600100572[363 101 23 59 54 1 0; 161 75 66 138 55 0 2; 28 85 45 84 56 0 0; ]
1600100573[5 83 69 88 50 0 2; 368 100 24 60 54 1 0; 164 74 66 139 55 0 2; ]
1600100574[11 82 67 88 50 0 2; 374 99 24 61 54 1 0; 167 73 66 140 55 0 2; ]
1600100575[17 81 66 88 50 0 2; 379 98 24 62 54 1 0; 172 72 66 141 55 0 2; ]
1600100576[22 80 65 88 50 0 2; 385 98 25 63 54 1 0; 179 71 65 142 55 0 2; ]
1600100577[28 79 64 88 50 0 2; 390 97 25 64 54 1 0; 187 69 64 144 55 0 2; ]
1600100578[34 78 63 88 50 0 2; 395 97 25 65 54 1 0; 190 69 62 145 55 0 2; ]
1600100579[73 86 39 76 46 0 0; 35 79 45 88 48 0 0; 401 97 26 65 54 1 0; 193 69 60 146 55 0 2; ]
1600100580[83 86 39 75 46 0 0; 36 78 45 90 48 0 0; 406 97 26 65 54 1 0; 197 68 59 148 55 0 2; ]
1600100581[93 87 40 74 46 0 0; 37 77 45 91 48 0 0; 411 97 27 65 54 1 0; 200 68 58 149 55 0 2; ]
1600100582[103 88 40 74 46 0 0; 38 77 45 92 48 0 0; 416 97 27 65 54 1 0; 204 67 57 150 55 0 2; ]
1600100583[113 88 41 73 46 0 0; 39 76 45 93 48 0 0; 422 97 28 65 54 1 0; 207 67 56 152 55 0 2; ]
1600100584[123 88 41 73 46 0 0; 39 76 45 95 48 0 0; 427 97 28 65 54 1 0; 211 67 56 153 55 0 2; ]
1600100585[134 89 41 73 46 0 0; 39 75 45 96 48 0 0; 432 98 29 65 54 1 0; 215 66 56 154 55 0 2; ]
1600100586[144 89 41 73 46 0 0; 39 75 45 97 48 0 0; 437 98 29 65 54 1 0; 220 66 57 155 55 0 2; ]
1600100587[155 89 41 73 46 0 0; 39 74 45 98 48 0 0; 443 98 30 66 54 1 0; 224 65 58 156 55 0 2; ]
1600100588[166 89 41 73 46 0 0; 39 73 45 99 48 0 0; 449 98 30 66 54 1 0; 229 65 59 158 55 0 2; ]
1600100589[177 89 41 73 46 0 0; 39 73 46 100 48 0 0; 455 98 30 67 54 1 0; 233 65 59 159 55 0 2; ]
1600100590[188 89 41 73 46 0 0; 39 72 47 101 48 0 0; 461 97 31 67 54 1 0; 238 64 58 160 55 0 2; ]
1600100591[198 89 41 74 46 0 0; 38 72 48 102 48 0 0; 467 97 31 68 54 1 0; 244 64 56 161 55 0 2; ]
1600100592[208 90 41 74 46 0 0; 38 71 50 103 48 0 0; 473 97 32 68 54 1 0; 249 63 52 162 55 0 2; ]
1600100593[218 90 41 75 46 0 0; 37 71 51 103 48 0 0; 249 63 59 163 55 0 2; ]
1600100594[230 89 39 76 46 1 0; 36 70 53 104 48 0 0; 249 62 65 164 55 0 2; ]
1600100595[242 90 37 75 46 1 0; 34 69 54 105 48 0 0; 250 62 69 165 55 0 2; ]
1600100596[253 91 34 74 46 1 0; 32 69 55 106 48 0 0; 251 62 71 165 55 0 2; ]
1600100597[30 68 56 107 48 0 0; 255 62 71 166 55 0 2; ]
1600100598[28 67 56 109 48 0 0; 264 61 71 167 55 0 2; ]
1600100599[25 67 57 110 48 0 0; 273 61 71 167 55 0 2; ]
1600100600[23 66 58 112 48 0 0; 279 61 71 168 55 0 2; ]
1600100601[21 66 59 114 48 0 0; 282 61 71 169 55 0 2; ]
1600100602[19 65 60 117 48 0 0; 284 60 71 170 55 0 2; ]
1600100603[17 64 60 119 48 0 0; 286 60 71 171 55 0 2; ]
1600100604[340 93 42 76 43 1 0; 15 64 61 120 48 0 0; 288 59 70 172 55 0 2; ]
1600100605[347 91 44 79 43 1 0; 13 63 62 120 48 0 0; 291 59 70 173 55 0 2; ]
1600100606[355 90 44 80 43 1 0; 11 62 63 119 48 0 0; 296 58 69 174 55 0 2; ]
1600100607[364 90 44 82 43 0 0; 8 62 64 118 48 0 0; 304 57 68 175 55 0 2; ]
1600100608[374 89 43 83 43 0 0; 6 61 64 117 48 0 0; 308 57 69 176 55 0 2; ]
1600100609[386 89 42 84 43 0 0; 4 60 65 115 48 0 0; 312 57 69 177 55 0 2; ]
1600100610[397 88 41 85 43 0 0; 0 60 66 116 48 0 0; 316 57 70 178 55 0 2; ]
1600100611[408 88 41 85 43 0 0; 320 56 71 179 55 0 2; ]
1600100612[419 88 41 85 43 0 0; 324 56 72 180 55 0 2; ]
1600100613[429 88 41 85 43 0 0; 328 56 73 181 55 0 2; ]
1600100614[440 88 41 85 43 0 0; 332 56 73 182 55 0 2; ]
1600100615[450 88 41 85 43 0 0; 336 55 74 183 55 0 2; ]
1600100616[460 88 42 84 43 0 0; 340 55 75 184 55 0 2; ]
1600100617[344 55 76 185 55 0 2; ]
1600100618[348 55 76 186 55 0 2; ]
1600100619[352 54 77 187 55 0 2; ]
1600100620[357 54 78 188 55 0 2; ]
1600100621[361 54 79 189 55 0 2; ]
1600100622[361 54 83 190 55 0 2; ]
1600100623[363 53 86 191 55 0 2; ]
1600100624[365 53 88 192 55 0 2; ]
1600100625[368 52 89 193 55 0 2; ]
1600100626[371 52 90 194 55 0 2; ]
1600100627[375 51 91 195 55 0 2; ]
1600100628[379 50 91 196 55 1 2; ]
1600100629[386 50 90 198 55 1 2; ]
1600100630[393 49 88 199 55 1 2; ]
1600100631[400 48 87 200 55 1 2; ]
1600100632[405 48 86 201 55 1 2; ]
1600100633[]
1600100634[]
1600100635[]
1600100636[]
1600100637[]
1600100638[]
1600100639[]
1600100640[]
1600100641[]
1600100642[]
1600100643[]
1600100644[]
1600100645[]
1600100646[]
1600100647[]
1600100648[]
1600100649[]
1600100650[]
1600100651[]
1600100652[]
1600100653[]
1600100654[]
1600100655[]
1600100656[]
1600100657[]
1600100658[]
1600100659[]
1600100660[]
1600100661[]
1600100662[]
1600100663[]
1600100664[]
1600100665[]
1600100666[]
1600100667[]
1600100668[]
1600100669[]
1600100670[]
1600100671[]
1600100672[]
1600100673[]
1600100674[]
1600100675[]
1600100676[]
1600100677[]
1600100678[]
1600100679[]
1600100680[]
1600100681[]
1600100682[]
1600100683[]
1600100684[]
1600100685[]
1600100686[]
1600100687[]
1600100688[]
1600100689[]
1600100690[]
1600100691[]
1600100692[]
1600100693[]
1600100694[]
1600100695[]
1600100696[]
1600100697[]
1600100698[]
1600100699[]
1600100700[]
1600100701[]
1600100702[]
1600100703[]
1600100704[]
1600100705[]
1600100706[]
1600100707[]
1600100708[]
1600100709[]
1600100710[]
1600100711[]
1600100712[]
1600100713[]
1600100714[]
1600100715[]
1600100716[]
1600100717[]
1600100718[]
1600100719[]
1600100720[]
1600100721[]
1600100722[]
1600100723[]
1600100724[]
1600100725[]
1600100726[]
1600100727[]
1600100728[]
1600100729[]
1600100730[]
1600100731[]
1600100732[]
1600100733[]
1600100734[]
1600100735[]
1600100736[]
1600100737[]
1600100738[]
1600100739[]
1600100740[]
1600100741[]
1600100742[]
1600100743[]
1600100744[]
1600100745[]
1600100746[]
1600100747[]
1600100748[]
1600100749[]
1600100750[]
1600100751[]
1600100752[]
1600100753[]
1600100754[]
1600100755[]
1600100756[]
1600100757[]
1600100758[]
1600100759[]
1600100760[4 71 34 96 116 1 3; ]
1600100761[13 71 34 96 116 1 3; ]
1600100762[22 71 34 96 116 1 3; ]
1600100763[30 71 34 97 116 1 3; ]
1600100764[39 70 34 97 116 1 3; ]
1600100765[47 70 34 98 116 1 3; ]
1600100766[56 70 34 98 116 1 3; ]
1600100767[64 70 34 99 116 1 3; ]
1600100768[73 69 35 99 116 1 3; ]
1600100769[81 69 35 100 116 1 3; ]
1600100770[90 69 35 100 116 1 3; ]
1600100771[98 68 35 101 116 1 3; ]
1600100772[107 68 35 101 116 1 3; ]
1600100773[0 96 16 38 38 0 1; 115 68 35 102 116 1 3; ]
1600100774[9 96 16 38 38 0 1; 124 68 35 102 116 1 3; ]
1600100775[17 96 15 37 38 0 1; 132 67 35 103 116 1 3; ]
1600100776[26 96 15 37 38 0 1; 140 67 35 103 116 1 3; ]
1600100777[35 96 15 36 38 0 1; 149 67 35 103 116 1 3; ]
1600100778[43 95 15 36 38 0 1; 157 67 35 103 116 1 3; ]
1600100779[7 84 31 70 34 0 0; 51 95 15 35 38 0 1; 165 66 35 103 116 1 3; ]
1600100780[15 83 32 71 34 0 0; 59 94 15 35 38 0 1; 173 66 34 103 116 1 3; ]
1600100781[22 83 33 71 34 0 0; 66 94 15 35 38 0 1; 181 66 34 103 116 1 3; ]
1600100782[31 83 32 70 34 0 0; 74 94 15 35 38 0 1; 189 66 34 103 116 1 3; ]
1600100783[39 83 32 70 34 0 0; 81 94 15 34 38 0 1; 197 65 33 104 116 1 3; ]
1600100784[47 84 32 69 34 0 0; 88 94 15 34 38 0 1; 205 65 33 104 116 1 3; ]
1600100785[54 84 32 68 34 0 0; 95 94 15 34 38 0 1; 213 65 33 104 116 1 3; ]
1600100786[61 84 32 68 34 0 0; 101 94 15 34 38 0 1; 221 65 32 104 116 1 3; ]
1600100787[68 85 32 68 34 0 0; 108 94 15 34 38 0 1; 229 64 32 104 116 1 3; ]
1600100788[4 43 56 156 30 0 0; 75 85 32 68 34 0 0; 114 95 15 34 38 0 1; 237 64 32 104 116 1 3; ]
1600100789[11 44 56 156 30 0 0; 81 86 32 68 34 0 0; 120 96 15 34 38 0 1; 245 64 31 104 116 1 3; ]
1600100790[18 44 55 156 30 0 0; 87 86 32 68 34 0 0; 126 97 15 34 38 0 1; 253 64 31 104 116 1 3; ]
1600100791[24 45 55 155 30 0 0; 93 87 32 68 34 0 0; 132 98 15 34 38 0 1; 261 63 31 104 116 1 3; ]
1600100792[30 45 54 155 30 0 0; 99 88 32 68 34 0 0; 138 99 15 34 38 0 1; 269 63 31 104 116 1 3; ]
1600100793[37 45 54 155 30 0 0; 104 89 32 69 34 0 0; 143 100 15 34 38 0 1; 276 64 30 104 116 1 3; ]
1600100794[43 45 54 156 30 0 0; 110 90 32 69 34 0 0; 148 101 15 35 38 0 1; 283 64 30 104 116 1 3; ]
1600100795[50 46 54 157 30 0 0; 115 91 32 70 34 0 0; 153 101 14 35 38 0 1; 290 65 29 104 116 1 3; ]
1600100796[55 46 54 158 30 0 0; 119 92 33 71 34 0 0; 157 102 14 35 38 0 1; 297 65 29 103 116 1 3; ]
1600100797[59 46 54 160 30 0 0; 124 92 32 70 34 0 0; 161 101 14 35 38 0 1; 303 66 29 103 116 1 3; ]
1600100798[61 46 54 162 30 0 0; 129 92 32 70 34 0 0; 165 101 14 35 38 0 1; 308 66 29 103 116 1 3; ]
1600100799[65 46 53 162 30 0 0; 134 92 32 70 34 0 0; 169 100 14 35 38 0 1; 313 66 29 104 116 1 3; ]
1600100800[68 46 53 162 30 0 0; 138 91 32 70 34 0 0; 172 100 14 35 38 0 1; 318 65 29 104 116 1 3; ]
1600100801[72 46 53 161 30 0 0; 141 91 32 69 34 0 0; 175 100 14 36 38 0 1; 323 65 29 106 116 1 3; ]
1600100802[76 46 53 161 30 0 0; 145 91 32 69 34 0 0; 178 100 14 36 38 0 1; 327 64 29 107 116 1 3; ]
1600100803[80 46 52 161 30 0 0; 148 91 32 69 34 0 0; 180 99 15 37 38 0 1; 331 63 29 109 116 1 3; ]
1600100804[84 46 52 161 30 0 0; 151 91 32 69 34 0 0; 183 99 15 37 38 0 1; 335 63 30 111 116 1 3; ]
1600100805[88 46 52 160 30 0 0; 154 91 33 68 34 0 0; 185 98 15 37 38 0 1; 338 62 30 113 116 1 3; ]
