1600300001[]
1600300002[]
1600300003[]
1600300004[261 101 22 57 0 0 1; 282 103 24 55 1 0 1; 251 106 15 33 2 0 0; 488 104 18 39 11 1 1; ]
1600300005[259 99 23 59 0 0 1; 281 103 25 56 1 0 1; 251 106 15 32 2 0 0; 489 104 18 39 11 1 1; ]
1600300006[258 99 23 60 0 0 1; 279 102 25 56 1 0 1; 252 107 16 32 2 0 0; 490 104 17 39 11 1 1; ]
1600300007[257 99 23 60 0 0 1; 278 102 25 57 1 0 1; 252 107 16 32 2 1 0; 491 104 16 39 11 1 1; ]
1600300008[255 99 23 60 0 0 1; 277 101 26 58 1 0 1; 252 107 16 32 2 1 0; 492 104 16 39 11 1 1; ]
1600300009[254 99 24 60 0 0 1; 276 101 26 59 1 0 1; 492 104 16 39 11 1 1; ]
1600300010[253 99 24 61 0 0 1; 274 100 27 59 1 0 1; 493 104 16 39 11 1 1; ]
1600300011[251 99 25 61 0 0 1; 273 100 27 60 1 0 1; 493 104 16 39 11 1 1; ]
1600300012[250 99 25 61 0 0 1; 272 100 28 61 1 0 1; 493 104 16 39 11 1 1; ]
1600300013[249 99 26 61 0 0 1; 270 99 28 62 1 0 1; 493 104 17 40 11 1 1; ]
1600300014[247 99 27 62 0 0 1; 269 99 29 62 1 0 1; ]
1600300015[246 99 28 62 0 0 1; 268 98 29 63 1 0 1; ]
1600300016[244 99 28 62 0 0 1; 266 98 30 64 1 0 1; ]
1600300017[243 99 29 62 0 0 1; 265 98 30 65 1 0 1; ]
1600300018[241 99 29 62 0 0 1; 264 97 31 66 1 0 1; ]
1600300019[240 99 30 63 0 0 1; 265 101 25 60 1 0 1; ]
1600300020[238 99 30 63 0 0 1; 264 101 25 61 1 0 1; 496 104 14 47 54 1 1; ]
1600300021[237 99 30 63 0 0 1; 262 101 26 61 1 0 1; ]
1600300022[236 99 31 63 0 0 1; 261 100 27 62 1 0 1; ]
1600300023[234 99 31 63 0 0 1; 259 100 27 62 1 0 1; ]
1600300024[233 99 31 64 0 0 1; 258 100 28 63 1 0 1; ]
1600300025[231 99 31 64 0 0 1; 256 100 28 63 1 0 1; ]
1600300026[230 99 31 64 0 0 1; 255 99 28 64 1 0 1; ]
1600300027[228 99 31 64 0 0 1; 253 99 28 64 1 0 1; ]
1600300028[227 99 31 65 0 0 1; 252 99 28 65 1 0 1; ]
1600300029[225 98 30 66 0 0 1; 250 99 28 65 1 0 1; ]
1600300030[224 97 29 67 0 0 1; 249 98 28 66 1 0 1; ]
1600300031[223 97 29 67 0 0 1; 247 98 27 66 1 0 1; ]
1600300032[221 96 28 68 0 0 1; 246 98 26 67 1 0 1; ]
1600300033[219 95 28 69 0 0 1; 244 98 26 67 1 0 1; ]
1600300034[217 95 27 69 0 0 1; 243 97 25 68 1 0 1; ]
1600300035[215 96 28 70 0 0 1; 235 93 36 83 1 0 1; 34 99 13 35 12 0 1; ]
1600300036[212 96 29 70 0 0 1; 233 93 36 84 1 0 1; 33 99 13 36 12 0 1; ]
1600300037[209 97 30 70 0 0 1; 231 92 36 84 1 0 1; 32 99 14 37 12 0 1; ]
1600300038[206 98 32 70 0 0 1; 229 92 36 84 1 0 1; 249 107 16 33 3 1 0; 30 99 15 38 12 0 1; ]
1600300039[203 98 33 70 0 0 1; 228 92 36 84 1 0 1; 249 109 15 33 3 1 0; 29 98 15 39 12 0 1; ]
1600300040[200 99 34 71 0 0 1; 226 92 36 84 1 0 1; 249 109 15 34 3 0 0; 27 98 16 39 12 0 1; ]
1600300041[200 97 33 73 0 0 1; 224 91 36 84 1 0 1; 248 110 14 34 3 0 0; 26 98 17 40 12 0 1; ]
1600300042[199 95 32 74 0 0 1; 222 91 35 84 1 0 1; 248 110 14 34 3 0 0; 24 98 17 41 12 0 1; ]
1600300043[197 94 32 75 0 0 1; 221 91 34 84 1 0 1; 247 109 15 33 3 0 0; 23 97 18 42 12 0 1; ]
1600300044[195 93 32 76 0 0 1; 222 96 25 73 1 0 1; 246 108 17 31 3 0 0; 23 99 13 35 12 0 1; ]
1600300045[193 92 31 77 0 0 1; 220 95 25 74 1 0 1; 247 108 15 32 3 0 0; 21 98 13 37 12 0 1; ]
1600300046[190 92 31 77 0 0 1; 217 95 25 74 1 0 1; 247 107 14 32 3 0 0; 20 97 13 38 12 0 1; ]
1600300047[187 91 31 77 0 0 1; 215 95 26 75 1 0 1; 247 107 14 32 3 0 0; 19 96 13 38 12 0 1; ]
1600300048[183 91 33 77 0 0 1; 213 95 26 75 1 0 1; 247 107 14 32 3 0 0; 17 96 13 38 12 0 1; ]
1600300049[178 91 35 77 0 0 1; 210 95 26 76 1 0 1; 246 108 14 31 3 0 0; 16 96 13 38 12 0 1; ]
1600300050[174 91 38 76 0 0 1; 208 95 26 77 1 0 1; 246 108 14 31 3 0 0; 15 96 13 38 12 0 1; ]
1600300051[171 91 40 77 0 0 1; 206 94 26 77 1 0 1; 245 108 14 30 3 0 0; 14 96 13 37 12 0 1; ]
1600300052[169 92 41 78 0 0 1; 203 94 26 78 1 0 1; 245 108 14 30 3 0 0; 13 96 13 36 12 0 1; ]
1600300053[166 92 42 79 0 0 1; 201 94 26 78 1 0 1; 244 108 14 30 3 0 0; 11 97 13 36 12 0 1; ]
1600300054[164 92 42 80 0 0 1; 199 94 26 79 1 0 1; 10 97 13 36 12 0 1; ]
1600300055[161 92 41 80 0 0 1; 197 94 26 79 1 0 1; 9 98 13 36 12 0 1; ]
1600300056[159 91 40 81 0 0 1; 194 94 27 80 1 0 1; 7 98 13 36 12 0 1; ]
1600300057[156 91 38 81 0 0 1; 192 94 27 81 1 0 1; 6 99 14 36 12 0 1; ]
1600300058[154 91 36 82 0 0 1; 190 93 27 81 1 0 1; 242 109 15 30 3 0 0; 5 99 14 37 12 0 1; ]
1600300059[151 91 33 82 0 0 1; 187 93 27 82 1 0 1; 242 109 15 31 3 0 0; 3 100 15 37 12 0 1; ]
1600300060[142 91 42 85 0 0 1; 184 93 30 82 1 0 1; 242 109 15 31 3 0 0; 2 100 15 38 12 0 1; ]
1600300061[140 91 42 85 0 0 1; 181 92 33 83 1 0 1; 242 109 15 31 3 0 0; 0 100 15 38 12 0 1; ]
1600300062[137 90 42 86 0 0 1; 177 92 35 84 1 0 1; 242 109 15 31 3 0 0; ]
1600300063[135 90 42 87 0 0 1; 174 92 37 84 1 0 1; 242 109 15 31 3 0 0; ]
1600300064[132 90 42 88 0 0 1; 171 91 38 85 1 0 1; 242 109 15 31 3 0 0; ]
1600300065[130 90 41 88 0 0 1; 168 91 38 85 1 0 1; 242 109 15 31 3 0 0; ]
1600300066[128 90 41 89 0 0 1; 166 91 38 86 1 0 1; 242 109 15 31 3 0 0; ]
1600300067[126 90 39 90 0 0 1; 163 91 38 86 1 0 1; 242 109 16 31 3 0 0; ]
1600300068[124 90 36 91 0 0 1; 160 91 38 87 1 0 1; 242 109 16 30 3 0 0; ]
1600300069[120 89 38 92 0 0 1; 158 91 38 87 1 0 1; 242 109 16 30 3 0 0; ]
1600300070[116 88 40 93 0 0 1; 155 91 38 88 1 0 1; 242 109 16 30 3 0 0; ]
1600300071[112 87 42 94 0 0 1; 153 91 38 88 1 0 1; 242 110 16 30 3 0 0; ]
1600300072[108 87 43 95 0 0 1; 151 91 38 89 1 0 1; 242 110 16 30 3 0 0; ]
1600300073[104 86 44 96 0 0 1; 148 91 38 89 1 0 1; 241 110 16 30 3 0 0; ]
1600300074[100 85 45 97 0 0 1; 146 91 38 90 1 0 1; 241 110 16 30 3 0 0; ]
1600300075[96 85 46 98 0 0 1; 143 89 38 91 1 0 1; 241 110 16 30 3 0 0; ]
1600300076[92 84 46 99 0 0 1; 140 87 38 93 1 0 1; 241 110 16 30 3 0 0; ]
1600300077[88 83 46 100 0 0 1; 137 86 38 94 1 0 1; 241 110 16 30 3 0 0; ]
1600300078[84 83 46 101 0 0 1; 133 85 38 95 1 0 1; 241 110 16 30 3 0 0; ]
1600300079[80 82 46 102 0 0 1; 130 84 38 96 1 0 1; 241 110 16 30 3 0 0; 160 104 13 30 60 0 3; ]
1600300080[76 81 45 103 0 0 1; 126 84 38 97 1 0 1; ]
1600300081[72 80 44 104 0 0 1; 122 84 39 98 1 0 1; ]
1600300082[68 80 43 105 0 0 1; 119 84 40 99 1 0 1; ]
1600300083[64 79 42 106 0 0 1; 115 85 42 100 1 0 1; ]
1600300084[57 79 46 108 0 0 1; 111 85 43 101 1 0 1; ]
1600300085[50 78 48 110 0 0 1; 107 86 44 102 1 0 1; ]
1600300086[44 78 51 112 0 0 1; 103 86 45 102 1 0 1; ]
1600300087[38 77 52 113 0 0 1; 99 86 46 103 1 0 1; ]
1600300088[32 77 53 115 0 0 1; 95 85 46 104 1 0 1; ]
1600300089[27 76 53 116 0 0 1; 91 85 46 105 1 0 1; ]
1600300090[22 76 53 118 0 0 1; 88 84 46 107 1 0 1; ]
1600300091[18 75 51 119 0 0 1; 84 83 46 108 1 0 1; ]
1600300092[14 75 50 120 0 0 1; 79 82 45 109 1 0 1; 155 105 15 30 60 0 3; ]
1600300093[10 74 48 121 0 0 1; 75 81 45 111 1 0 1; 154 104 16 32 60 0 3; ]
1600300094[5 74 48 122 0 0 1; 70 80 45 112 1 0 1; 153 103 17 33 60 0 3; ]
1600300095[66 80 44 114 1 0 1; 153 103 17 33 60 0 3; ]
1600300096[61 79 44 115 1 0 1; 152 103 17 33 60 0 3; ]
1600300097[56 78 44 117 1 0 1; 152 103 17 33 60 0 3; ]
1600300098[51 77 43 119 1 0 1; 151 103 17 33 60 0 3; ]
1600300099[46 76 43 120 1 0 1; 151 103 18 33 60 0 3; ]
1600300100[40 75 43 122 1 0 1; 151 103 18 33 60 0 3; ]
1600300101[34 75 43 124 1 0 1; 150 103 18 33 60 0 3; ]
1600300102[28 74 42 126 1 0 1; 150 103 18 33 60 0 3; ]
1600300103[22 73 42 128 1 0 1; 149 103 18 33 60 0 3; ]
1600300104[16 72 42 131 1 0 1; 149 103 18 33 60 0 3; ]
1600300105[7 71 46 134 1 0 1; 148 103 18 33 60 0 3; ]
1600300106[148 103 18 33 60 0 3; ]
1600300107[148 103 18 32 60 0 3; ]
1600300108[147 104 18 32 60 0 3; ]
1600300109[147 104 18 32 60 0 3; ]
1600300110[146 103 18 33 60 0 3; ]
1600300111[146 103 18 33 60 0 3; ]
1600300112[145 103 19 33 60 0 3; ]
1600300113[145 103 19 33 60 0 3; ]
1600300114[144 103 19 33 60 0 3; ]
1600300115[244 110 17 30 3 0 0; 144 102 19 33 60 0 3; ]
1600300116[244 109 17 31 3 0 0; 143 102 19 34 60 0 3; ]
1600300117[244 109 17 31 3 0 0; 142 102 19 34 60 0 3; ]
1600300118[244 108 17 32 3 0 0; 142 102 19 34 60 0 3; ]
1600300119[244 108 17 33 3 0 0; 141 102 19 34 60 0 3; ]
1600300120[244 108 16 33 3 0 0; 141 101 19 34 60 0 3; ]
1600300121[245 108 16 33 3 0 0; 140 101 19 34 60 0 3; ]
1600300122[245 108 16 33 3 0 0; 140 101 19 34 60 0 3; ]
1600300123[245 108 16 33 3 0 0; 139 101 19 35 60 0 3; ]
1600300124[245 109 16 33 3 0 0; 139 100 19 35 60 0 3; ]
1600300125[245 109 16 33 3 0 0; 138 100 20 35 60 0 3; ]
1600300126[245 109 16 33 3 0 0; 137 100 20 35 60 0 3; ]
1600300127[246 109 16 33 3 0 0; 136 100 20 36 60 0 3; ]
1600300128[246 109 16 33 3 0 0; 136 99 20 36 60 0 3; ]
1600300129[246 110 15 33 3 0 0; 135 99 20 36 60 0 3; ]
1600300130[246 110 15 33 3 0 0; 134 99 21 37 60 0 3; ]
1600300131[246 110 15 33 3 0 0; 133 98 21 37 60 0 3; ]
1600300132[247 110 15 33 3 0 0; 132 98 21 37 60 0 3; ]
1600300133[247 111 15 33 3 0 0; 132 98 21 38 60 0 3; ]
1600300134[247 111 14 33 3 0 0; 131 97 21 38 60 0 3; ]
1600300135[247 111 14 31 3 0 0; 130 97 22 38 60 0 3; ]
1600300136[129 97 22 39 60 0 3; ]
1600300137[128 96 22 39 60 0 3; ]
1600300138[128 96 22 39 60 0 3; ]
1600300139[127 96 22 40 60 0 3; ]
1600300140[126 95 22 40 60 0 3; ]
1600300141[125 95 22 40 60 0 3; ]
1600300142[125 95 23 41 60 0 3; ]
1600300143[124 95 23 41 60 0 3; ]
1600300144[123 95 23 41 60 0 3; ]
1600300145[123 94 23 42 60 0 3; ]
1600300146[122 94 23 42 60 0 3; ]
1600300147[121 94 23 42 60 0 3; ]
1600300148[121 94 23 43 60 0 3; ]
1600300149[120 94 23 43 60 0 3; ]
1600300150[119 93 23 43 60 0 3; ]
1600300151[119 93 23 44 60 0 3; ]
1600300152[118 93 23 44 60 0 3; ]
1600300153[117 93 23 44 60 0 3; ]
1600300154[117 93 23 45 60 0 3; ]
1600300155[116 92 24 45 60 0 3; ]
1600300156[115 92 24 45 60 0 3; ]
1600300157[114 92 25 46 60 0 3; ]
1600300158[113 92 25 46 60 0 3; ]
1600300159[113 92 26 47 60 0 3; ]
1600300160[112 91 26 47 60 0 3; ]
1600300161[111 91 27 48 60 0 3; ]
1600300162[110 91 27 48 60 0 3; ]
1600300163[109 91 28 49 60 0 3; ]
1600300164[109 91 28 49 60 0 3; ]
1600300165[108 90 28 49 60 0 3; ]
1600300166[107 90 29 50 60 0 3; ]
1600300167[106 90 29 50 60 0 3; ]
1600300168[105 90 30 51 60 0 3; ]
1600300169[105 90 30 51 60 0 3; ]
1600300170[103 89 31 52 60 0 3; ]
1600300171[102 89 31 53 60 0 3; ]
1600300172[101 88 32 54 60 0 3; ]
1600300173[100 88 32 54 60 0 3; ]
1600300174[99 88 32 55 60 0 3; ]
1600300175[97 87 33 56 60 0 3; ]
1600300176[96 87 33 57 60 0 3; ]
1600300177[95 87 34 57 60 0 3; ]
1600300178[94 86 34 58 60 0 3; ]
1600300179[93 86 34 59 60 0 3; ]
1600300180[92 86 35 60 60 0 3; ]
1600300181[90 85 35 61 60 0 3; ]
1600300182[89 85 36 61 60 0 3; ]
1600300183[88 84 36 62 60 0 3; ]
1600300184[87 84 37 63 60 0 3; ]
1600300185[85 83 38 65 60 0 3; ]
1600300186[82 82 40 67 60 0 3; ]
1600300187[80 82 41 69 60 0 3; ]
1600300188[77 81 42 71 60 0 3; ]
1600300189[74 80 44 73 60 0 3; ]
1600300190[414 97 18 77 6 1 3; 71 79 45 74 60 0 3; ]
1600300191[415 97 20 77 6 1 3; 68 78 46 76 60 0 3; ]
1600300192[417 97 21 77 6 1 3; 65 78 46 77 60 0 3; ]
1600300193[419 97 22 78 6 1 3; 61 77 47 78 60 0 3; ]
1600300194[420 97 23 78 6 1 3; 57 76 48 79 60 0 3; ]
1600300195[422 97 24 78 6 1 3; 53 75 48 80 60 0 3; ]
1600300196[424 91 25 82 7 1 1; 49 74 49 81 60 0 3; ]
1600300197[425 90 26 83 7 1 1; 44 74 49 82 60 0 3; ]
1600300198[426 90 27 84 7 1 1; 40 73 49 82 60 0 3; ]
1600300199[427 89 28 85 7 1 1; 35 72 50 83 60 0 3; ]
1600300200[428 89 28 86 7 1 1; 30 71 51 85 60 0 3; ]
1600300201[429 88 29 87 7 1 1; 25 70 52 88 60 0 3; ]
1600300202[430 88 30 88 7 1 1; 20 69 54 90 60 0 3; ]
1600300203[431 87 31 89 7 1 1; 14 68 56 93 60 0 3; ]
1600300204[433 87 32 90 7 1 1; 7 67 57 96 60 0 3; ]
1600300205[434 86 32 91 7 1 1; 1 65 59 99 60 0 3; ]
1600300206[435 85 33 92 7 1 1; ]
1600300207[436 85 34 93 7 1 1; ]
1600300208[437 84 35 94 7 1 1; ]
1600300209[438 84 36 96 7 1 1; ]
1600300210[439 83 36 97 7 1 1; ]
1600300211[440 83 37 98 7 1 1; ]
1600300212[442 82 38 99 7 1 1; ]
1600300213[266 109 17 31 3 0 0; 443 82 39 100 7 1 1; ]
1600300214[265 108 19 34 3 0 0; 445 81 40 102 7 1 1; ]
1600300215[264 106 20 37 3 0 0; 447 81 41 103 7 1 1; ]
1600300216[264 105 22 40 3 0 0; 448 81 42 104 7 1 1; ]
1600300217[263 104 23 43 3 0 0; 450 80 42 106 7 1 1; ]
1600300218[262 104 23 44 3 0 0; 452 80 43 107 7 1 1; ]
1600300219[262 104 23 43 3 0 0; 453 79 44 108 7 1 1; ]
1600300220[261 105 22 41 3 0 0; 455 79 45 110 7 0 1; ]
1600300221[261 106 21 38 3 0 0; 457 78 46 111 7 0 1; ]
1600300222[260 107 20 35 3 0 0; 458 78 47 112 7 0 1; ]
1600300223[260 109 18 32 3 0 0; 460 77 48 114 7 0 1; ]
1600300224[462 77 49 115 7 0 1; ]
1600300225[]
1600300226[]
1600300227[]
1600300228[]
1600300229[]
1600300230[]
1600300231[]
1600300232[]
1600300233[]
1600300234[]
1600300235[]
1600300236[]
1600300237[]
1600300238[]
1600300239[]
1600300240[]
1600300241[]
1600300242[]
1600300243[]
1600300244[]
1600300245[]
1600300246[]
1600300247[]
1600300248[]
1600300249[]
1600300250[]
1600300251[]
1600300252[]
1600300253[]
1600300254[]
1600300255[]
1600300256[]
1600300257[]
1600300258[]
1600300259[]
1600300260[]
1600300261[]
1600300262[]
1600300263[]
1600300264[]
1600300265[]
1600300266[]
1600300267[]
1600300268[]
1600300269[]
1600300270[]
1600300271[]
1600300272[]
1600300273[]
1600300274[]
1600300275[]
1600300276[]
1600300277[]
1600300278[]
1600300279[]
1600300280[]
1600300281[]
1600300282[]
1600300283[]
1600300284[]
1600300285[]
1600300286[]
1600300287[]
1600300288[]
1600300289[]
1600300290[]
1600300291[]
1600300292[]
1600300293[]
1600300294[]
1600300295[]
1600300296[]
1600300297[]
1600300298[]
1600300299[]
1600300300[]
1600300301[]
1600300302[]
1600300303[]
1600300304[]
1600300305[]
1600300306[]
1600300307[]
1600300308[]
1600300309[]
1600300310[]
1600300311[]
1600300312[]
1600300313[]
1600300314[]
1600300315[]
1600300316[]
1600300317[]
1600300318[]
1600300319[]
1600300320[]
1600300321[]
1600300322[]
1600300323[]
1600300324[]
1600300325[]
1600300326[]
1600300327[]
1600300328[]
1600300329[]
1600300330[]
1600300331[]
1600300332[]
1600300333[]
1600300334[]
1600300335[]
1600300336[]
1600300337[]
1600300338[]
1600300339[]
1600300340[]
1600300341[]
1600300342[]
1600300343[]
1600300344[103 110 18 30 3 0 0; ]
1600300345[101 110 18 31 3 0 0; ]
1600300346[100 110 17 31 3 0 0; ]
1600300347[99 110 17 31 3 0 0; ]
1600300348[93 110 17 31 3 1 0; ]
1600300349[]
1600300350[]
1600300351[]
1600300352[]
1600300353[]
1600300354[]
1600300355[]
1600300356[]
1600300357[]
1600300358[]
1600300359[]
1600300360[]
1600300361[]
1600300362[]
1600300363[44 110 15 30 13 1 -1; ]
1600300364[]
1600300365[]
1600300366[]
1600300367[]
1600300368[]
1600300369[]
1600300370[]
1600300371[9 108 24 30 53 1 -1; ]
1600300372[7 107 22 31 53 1 -1; ]
1600300373[4 107 21 33 53 1 -1; ]
1600300374[1 106 19 34 53 1 -1; ]
1600300375[]
1600300376[]
1600300377[]
1600300378[]
1600300379[]
1600300380[]
1600300381[]
1600300382[]
1600300383[]
1600300384[]
1600300385[]
1600300386[]
1600300387[]
1600300388[]
1600300389[]
1600300390[]
1600300391[]
1600300392[]
1600300393[]
1600300394[]
1600300395[]
1600300396[]
1600300397[]
1600300398[]
1600300399[]
1600300400[]
1600300401[]
1600300402[]
1600300403[]
1600300404[]
1600300405[]
1600300406[]
1600300407[]
1600300408[0 107 19 37 15 1 -1; ]
1600300409[]
1600300410[]
1600300411[454 116 13 30 63 1 -1; ]
1600300412[454 115 13 30 63 1 -1; ]
1600300413[454 115 13 31 63 1 -1; ]
1600300414[454 115 14 31 63 1 -1; ]
1600300415[454 115 14 31 63 1 -1; ]
1600300416[454 115 14 31 63 1 -1; ]
1600300417[453 115 15 31 63 1 -1; ]
1600300418[451 115 15 31 63 1 -1; ]
1600300419[449 115 16 31 63 1 -1; ]
1600300420[447 115 16 31 63 1 -1; ]
1600300421[447 115 16 31 63 1 -1; ]
1600300422[446 115 16 31 63 1 -1; ]
1600300423[445 115 16 32 63 1 -1; ]
1600300424[445 115 16 32 63 1 -1; ]
1600300425[445 114 16 32 63 1 -1; ]
1600300426[445 114 16 33 63 1 -1; ]
1600300427[]
1600300428[]
1600300429[180 112 16 30 17 0 1; ]
1600300430[180 112 16 30 17 0 1; ]
1600300431[438 116 13 35 16 1 2; 180 112 17 30 17 0 1; ]
1600300432[438 116 13 35 16 1 2; 179 113 17 30 17 0 1; ]
1600300433[438 116 13 35 16 1 2; 179 113 17 30 17 0 1; ]
1600300434[439 116 13 35 16 1 2; 179 113 17 30 17 0 1; ]
1600300435[439 117 14 35 16 1 2; 179 113 16 30 17 0 1; ]
1600300436[439 117 14 35 16 1 2; ]
1600300437[439 117 14 35 16 1 2; ]
1600300438[439 117 15 35 16 1 2; ]
1600300439[439 117 15 35 16 1 2; ]
1600300440[439 117 15 35 16 1 2; 180 112 15 30 17 0 1; ]
1600300441[439 117 16 35 16 1 2; 180 111 16 32 17 0 1; ]
1600300442[439 117 16 35 16 1 2; 180 110 18 35 17 0 1; ]
1600300443[439 117 16 35 16 1 2; 180 109 20 39 17 0 1; ]
1600300444[180 114 17 31 17 0 1; ]
1600300445[180 113 17 31 17 0 1; ]
1600300446[180 112 17 32 17 0 1; ]
1600300447[180 111 17 33 17 0 1; ]
1600300448[180 110 17 33 17 0 1; ]
1600300449[180 110 17 34 17 0 1; ]
1600300450[180 110 17 34 17 0 1; 433 112 17 40 57 1 2; ]
1600300451[180 110 17 34 17 0 1; 432 112 17 41 57 1 2; ]
1600300452[180 110 17 34 17 0 1; 432 111 18 42 57 1 2; ]
1600300453[181 110 17 34 17 0 1; 432 111 18 42 57 1 2; ]
1600300454[182 110 17 34 17 0 1; 432 110 18 43 57 1 2; ]
1600300455[183 111 17 33 17 0 1; ]
1600300456[184 111 16 33 17 0 1; ]
1600300457[185 111 16 33 17 0 1; ]
1600300458[186 111 16 33 17 0 1; 380 112 14 30 18 0 1; ]
1600300459[187 111 15 33 17 0 1; 381 113 14 30 18 0 1; ]
1600300460[187 111 15 33 17 0 1; 381 113 14 30 18 0 1; 288 117 16 30 19 0 1; ]
1600300461[188 111 15 33 17 0 1; 381 113 14 30 18 0 1; 288 117 16 30 19 0 1; ]
1600300462[189 111 15 33 17 0 1; 382 113 14 30 18 0 1; 287 117 16 30 19 0 1; ]
1600300463[190 111 15 33 17 0 1; 382 113 14 31 18 0 1; 286 116 16 30 19 0 1; ]
1600300464[190 111 15 33 17 0 1; 383 113 14 31 18 0 1; 286 116 16 30 19 0 1; ]
1600300465[191 111 15 34 17 0 1; 383 113 14 31 18 0 1; 285 116 17 31 19 0 1; ]
1600300466[191 110 15 34 17 0 1; 384 112 14 30 18 0 1; 284 115 17 31 19 0 1; ]
1600300467[192 110 15 34 17 0 1; 384 112 14 30 18 0 1; 284 115 17 31 19 0 1; ]
1600300468[192 110 15 34 17 0 1; 385 111 14 30 18 0 1; 283 114 17 32 19 0 1; ]
1600300469[193 109 15 35 17 0 1; 385 111 14 30 18 0 1; 282 113 17 32 19 0 1; ]
1600300470[193 109 15 35 17 0 1; 282 113 18 32 19 0 1; 430 110 18 44 58 1 2; ]
1600300471[193 109 16 35 17 0 1; 281 112 18 32 19 0 1; 430 108 19 46 58 1 2; ]
1600300472[192 109 17 35 17 0 1; 280 112 18 32 19 0 1; 430 107 20 47 58 1 2; ]
1600300473[192 109 18 35 17 0 1; 386 109 14 30 18 0 1; 280 112 18 33 19 0 1; 430 107 20 47 58 1 2; ]
1600300474[192 109 19 35 17 0 1; 386 109 15 30 18 0 1; 279 111 18 33 19 0 1; 430 107 20 46 58 1 2; ]
1600300475[191 109 20 35 17 0 1; 386 109 15 30 18 0 1; 278 111 18 33 19 0 1; 429 107 20 46 58 1 2; ]
1600300476[191 109 20 35 17 0 1; 386 108 15 30 18 0 1; 278 111 18 33 19 0 1; 428 107 20 46 58 1 2; ]
1600300477[191 109 20 35 17 0 1; 386 108 16 30 18 0 1; 277 110 19 34 19 0 1; ]
1600300478[192 108 20 35 17 0 1; 386 108 16 31 18 0 1; 275 110 17 35 19 0 1; ]
1600300479[193 108 19 36 17 0 1; 386 108 16 31 18 0 1; 274 110 16 36 19 0 1; ]
1600300480[193 108 18 36 17 0 1; 385 108 16 32 18 0 1; 272 109 15 36 19 0 1; ]
1600300481[193 107 18 37 17 0 1; 385 108 16 32 18 0 1; 271 109 15 37 19 0 1; ]
1600300482[194 107 17 37 17 0 1; 385 108 16 33 18 0 1; 269 109 15 37 19 0 1; ]
1600300483[194 107 17 38 17 0 1; 384 108 16 33 18 0 1; 267 109 15 37 19 0 1; 420 107 19 48 52 1 2; ]
1600300484[194 106 17 38 17 0 1; 384 108 16 34 18 0 1; 266 108 15 38 19 0 1; 419 107 19 48 52 1 2; ]
1600300485[194 106 17 39 17 0 1; 384 108 16 34 18 0 1; 264 108 15 38 19 0 1; 418 107 20 48 52 1 2; ]
1600300486[194 106 17 39 17 0 1; 384 108 16 35 18 0 1; 262 108 15 38 19 0 1; 417 107 20 49 52 1 2; ]
1600300487[194 105 17 39 17 0 1; 383 107 16 35 18 0 1; 260 107 16 39 19 0 1; 416 107 20 49 52 1 2; ]
1600300488[193 105 17 40 17 0 1; 383 107 16 35 18 0 1; 259 107 16 39 19 0 1; 415 107 20 49 52 1 2; ]
1600300489[193 104 17 40 17 0 1; 383 107 16 36 18 0 1; 257 107 16 39 19 0 1; 414 107 20 50 52 1 2; ]
1600300490[192 104 17 41 17 0 1; 382 107 16 36 18 0 1; 255 106 17 39 19 0 1; 413 107 20 50 52 1 2; ]
1600300491[191 104 17 41 17 0 1; 382 107 16 37 18 0 1; 253 106 18 39 19 0 1; 411 107 20 51 52 1 2; ]
1600300492[190 103 17 42 17 0 1; 382 107 15 37 18 0 1; 251 106 18 39 19 0 1; 410 107 20 51 52 1 2; ]
1600300493[190 103 18 41 17 0 1; 382 106 16 37 18 0 1; 248 106 19 39 19 0 1; 409 107 22 48 52 1 2; ]
1600300494[190 103 19 41 17 0 1; 381 106 16 37 18 0 1; 246 106 20 38 19 0 1; 407 107 23 46 52 1 2; ]
1600300495[190 103 20 41 17 0 1; 381 105 16 37 18 0 1; 245 106 20 38 19 0 1; 405 107 23 43 52 1 2; ]
1600300496[190 103 20 41 17 0 1; 381 105 16 37 18 0 1; 243 106 20 37 19 0 1; 404 107 24 41 52 1 2; ]
1600300497[190 103 21 40 17 0 1; 381 104 16 37 18 0 1; 241 106 21 37 19 0 1; 403 107 24 40 52 0 2; ]
1600300498[190 103 21 40 17 0 1; 381 104 16 37 18 0 1; 239 106 21 37 19 0 1; 402 107 25 39 52 0 2; ]
1600300499[190 103 21 40 17 0 1; 381 104 16 37 18 0 1; 238 106 21 37 19 0 1; 402 107 25 38 52 0 2; ]
1600300500[190 104 21 40 17 0 1; 381 104 16 37 18 0 1; 237 106 21 37 19 0 1; 402 107 25 38 52 0 2; ]
1600300501[191 104 21 41 17 0 1; 381 104 16 37 18 0 1; 235 107 21 37 19 0 1; 402 107 25 38 52 0 2; ]
1600300502[191 104 21 41 17 0 1; 382 105 16 38 18 0 1; 234 107 21 37 19 0 1; 402 107 24 38 52 0 2; ]
1600300503[191 104 20 41 17 0 1; 382 105 16 38 18 0 1; 233 107 20 38 19 0 1; 402 107 24 39 52 0 2; ]
1600300504[192 104 20 42 17 0 1; 382 106 17 38 18 0 1; 232 107 20 38 19 0 1; 401 107 23 39 52 0 2; ]
1600300505[193 104 19 42 17 0 1; 383 106 17 38 18 0 1; 231 107 20 39 19 0 1; 401 107 22 39 52 0 2; ]
1600300506[193 104 18 43 17 0 1; 384 107 17 39 18 0 1; 230 107 19 39 19 0 1; 401 107 21 40 52 0 2; ]
1600300507[194 104 17 43 17 0 1; 384 108 17 39 18 0 1; 229 107 18 40 19 0 1; 401 107 20 41 52 0 2; ]
1600300508[196 99 24 48 17 0 1; 380 101 22 51 18 0 1; 229 107 19 40 19 0 1; 397 106 25 41 52 0 2; ]
1600300509[196 99 24 49 17 0 1; 381 101 22 51 18 0 1; 228 107 19 41 19 0 1; 394 106 29 41 52 0 2; ]
1600300510[197 99 24 49 17 0 1; 383 101 22 51 18 0 1; 227 106 19 41 19 0 1; 391 105 31 41 52 0 2; ]
1600300511[197 98 25 49 17 0 1; 384 101 22 51 18 0 1; 227 106 19 42 19 0 1; 389 105 34 41 52 0 2; ]
1600300512[198 98 25 49 17 0 1; 226 105 19 42 19 0 1; 388 104 35 42 52 0 2; ]
1600300513[198 98 25 50 17 0 1; 225 105 19 43 19 0 1; 387 104 36 42 52 0 2; ]
1600300514[198 98 25 50 17 0 1; 224 104 19 43 19 0 1; 387 104 36 42 52 0 2; ]
1600300515[199 97 25 50 17 0 1; 223 103 18 44 19 0 1; 388 103 35 43 52 0 2; ]
1600300516[199 97 25 50 17 0 1; 222 102 18 45 19 0 1; 390 103 33 43 52 0 2; ]
1600300517[200 97 25 51 17 0 1; 220 101 17 46 19 0 1; 391 102 32 43 52 0 2; ]
1600300518[202 99 33 47 20 0 2; 391 102 31 44 52 0 2; ]
1600300519[204 100 31 46 20 0 2; 391 102 31 44 52 0 2; ]
1600300520[205 101 28 46 20 0 2; 391 102 31 44 52 0 2; ]
1600300521[206 101 27 46 20 0 2; 391 102 31 44 52 0 2; ]
1600300522[206 101 27 46 20 0 2; 391 102 31 44 52 0 2; ]
1600300523[207 101 28 45 20 0 2; 391 102 31 44 52 0 2; ]
1600300524[207 101 28 45 20 0 2; 391 102 31 44 52 0 2; ]
1600300525[207 101 28 45 20 0 2; 391 102 31 44 52 0 2; ]
1600300526[207 100 28 45 20 0 2; 391 102 31 45 52 0 2; ]
1600300527[207 100 29 45 20 0 2; 391 102 31 45 52 0 2; ]
1600300528[208 99 30 45 20 0 2; 390 102 31 45 52 0 2; ]
1600300529[205 101 18 43 21 0 1; 214 99 24 46 22 0 1; 390 102 32 45 52 0 2; ]
1600300530[203 101 18 44 21 0 1; 216 99 24 47 22 0 1; 390 102 32 45 52 0 2; ]
1600300531[202 101 19 44 21 0 1; 217 100 23 47 22 0 1; 389 102 32 45 52 0 2; ]
1600300532[200 102 19 45 21 0 1; 219 100 23 48 22 0 1; 389 102 33 46 52 0 2; ]
1600300533[199 102 20 45 21 0 1; 221 100 22 49 22 0 1; 388 102 33 46 52 0 2; ]
1600300534[198 101 19 45 21 0 1; 222 99 23 49 22 0 1; 391 97 32 53 52 0 2; ]
1600300535[197 100 19 46 21 0 1; 223 99 23 50 22 0 1; 391 97 32 53 52 0 2; ]
1600300536[196 100 19 46 21 0 1; 224 98 23 50 22 0 1; 391 97 32 53 52 0 2; ]
1600300537[195 100 19 46 21 0 1; 226 98 23 51 22 0 1; 391 97 32 53 52 0 2; ]
1600300538[194 99 19 46 21 0 1; 227 97 23 51 22 0 1; 391 97 33 53 52 0 2; ]
1600300539[192 99 19 47 21 0 1; 228 97 24 52 22 0 1; 390 97 34 53 52 0 2; ]
1600300540[191 99 19 47 21 0 1; 229 97 24 52 22 0 1; 389 97 37 53 52 0 2; ]
1600300541[190 99 19 47 21 0 1; 231 97 24 52 22 0 1; 388 97 40 53 52 0 2; ]
1600300542[188 99 19 47 21 0 1; 232 97 24 53 22 0 1; 384 100 21 44 23 0 1; 401 100 15 45 24 0 1; 411 99 17 39 25 1 1; ]
1600300543[186 100 20 47 21 0 1; 233 97 24 53 22 0 1; 383 101 21 45 23 0 1; 400 100 17 46 24 0 1; 412 100 17 39 25 0 1; ]
1600300544[184 100 21 48 21 0 1; 234 97 24 54 22 0 1; 383 101 21 45 23 0 1; 399 100 19 46 24 0 1; 413 101 17 39 25 0 1; ]
1600300545[182 101 23 48 21 0 1; 236 98 24 54 22 0 1; 382 102 22 45 23 0 1; 398 101 20 46 24 0 1; 413 101 17 39 25 0 1; ]
1600300546[180 102 24 48 21 0 1; 238 98 24 54 22 0 1; 382 102 22 46 23 0 1; 397 101 22 47 24 0 1; 414 102 17 39 25 0 1; ]
1600300547[178 103 26 48 21 0 1; 241 99 22 55 22 0 1; 381 103 22 46 23 0 1; 396 101 24 47 24 0 1; 415 103 17 38 25 0 1; ]
1600300548[175 104 28 48 21 0 1; 244 99 20 55 22 0 1; 381 103 22 46 23 0 1; 395 102 26 48 24 0 1; 415 104 17 38 25 0 1; ]
1600300549[173 103 29 48 21 0 1; 245 99 22 55 22 0 1; 378 102 25 48 23 0 1; 395 101 25 48 24 0 1; 416 103 17 39 25 0 1; ]
1600300550[171 103 30 48 21 0 1; 246 99 24 55 22 0 1; 377 101 26 49 23 0 1; 395 101 25 49 24 0 1; 417 102 17 40 25 0 1; ]
1600300551[168 102 30 48 21 0 1; 247 99 25 54 22 0 1; 375 100 27 50 23 0 1; 395 101 24 50 24 0 1; 418 101 17 40 25 0 1; ]
1600300552[166 102 30 48 21 0 1; 248 99 27 54 22 0 1; 374 99 28 51 23 0 1; 395 100 24 51 24 0 1; 419 101 17 40 25 0 1; ]
1600300553[164 102 31 49 21 0 1; 249 99 28 54 22 0 1; 374 99 28 52 23 0 1; 395 100 24 51 24 0 1; 420 100 17 41 25 0 1; ]
1600300554[163 101 31 49 21 0 1; 250 99 28 54 22 0 1; 373 98 29 53 23 0 1; 395 100 24 52 24 0 1; 421 100 17 41 25 0 1; ]
1600300555[161 101 31 49 21 0 1; 252 99 29 54 22 0 1; 373 98 29 53 23 0 1; 395 99 24 53 24 0 1; 422 100 17 41 25 0 1; 353 106 23 33 46 1 2; ]
1600300556[160 101 31 49 21 0 1; 253 99 29 54 22 0 1; 374 98 28 54 23 0 1; 395 99 24 54 24 0 1; 423 100 17 41 25 0 1; 353 106 23 33 46 1 2; ]
1600300557[158 100 31 49 21 0 1; 255 99 28 55 22 0 1; 375 99 26 54 23 0 1; 394 99 24 55 24 0 1; 424 100 17 41 25 1 1; 354 106 23 33 46 1 2; ]
1600300558[157 100 31 50 21 0 1; 257 99 28 55 22 0 1; 376 99 24 54 23 0 1; 394 98 25 56 24 0 1; 425 100 17 41 25 1 1; 354 106 22 34 46 1 2; ]
1600300559[156 100 31 50 21 0 1; 259 99 28 56 22 0 1; 376 99 23 55 23 0 1; 393 98 25 56 24 0 1; 426 101 17 41 25 1 1; 355 106 22 34 46 1 2; ]
1600300560[155 100 30 51 21 0 1; 261 99 27 57 22 0 1; 375 99 22 55 23 0 1; 393 98 26 57 24 0 1; 426 101 17 40 25 1 1; 356 106 22 34 46 1 2; ]
1600300561[155 100 29 51 21 0 1; 264 99 26 58 22 0 1; 375 100 21 56 23 0 1; 392 97 27 58 24 0 1; 427 101 17 40 25 1 1; 356 107 22 34 46 1 2; ]
1600300562[154 99 27 52 21 0 1; 266 98 25 60 22 0 1; 373 100 21 56 23 0 1; 391 97 28 59 24 0 1; 428 102 17 40 25 1 1; ]
1600300563[154 99 25 53 21 0 1; 269 98 24 61 22 0 1; 372 100 20 57 23 0 1; 390 97 29 60 24 0 1; 429 103 17 39 25 1 1; ]
1600300564[151 99 23 53 21 0 1; 271 100 25 61 22 0 1; 369 102 24 56 23 0 1; 390 99 29 59 24 0 1; 430 103 18 41 25 1 1; ]
1600300565[149 99 22 53 21 0 1; 272 100 26 61 22 0 1; 367 103 28 55 23 0 1; 390 100 28 57 24 0 1; 430 102 19 42 25 1 1; ]
1600300566[146 99 23 53 21 0 1; 274 100 26 61 22 0 1; 365 104 29 55 23 0 1; 389 101 28 57 24 0 1; 431 102 20 43 25 1 1; ]
1600300567[144 99 23 53 21 0 1; 276 100 26 61 22 0 1; 364 104 29 55 23 0 1; 389 101 28 57 24 0 1; 431 101 20 44 25 1 1; ]
1600300568[141 99 24 53 21 0 1; 277 100 27 61 22 0 1; 362 104 30 55 23 0 1; 389 101 27 57 24 0 1; 432 101 21 45 25 1 1; ]
1600300569[139 99 26 53 21 0 1; 279 100 27 61 22 0 1; 361 104 30 55 23 0 1; 388 101 26 57 24 0 1; 433 100 21 46 25 1 1; ]
1600300570[137 99 27 53 21 0 1; 281 100 27 61 22 0 1; 360 104 30 55 23 0 1; 388 100 26 58 24 0 1; 433 100 22 47 25 1 1; ]
1600300571[134 99 28 53 21 0 1; 283 100 27 61 22 0 1; 358 104 30 55 23 0 1; 388 100 25 58 24 0 1; 434 100 22 47 25 1 1; ]
1600300572[132 99 29 53 21 0 1; 286 100 27 61 22 0 1; 357 104 31 55 23 0 1; 387 100 25 58 24 0 1; 435 99 22 47 25 1 1; ]
1600300573[130 99 30 54 21 0 1; 288 99 27 61 22 0 1; 356 103 31 55 23 0 1; 386 100 25 58 24 0 1; 436 99 22 47 25 1 1; ]
1600300574[128 99 30 54 21 0 1; 290 98 27 62 22 0 1; 355 103 31 55 23 0 1; 385 99 26 58 24 0 1; 436 99 21 47 25 1 1; ]
1600300575[126 98 30 54 21 0 1; 292 98 27 62 22 0 1; 355 102 31 55 23 0 1; 384 99 27 59 24 0 1; 437 98 21 46 25 1 1; ]
1600300576[124 97 28 55 21 0 1; 295 97 27 62 22 0 1; 354 101 31 56 23 0 1; 382 98 29 59 24 0 1; 438 98 20 46 25 1 1; ]
1600300577[122 96 26 56 21 0 1; 298 96 27 63 22 0 1; 354 100 31 56 23 0 1; 380 97 31 59 24 0 1; 439 97 20 45 25 1 1; ]
1600300578[120 94 23 57 21 0 1; 300 94 27 63 22 0 1; 353 99 31 56 23 0 1; 378 97 33 59 24 0 1; 440 97 19 44 25 1 1; ]
1600300579[113 96 35 60 21 0 1; 301 94 30 64 22 0 1; 353 97 28 57 23 0 1; 382 95 27 63 24 0 1; 441 97 20 43 25 1 1; ]
1600300580[110 96 35 60 21 0 1; 302 93 32 65 22 0 1; 352 95 25 58 23 0 1; 382 93 26 64 24 0 1; 441 97 21 42 25 1 1; ]
1600300581[107 96 35 60 21 0 1; 303 92 33 66 22 0 1; 351 94 23 59 23 0 1; 380 91 25 64 24 0 1; 442 96 22 42 25 1 1; ]
1600300582[103 96 36 60 21 0 1; 304 91 34 67 22 0 1; 350 93 23 60 23 0 1; 379 91 25 64 24 0 1; 442 96 22 42 25 0 1; ]
1600300583[100 96 36 60 21 0 1; 306 90 34 69 22 0 1; 348 93 23 61 23 0 1; 377 91 26 64 24 0 1; 442 95 23 43 25 0 1; ]
1600300584[97 96 36 60 21 0 1; 307 88 34 71 22 0 1; 347 93 24 63 23 0 1; 375 91 28 65 24 0 1; 442 95 24 44 25 0 1; ]
1600300585[94 96 36 60 21 0 1; 309 87 33 73 22 0 1; 344 93 25 64 23 0 1; 373 91 30 65 24 0 1; 442 95 24 44 25 0 1; ]
1600300586[90 96 36 60 21 0 1; 310 86 33 75 22 0 1; 342 93 27 65 23 0 1; 370 91 32 65 24 0 1; 442 94 24 44 25 0 1; ]
1600300587[87 96 36 60 21 0 1; 312 84 31 78 22 0 1; 339 93 30 66 23 0 1; 367 91 35 66 24 0 1; 442 94 24 44 25 0 1; ]
1600300588[83 96 36 60 21 0 1; 315 82 30 82 22 0 1; 336 93 34 67 23 0 1; 365 91 36 66 24 0 1; 442 94 24 44 25 1 1; ]
1600300589[79 96 36 60 21 0 1; 364 91 37 66 24 0 1; 442 94 24 44 25 1 1; 321 88 43 71 26 0 2; ]
1600300590[76 95 37 60 21 0 1; 362 91 36 67 24 0 1; 442 94 24 44 25 1 1; 322 88 41 72 26 0 2; ]
1600300591[72 95 37 60 21 0 1; 361 91 33 67 24 0 1; 442 94 23 44 25 1 1; 322 88 39 73 26 0 2; ]
1600300592[68 95 38 61 21 0 1; 360 91 29 67 24 0 1; 442 94 23 44 25 1 1; 323 87 37 74 26 0 2; ]
1600300593[65 90 34 64 21 0 1; 359 91 23 68 24 0 1; 442 94 22 43 25 1 1; 324 87 35 74 26 0 2; ]
1600300594[61 90 34 64 21 0 1; 354 89 36 71 24 0 1; 443 94 22 43 25 1 1; 319 84 43 82 26 0 2; 383 94 20 52 47 1 2; ]
1600300595[58 90 33 64 21 0 1; 353 89 35 72 24 0 1; 443 94 22 44 25 1 1; 321 84 43 82 26 0 2; 383 94 20 52 47 1 2; ]
1600300596[54 90 32 64 21 0 1; 351 88 34 73 24 1 1; 443 94 22 44 25 1 1; 324 84 44 82 26 0 2; 383 94 20 52 47 1 2; ]
1600300597[50 90 32 64 21 0 1; 444 94 22 44 25 1 1; 310 84 69 82 26 0 2; 383 94 20 52 47 1 2; ]
1600300598[46 90 31 65 21 0 1; 444 94 21 44 25 1 1; 314 84 65 82 26 0 2; 383 94 20 52 47 1 2; ]
1600300599[42 90 31 65 21 0 1; 444 94 21 44 25 1 1; 332 84 46 83 26 0 2; 306 93 40 68 27 1 1; 383 94 20 52 47 1 2; ]
1600300600[38 90 31 65 21 0 1; 445 94 21 44 25 1 1; 333 84 45 83 26 0 2; 306 91 34 69 27 0 1; 383 94 20 52 47 1 2; ]
1600300601[34 90 30 65 21 0 1; 445 94 21 44 25 1 1; 333 84 45 84 26 0 2; 305 90 30 71 27 0 1; 383 94 20 52 47 1 2; ]
1600300602[30 89 30 65 21 0 1; 445 94 21 44 25 1 1; 333 84 45 85 26 0 2; 304 89 27 72 27 0 1; 383 94 20 52 47 1 2; ]
1600300603[25 89 30 65 21 0 1; 446 94 20 44 25 1 1; 333 84 44 85 26 0 2; 302 89 25 73 27 0 1; 383 94 20 52 47 1 2; ]
1600300604[21 88 30 65 21 0 1; 446 94 20 44 25 1 1; 300 88 25 73 27 0 1; 338 85 23 76 28 0 1; 350 90 27 75 29 0 1; 383 94 20 52 47 1 2; ]
1600300605[16 87 29 65 21 0 1; 446 94 20 44 25 1 1; 297 88 26 73 27 0 1; 333 85 26 77 28 0 1; 355 90 23 77 29 0 1; 383 94 20 52 47 1 2; ]
1600300606[11 86 29 65 21 0 1; 447 94 20 44 25 1 1; 292 88 29 74 27 0 1; 329 84 29 77 28 0 1; 355 88 27 79 29 0 1; ]
1600300607[6 85 29 65 21 0 1; 447 94 20 44 25 1 1; 286 88 35 74 27 0 1; 325 84 33 77 28 0 1; 354 86 34 81 29 0 1; ]
1600300608[1 84 29 65 21 0 1; 447 94 19 44 25 1 1; 280 88 42 74 27 0 1; 320 84 36 77 28 0 1; 354 85 39 83 29 0 1; ]
1600300609[446 92 22 48 25 1 1; 279 87 37 75 27 0 1; 318 84 38 78 28 0 1; 355 84 39 85 29 0 1; ]
1600300610[446 90 24 52 25 1 1; 278 86 34 77 27 0 1; 316 85 39 78 28 0 1; 356 84 40 88 29 0 1; ]
1600300611[445 88 26 55 25 1 1; 276 86 31 78 27 0 1; 314 85 39 78 28 0 1; 359 83 41 90 29 0 1; ]
1600300612[445 87 27 56 25 1 1; 274 86 30 79 27 0 1; 312 86 40 79 28 0 1; 362 83 41 93 29 0 1; ]
1600300613[445 87 27 56 25 1 1; 272 85 29 80 27 0 1; 310 86 40 79 28 0 1; 365 83 41 95 29 0 1; ]
1600300614[445 87 27 56 25 1 1; 269 85 29 80 27 0 1; 308 86 40 80 28 0 1; 369 83 42 97 29 0 1; ]
1600300615[446 88 27 55 25 1 1; 266 85 30 81 27 0 1; 306 86 39 80 28 0 1; 373 82 42 99 29 0 1; ]
1600300616[446 88 27 55 25 1 1; 260 85 35 81 27 0 1; 304 85 37 81 28 0 1; 377 82 42 100 29 0 1; ]
1600300617[447 88 26 55 25 1 1; 255 86 40 81 27 0 1; 302 84 35 82 28 0 1; 380 82 42 101 29 0 1; ]
1600300618[448 88 26 55 25 1 1; 249 86 44 81 27 0 1; 299 84 33 83 28 0 1; 384 83 42 98 29 0 1; ]
1600300619[449 89 26 54 25 1 1; 246 86 46 82 27 0 1; 296 84 32 83 28 0 1; 389 84 41 92 29 0 1; ]
1600300620[451 89 25 53 25 1 1; 244 86 45 82 27 0 1; 290 84 36 84 28 0 1; 387 81 54 99 29 0 1; ]
1600300621[453 90 25 53 25 1 1; 242 86 43 84 27 0 1; 284 84 42 85 28 0 1; 391 83 53 97 29 0 1; ]
1600300622[454 91 24 51 25 1 1; 241 86 40 85 27 0 1; 280 85 46 86 28 0 1; 394 83 51 96 29 0 1; ]
1600300623[457 93 23 50 25 1 1; 240 85 35 87 27 0 1; 277 85 50 87 28 0 1; 396 83 48 96 29 0 1; ]
1600300624[458 94 22 52 25 0 1; 235 85 39 87 27 0 1; 275 85 50 87 28 0 1; 400 79 49 105 29 0 1; ]
1600300625[460 94 21 52 25 0 1; 229 85 42 88 27 0 1; 273 85 49 87 28 0 1; 406 79 48 106 29 0 1; ]
1600300626[461 94 21 53 25 0 1; 224 85 44 89 27 0 1; 270 85 49 88 28 0 1; 413 79 44 106 29 0 1; ]
1600300627[462 94 21 53 25 0 1; 219 85 46 90 27 0 1; 267 84 49 89 28 0 1; 422 79 39 106 29 0 1; ]
1600300628[462 94 21 53 25 0 1; 214 85 48 91 27 0 1; 263 84 48 90 28 0 1; 429 79 35 106 29 0 1; ]
1600300629[463 94 21 53 25 0 1; 210 85 48 91 27 0 1; 259 83 48 91 28 0 1; 435 79 33 107 29 0 1; ]
1600300630[464 94 21 53 25 1 1; 206 85 48 92 27 0 1; 255 83 48 92 28 0 1; 438 78 36 108 29 0 1; ]
1600300631[465 94 21 54 25 1 1; 202 85 48 93 27 0 1; 251 82 48 93 28 0 1; 441 76 42 110 29 0 1; ]
1600300632[198 84 48 94 27 0 1; 247 81 48 94 28 0 1; 444 74 49 113 29 0 1; 378 99 19 43 48 1 2; ]
1600300633[194 84 48 95 27 0 1; 241 79 52 95 28 0 1; 446 72 55 115 29 0 1; 378 99 18 43 48 1 2; ]
1600300634[190 83 48 95 27 0 1; 236 78 57 97 28 0 1; 448 71 60 116 29 0 1; 378 99 18 43 48 1 2; ]
1600300635[187 82 47 96 27 0 1; 232 77 57 98 28 0 1; 379 100 17 43 48 1 2; ]
1600300636[184 81 47 97 27 0 1; 228 77 56 99 28 0 1; 465 90 23 60 30 1 1; 379 100 17 43 48 1 2; ]
1600300637[181 80 46 97 27 0 1; 224 76 56 100 28 0 1; 467 90 22 57 30 1 1; 379 100 16 43 48 1 2; ]
1600300638[178 79 45 98 27 0 1; 222 76 56 101 28 0 1; 468 90 21 55 30 0 1; 380 100 15 43 48 1 2; ]
1600300639[173 78 46 99 27 0 1; 221 75 47 101 28 0 1; 469 89 21 55 30 0 1; 379 99 17 44 48 1 2; ]
1600300640[168 78 47 100 27 0 1; 219 75 41 102 28 0 1; 469 89 22 55 30 0 1; 379 98 18 45 48 1 2; ]
1600300641[162 78 48 100 27 0 1; 216 74 39 103 28 0 1; 470 89 23 55 30 0 1; 379 97 19 46 48 1 2; ]
1600300642[156 78 49 101 27 0 1; 210 73 41 105 28 0 1; 471 89 24 55 30 0 1; 379 96 19 46 48 1 2; ]
1600300643[150 77 51 102 27 0 1; 203 72 45 106 28 0 1; 472 89 24 55 30 0 1; 379 96 20 47 48 1 2; ]
1600300644[143 77 53 104 27 0 1; 195 72 50 107 28 0 1; 472 89 25 56 30 0 1; 379 96 20 47 48 1 2; ]
1600300645[135 77 55 105 27 0 1; 189 73 55 107 28 0 1; 473 89 25 56 30 0 1; 379 96 20 47 48 1 2; ]
1600300646[127 76 58 106 27 0 1; 183 74 61 107 28 0 1; 474 89 25 56 30 0 1; 379 96 21 47 48 1 2; ]
1600300647[118 76 61 108 27 0 1; 178 74 63 107 28 0 1; 474 89 25 56 30 0 1; 379 96 21 48 48 1 2; ]
1600300648[109 75 63 109 27 0 1; 173 74 63 108 28 0 1; 475 89 25 56 30 0 1; 380 96 21 48 48 1 2; ]
1600300649[101 75 65 111 27 0 1; 169 73 61 109 28 0 1; 476 89 25 56 30 0 1; 380 96 21 48 48 1 2; ]
1600300650[94 74 67 112 27 0 1; 166 72 58 112 28 0 1; 477 89 25 56 30 0 1; 380 96 22 48 48 1 2; ]
1600300651[87 74 67 114 27 0 1; 163 71 54 115 28 0 1; 477 89 24 56 30 0 1; 381 96 22 48 48 1 2; ]
1600300652[83 73 67 116 27 0 1; 160 68 47 118 28 0 1; 478 88 24 57 30 0 1; 381 96 22 48 48 1 2; ]
1600300653[78 72 67 118 27 0 1; 159 66 39 122 28 0 1; 479 88 24 57 30 0 1; 382 96 22 48 48 1 2; ]
1600300654[76 71 60 120 27 0 1; 147 65 48 123 28 0 1; 479 89 24 57 30 0 1; 384 96 20 49 48 1 2; ]
1600300655[72 69 54 123 27 0 1; 137 64 56 123 28 0 1; 480 89 24 57 30 0 1; ]
1600300656[66 67 48 125 27 0 1; 128 64 62 124 28 0 1; 480 90 24 57 30 0 1; 393 97 16 48 31 1 1; ]
1600300657[59 66 42 128 27 0 1; 120 63 67 125 28 0 1; 481 90 25 57 30 0 1; 392 97 16 48 31 1 1; ]
1600300658[49 65 39 130 27 0 1; 113 63 70 126 28 0 1; 481 91 25 58 30 0 1; 392 98 16 49 31 1 1; ]
1600300659[37 65 46 131 27 0 1; 107 63 71 128 28 0 1; 482 91 25 58 30 0 1; 392 98 16 49 31 1 1; ]
1600300660[23 66 59 131 27 0 1; 103 64 70 129 28 0 1; 482 91 25 58 30 0 1; 392 98 16 49 31 1 1; ]
1600300661[11 66 67 131 27 0 1; 100 65 69 132 28 0 1; 483 92 25 58 30 0 1; 392 99 17 49 31 1 1; ]
1600300662[2 66 70 132 27 0 1; 97 65 68 135 28 0 1; 483 92 25 58 30 0 1; 392 99 17 49 31 0 1; ]
1600300663[92 65 66 137 28 0 1; 484 93 26 58 30 0 1; 392 100 17 49 31 0 1; ]
1600300664[87 65 64 140 28 0 1; 484 93 26 59 30 0 1; 392 100 17 50 31 0 1; ]
1600300665[82 64 62 143 28 0 1; 485 94 26 59 30 1 1; 392 100 17 50 31 0 1; ]
1600300666[76 63 59 146 28 0 1; 391 101 17 50 31 0 1; ]
1600300667[70 61 56 149 28 0 1; 391 101 18 50 31 0 1; ]
1600300668[64 59 52 152 28 0 1; 391 102 18 50 31 0 1; ]
1600300669[51 59 61 153 28 0 1; 391 102 18 50 31 0 1; ]
1600300670[40 58 69 154 28 0 1; 391 102 18 51 31 0 1; ]
1600300671[29 57 75 155 28 0 1; 391 103 18 51 31 0 1; ]
1600300672[20 56 79 157 28 0 1; 391 103 18 51 31 0 1; ]
1600300673[11 55 82 158 28 0 1; 391 103 18 51 31 0 1; ]
1600300674[5 54 83 161 28 0 1; 391 103 18 51 31 1 1; ]
1600300675[379 102 30 54 65 1 2; ]
1600300676[378 101 32 54 65 1 2; ]
1600300677[378 101 32 54 65 1 2; ]
1600300678[377 100 32 54 65 1 2; ]
1600300679[377 100 33 54 65 1 2; ]
1600300680[377 99 33 54 65 1 2; ]
1600300681[377 99 33 54 65 1 2; ]
1600300682[377 99 33 54 65 1 2; ]
1600300683[377 99 33 54 65 1 2; ]
1600300684[377 99 33 54 65 1 2; ]
1600300685[377 99 33 53 65 1 2; ]
1600300686[378 100 33 53 65 1 2; ]
1600300687[379 100 33 53 65 1 2; ]
1600300688[379 100 33 53 65 1 2; ]
1600300689[380 100 33 53 65 1 2; ]
1600300690[380 100 33 53 65 1 2; ]
1600300691[381 100 33 53 65 1 2; ]
1600300692[381 100 33 53 65 1 2; ]
1600300693[382 100 33 53 65 1 2; ]
1600300694[382 100 33 54 65 1 2; ]
1600300695[383 100 34 54 65 1 2; ]
1600300696[383 99 34 55 65 1 2; ]
1600300697[384 98 35 56 65 1 2; ]
1600300698[384 97 35 57 65 1 2; ]
1600300699[386 97 34 58 65 1 2; ]
1600300700[388 96 33 58 65 1 2; ]
1600300701[389 95 32 59 65 1 2; ]
1600300702[391 94 31 60 65 1 2; ]
1600300703[394 94 31 60 65 1 2; ]
1600300704[396 93 30 61 65 1 2; ]
1600300705[398 93 30 61 65 1 2; ]
1600300706[400 93 30 61 65 1 2; ]
1600300707[402 93 30 62 65 1 2; ]
1600300708[405 93 30 62 65 1 2; ]
1600300709[407 93 30 62 65 1 2; ]
1600300710[410 93 31 62 65 1 2; ]
1600300711[413 93 32 62 65 1 2; ]
1600300712[415 93 34 62 65 1 2; ]
1600300713[418 93 35 62 65 1 2; ]
1600300714[421 94 35 62 65 1 2; ]
1600300715[425 94 35 61 65 1 2; ]
1600300716[428 95 35 61 65 1 2; ]
1600300717[432 96 34 61 65 1 2; ]
1600300718[447 93 22 65 66 1 3; ]
1600300719[451 92 22 65 66 1 3; ]
1600300720[455 92 22 65 66 1 3; ]
1600300721[459 92 23 66 66 1 3; ]
1600300722[462 92 23 66 66 1 3; ]
1600300723[466 92 23 67 66 1 3; ]
1600300724[470 92 23 67 66 1 3; ]
1600300725[473 92 24 67 66 1 3; ]
1600300726[477 91 24 68 66 1 3; ]
1600300727[481 91 24 68 66 1 3; ]
1600300728[484 91 25 69 66 1 3; ]
1600300729[]
1600300730[]
1600300731[]
1600300732[]
1600300733[]
1600300734[]
1600300735[]
1600300736[]
1600300737[]
1600300738[]
1600300739[]
1600300740[]
1600300741[]
1600300742[]
1600300743[]
1600300744[]
1600300745[]
1600300746[]
1600300747[]
1600300748[]
1600300749[]
1600300750[]
1600300751[]
1600300752[]
1600300753[]
1600300754[]
1600300755[]
1600300756[]
1600300757[]
1600300758[]
1600300759[]
1600300760[]
1600300761[]
1600300762[]
1600300763[]
1600300764[]
1600300765[]
1600300766[]
1600300767[]
1600300768[]
1600300769[]
1600300770[]
1600300771[]
1600300772[]
1600300773[]
1600300774[]
1600300775[]
1600300776[]
1600300777[]
1600300778[]
1600300779[]
1600300780[]
1600300781[]
1600300782[]
1600300783[]
1600300784[]
1600300785[]
1600300786[]
1600300787[]
1600300788[]
1600300789[]
1600300790[]
1600300791[]
1600300792[]
1600300793[]
1600300794[]
1600300795[]
1600300796[]
1600300797[]
1600300798[]
1600300799[]
1600300800[]
1600300801[]
1600300802[]
1600300803[]
1600300804[]
1600300805[]
1600300806[]
1600300807[]
1600300808[]
1600300809[]
1600300810[]
1600300811[]
1600300812[]
1600300813[]
1600300814[]
1600300815[]
1600300816[]
1600300817[]
1600300818[]
1600300819[]
1600300820[]
1600300821[]
1600300822[]
1600300823[]
1600300824[]
1600300825[]
1600300826[]
1600300827[]
1600300828[]
1600300829[]
1600300830[]
1600300831[]
1600300832[]
1600300833[]
1600300834[]
1600300835[]
1600300836[]
1600300837[]
1600300838[]
1600300839[]
1600300840[]
1600300841[]
1600300842[]
1600300843[]
1600300844[]
1600300845[]
1600300846[]
1600300847[]
1600300848[]
1600300849[]
1600300850[]
1600300851[]
1600300852[]
1600300853[]
1600300854[]
1600300855[]
1600300856[]
1600300857[]
1600300858[]
1600300859[]
1600300860[]
1600300861[]
1600300862[]
1600300863[]
1600300864[]
1600300865[]
1600300866[]
1600300867[]
1600300868[]
1600300869[]
1600300870[]
1600300871[]
1600300872[]
1600300873[]
1600300874[]
1600300875[]
1600300876[]
1600300877[]
1600300878[]
1600300879[]
1600300880[]
1600300881[]
1600300882[]
1600300883[]
1600300884[]
1600300885[]
1600300886[]
1600300887[]
1600300888[]
1600300889[]
1600300890[]
1600300891[]
1600300892[]
1600300893[]
1600300894[]
1600300895[]
1600300896[]
1600300897[]
1600300898[]
1600300899[]
1600300900[]
1600300901[]
1600300902[]
1600300903[]
1600300904[]
1600300905[]
1600300906[]
1600300907[]
1600300908[]
1600300909[]
1600300910[]
1600300911[]
1600300912[]
1600300913[]
1600300914[]
1600300915[]
1600300916[]
1600300917[]
1600300918[]
1600300919[50 104 14 39 69 1 3; ]
1600300920[48 103 15 39 69 1 3; ]
1600300921[47 103 15 40 69 1 3; ]
1600300922[45 102 15 40 69 1 3; ]
1600300923[43 102 15 40 69 1 3; ]
1600300924[41 102 15 41 69 1 3; ]
1600300925[39 102 15 41 69 1 3; ]
1600300926[37 102 16 41 69 1 3; ]
1600300927[35 102 16 41 69 1 3; ]
1600300928[34 102 16 41 69 1 3; ]
1600300929[32 102 16 41 69 1 3; ]
1600300930[30 102 16 41 69 1 3; ]
1600300931[28 102 16 41 69 1 3; ]
1600300932[26 102 16 41 69 1 3; ]
1600300933[24 102 16 41 69 1 3; ]
1600300934[22 102 15 40 69 1 3; ]
1600300935[20 102 16 40 69 1 3; ]
1600300936[18 101 16 41 69 1 3; ]
1600300937[16 101 16 41 69 1 3; ]
1600300938[13 100 16 41 69 1 3; ]
1600300939[11 99 16 41 69 1 3; ]
1600300940[9 99 16 41 69 1 3; ]
1600300941[6 98 16 41 69 1 3; ]
1600300942[4 98 16 42 69 1 3; ]
1600300943[2 97 16 42 69 1 3; ]
1600300944[0 97 16 42 69 1 3; ]
1600300945[]
1600300946[]
1600300947[]
1600300948[]
1600300949[]
1600300950[]
1600300951[]
1600300952[]
1600300953[]
1600300954[]
1600300955[]
1600300956[]
1600300957[]
1600300958[]
1600300959[]
1600300960[]
1600300961[]
1600300962[]
1600300963[]
1600300964[]
1600300965[]
1600300966[]
1600300967[]
1600300968[]
1600300969[]
1600300970[]
1600300971[]
1600300972[]
1600300973[]
1600300974[]
1600300975[]
1600300976[]
1600300977[]
1600300978[]
1600300979[]
1600300980[]
1600300981[]
1600300982[]
1600300983[]
1600300984[]
1600300985[]
1600300986[]
1600300987[]
1600300988[]
1600300989[]
1600300990[]
1600300991[]
1600300992[]
1600300993[]
1600300994[]
1600300995[]
1600300996[]
1600300997[]
1600300998[]
1600300999[]
1600301000[]
1600301001[]
1600301002[]
1600301003[]
1600301004[]
1600301005[]
1600301006[]
1600301007[]
1600301008[]
1600301009[]
1600301010[]
1600301011[]
1600301012[392 102 12 35 70 1 1; ]
1600301013[393 102 12 34 70 1 1; ]
1600301014[393 103 12 34 70 1 1; ]
1600301015[394 104 12 34 70 1 1; ]
1600301016[395 104 12 34 70 1 1; ]
1600301017[395 104 12 34 70 1 1; ]
1600301018[396 105 12 34 70 1 1; ]
1600301019[397 105 12 34 70 1 1; ]
1600301020[397 105 12 34 70 1 1; ]
1600301021[398 105 12 34 70 1 1; ]
1600301022[399 105 12 34 70 1 1; ]
1600301023[399 104 12 35 70 1 1; ]
1600301024[400 104 13 36 70 1 1; ]
1600301025[401 103 13 36 70 1 1; ]
1600301026[401 103 13 37 70 1 1; ]
1600301027[]
1600301028[]
1600301029[]
1600301030[]
1600301031[]
1600301032[]
1600301033[]
1600301034[]
1600301035[]
1600301036[]
1600301037[]
1600301038[]
1600301039[]
1600301040[]
1600301041[]
1600301042[]
1600301043[]
1600301044[]
1600301045[]
1600301046[]
1600301047[]
1600301048[]
1600301049[]
1600301050[]
1600301051[420 101 11 35 71 1 3; ]
1600301052[421 101 12 36 71 1 3; ]
1600301053[422 101 12 37 71 1 3; ]
1600301054[423 100 12 37 72 1 1; ]
1600301055[424 100 13 38 72 1 1; ]
1600301056[426 100 13 39 72 1 1; ]
1600301057[427 99 13 40 72 1 1; ]
1600301058[428 99 14 40 72 1 1; ]
1600301059[429 99 14 41 72 1 1; ]
1600301060[430 99 14 41 73 1 3; ]
1600301061[430 99 14 41 73 1 3; ]
1600301062[430 99 14 42 73 1 3; ]
1600301063[]
1600301064[]
1600301065[]
1600301066[]
1600301067[]
1600301068[]
1600301069[]
1600301070[]
1600301071[]
1600301072[]
1600301073[]
1600301074[449 97 18 53 74 1 3; ]
1600301075[451 97 18 52 74 1 3; ]
1600301076[454 97 18 51 74 1 3; ]
1600301077[457 97 17 50 49 1 1; ]
1600301078[458 97 18 50 49 1 1; ]
1600301079[460 96 19 50 49 1 1; ]
1600301080[461 96 19 51 49 0 1; ]
1600301081[463 96 19 51 49 0 1; ]
1600301082[465 96 19 51 49 0 1; ]
1600301083[466 96 19 51 49 0 1; ]
1600301084[469 96 19 51 49 0 1; ]
1600301085[471 95 19 52 49 0 1; ]
1600301086[473 95 19 52 49 1 1; ]
1600301087[476 95 19 52 49 1 1; ]
1600301088[478 95 19 52 49 1 1; ]
1600301089[481 95 18 52 49 1 1; ]
1600301090[484 94 18 52 49 1 1; ]
1600301091[486 95 18 52 75 1 3; ]
1600301092[486 95 20 52 75 1 3; ]
1600301093[243 106 17 31 35 0 0; 266 106 18 31 36 0 0; ]
1600301094[242 105 18 34 35 0 0; 266 105 19 32 36 0 0; ]
1600301095[242 103 19 36 35 0 0; 267 105 19 33 36 0 0; ]
1600301096[242 103 19 37 35 0 0; 267 105 19 33 36 0 0; ]
1600301097[242 103 19 37 35 0 0; 268 105 19 33 36 0 0; ]
1600301098[242 103 19 37 35 0 0; 268 105 19 33 36 0 0; ]
1600301099[243 103 19 37 35 0 0; 269 105 19 33 36 0 0; ]
1600301100[243 103 19 36 35 0 0; 270 106 19 33 36 0 0; ]
1600301101[244 103 19 36 35 0 0; 271 106 19 33 36 0 0; ]
1600301102[245 104 19 36 35 0 0; 271 106 19 33 36 0 0; ]
1600301103[246 104 18 36 35 0 0; 272 106 19 33 36 0 0; ]
1600301104[247 105 18 35 35 0 0; 273 106 19 32 36 0 0; ]
1600301105[249 105 18 35 35 0 0; 274 106 19 32 36 0 0; ]
1600301106[250 106 17 34 35 0 0; 276 107 19 32 36 0 0; ]
1600301107[252 107 17 34 35 0 0; 277 107 18 32 36 0 0; ]
1600301108[253 107 17 34 35 0 0; 278 107 18 32 36 0 0; ]
1600301109[253 106 17 34 35 0 0; 278 107 18 31 36 0 0; ]
1600301110[254 106 17 34 35 0 0; 279 107 18 31 36 0 0; ]
1600301111[254 106 17 34 35 0 0; 280 107 17 31 36 0 0; ]
1600301112[255 105 17 34 35 0 0; 281 107 17 31 36 0 0; ]
1600301113[255 105 17 34 35 0 0; 282 107 17 30 36 0 0; ]
1600301114[256 104 17 34 35 0 0; 283 107 17 30 36 0 0; ]
1600301115[257 104 17 34 35 0 0; 284 107 17 30 36 0 0; ]
1600301116[257 104 17 34 35 0 0; 284 106 16 30 36 0 0; ]
1600301117[258 103 17 34 35 0 0; ]
1600301118[258 103 17 34 35 0 0; ]
1600301119[259 102 17 34 35 0 0; ]
1600301120[259 102 17 34 35 0 0; ]
1600301121[260 102 17 34 35 0 0; ]
1600301122[260 101 17 34 35 0 0; ]
1600301123[260 103 17 33 35 0 0; ]
1600301124[260 104 16 32 35 0 0; ]
1600301125[261 105 16 31 35 0 0; ]
1600301126[261 106 16 30 35 0 0; ]
1600301127[261 107 16 30 35 0 0; ]
1600301128[]
1600301129[]
1600301130[]
1600301131[]
1600301132[]
1600301133[]
1600301134[]
1600301135[]
1600301136[]
1600301137[]
1600301138[261 105 15 30 39 0 0; ]
1600301139[260 102 15 32 39 0 0; ]
1600301140[259 100 16 34 39 0 0; ]
1600301141[259 99 16 35 39 0 0; ]
1600301142[259 99 16 35 39 0 0; ]
1600301143[259 99 16 34 39 0 0; ]
1600301144[259 100 15 32 39 0 0; ]
1600301145[260 102 14 30 39 0 0; ]
1600301146[260 102 14 30 39 0 0; ]
1600301147[260 102 14 30 39 0 0; ]
1600301148[260 102 14 30 39 0 0; ]
1600301149[260 101 14 30 39 0 0; ]
1600301150[260 101 14 30 39 0 0; ]
1600301151[260 101 14 30 39 0 0; ]
1600301152[260 101 14 30 39 0 0; ]
1600301153[260 101 14 31 39 0 0; ]
1600301154[260 101 14 31 39 0 0; ]
1600301155[260 101 14 31 39 0 0; ]
1600301156[260 101 14 31 39 0 0; ]
1600301157[259 102 15 32 39 0 0; ]
1600301158[257 103 15 32 39 0 0; ]
1600301159[20 97 15 40 37 1 1; 255 105 16 33 39 0 0; ]
1600301160[18 98 15 41 37 1 1; 253 107 17 34 39 0 0; ]
1600301161[17 98 16 41 37 1 1; 252 107 17 34 39 0 0; ]
1600301162[15 98 16 41 37 1 1; 252 107 17 34 39 0 0; ]
1600301163[14 99 16 41 37 0 1; 252 107 17 35 39 0 0; 294 110 13 30 42 0 0; ]
1600301164[12 99 16 41 37 1 1; 251 106 17 35 39 0 0; 294 109 14 30 42 0 0; ]
1600301165[10 99 16 42 37 1 1; 251 106 17 35 39 0 0; 294 109 14 30 42 0 0; ]
1600301166[9 99 16 42 37 1 1; 251 105 17 35 39 0 0; 294 109 14 30 42 0 0; ]
1600301167[7 98 16 42 37 1 1; 251 104 17 35 39 0 0; 294 108 15 30 42 0 0; ]
1600301168[6 98 16 42 37 1 1; 250 103 17 35 39 0 0; 293 107 15 31 42 0 0; ]
1600301169[4 98 17 42 37 1 1; 293 107 16 31 42 0 0; ]
1600301170[2 97 17 42 37 1 1; 293 106 16 32 42 0 0; ]
1600301171[0 96 17 42 37 1 1; 292 105 17 32 42 0 0; ]
1600301172[293 106 17 32 42 0 0; ]
1600301173[293 106 17 32 42 0 0; ]
1600301174[294 107 17 32 42 0 0; ]
1600301175[294 107 17 32 42 0 0; ]
1600301176[295 107 17 32 42 0 0; ]
1600301177[295 108 17 31 42 0 0; ]
1600301178[296 108 16 31 42 0 0; ]
1600301179[296 109 16 31 42 0 0; ]
1600301180[297 109 16 31 42 0 0; ]
1600301181[297 109 16 31 42 0 0; ]
1600301182[298 110 16 31 42 0 0; ]
1600301183[298 110 16 30 42 0 0; ]
1600301184[299 111 16 30 42 0 0; ]
1600301185[299 111 16 30 42 0 0; ]
1600301186[300 111 15 30 42 0 0; ]
1600301187[300 112 16 30 42 0 0; ]
1600301188[301 112 16 30 42 0 0; ]
1600301189[302 112 16 30 42 0 0; ]
1600301190[302 112 16 30 42 0 0; ]
1600301191[240 111 16 30 39 0 0; 303 112 17 30 42 0 0; ]
1600301192[240 111 17 30 39 0 0; 304 112 17 30 42 0 0; ]
1600301193[240 111 17 30 39 0 0; 304 112 17 30 42 0 0; ]
1600301194[239 111 17 30 39 0 0; 305 112 17 30 42 0 0; ]
1600301195[239 111 17 30 39 0 0; 305 112 18 30 42 0 0; ]
1600301196[238 111 17 30 39 0 0; 306 112 18 30 42 0 0; ]
1600301197[237 111 17 30 39 0 0; 307 112 18 30 42 0 0; ]
1600301198[237 111 17 30 39 0 0; 307 112 18 30 42 0 0; ]
1600301199[308 113 18 30 42 0 0; ]
1600301200[309 113 19 31 42 0 0; ]
1600301201[309 113 19 31 42 0 0; ]
1600301202[310 113 19 30 42 0 0; ]
1600301203[311 113 19 30 42 0 0; ]
1600301204[234 111 17 30 39 0 0; 312 112 20 30 42 0 0; ]
1600301205[234 111 17 30 39 0 0; 313 112 20 30 42 0 0; ]
1600301206[233 111 16 30 39 0 0; 314 112 20 30 42 0 0; ]
1600301207[233 111 16 30 39 0 0; 315 112 20 30 42 0 0; ]
1600301208[232 110 16 30 39 0 0; 316 112 20 30 42 0 0; ]
1600301209[232 110 16 30 39 0 0; 317 112 21 30 42 0 0; ]
1600301210[232 110 16 31 39 0 0; 318 112 21 30 42 0 0; ]
1600301211[231 110 16 31 39 0 0; 319 112 21 30 42 0 0; ]
1600301212[231 109 16 31 39 0 0; 320 112 21 30 42 0 0; ]
1600301213[231 109 16 31 39 0 0; 321 112 22 30 42 0 0; ]
1600301214[231 109 16 31 39 0 0; ]
1600301215[230 109 16 31 39 0 0; ]
1600301216[230 109 16 31 39 0 0; ]
1600301217[230 109 16 31 39 0 0; 325 112 21 30 42 1 0; ]
1600301218[230 109 16 31 39 0 0; 327 112 20 31 42 1 0; ]
1600301219[229 109 16 31 39 0 0; 328 112 19 31 42 1 0; ]
1600301220[229 110 16 31 39 0 0; 329 112 18 32 42 1 0; ]
1600301221[229 110 16 31 39 0 0; 330 112 17 32 42 1 0; ]
1600301222[229 110 17 31 39 0 0; ]
1600301223[161 111 14 30 38 0 0; 228 111 17 31 39 0 0; ]
1600301224[161 111 14 30 38 0 0; 228 111 17 30 39 0 0; ]
1600301225[160 111 14 31 38 0 0; 228 111 17 30 39 0 0; ]
1600301226[160 111 14 30 38 0 0; 228 112 17 30 39 0 0; ]
1600301227[160 112 15 30 38 0 0; 227 112 17 30 39 0 0; ]
1600301228[227 112 18 30 39 0 0; ]
1600301229[227 113 18 30 39 0 0; ]
1600301230[]
1600301231[]
1600301232[]
1600301233[]
1600301234[]
1600301235[]
1600301236[]
1600301237[]
1600301238[]
1600301239[]
1600301240[]
1600301241[]
1600301242[]
1600301243[]
1600301244[]
1600301245[]
1600301246[]
1600301247[]
1600301248[]
1600301249[]
1600301250[]
1600301251[]
1600301252[157 111 15 30 38 0 0; ]
1600301253[156 111 15 30 38 0 0; ]
1600301254[156 111 15 30 38 0 0; 420 112 18 39 50 1 0; ]
1600301255[156 110 16 31 38 0 0; 423 111 17 39 50 0 0; ]
1600301256[156 110 16 31 38 0 0; 426 110 16 39 50 0 0; ]
1600301257[156 110 16 31 38 0 0; 429 109 16 39 50 0 0; ]
1600301258[156 110 16 32 38 0 0; 432 109 16 39 50 0 0; ]
1600301259[156 110 16 32 38 0 0; 435 109 16 39 50 0 0; ]
1600301260[156 110 16 32 38 0 0; 438 110 19 39 50 0 0; ]
1600301261[155 110 16 32 38 0 0; 441 112 25 39 50 0 0; ]
1600301262[155 110 16 32 38 0 0; 444 112 25 39 50 0 0; ]
1600301263[155 110 16 32 38 0 0; 447 112 25 39 50 0 0; ]
1600301264[155 110 16 32 38 0 0; 450 112 25 39 50 1 0; ]
1600301265[154 110 16 32 38 0 0; 452 111 27 40 50 1 0; ]
1600301266[154 110 16 33 38 0 0; 454 111 29 41 50 1 0; ]
1600301267[153 110 16 33 38 0 0; 456 110 30 42 50 1 0; ]
1600301268[152 110 16 33 38 0 0; 459 109 31 42 50 1 0; ]
1600301269[152 110 16 33 38 0 0; 462 109 32 43 50 1 0; ]
1600301270[151 110 16 33 38 0 0; 464 108 33 43 50 1 0; ]
1600301271[150 110 16 33 38 0 0; 468 108 33 44 50 1 0; ]
1600301272[149 110 16 34 38 0 0; 471 108 34 44 50 1 0; ]
1600301273[148 110 16 34 38 0 0; 474 107 34 44 50 1 0; ]
1600301274[147 110 16 34 38 0 0; ]
1600301275[146 110 16 33 38 0 0; 245 112 17 31 39 0 0; ]
1600301276[144 110 17 33 38 0 0; 245 111 17 31 39 0 0; ]
1600301277[143 110 17 33 38 0 0; 245 111 17 31 39 0 0; ]
1600301278[142 110 17 33 38 0 0; 245 111 17 31 39 0 0; ]
1600301279[141 110 17 33 38 0 0; 245 111 17 31 39 0 0; ]
1600301280[140 109 17 33 38 0 0; 245 111 17 31 39 0 0; ]
1600301281[139 109 17 33 38 0 0; 245 111 17 31 39 0 0; ]
1600301282[137 109 17 34 38 0 0; 245 111 17 31 39 0 0; ]
1600301283[136 109 17 34 38 0 0; 245 111 17 31 39 0 0; ]
1600301284[135 109 18 35 38 0 0; 245 110 17 31 39 0 0; ]
1600301285[134 109 18 35 38 0 0; 245 110 17 31 39 0 0; ]
1600301286[133 109 18 36 38 0 0; 245 110 17 31 39 0 0; ]
1600301287[131 108 18 37 38 0 0; 245 110 18 31 39 0 0; ]
1600301288[130 108 18 38 38 0 0; 245 110 18 31 39 0 0; ]
1600301289[129 108 18 40 38 0 0; 245 110 18 31 39 0 0; ]
1600301290[128 108 18 40 38 0 0; 246 110 18 31 39 0 0; 281 111 14 30 40 0 0; ]
1600301291[127 108 18 40 38 0 0; 246 110 18 31 39 0 0; 281 111 14 30 40 0 0; ]
1600301292[125 108 18 40 38 0 0; 246 110 18 31 39 0 0; 281 111 14 30 40 0 0; 296 110 13 30 41 0 0; ]
1600301293[124 108 19 40 38 0 0; 246 110 18 31 39 0 0; 281 111 14 30 40 0 0; 297 110 13 30 41 0 0; ]
1600301294[122 107 19 40 38 0 0; 247 111 18 31 39 0 0; 281 111 14 30 40 0 0; 297 110 13 31 41 0 0; ]
1600301295[120 107 20 41 38 0 0; 247 111 18 31 39 0 0; 281 111 14 30 40 0 0; 297 110 14 31 41 0 0; ]
1600301296[119 107 21 41 38 0 0; 247 111 18 31 39 0 0; 282 111 14 30 40 0 0; 297 109 14 32 41 0 0; ]
1600301297[117 107 21 41 38 0 0; 247 111 18 31 39 0 0; 282 111 14 30 40 0 0; 297 109 14 32 41 0 0; ]
1600301298[115 107 22 42 38 0 0; 247 111 18 31 39 0 0; 282 111 14 31 40 0 0; 298 109 14 33 41 0 0; ]
1600301299[113 107 23 42 38 0 0; 247 111 18 32 39 0 0; 282 111 14 31 40 0 0; 298 109 14 33 41 0 0; ]
1600301300[111 106 23 43 38 0 0; 248 111 18 32 39 0 0; 282 111 14 31 40 0 0; 298 109 14 34 41 0 0; ]
1600301301[109 106 24 43 38 0 0; 248 111 18 32 39 0 0; 283 111 14 31 40 0 0; 298 108 14 34 41 0 0; ]
1600301302[107 106 25 44 38 0 0; 248 111 18 32 39 0 0; 283 111 14 31 40 0 0; 299 108 14 34 41 0 0; ]
1600301303[105 106 25 44 38 0 0; 248 111 18 32 39 0 0; 283 111 14 31 40 0 0; 299 108 14 35 41 0 0; ]
1600301304[104 105 26 45 38 0 0; 249 111 18 32 39 0 0; 283 111 14 32 40 0 0; 299 108 14 35 41 0 0; ]
1600301305[102 105 26 45 38 0 0; 249 111 18 33 39 0 0; 283 111 14 32 40 0 0; 299 108 14 35 41 0 0; ]
1600301306[100 105 26 46 38 0 0; 249 111 18 33 39 0 0; 284 111 14 32 40 0 0; 300 107 15 35 41 0 0; ]
1600301307[98 104 27 46 38 0 0; 250 110 18 33 39 0 0; 284 110 15 33 40 0 0; 300 107 15 35 41 0 0; ]
1600301308[96 104 27 47 38 0 0; 250 110 18 33 39 0 0; 284 110 15 34 40 0 0; 300 107 15 35 41 0 0; ]
1600301309[94 103 27 48 38 0 0; 251 109 18 34 39 0 0; 284 109 15 34 40 0 0; 301 107 15 35 41 0 0; ]
1600301310[92 102 27 48 38 0 0; 251 109 17 34 39 0 0; 285 109 15 35 40 0 0; 301 106 15 36 41 0 0; ]
1600301311[90 101 28 49 38 0 0; 252 108 17 34 39 0 0; 285 109 15 36 40 0 0; 302 106 15 36 41 0 0; ]
1600301312[88 101 28 50 38 0 0; 253 107 17 35 39 0 0; 285 108 15 36 40 0 0; 302 106 15 36 41 0 0; ]
1600301313[86 100 28 51 38 0 0; 253 107 17 35 39 0 0; 285 108 15 37 40 0 0; 302 105 15 36 41 0 0; ]
1600301314[84 99 28 52 38 0 0; 254 106 17 35 39 0 0; 286 107 15 38 40 0 0; 303 105 16 36 41 0 0; ]
1600301315[81 98 28 53 38 0 0; 254 106 17 36 39 0 0; 286 106 15 38 40 0 0; 303 105 16 36 41 0 0; ]
1600301316[79 97 29 54 38 0 0; 255 105 17 36 39 0 0; 286 106 15 39 40 0 0; 304 104 16 36 41 0 0; ]
1600301317[76 97 29 55 38 0 0; 255 105 17 36 39 0 0; 287 106 15 39 40 0 0; 304 104 16 36 41 0 0; ]
1600301318[74 96 29 56 38 0 0; 256 104 17 36 39 0 0; 287 105 15 40 40 0 0; 304 104 16 36 41 0 0; ]
1600301319[71 95 30 57 38 0 0; 256 104 17 36 39 0 0; 287 105 15 40 40 0 0; 305 104 16 36 41 0 0; ]
1600301320[68 94 30 58 38 0 0; 257 104 17 36 39 0 0; 287 104 15 40 40 0 0; 305 103 16 36 41 0 0; ]
1600301321[65 94 31 59 38 0 0; 257 104 17 36 39 0 0; 288 104 15 40 40 0 0; 305 103 16 36 41 0 0; ]
1600301322[61 93 31 60 38 0 0; 257 104 17 36 39 0 0; 288 104 15 39 40 0 0; 306 103 16 36 41 0 0; ]
1600301323[58 92 32 61 38 0 0; 258 104 17 35 39 0 0; 288 103 15 39 40 0 0; 306 102 16 36 41 0 0; ]
1600301324[54 92 33 62 38 0 0; 258 104 17 35 39 0 0; 288 103 15 39 40 0 0; 306 102 16 36 41 0 0; ]
1600301325[50 91 34 63 38 0 0; 258 104 17 35 39 0 0; 289 103 15 39 40 0 0; 307 102 16 36 41 0 0; ]
1600301326[46 90 34 64 38 0 0; 259 103 17 34 39 0 0; 289 102 15 39 40 0 0; 307 102 16 36 41 0 0; ]
1600301327[42 90 35 65 38 0 0; 259 103 18 34 39 0 0; 289 102 15 38 40 0 0; 307 101 16 36 41 0 0; ]
1600301328[37 89 36 66 38 0 0; 259 103 18 33 39 0 0; 289 102 15 38 40 0 0; 307 101 17 36 41 0 0; ]
1600301329[33 88 36 67 38 0 0; 259 103 18 33 39 0 0; 290 102 15 38 40 0 0; 308 101 17 36 41 0 0; ]
1600301330[28 87 37 69 38 0 0; 260 103 18 33 39 0 0; 290 101 15 38 40 0 0; 308 101 17 36 41 0 0; ]
1600301331[23 87 38 70 38 0 0; 260 103 18 32 39 0 0; 290 101 15 37 40 0 0; 308 100 17 36 41 0 0; ]
1600301332[18 86 38 72 38 0 0; 260 103 18 32 39 0 0; 290 101 15 37 40 0 0; 309 100 17 36 41 0 0; ]
1600301333[13 85 38 73 38 0 0; 261 103 18 32 39 0 0; 290 101 15 37 40 0 0; 309 100 17 36 41 0 0; ]
1600301334[8 84 38 75 38 0 0; 261 103 18 32 39 0 0; 291 101 15 37 40 0 0; 309 99 17 36 41 0 0; ]
1600301335[2 84 38 75 38 0 0; 261 103 18 32 39 0 0; 291 100 15 37 40 0 0; 310 99 17 36 41 0 0; ]
1600301336[262 103 18 32 39 0 0; 291 100 15 37 40 0 0; 310 99 17 36 41 0 0; ]
1600301337[262 103 18 32 39 0 0; 291 100 15 37 40 0 0; 310 99 16 37 41 0 0; ]
1600301338[263 103 18 32 39 0 0; 291 100 15 37 40 0 0; 311 98 16 37 41 0 0; ]
1600301339[263 102 18 32 39 0 0; 291 100 16 37 40 0 0; 311 98 16 38 41 0 0; ]
1600301340[263 102 18 32 39 0 0; 291 100 16 37 40 0 0; 312 98 16 38 41 0 0; ]
1600301341[264 102 18 32 39 0 0; 291 100 16 38 40 0 0; 312 98 16 39 41 0 0; ]
1600301342[264 102 17 32 39 0 0; 291 100 16 38 40 0 0; 313 97 16 40 41 0 0; ]
1600301343[265 102 17 33 39 0 0; 291 100 17 38 40 0 0; 313 97 16 41 41 0 0; ]
1600301344[265 102 17 33 39 0 0; 292 100 17 38 40 0 0; 313 97 15 41 41 0 0; ]
1600301345[266 102 17 33 39 0 0; 292 100 17 38 40 0 0; 314 96 15 42 41 0 0; ]
1600301346[266 102 17 33 39 0 0; 292 100 17 38 40 0 0; 314 96 15 43 41 0 0; ]
1600301347[266 101 17 33 39 0 0; 292 99 18 38 40 0 0; 315 96 15 43 41 0 0; ]
1600301348[266 101 17 33 39 0 0; 292 99 18 38 40 0 0; 315 95 15 44 41 0 0; ]
1600301349[267 101 17 34 39 0 0; 292 99 18 38 40 0 0; 315 95 15 44 41 0 0; ]
1600301350[267 101 17 33 39 0 0; 292 100 18 38 40 0 0; 315 95 15 44 41 0 0; ]
1600301351[267 102 17 33 39 0 0; 293 100 18 38 40 0 0; 315 96 15 43 41 0 0; ]
1600301352[267 103 17 33 39 0 0; 293 101 18 37 40 0 0; 316 98 16 42 41 0 0; ]
1600301353[267 104 17 32 39 0 0; 293 103 18 37 40 0 0; 316 100 16 41 41 0 0; ]
1600301354[267 105 18 32 39 0 0; 294 104 17 37 40 0 0; 316 102 16 40 41 0 0; ]
1600301355[267 107 18 31 39 0 0; 294 105 17 36 40 0 0; 316 104 17 39 41 0 0; ]
1600301356[267 107 18 31 39 0 0; 294 106 17 36 40 0 0; 316 105 17 38 41 0 0; ]
1600301357[267 108 19 31 39 0 0; 294 107 17 36 40 0 0; 316 106 17 37 41 0 0; ]
1600301358[267 108 19 31 39 0 0; 295 107 17 35 40 0 0; 316 107 18 36 41 0 0; ]
1600301359[267 108 19 31 39 0 0; 295 107 17 35 40 0 0; 317 106 17 35 41 0 0; ]
1600301360[267 107 19 31 39 0 0; 295 106 17 35 40 0 0; 317 105 17 35 41 0 0; ]
1600301361[267 106 20 32 39 0 0; 296 104 17 35 40 0 0; 317 104 17 34 41 0 0; ]
1600301362[267 104 20 32 39 0 0; 296 102 17 34 40 0 0; 317 102 17 34 41 0 0; ]
1600301363[267 102 20 33 39 0 0; 296 100 17 34 40 0 0; 317 100 17 34 41 0 0; ]
1600301364[267 95 20 40 39 0 0; 296 96 17 38 40 0 0; 317 88 20 46 41 0 0; ]
1600301365[267 95 20 40 39 0 0; 296 96 17 38 40 0 0; 318 88 20 46 41 0 0; ]
1600301366[267 96 20 40 39 0 0; 296 97 17 38 40 0 0; 318 88 20 46 41 0 0; ]
1600301367[268 96 20 40 39 0 0; 297 97 17 38 40 0 0; 318 89 21 46 41 0 0; ]
1600301368[268 97 20 39 39 0 0; 297 98 17 38 40 0 0; 319 90 21 47 41 0 0; ]
1600301369[269 98 19 39 39 0 0; 297 98 17 39 40 0 0; 319 91 21 47 41 0 0; ]
1600301370[269 99 19 38 39 0 0; 297 99 17 39 40 0 0; 319 92 22 47 41 0 0; ]
1600301371[270 100 19 38 39 0 0; 297 100 17 39 40 0 0; 320 93 22 47 41 0 0; ]
1600301372[270 102 19 37 39 0 0; 297 100 17 40 40 0 0; 320 94 22 48 41 0 0; ]
1600301373[271 103 18 37 39 0 0; 297 101 17 40 40 0 0; 320 95 23 48 41 0 0; ]
1600301374[271 104 18 36 39 0 0; 297 102 17 40 40 0 0; 321 96 23 48 41 0 0; ]
1600301375[272 105 18 36 39 0 0; 297 102 17 41 40 0 0; 321 97 23 48 41 0 0; ]
1600301376[272 106 18 35 39 0 0; 297 103 18 41 40 0 0; 322 98 23 49 41 0 0; ]
1600301377[273 107 17 35 39 0 0; 297 103 18 41 40 0 0; 322 99 23 49 41 0 0; ]
1600301378[273 107 17 35 39 0 0; 297 103 18 41 40 0 0; 323 99 23 49 41 0 0; ]
1600301379[273 107 17 35 39 0 0; 298 104 18 42 40 0 0; 323 99 23 49 41 0 0; ]
1600301380[274 107 17 35 39 0 0; 298 104 18 42 40 0 0; 324 99 23 49 41 0 0; ]
1600301381[274 107 17 35 39 0 0; 298 103 18 42 40 0 0; 324 99 23 49 41 0 0; ]
1600301382[274 107 17 35 39 0 0; 298 103 18 42 40 0 0; 325 99 23 49 41 0 0; ]
1600301383[275 107 17 35 39 0 0; 298 103 18 42 40 0 0; 325 99 23 48 41 0 0; ]
1600301384[275 107 17 35 39 0 0; 299 103 18 42 40 0 0; 326 99 23 48 41 0 0; ]
1600301385[275 107 17 35 39 0 0; 299 103 18 42 40 0 0; 326 99 23 48 41 0 0; ]
1600301386[275 107 17 35 39 0 0; 299 103 18 42 40 0 0; 327 99 23 47 41 0 0; ]
1600301387[276 107 17 35 39 0 0; 300 103 18 42 40 0 0; 328 99 22 47 41 0 0; ]
1600301388[276 106 17 35 39 0 0; 300 102 17 42 40 0 0; 328 99 22 47 41 0 0; ]
1600301389[276 106 17 35 39 0 0; 300 102 17 42 40 0 0; 329 99 22 46 41 0 0; ]
1600301390[276 105 17 35 39 0 0; 301 101 17 42 40 0 0; 330 99 21 46 41 0 0; ]
1600301391[276 105 17 35 39 0 0; 301 101 17 42 40 0 0; 330 99 21 45 41 0 0; ]
1600301392[277 104 17 35 39 0 0; 302 100 17 42 40 0 0; 331 98 20 45 41 0 0; ]
1600301393[277 104 17 35 39 0 0; 302 100 17 42 40 0 0; 332 98 20 44 41 0 0; ]
1600301394[277 103 17 35 39 0 0; 302 99 17 42 40 0 0; 333 98 19 43 41 0 0; ]
1600301395[277 102 17 36 39 0 0; 303 99 17 43 40 0 0; 333 98 19 44 41 0 0; ]
1600301396[277 102 17 37 39 0 0; 304 99 17 44 40 0 0; 333 97 19 45 41 0 0; ]
1600301397[277 101 17 38 39 0 0; 304 98 17 44 40 0 0; 334 97 19 46 41 0 0; ]
1600301398[277 101 18 39 39 0 0; 305 98 17 45 40 0 0; 334 96 19 46 41 0 0; ]
1600301399[277 100 18 40 39 0 0; 305 98 17 46 40 0 0; 334 96 19 47 41 0 0; ]
1600301400[277 100 18 40 39 0 0; 305 97 17 46 40 0 0; 335 95 19 48 41 0 0; ]
1600301401[277 100 18 41 39 0 0; 306 97 17 47 40 0 0; 335 95 19 48 41 0 0; ]
1600301402[277 99 19 42 39 0 0; 306 97 17 47 40 0 0; 335 95 19 49 41 0 0; ]
1600301403[277 99 19 42 39 0 0; 307 97 17 48 40 0 0; 336 94 19 49 41 0 0; ]
1600301404[277 99 19 43 39 0 0; 307 97 17 48 40 0 0; 336 94 19 50 41 0 0; ]
1600301405[277 98 19 43 39 0 0; 307 96 18 49 40 0 0; 336 94 19 50 41 0 0; ]
1600301406[277 98 19 44 39 0 0; 307 96 18 49 40 0 0; 337 94 19 51 41 0 0; ]
1600301407[277 98 20 44 39 0 0; 308 96 18 50 40 0 0; 337 94 19 51 41 0 0; ]
1600301408[277 98 20 44 39 0 0; 308 96 18 50 40 0 0; 338 94 19 51 41 0 0; ]
1600301409[277 98 20 44 39 0 0; 308 96 18 51 40 0 0; 338 94 19 51 41 0 0; ]
1600301410[277 98 20 44 39 0 0; 308 96 18 51 40 0 0; 338 94 19 51 41 0 0; ]
1600301411[277 98 20 44 39 0 0; 308 96 18 51 40 0 0; 339 94 19 51 41 0 0; ]
1600301412[277 98 21 44 39 0 0; 308 96 18 52 40 0 0; 339 94 20 51 41 0 0; ]
1600301413[277 99 21 43 39 0 0; 307 97 19 52 40 0 0; 339 95 20 51 41 0 0; ]
1600301414[277 99 21 43 39 0 0; 307 97 19 52 40 0 0; 340 95 20 52 41 0 0; ]
1600301415[277 99 22 43 39 0 0; 307 97 20 53 40 0 0; 340 95 20 52 41 0 0; ]
1600301416[277 99 22 42 39 0 0; 307 97 20 53 40 0 0; 340 96 20 52 41 0 0; ]
1600301417[276 100 22 42 39 0 0; 307 97 21 53 40 0 0; 341 96 20 52 41 0 0; ]
1600301418[276 100 22 42 39 0 0; 307 97 21 54 40 0 0; 341 97 20 52 41 0 0; ]
1600301419[276 100 22 41 39 0 0; 307 97 22 54 40 0 0; 342 97 20 52 41 0 0; ]
1600301420[276 101 23 41 39 0 0; 307 98 22 54 40 0 0; 342 97 20 52 41 0 0; ]
1600301421[276 101 23 41 39 0 0; 307 98 22 54 40 0 0; 342 98 20 52 41 0 0; ]
1600301422[275 101 23 40 39 0 0; 307 98 23 54 40 0 0; 343 98 20 52 41 0 0; ]
1600301423[275 101 23 40 39 0 0; 307 98 23 54 40 0 0; 343 98 20 52 41 0 0; ]
1600301424[275 102 23 40 39 0 0; 306 98 23 54 40 0 0; 344 98 20 52 41 0 0; ]
1600301425[275 102 23 39 39 0 0; 306 98 23 54 40 0 0; 344 98 20 52 41 0 0; ]
1600301426[275 102 23 39 39 0 0; 306 98 23 54 40 0 0; 345 98 20 52 41 0 0; ]
1600301427[275 102 23 39 39 0 0; 306 98 23 54 40 0 0; 345 98 20 52 41 0 0; ]
1600301428[274 103 23 39 39 0 0; 306 98 23 54 40 0 0; 346 98 20 52 41 0 0; ]
1600301429[274 103 22 39 39 0 0; 306 98 23 54 40 0 0; 346 98 20 52 41 0 0; ]
1600301430[274 103 22 38 39 0 0; 306 98 23 53 40 0 0; 347 98 20 53 41 0 0; ]
1600301431[274 103 22 38 39 0 0; 306 98 23 53 40 0 0; 347 98 21 53 41 0 0; ]
1600301432[274 103 22 38 39 0 0; 306 99 23 53 40 0 0; 348 98 21 53 41 0 0; ]
1600301433[274 104 22 38 39 0 0; 306 99 23 53 40 0 0; 349 98 21 53 41 0 0; ]
1600301434[274 104 21 38 39 0 0; 306 99 23 52 40 0 0; 349 98 21 53 41 0 0; ]
1600301435[274 104 21 38 39 0 0; 306 99 23 52 40 0 0; 350 98 21 54 41 0 0; ]
1600301436[273 104 21 37 39 0 0; 306 99 22 52 40 0 0; 350 98 21 54 41 0 0; ]
1600301437[273 104 21 37 39 0 0; 306 99 22 52 40 0 0; 350 98 21 54 41 0 0; ]
1600301438[273 104 21 37 39 0 0; 306 99 22 52 40 0 0; 351 98 21 54 41 0 0; ]
1600301439[273 104 21 37 39 0 0; 306 99 22 52 40 0 0; 351 98 21 54 41 0 0; ]
1600301440[273 104 21 37 39 0 0; 307 99 22 52 40 0 0; 351 98 21 55 41 0 0; ]
1600301441[272 104 20 37 39 0 0; 307 99 22 52 40 0 0; 351 98 21 55 41 0 0; ]
1600301442[272 104 20 37 39 0 0; 307 99 22 52 40 0 0; 352 98 21 55 41 0 0; ]
1600301443[272 104 20 37 39 0 0; 307 98 22 53 40 0 0; 352 98 21 55 41 0 0; ]
1600301444[271 104 20 38 39 0 0; 307 98 22 53 40 0 0; 352 98 21 56 41 0 0; ]
1600301445[271 103 20 38 39 0 0; 307 98 22 53 40 0 0; 352 98 21 56 41 0 0; ]
1600301446[271 103 20 38 39 0 0; 307 98 21 54 40 0 0; 352 98 22 56 41 0 0; ]
1600301447[270 103 20 38 39 0 0; 307 98 21 54 40 0 0; 352 98 22 57 41 0 0; ]
1600301448[270 102 20 38 39 0 0; 307 98 21 54 40 0 0; 352 98 22 57 41 0 0; ]
1600301449[269 102 20 38 39 0 0; 307 98 21 55 40 0 0; 352 98 22 57 41 0 0; ]
1600301450[269 102 19 38 39 0 0; 307 98 21 55 40 0 0; 353 98 22 57 41 0 0; 218 107 24 30 43 0 2; ]
1600301451[268 101 19 39 39 0 0; 307 97 21 56 40 0 0; 353 98 22 58 41 0 0; 217 107 25 30 43 0 2; ]
1600301452[268 101 19 39 39 0 0; 307 97 21 56 40 0 0; 353 98 22 58 41 0 0; 215 107 25 30 43 0 2; ]
1600301453[267 100 19 39 39 0 0; 308 97 21 56 40 0 0; 353 98 22 58 41 0 0; 214 106 25 30 43 0 2; ]
1600301454[266 100 19 39 39 0 0; 308 97 21 57 40 0 0; 353 98 22 58 41 0 0; 213 106 25 30 43 0 2; ]
1600301455[266 99 19 39 39 0 0; 308 97 21 57 40 0 0; 353 98 22 58 41 0 0; 211 106 25 30 43 0 2; ]
1600301456[265 99 19 39 39 0 0; 308 96 21 57 40 0 0; 353 98 22 58 41 0 0; 209 106 25 30 43 0 2; ]
1600301457[265 99 19 40 39 0 0; 308 96 21 57 40 0 0; 353 97 22 58 41 0 0; 207 106 25 30 43 0 2; ]
1600301458[264 98 19 40 39 0 0; 308 95 21 58 40 0 0; 353 97 22 58 41 0 0; ]
1600301459[264 98 19 40 39 0 0; 308 95 21 58 40 0 0; 353 97 22 58 41 0 0; ]
1600301460[263 97 19 40 39 0 0; 308 94 21 58 40 0 0; 353 96 22 58 41 0 0; ]
1600301461[262 97 19 40 39 0 0; 309 94 21 58 40 0 0; 352 95 22 58 41 0 0; ]
1600301462[262 97 19 40 39 0 0; 309 93 21 58 40 0 0; 352 95 22 58 41 0 0; ]
1600301463[261 97 18 41 39 0 0; 309 93 22 58 40 0 0; 352 94 22 58 41 0 0; ]
1600301464[261 96 18 41 39 0 0; 309 92 22 59 40 0 0; 352 93 22 58 41 0 0; ]
1600301465[260 96 18 41 39 0 0; 309 92 22 59 40 0 0; 352 93 22 58 41 0 0; ]
1600301466[260 96 18 41 39 0 0; 309 92 22 59 40 0 0; 352 92 22 58 41 0 0; ]
1600301467[259 96 18 41 39 0 0; 309 91 22 59 40 0 0; 352 92 22 58 41 0 0; ]
1600301468[259 96 18 41 39 0 0; 309 91 23 60 40 0 0; 352 91 22 58 41 0 0; ]
1600301469[258 96 18 41 39 0 0; 309 91 23 60 40 0 0; 352 91 22 58 41 0 0; ]
1600301470[257 96 18 41 39 0 0; 309 91 23 60 40 0 0; 352 91 22 58 41 0 0; ]
1600301471[257 96 18 41 39 0 0; 309 91 24 60 40 0 0; 352 91 22 58 41 0 0; ]
1600301472[256 96 18 41 39 0 0; 309 90 24 61 40 0 0; 352 90 22 59 41 0 0; ]
1600301473[256 96 19 41 39 0 0; 309 90 25 61 40 0 0; 352 90 23 60 41 0 0; ]
1600301474[255 97 19 41 39 0 0; 309 90 26 62 40 0 0; 352 90 23 61 41 0 0; ]
1600301475[255 97 19 40 39 0 0; 309 90 27 62 40 0 0; 352 90 24 62 41 0 0; ]
1600301476[254 97 19 40 39 0 0; 309 90 28 63 40 0 0; 352 90 24 63 41 0 0; ]
1600301477[254 98 19 40 39 0 0; 309 90 29 63 40 0 0; 352 89 25 65 41 0 0; ]
1600301478[253 98 19 40 39 0 0; 309 90 30 64 40 0 0; 353 89 26 66 41 0 0; ]
1600301479[252 99 19 40 39 0 0; 308 90 31 65 40 0 0; 353 89 27 68 41 0 0; ]
1600301480[252 99 19 39 39 0 0; 308 90 32 65 40 0 0; 353 89 27 70 41 0 0; ]
1600301481[252 99 20 39 39 0 0; 308 90 33 66 40 0 0; 353 89 28 71 41 0 0; ]
1600301482[251 100 20 39 39 0 0; 308 90 34 66 40 0 0; 353 89 29 73 41 0 0; ]
1600301483[251 100 20 39 39 0 0; 308 90 35 67 40 0 0; 353 89 30 74 41 0 0; ]
1600301484[251 100 20 39 39 0 0; 308 90 35 68 40 0 0; 353 88 30 76 41 0 0; 167 102 26 32 44 0 2; ]
1600301485[250 101 20 39 39 0 0; 308 90 36 68 40 0 0; 353 88 31 77 41 0 0; 165 102 26 31 44 0 2; ]
1600301486[250 101 20 38 39 0 0; 308 90 36 69 40 0 0; 353 88 31 78 41 0 0; 164 103 26 31 44 0 2; ]
1600301487[250 102 20 38 39 0 0; 308 90 36 70 40 0 0; 354 88 32 79 41 0 0; 162 104 26 31 44 0 2; ]
1600301488[250 102 21 38 39 0 0; 308 90 36 70 40 0 0; 354 88 32 80 41 0 0; 160 104 25 30 44 0 2; ]
1600301489[250 102 21 38 39 0 0; 308 89 36 71 40 0 0; 354 88 33 81 41 0 0; 158 105 25 30 44 0 2; ]
1600301490[249 103 21 38 39 0 0; 308 89 36 72 40 0 0; 354 88 33 82 41 0 0; 157 105 25 30 44 0 2; ]
1600301491[249 103 21 38 39 0 0; 309 89 36 73 40 0 0; 355 88 33 83 41 0 0; 155 106 25 30 44 0 2; ]
1600301492[249 104 21 37 39 0 0; 309 89 36 73 40 0 0; 355 88 33 83 41 0 0; ]
1600301493[249 104 21 37 39 0 0; 310 89 36 74 40 0 0; 355 88 34 84 41 0 0; ]
1600301494[249 104 21 37 39 0 0; 311 89 36 75 40 0 0; 356 88 34 85 41 0 0; ]
1600301495[249 105 21 37 39 0 0; 312 89 36 76 40 0 0; 356 88 34 86 41 0 0; ]
1600301496[249 105 21 37 39 0 0; 312 89 36 77 40 0 0; 357 88 35 87 41 0 0; ]
1600301497[249 105 22 37 39 0 0; 313 89 35 78 40 0 0; 357 88 35 87 41 0 0; ]
1600301498[248 105 22 37 39 0 0; 314 89 35 78 40 0 0; 358 88 35 88 41 0 0; ]
1600301499[248 105 22 37 39 0 0; 315 89 35 79 40 0 0; 358 88 35 88 41 0 0; ]
1600301500[248 105 22 37 39 0 0; 315 89 35 80 40 0 0; 359 88 36 89 41 0 0; ]
1600301501[248 105 22 37 39 0 0; 316 89 35 81 40 0 0; 360 88 36 89 41 0 0; ]
1600301502[248 105 22 37 39 0 0; 317 88 35 82 40 0 0; 360 88 36 90 41 0 0; ]
1600301503[248 104 22 37 39 0 0; 317 88 35 82 40 0 0; 361 88 37 90 41 0 0; ]
1600301504[248 104 22 37 39 0 0; 318 88 35 83 40 0 0; 362 88 37 91 41 0 0; ]
1600301505[248 103 22 37 39 0 0; 318 87 35 84 40 0 0; 362 88 37 91 41 0 0; ]
1600301506[248 103 22 37 39 0 0; 319 86 36 85 40 0 0; 363 88 38 91 41 0 0; ]
1600301507[248 102 22 38 39 0 0; 320 86 36 86 40 0 0; 364 87 38 92 41 0 0; ]
1600301508[247 101 22 38 39 0 0; 320 85 36 86 40 0 0; 365 87 38 92 41 0 0; ]
1600301509[247 101 22 38 39 0 0; 321 84 36 87 40 0 0; 366 86 39 92 41 0 0; 123 104 24 30 44 0 2; ]
1600301510[247 100 22 38 39 0 0; 321 83 36 88 40 0 0; 367 85 39 92 41 0 0; 121 103 24 30 44 0 2; ]
1600301511[247 100 23 38 39 0 0; 322 82 37 89 40 0 0; 367 85 39 93 41 0 0; 120 103 24 30 44 0 2; ]
1600301512[247 100 23 39 39 0 0; 322 81 37 90 40 0 0; 368 84 40 93 41 0 0; 118 103 24 30 44 0 2; ]
1600301513[247 99 23 39 39 0 0; 323 80 37 90 40 0 0; 369 84 40 93 41 0 0; 116 102 24 30 44 0 2; ]
1600301514[247 99 23 39 39 0 0; 324 79 38 91 40 0 0; 370 83 41 93 41 0 0; 114 102 24 30 44 0 2; ]
1600301515[246 99 23 39 39 0 0; 324 79 38 91 40 0 0; 372 82 41 94 41 0 0; 112 102 24 31 44 0 2; ]
1600301516[246 99 23 39 39 0 0; 325 78 38 92 40 0 0; 373 82 41 94 41 0 0; 109 102 24 31 44 0 2; ]
1600301517[246 99 24 40 39 0 0; 326 78 39 92 40 0 0; 374 81 42 95 41 0 0; 107 103 24 31 44 0 2; ]
1600301518[245 99 24 40 39 0 0; 326 77 39 93 40 0 0; 375 81 42 95 41 0 0; 105 103 25 31 44 0 2; ]
1600301519[245 99 25 40 39 0 0; 327 77 39 93 40 0 0; 376 80 43 96 41 0 0; 103 103 25 31 44 0 2; ]
1600301520[244 99 26 41 39 0 0; 328 77 40 93 40 0 0; 377 80 43 97 41 0 0; 100 103 25 32 44 0 2; ]
1600301521[244 100 26 41 39 0 0; 329 76 40 93 40 0 0; 378 79 44 99 41 0 0; 98 103 25 32 44 0 2; ]
1600301522[243 100 27 41 39 0 0; 330 76 40 94 40 0 0; 380 79 44 100 41 0 0; 95 103 26 32 44 0 2; ]
1600301523[242 100 28 41 39 0 0; 331 76 41 94 40 0 0; 381 78 45 102 41 0 0; 93 104 26 32 44 0 2; ]
1600301524[242 100 28 42 39 0 0; 332 76 41 94 40 0 0; 382 78 45 103 41 0 0; 90 104 26 32 44 0 2; ]
1600301525[241 100 29 42 39 0 0; 333 75 42 94 40 0 0; 384 77 46 105 41 0 0; 88 104 27 33 44 0 2; ]
1600301526[240 100 29 42 39 0 0; 334 75 42 95 40 0 0; 385 77 46 106 41 0 0; 85 104 27 33 44 0 2; ]
1600301527[240 100 29 42 39 0 0; 335 75 43 95 40 0 0; 386 76 47 108 41 0 0; 82 104 27 33 44 0 2; ]
1600301528[239 100 30 42 39 0 0; 336 75 43 95 40 0 0; 388 76 47 109 41 0 0; 79 104 28 33 44 0 2; ]
1600301529[239 100 30 42 39 0 0; 337 74 43 95 40 0 0; 389 75 48 110 41 0 0; 77 104 28 34 44 0 2; 339 101 14 40 51 1 1; ]
1600301530[238 100 30 42 39 0 0; 338 74 44 95 40 0 0; 390 75 48 111 41 0 0; 74 104 28 34 44 0 2; 339 101 15 40 51 1 1; ]
1600301531[237 100 30 43 39 0 0; 338 74 44 96 40 0 0; 391 74 48 111 41 0 0; 71 104 29 34 44 0 2; 339 101 15 40 51 1 1; ]
1600301532[237 100 30 43 39 0 0; 339 74 44 96 40 0 0; 393 74 49 111 41 0 0; 68 104 29 34 44 0 2; 339 101 16 40 51 1 1; ]
1600301533[236 100 30 43 39 0 0; 340 74 44 96 40 0 0; 394 74 49 111 41 0 0; 64 104 29 34 44 0 2; 339 101 16 40 51 1 1; ]
1600301534[236 100 29 43 39 0 0; 340 74 44 96 40 0 0; 395 73 49 111 41 0 0; 61 103 29 35 44 0 2; 339 101 17 40 51 1 1; ]
1600301535[235 100 29 43 39 0 0; 341 74 44 97 40 0 0; 396 73 49 111 41 0 0; 58 103 30 35 44 0 2; 338 101 17 40 51 1 1; ]
1600301536[235 100 29 43 39 0 0; 342 74 44 97 40 0 0; 397 73 49 111 41 0 0; 54 102 30 35 44 0 2; 338 101 18 40 51 1 1; ]
1600301537[234 100 29 43 39 0 0; 343 74 44 97 40 0 0; 398 72 49 111 41 0 0; 51 102 30 35 44 0 2; 338 101 18 40 51 1 1; ]
1600301538[233 99 29 43 39 0 0; 343 74 44 98 40 0 0; 400 72 50 111 41 0 0; 47 101 31 36 44 0 2; 338 101 18 40 51 1 1; ]
1600301539[233 99 29 43 39 0 0; 344 74 44 98 40 0 0; 401 71 50 111 41 0 0; 44 101 31 36 44 0 2; 338 101 19 40 51 1 1; ]
1600301540[232 99 29 43 39 0 0; 345 74 45 98 40 0 0; 402 71 50 111 41 0 0; 40 100 31 36 44 0 2; 338 101 19 40 51 1 1; ]
1600301541[231 99 29 43 39 0 0; 346 74 45 99 40 0 0; 403 71 50 111 41 0 0; 37 100 31 36 44 0 2; 337 101 19 41 51 1 1; ]
1600301542[230 99 29 43 39 0 0; 346 74 45 99 40 0 0; 404 70 50 111 41 0 0; 33 100 32 37 44 0 2; 337 101 19 41 51 1 1; ]
1600301543[229 99 29 43 39 0 0; 347 74 45 99 40 0 0; 405 70 50 110 41 0 0; 30 99 32 37 44 0 2; 337 101 19 41 51 1 1; ]
1600301544[228 99 29 43 39 0 0; 348 74 45 100 40 0 0; 406 70 50 110 41 0 0; 26 99 32 37 44 0 2; 337 101 19 41 51 1 1; ]
1600301545[227 99 29 43 39 0 0; 348 74 45 100 40 0 0; 407 70 51 110 41 0 0; 23 98 32 38 44 0 2; 336 101 19 41 51 0 1; ]
1600301546[226 99 29 44 39 0 0; 349 73 45 100 40 0 0; 407 69 51 110 41 0 0; 19 98 32 38 44 0 2; 336 101 19 41 51 0 1; ]
1600301547[224 98 29 44 39 0 0; 350 73 45 101 40 0 0; 408 69 51 110 41 0 0; 16 98 33 38 44 0 2; 336 101 19 41 51 0 1; ]
1600301548[223 98 29 44 39 0 0; 350 73 45 101 40 0 0; 408 69 51 110 41 0 0; 12 97 33 39 44 0 2; 336 101 19 41 51 0 1; ]
1600301549[221 98 29 44 39 0 0; 351 73 45 102 40 0 0; 409 69 51 110 41 0 0; 9 97 33 39 44 0 2; 335 101 19 41 51 0 1; ]
1600301550[219 98 30 44 39 0 0; 351 73 45 102 40 0 0; 409 69 51 110 41 0 0; 5 97 33 40 44 0 2; 335 101 19 42 51 0 1; ]
1600301551[217 98 30 44 39 0 0; 351 73 45 103 40 0 0; 409 69 51 111 41 0 0; 2 96 33 40 44 0 2; 334 101 19 42 51 0 1; ]
1600301552[215 97 30 45 39 0 0; 352 73 45 103 40 0 0; 409 69 52 111 41 0 0; 334 101 19 42 51 0 1; ]
1600301553[212 97 30 45 39 0 0; 352 73 45 104 40 0 0; 410 69 52 111 41 0 0; 333 101 19 42 51 0 1; ]
1600301554[210 97 31 45 39 0 0; 352 73 45 104 40 0 0; 410 69 52 112 41 0 0; 333 101 19 42 51 0 1; ]
1600301555[208 97 31 45 39 0 0; 352 73 45 105 40 0 0; 410 69 52 112 41 0 0; 333 101 18 43 51 0 1; ]
1600301556[205 96 31 45 39 0 0; 352 73 45 105 40 0 0; 410 69 52 113 41 0 0; 332 101 18 43 51 0 1; ]
1600301557[203 96 32 46 39 0 0; 352 73 45 106 40 0 0; 410 69 52 113 41 0 0; 332 101 18 43 51 0 1; ]
1600301558[200 96 32 46 39 0 0; 352 73 45 107 40 0 0; 411 69 53 113 41 0 0; 331 101 18 43 51 0 1; ]
1600301559[198 96 32 46 39 0 0; 352 73 46 107 40 0 0; 411 69 53 114 41 0 0; 331 100 18 43 51 0 1; ]
1600301560[196 95 32 46 39 0 0; 352 72 46 108 40 0 0; 411 69 53 114 41 0 0; 330 100 18 44 51 0 1; ]
1600301561[193 95 32 46 39 0 0; 352 72 46 109 40 0 0; 411 69 53 114 41 0 0; 329 100 18 44 51 0 1; ]
1600301562[191 95 33 46 39 0 0; 352 72 46 110 40 0 0; 411 69 52 115 41 0 0; 329 100 19 44 51 0 1; ]
1600301563[188 94 33 46 39 0 0; 352 71 47 111 40 0 0; 412 69 52 115 41 0 0; 328 100 19 44 51 0 1; ]
1600301564[185 94 33 46 39 0 0; 352 71 47 113 40 0 0; 412 69 52 115 41 0 0; 327 100 19 45 51 0 1; ]
1600301565[183 94 33 46 39 0 0; 352 70 48 115 40 0 0; 412 69 52 115 41 0 0; 327 99 19 45 51 0 1; ]
1600301566[180 94 33 46 39 0 0; 352 69 49 117 40 0 0; 412 69 52 116 41 0 0; 326 99 20 45 51 0 1; ]
1600301567[177 93 34 47 39 0 0; 352 68 50 120 40 0 0; 412 69 52 116 41 0 0; 325 98 20 46 51 0 1; ]
1600301568[174 93 34 47 39 0 0; 352 61 53 128 40 0 0; 412 69 52 116 41 0 0; 324 98 21 46 51 0 1; ]
1600301569[171 93 34 47 39 0 0; 352 61 53 130 40 0 0; 413 69 52 117 41 0 0; 324 98 21 46 51 0 1; ]
1600301570[168 92 34 47 39 0 0; 352 61 53 131 40 0 0; 413 69 52 118 41 0 0; 323 97 21 47 51 0 1; ]
1600301571[165 92 34 47 39 0 0; 352 61 53 133 40 0 0; 413 69 52 119 41 0 0; 322 97 22 47 51 0 1; ]
1600301572[162 92 34 47 39 0 0; 351 59 52 136 40 0 0; 413 64 55 125 41 0 0; 321 96 22 47 51 0 1; ]
1600301573[159 91 34 47 39 0 0; 351 57 52 138 40 0 0; 413 59 59 131 41 0 0; 321 96 23 48 51 0 1; ]
1600301574[156 91 34 47 39 0 0; 351 58 51 137 40 0 0; 413 59 58 131 41 0 0; 320 95 23 48 51 0 1; ]
1600301575[153 91 34 47 39 0 0; 351 58 51 137 40 0 0; 413 60 58 132 41 0 0; 319 95 23 48 51 0 1; ]
1600301576[150 91 34 47 39 0 0; 351 59 51 136 40 0 0; 413 61 57 132 41 0 0; 319 94 24 49 51 0 1; ]
1600301577[146 90 34 47 39 0 0; 351 57 52 135 40 0 0; 413 56 61 137 41 0 0; 318 94 24 49 51 0 1; ]
1600301578[143 90 34 47 39 0 0; 351 55 54 132 40 0 0; 414 51 64 142 41 0 0; 318 93 24 50 51 0 1; ]
1600301579[140 90 33 48 39 0 0; 351 54 55 130 40 0 0; 415 52 63 141 41 0 0; 317 93 24 50 51 0 1; ]
1600301580[136 90 33 48 39 0 0; 351 54 55 131 40 0 0; 416 52 61 139 41 0 0; 317 92 24 50 51 0 1; ]
1600301581[133 89 33 48 39 0 0; 351 54 55 134 40 0 0; 417 53 59 137 41 0 0; 316 92 24 51 51 0 1; ]
1600301582[129 89 32 48 39 0 0; 351 54 55 136 40 0 0; 418 53 57 136 41 0 0; 316 92 24 51 51 0 1; ]
1600301583[126 89 32 48 39 0 0; 351 54 55 138 40 0 0; 419 52 57 139 41 0 0; 316 91 24 52 51 0 1; ]
1600301584[122 89 32 48 39 0 0; 351 54 55 138 40 0 0; 421 52 56 143 41 0 0; 316 91 24 52 51 0 1; ]
1600301585[119 89 31 48 39 0 0; 351 53 55 139 40 0 0; 422 51 55 145 41 0 0; 315 91 24 51 51 0 1; ]
1600301586[115 89 31 48 39 0 0; 351 52 56 139 40 0 0; 423 59 52 140 41 0 0; 315 90 23 50 51 0 1; ]
1600301587[111 88 31 48 39 0 0; 351 51 56 140 40 0 0; 423 56 52 143 41 0 0; 315 90 22 49 51 0 1; ]
1600301588[108 88 31 49 39 0 0; 351 51 56 140 40 0 0; 424 50 54 148 41 0 0; 315 90 21 49 51 0 1; ]
1600301589[104 88 31 49 39 0 0; 351 50 57 141 40 0 0; 425 47 55 152 41 0 0; 315 90 21 48 51 0 1; ]
1600301590[101 88 31 49 39 0 0; 351 49 57 141 40 0 0; 426 47 56 153 41 0 0; 315 90 21 48 51 0 1; ]
1600301591[97 88 31 49 39 0 0; 351 49 57 142 40 0 0; 427 47 57 155 41 0 0; 315 90 21 49 51 0 1; ]
1600301592[93 88 31 50 39 0 0; 351 49 58 144 40 0 0; 428 48 58 156 41 0 0; 315 90 21 49 51 0 1; ]
1600301593[89 88 32 50 39 0 0; 351 49 60 148 40 0 0; 429 48 59 157 41 0 0; 316 91 21 49 51 0 1; ]
1600301594[86 88 33 50 39 0 0; 351 49 62 153 40 0 0; 430 49 60 158 41 0 0; 316 91 21 50 51 0 1; ]
1600301595[82 88 34 51 39 0 0; 351 49 64 157 40 0 0; 431 49 61 159 41 0 0; 316 91 21 50 51 0 1; ]
1600301596[78 88 34 51 39 0 0; 351 49 66 160 40 0 0; 433 50 62 159 41 0 0; 317 91 21 51 51 0 1; ]
1600301597[74 88 35 52 39 0 0; 351 49 66 161 40 0 0; 434 50 63 160 41 0 0; 318 92 21 52 51 0 1; ]
1600301598[70 88 36 52 39 0 0; 352 49 66 161 40 0 0; 435 50 64 160 41 0 0; 318 92 22 52 51 0 1; ]
1600301599[67 88 37 52 39 0 0; 353 48 66 160 40 0 0; 436 50 65 160 41 0 0; 319 92 22 53 51 0 1; ]
1600301600[63 88 38 53 39 0 0; 355 47 66 160 40 0 0; 437 50 67 160 41 0 0; 319 92 22 54 51 0 1; ]
1600301601[59 88 38 53 39 0 0; 357 46 66 159 40 0 0; 438 49 68 159 41 0 0; 320 93 22 54 51 0 1; ]
1600301602[55 88 39 54 39 0 0; 359 45 65 158 40 0 0; 439 48 70 159 41 0 0; 321 93 22 55 51 0 1; ]
1600301603[50 88 40 54 39 0 0; 360 44 65 158 40 0 0; 321 93 22 55 51 0 1; ]
1600301604[46 88 40 54 39 0 0; 362 44 65 158 40 0 0; 322 93 22 56 51 0 1; ]
1600301605[42 88 40 55 39 0 0; 363 43 65 159 40 0 0; 322 93 22 56 51 0 1; ]
1600301606[38 88 41 55 39 0 0; 364 43 66 160 40 0 0; 323 93 23 56 51 0 1; ]
1600301607[34 89 41 55 39 0 0; 366 42 66 162 40 0 0; 323 93 23 57 51 0 1; ]
1600301608[29 89 41 56 39 0 0; 367 42 66 164 40 0 0; 323 93 23 57 51 0 1; ]
1600301609[25 89 41 56 39 0 0; 369 41 67 166 40 0 0; 324 93 23 57 51 0 1; ]
1600301610[21 89 42 56 39 0 0; 370 40 68 169 40 0 0; 324 93 23 57 51 0 1; ]
1600301611[16 89 42 56 39 0 0; 371 40 68 171 40 0 0; 325 93 24 58 51 0 1; ]
1600301612[12 89 42 57 39 0 0; 372 39 69 174 40 0 0; 325 93 24 58 51 0 1; ]
1600301613[7 90 42 57 39 0 0; 373 39 69 177 40 0 0; 326 93 24 58 51 0 1; ]
1600301614[3 90 43 57 39 0 0; 373 38 70 180 40 0 0; 326 93 25 58 51 0 1; ]
1600301615[374 37 71 183 40 0 0; 326 93 25 59 51 0 1; ]
1600301616[374 36 72 186 40 0 0; 327 93 25 59 51 0 1; ]
1600301617[373 35 73 189 40 0 0; 327 93 26 59 51 0 1; ]
1600301618[373 34 74 193 40 0 0; 328 93 26 59 51 0 1; ]
1600301619[372 32 75 197 40 0 0; 328 93 26 59 51 0 1; ]
1600301620[372 32 75 199 40 0 0; 327 89 28 63 51 0 1; ]
1600301621[372 32 75 201 40 0 0; 328 89 28 63 51 0 1; ]
1600301622[372 32 75 202 40 0 0; 329 89 28 64 51 0 1; ]
1600301623[374 31 78 202 40 0 0; 330 89 28 64 51 0 1; ]
1600301624[375 30 80 203 40 0 0; 331 89 28 64 51 0 1; ]
1600301625[376 29 82 203 40 0 0; 332 89 28 65 51 0 1; ]
1600301626[377 28 83 204 40 0 0; 333 89 28 65 51 0 1; ]
1600301627[378 26 84 206 40 0 0; 333 89 28 65 51 0 1; ]
1600301628[379 25 85 209 40 0 0; 334 89 28 66 51 0 1; ]
1600301629[381 24 86 212 40 0 0; 335 89 28 66 51 0 1; ]
1600301630[381 23 86 215 40 0 0; 336 89 28 67 51 0 1; ]
1600301631[382 22 88 218 40 0 0; 337 89 28 67 51 0 1; ]
1600301632[382 21 89 220 40 0 0; 338 89 28 67 51 0 1; ]
1600301633[383 20 91 223 40 0 0; 338 89 29 68 51 0 1; ]
1600301634[383 20 92 225 40 0 0; 339 89 29 68 51 0 1; ]
1600301635[384 19 92 226 40 0 0; 339 89 30 68 51 0 1; ]
1600301636[386 19 90 222 40 0 0; 340 89 30 68 51 0 1; ]
1600301637[389 19 86 215 40 0 0; 341 89 31 68 51 0 1; ]
1600301638[389 18 89 223 40 0 0; 341 89 31 68 51 0 1; ]
1600301639[389 17 91 231 40 0 0; 342 89 32 68 51 0 1; ]
1600301640[389 15 93 238 40 0 0; 342 89 32 68 51 0 1; ]
1600301641[389 14 95 243 40 0 0; 343 89 32 68 51 0 1; ]
1600301642[389 12 96 246 40 0 0; 343 89 33 68 51 0 1; ]
1600301643[390 11 97 248 40 0 0; 344 89 33 68 51 0 1; ]
1600301644[390 9 98 249 40 0 0; 344 89 34 68 51 0 1; ]
1600301645[392 7 99 249 40 0 0; 345 89 34 69 51 0 1; ]
1600301646[393 6 99 250 40 0 0; 345 89 35 69 51 0 1; ]
1600301647[395 4 100 251 40 0 0; 346 89 35 69 51 0 1; ]
1600301648[396 3 101 253 40 0 0; 348 89 35 70 51 0 1; ]
1600301649[397 1 102 256 40 0 0; 351 89 35 71 51 0 1; ]
1600301650[399 0 103 260 40 0 0; 353 89 35 71 51 0 1; ]
1600301651[355 89 35 72 51 0 1; ]
1600301652[357 89 35 73 51 0 1; ]
1600301653[359 89 34 73 51 0 1; ]
1600301654[361 89 34 74 51 0 1; ]
1600301655[362 89 34 74 51 0 1; ]
1600301656[363 89 34 75 51 0 1; ]
1600301657[364 89 34 75 51 0 1; ]
1600301658[365 89 34 75 51 0 1; ]
1600301659[365 89 34 76 51 0 1; ]
1600301660[366 89 34 76 51 0 1; ]
1600301661[366 89 34 76 51 0 1; ]
1600301662[366 89 34 76 51 1 1; ]
1600301663[367 89 33 76 51 1 1; ]
1600301664[368 89 33 76 51 1 1; ]
1600301665[369 89 33 76 51 1 1; ]
1600301666[370 89 33 76 51 1 1; ]
1600301667[370 89 34 76 51 1 1; ]
1600301668[371 90 34 76 51 1 1; ]
1600301669[372 90 35 76 51 1 1; ]
1600301670[372 90 35 76 51 1 1; ]
1600301671[374 90 36 76 51 1 1; ]
1600301672[375 90 36 76 51 1 1; ]
1600301673[377 90 37 76 51 1 1; ]
1600301674[380 90 37 76 51 1 1; ]
1600301675[381 90 37 76 51 1 1; ]
1600301676[383 90 37 76 51 1 1; ]
1600301677[385 90 35 76 51 1 1; ]
1600301678[387 86 36 78 51 1 1; ]
1600301679[388 85 36 79 51 1 1; ]
1600301680[390 83 36 79 51 1 1; ]
1600301681[392 82 37 80 51 1 1; ]
1600301682[394 81 37 81 51 1 1; ]
1600301683[395 80 38 81 51 1 1; ]
1600301684[397 79 38 81 51 1 1; ]
1600301685[399 79 38 82 51 1 1; ]
1600301686[401 78 39 82 51 1 1; ]
1600301687[403 78 39 82 51 1 1; ]
1600301688[404 77 39 82 51 1 1; ]
1600301689[406 77 40 83 51 1 1; ]
1600301690[408 77 40 83 51 1 1; ]
1600301691[410 77 40 83 51 1 1; ]
1600301692[411 76 41 83 51 0 1; ]
1600301693[419 76 35 83 51 1 1; ]
1600301694[424 76 35 83 51 1 1; ]
1600301695[427 76 36 83 51 1 1; ]
1600301696[430 76 37 84 51 1 1; ]
1600301697[433 76 39 85 51 1 1; ]
1600301698[435 76 40 86 51 1 1; ]
1600301699[437 76 42 86 51 1 1; ]
1600301700[440 76 43 87 51 1 1; ]
1600301701[443 76 44 87 51 1 1; ]
1600301702[447 76 44 88 51 1 1; ]
1600301703[452 76 44 87 51 1 1; ]
1600301704[458 76 43 87 51 1 1; ]
1600301705[465 76 41 86 51 1 1; ]
1600301706[]
1600301707[]
1600301708[]
1600301709[]
1600301710[]
1600301711[]
1600301712[]
1600301713[]
1600301714[]
1600301715[]
1600301716[]
1600301717[]
1600301718[]
1600301719[]
1600301720[]
1600301721[]
1600301722[]
1600301723[]
1600301724[]
1600301725[]
1600301726[]
1600301727[]
1600301728[]
1600301729[]
1600301730[]
1600301731[]
1600301732[]
1600301733[]
1600301734[]
1600301735[]
1600301736[]
1600301737[]
1600301738[]
1600301739[]
1600301740[]
1600301741[]
1600301742[]
1600301743[]
1600301744[]
1600301745[]
1600301746[]
1600301747[]
1600301748[]
1600301749[]
1600301750[]
1600301751[]
1600301752[]
1600301753[]
1600301754[]
1600301755[]
1600301756[]
1600301757[]
1600301758[]
1600301759[]
1600301760[]
1600301761[]
1600301762[]
1600301763[]
1600301764[]
1600301765[]
1600301766[]
1600301767[]
1600301768[]
1600301769[]
1600301770[]
1600301771[]
1600301772[]
1600301773[]
1600301774[]
1600301775[]
1600301776[]
1600301777[]
1600301778[]
1600301779[]
1600301780[]
1600301781[]
1600301782[]
1600301783[]
1600301784[]
1600301785[]
1600301786[]
1600301787[]
1600301788[]
1600301789[]
1600301790[]
1600301791[]
1600301792[]
1600301793[]
1600301794[]
1600301795[]
1600301796[]
1600301797[]
1600301798[]
1600301799[]
1600301800[]
1600301801[]
1600301802[]
1600301803[]
1600301804[]
1600301805[]
1600301806[]
1600301807[]
1600301808[]
1600301809[]
1600301810[]
1600301811[]
1600301812[]
1600301813[]
1600301814[]
1600301815[]
1600301816[]
1600301817[]
1600301818[]
1600301819[]
1600301820[]
1600301821[]
1600301822[]
1600301823[]
1600301824[]
1600301825[]
1600301826[]
1600301827[]
1600301828[]
1600301829[]
1600301830[]
1600301831[]
1600301832[]
1600301833[]
1600301834[]
1600301835[]
1600301836[]
1600301837[]
1600301838[]
1600301839[]
1600301840[]
1600301841[]
1600301842[]
1600301843[]
1600301844[]
1600301845[]
1600301846[]
1600301847[]
1600301848[]
1600301849[]
1600301850[]
1600301851[]
1600301852[]
1600301853[]
1600301854[]
1600301855[]
1600301856[]
1600301857[]
1600301858[]
1600301859[]
1600301860[]
1600301861[]
1600301862[]
1600301863[]
1600301864[]
1600301865[]
1600301866[]
1600301867[]
1600301868[]
1600301869[]
1600301870[]
1600301871[]
1600301872[]
1600301873[]
1600301874[]
1600301875[]
1600301876[]
1600301877[]
1600301878[]
1600301879[]
1600301880[]
1600301881[]
1600301882[]
1600301883[]
1600301884[]
1600301885[]
1600301886[]
1600301887[]
1600301888[]
1600301889[]
1600301890[]
1600301891[]
1600301892[]
1600301893[]
1600301894[]
