1600600001[]
1600600002[]
1600600003[]
1600600004[]
1600600005[]
1600600006[]
1600600007[]
1600600008[]
1600600009[]
1600600010[]
1600600011[]
1600600012[]
1600600013[]
1600600014[338 48 17 30 0 0 3; ]
1600600015[338 49 17 30 0 0 3; ]
1600600016[338 50 16 30 0 0 3; ]
1600600017[339 51 16 30 0 0 3; ]
1600600018[339 51 16 30 0 0 3; ]
1600600019[340 52 16 30 0 0 3; ]
1600600020[340 52 16 30 0 0 3; ]
1600600021[340 52 16 30 0 0 3; ]
1600600022[341 53 16 30 0 0 3; ]
1600600023[341 53 16 30 0 0 3; ]
1600600024[341 53 16 30 0 0 3; ]
1600600025[341 54 17 30 0 0 3; ]
1600600026[]
1600600027[]
1600600028[]
1600600029[]
1600600030[]
1600600031[]
1600600032[]
1600600033[]
1600600034[]
1600600035[]
1600600036[]
1600600037[]
1600600038[]
1600600039[]
1600600040[]
1600600041[]
1600600042[]
1600600043[]
1600600044[]
1600600045[]
1600600046[]
1600600047[]
1600600048[]
1600600049[]
1600600050[]
1600600051[]
1600600052[]
1600600053[]
1600600054[]
1600600055[]
1600600056[]
1600600057[]
1600600058[321 52 20 30 0 0 3; ]
1600600059[320 52 20 30 0 0 3; ]
1600600060[320 52 20 30 0 0 3; ]
1600600061[319 52 20 30 0 0 3; ]
1600600062[319 52 20 30 0 0 3; ]
1600600063[]
1600600064[]
1600600065[]
1600600066[]
1600600067[]
1600600068[]
1600600069[]
1600600070[]
1600600071[]
1600600072[]
1600600073[]
1600600074[]
1600600075[]
1600600076[]
1600600077[]
1600600078[]
1600600079[]
1600600080[]
1600600081[]
1600600082[]
1600600083[]
1600600084[]
1600600085[]
1600600086[]
1600600087[]
1600600088[]
1600600089[]
1600600090[]
1600600091[]
1600600092[]
1600600093[]
1600600094[]
1600600095[]
1600600096[]
1600600097[]
1600600098[]
1600600099[]
1600600100[]
1600600101[]
1600600102[]
1600600103[]
1600600104[]
1600600105[]
1600600106[]
1600600107[]
1600600108[]
1600600109[]
1600600110[]
1600600111[]
1600600112[]
1600600113[]
1600600114[]
1600600115[]
1600600116[]
1600600117[]
1600600118[]
1600600119[]
1600600120[]
1600600121[]
1600600122[]
1600600123[]
1600600124[]
1600600125[]
1600600126[]
1600600127[]
1600600128[]
1600600129[]
1600600130[]
1600600131[]
1600600132[]
1600600133[]
1600600134[]
1600600135[]
1600600136[]
1600600137[]
1600600138[]
1600600139[]
1600600140[]
1600600141[]
1600600142[]
1600600143[]
1600600144[]
1600600145[]
1600600146[]
1600600147[]
1600600148[]
1600600149[]
1600600150[]
1600600151[]
1600600152[]
1600600153[]
1600600154[]
1600600155[]
1600600156[]
1600600157[]
1600600158[235 75 16 30 0 0 3; ]
1600600159[234 76 16 30 0 0 3; ]
1600600160[234 77 16 30 0 0 3; ]
1600600161[232 80 16 30 0 0 3; ]
1600600162[231 84 17 30 0 0 3; ]
1600600163[]
1600600164[229 88 18 30 0 0 3; ]
1600600165[228 91 18 30 0 0 3; ]
1600600166[227 93 18 30 0 0 3; ]
1600600167[227 95 18 30 0 0 3; ]
1600600168[226 97 18 30 0 0 3; ]
1600600169[226 98 18 30 0 0 3; ]
1600600170[226 100 18 30 0 0 3; ]
1600600171[226 101 17 30 0 0 3; ]
1600600172[225 102 17 30 0 0 3; ]
1600600173[225 103 17 30 0 0 3; ]
1600600174[225 104 17 30 0 0 3; ]
1600600175[]
1600600176[]
1600600177[]
1600600178[]
1600600179[]
1600600180[]
1600600181[]
1600600182[]
1600600183[]
1600600184[]
1600600185[]
1600600186[]
1600600187[]
1600600188[]
1600600189[224 104 17 30 0 0 3; ]
1600600190[224 104 17 30 0 0 3; ]
1600600191[224 103 17 30 0 0 3; ]
1600600192[223 103 17 30 0 0 3; ]
1600600193[223 103 17 30 0 0 3; ]
1600600194[224 103 17 30 0 0 3; ]
1600600195[224 103 17 30 0 0 3; ]
1600600196[]
1600600197[]
1600600198[]
1600600199[]
1600600200[]
1600600201[]
1600600202[]
1600600203[]
1600600204[]
1600600205[]
1600600206[]
1600600207[]
1600600208[]
1600600209[]
1600600210[]
1600600211[]
1600600212[]
1600600213[]
1600600214[]
1600600215[]
1600600216[]
1600600217[]
1600600218[]
1600600219[]
1600600220[]
1600600221[]
1600600222[]
1600600223[]
1600600224[]
1600600225[]
1600600226[]
1600600227[]
1600600228[]
1600600229[]
1600600230[]
1600600231[]
1600600232[]
1600600233[]
1600600234[]
1600600235[]
1600600236[]
1600600237[]
1600600238[]
1600600239[]
1600600240[]
1600600241[]
1600600242[]
1600600243[]
1600600244[]
1600600245[]
1600600246[]
1600600247[]
1600600248[249 103 17 30 0 0 3; ]
1600600249[249 103 17 30 0 0 3; ]
1600600250[250 103 17 30 0 0 3; ]
1600600251[251 102 17 30 0 0 3; ]
1600600252[252 102 17 30 0 0 3; ]
1600600253[252 102 17 30 0 0 3; ]
1600600254[253 101 17 30 0 0 3; ]
1600600255[253 100 17 30 0 0 3; ]
1600600256[254 100 17 30 0 0 3; ]
1600600257[255 100 16 30 0 0 3; ]
1600600258[255 99 16 30 0 0 3; ]
1600600259[256 99 16 30 0 0 3; ]
1600600260[257 99 16 30 0 0 3; ]
1600600261[257 99 16 30 0 0 3; ]
1600600262[258 99 16 30 0 0 3; ]
1600600263[259 100 16 30 0 0 3; ]
1600600264[260 100 16 30 0 0 3; ]
1600600265[261 101 15 30 0 0 3; ]
1600600266[262 102 15 30 0 0 3; ]
1600600267[263 103 15 30 0 0 3; ]
1600600268[]
1600600269[265 105 15 30 0 0 3; ]
1600600270[266 105 15 30 0 0 3; ]
1600600271[267 106 15 30 0 0 3; ]
1600600272[268 106 15 30 0 0 3; ]
1600600273[269 107 15 30 0 0 3; ]
1600600274[270 107 16 31 0 0 3; ]
1600600275[270 108 16 31 0 0 3; ]
1600600276[271 108 16 31 0 0 3; ]
1600600277[272 109 16 31 0 0 3; ]
1600600278[273 110 16 31 0 0 3; ]
1600600279[274 110 16 32 0 0 3; ]
1600600280[275 111 16 32 0 0 3; ]
1600600281[276 111 16 32 0 0 3; ]
1600600282[276 112 16 32 0 0 3; ]
1600600283[277 112 16 32 0 0 3; ]
1600600284[278 110 16 32 0 0 3; ]
1600600285[278 108 17 32 0 0 3; ]
1600600286[279 106 17 32 0 0 3; ]
1600600287[279 105 17 32 0 0 3; ]
1600600288[280 103 18 32 0 1 3; ]
1600600289[280 103 18 32 0 1 3; ]
1600600290[281 103 18 32 0 1 3; ]
1600600291[282 102 18 32 0 1 3; ]
1600600292[282 102 17 32 0 1 3; ]
1600600293[283 102 17 32 0 1 3; ]
1600600294[284 102 17 33 0 1 3; ]
1600600295[285 102 17 33 0 1 3; ]
1600600296[285 102 17 33 0 1 3; ]
1600600297[286 102 16 34 0 1 3; ]
1600600298[287 102 16 34 0 1 3; ]
1600600299[287 102 16 34 0 1 3; ]
1600600300[286 102 16 33 0 1 3; ]
1600600301[286 103 16 33 0 1 3; ]
1600600302[286 103 16 33 0 1 3; ]
1600600303[285 103 16 32 0 1 3; ]
1600600304[285 104 15 32 0 1 3; ]
1600600305[284 104 15 32 0 1 3; ]
1600600306[]
1600600307[]
1600600308[]
1600600309[]
1600600310[]
1600600311[]
1600600312[]
1600600313[]
1600600314[]
1600600315[]
1600600316[]
1600600317[]
1600600318[]
1600600319[]
1600600320[]
1600600321[]
1600600322[]
1600600323[]
1600600324[]
1600600325[]
1600600326[]
1600600327[]
1600600328[]
1600600329[]
1600600330[]
1600600331[]
1600600332[]
1600600333[]
1600600334[]
1600600335[]
1600600336[]
1600600337[]
1600600338[]
1600600339[]
1600600340[]
1600600341[]
1600600342[]
1600600343[]
1600600344[]
1600600345[]
1600600346[]
1600600347[]
1600600348[]
1600600349[]
1600600350[]
1600600351[]
1600600352[]
1600600353[]
1600600354[]
1600600355[]
1600600356[]
1600600357[]
1600600358[]
1600600359[]
1600600360[]
1600600361[]
1600600362[]
1600600363[]
1600600364[]
1600600365[]
1600600366[]
1600600367[]
1600600368[]
1600600369[]
1600600370[]
1600600371[]
1600600372[]
1600600373[]
1600600374[]
1600600375[]
1600600376[]
1600600377[]
1600600378[]
1600600379[]
1600600380[]
1600600381[]
1600600382[]
1600600383[]
1600600384[]
1600600385[]
1600600386[]
1600600387[]
1600600388[]
1600600389[]
1600600390[]
1600600391[]
1600600392[]
1600600393[]
1600600394[]
1600600395[]
1600600396[]
1600600397[]
1600600398[]
1600600399[]
1600600400[]
1600600401[]
1600600402[]
1600600403[]
1600600404[]
1600600405[]
1600600406[]
1600600407[]
1600600408[]
1600600409[]
1600600410[]
1600600411[]
1600600412[]
1600600413[]
1600600414[]
1600600415[]
1600600416[]
1600600417[]
1600600418[]
1600600419[]
1600600420[]
1600600421[]
1600600422[]
1600600423[]
1600600424[]
1600600425[]
1600600426[]
1600600427[]
1600600428[94 103 19 34 2 1 1; ]
1600600429[94 103 19 35 2 1 1; ]
1600600430[93 103 19 36 2 1 1; ]
1600600431[92 104 19 36 2 1 1; ]
1600600432[92 104 19 37 2 1 1; ]
1600600433[91 104 19 37 2 1 1; ]
1600600434[91 104 19 37 2 1 1; ]
1600600435[91 104 19 38 2 1 1; ]
1600600436[91 104 19 38 2 1 1; ]
1600600437[90 104 19 38 2 1 1; ]
1600600438[90 104 19 38 2 1 1; ]
1600600439[90 104 19 38 2 1 1; ]
1600600440[90 104 20 38 2 1 1; ]
1600600441[91 103 20 38 2 1 1; ]
1600600442[91 102 20 37 2 1 1; ]
1600600443[91 100 21 37 2 1 1; ]
1600600444[92 100 20 37 2 1 1; ]
1600600445[93 100 20 37 2 1 1; ]
1600600446[93 99 20 37 2 1 1; ]
1600600447[94 99 20 37 2 1 1; ]
1600600448[95 98 20 38 2 1 1; ]
1600600449[95 98 20 38 2 1 1; ]
1600600450[96 97 20 38 2 1 1; ]
1600600451[97 97 20 38 2 1 1; ]
1600600452[97 97 20 38 2 1 1; ]
1600600453[98 96 20 38 2 1 1; ]
1600600454[99 96 20 38 2 1 1; ]
1600600455[99 95 19 39 2 1 1; ]
1600600456[100 95 19 39 2 1 1; ]
1600600457[101 94 19 39 2 1 1; ]
1600600458[101 94 19 39 2 1 1; ]
1600600459[102 94 19 39 2 1 1; ]
1600600460[103 95 20 39 2 1 1; ]
1600600461[104 95 20 39 2 1 1; ]
1600600462[105 96 20 38 2 1 1; ]
1600600463[106 96 20 38 2 1 1; ]
1600600464[107 97 20 38 2 1 1; ]
1600600465[108 97 20 38 2 1 1; ]
1600600466[109 97 20 38 2 1 1; ]
1600600467[110 98 21 38 2 1 1; ]
1600600468[111 98 21 38 2 1 1; ]
1600600469[111 99 21 37 2 1 1; ]
1600600470[112 99 21 37 2 1 1; ]
1600600471[113 100 21 37 2 1 1; ]
1600600472[114 100 21 37 2 1 1; ]
1600600473[115 100 22 37 2 1 1; ]
1600600474[117 99 19 35 2 1 1; ]
1600600475[118 99 16 34 2 1 1; ]
1600600476[]
1600600477[]
1600600478[]
1600600479[]
1600600480[]
1600600481[]
1600600482[]
1600600483[]
1600600484[]
1600600485[]
1600600486[]
1600600487[]
1600600488[]
1600600489[]
1600600490[]
1600600491[]
1600600492[]
1600600493[]
1600600494[]
1600600495[]
1600600496[]
1600600497[]
1600600498[]
1600600499[]
1600600500[]
1600600501[]
1600600502[]
1600600503[]
1600600504[]
1600600505[]
1600600506[]
1600600507[]
1600600508[]
1600600509[]
1600600510[]
1600600511[]
1600600512[]
1600600513[]
1600600514[]
1600600515[]
1600600516[]
1600600517[]
1600600518[]
1600600519[]
1600600520[]
1600600521[]
1600600522[]
1600600523[]
1600600524[]
1600600525[]
1600600526[]
1600600527[]
1600600528[]
1600600529[]
1600600530[]
1600600531[]
1600600532[]
1600600533[]
1600600534[]
1600600535[]
1600600536[]
1600600537[]
1600600538[]
1600600539[]
1600600540[]
1600600541[]
1600600542[]
1600600543[]
1600600544[]
1600600545[]
1600600546[]
1600600547[]
1600600548[]
1600600549[]
1600600550[]
1600600551[]
1600600552[]
1600600553[]
1600600554[]
1600600555[]
1600600556[]
1600600557[]
1600600558[]
1600600559[]
1600600560[]
1600600561[]
1600600562[]
1600600563[146 108 22 39 3 0 0; ]
1600600564[147 106 24 40 3 0 0; ]
1600600565[148 105 25 41 3 0 0; ]
1600600566[149 104 26 41 3 0 0; ]
1600600567[150 104 25 41 3 0 0; ]
1600600568[151 104 25 40 3 0 0; ]
1600600569[151 103 26 41 3 0 0; ]
1600600570[152 102 27 41 3 0 0; ]
1600600571[153 100 29 42 3 0 0; ]
1600600572[154 99 30 43 3 0 0; ]
1600600573[155 99 31 43 3 0 0; ]
1600600574[155 99 31 43 3 0 0; ]
1600600575[156 99 31 43 3 0 0; ]
1600600576[157 99 31 43 3 0 0; ]
1600600577[157 99 31 43 3 0 0; ]
1600600578[158 99 31 43 3 0 0; ]
1600600579[158 99 30 43 3 0 0; ]
1600600580[159 99 30 43 3 0 0; ]
1600600581[159 100 30 43 3 0 0; ]
1600600582[160 100 30 43 3 0 0; ]
1600600583[160 100 30 42 3 0 0; ]
1600600584[160 100 29 42 3 0 0; ]
1600600585[161 100 29 42 3 0 0; ]
1600600586[161 100 29 42 3 0 0; ]
1600600587[161 100 29 42 3 0 0; ]
1600600588[162 99 29 43 3 0 0; ]
1600600589[162 99 29 43 3 0 0; ]
1600600590[162 99 28 43 3 0 0; ]
1600600591[162 98 28 43 3 0 0; ]
1600600592[162 98 28 43 3 0 0; ]
1600600593[162 97 28 43 3 0 0; ]
1600600594[163 96 28 44 3 0 0; ]
1600600595[165 95 29 45 3 0 0; ]
1600600596[166 95 29 46 3 0 0; ]
1600600597[166 94 29 47 3 0 0; ]
1600600598[167 93 30 48 3 0 0; ]
1600600599[168 93 30 48 3 0 0; ]
1600600600[168 92 31 49 3 0 0; ]
1600600601[169 92 31 49 3 0 0; ]
1600600602[169 92 31 49 3 0 0; ]
1600600603[170 91 31 50 3 0 0; ]
1600600604[170 91 32 50 3 0 0; ]
1600600605[170 91 32 50 3 0 0; ]
1600600606[170 91 32 51 3 0 0; ]
1600600607[170 91 32 51 3 0 0; ]
1600600608[171 91 33 51 3 0 0; ]
1600600609[171 91 33 51 3 0 0; ]
1600600610[171 91 33 51 3 0 0; ]
1600600611[171 91 33 51 3 0 0; ]
1600600612[171 91 33 51 3 0 0; ]
1600600613[171 91 33 51 3 0 0; ]
1600600614[171 91 33 51 3 0 0; ]
1600600615[170 91 33 51 3 0 0; ]
1600600616[170 91 33 50 3 0 0; ]
1600600617[169 92 33 50 3 0 0; ]
1600600618[168 93 33 49 3 0 0; ]
1600600619[167 93 33 48 3 0 0; ]
1600600620[166 94 33 48 3 0 0; ]
1600600621[165 95 33 47 3 0 0; ]
1600600622[164 96 33 46 3 0 0; ]
1600600623[162 97 33 45 3 0 0; ]
1600600624[161 97 33 46 3 0 0; ]
1600600625[161 96 33 46 3 0 0; ]
1600600626[160 96 33 47 3 0 0; ]
1600600627[159 95 33 47 3 0 0; ]
1600600628[159 95 33 48 3 0 0; ]
1600600629[159 95 33 48 3 0 0; ]
1600600630[158 94 33 49 3 0 0; ]
1600600631[158 94 33 49 3 0 0; ]
1600600632[158 94 33 50 3 0 0; ]
1600600633[157 94 33 50 3 0 0; ]
1600600634[157 94 33 51 3 0 0; ]
1600600635[157 93 33 51 3 0 0; ]
1600600636[157 93 33 51 3 0 0; ]
1600600637[157 93 34 52 3 0 0; ]
1600600638[157 93 34 52 3 0 0; ]
1600600639[157 93 34 52 3 0 0; ]
1600600640[157 93 34 53 3 0 0; ]
1600600641[157 93 34 53 3 0 0; ]
1600600642[157 93 34 54 3 0 0; ]
1600600643[158 93 34 54 3 0 0; ]
1600600644[158 93 34 54 3 0 0; ]
1600600645[159 94 34 54 3 0 0; ]
1600600646[160 94 35 55 3 0 0; ]
1600600647[161 94 35 55 3 0 0; ]
1600600648[163 95 35 55 3 0 0; ]
1600600649[164 95 36 56 3 0 0; ]
1600600650[166 96 36 56 3 0 0; ]
1600600651[168 96 36 56 3 0 0; ]
1600600652[170 97 36 56 3 0 0; ]
1600600653[171 97 37 56 3 0 0; ]
1600600654[175 97 37 57 3 0 0; ]
1600600655[179 97 37 57 3 0 0; ]
1600600656[182 97 37 57 3 0 0; ]
1600600657[186 97 37 57 3 0 0; ]
1600600658[189 96 37 57 3 0 0; ]
1600600659[193 96 37 58 3 0 0; ]
1600600660[196 96 36 58 3 0 0; ]
1600600661[200 96 36 58 3 0 0; ]
1600600662[203 96 36 58 3 0 0; ]
1600600663[207 96 36 58 3 0 0; ]
1600600664[211 95 36 59 3 0 0; ]
1600600665[214 95 36 59 3 0 0; ]
1600600666[218 95 36 59 3 0 0; ]
1600600667[221 95 36 59 3 0 0; ]
1600600668[225 95 36 59 3 0 0; ]
1600600669[228 95 36 59 3 0 0; ]
1600600670[232 94 36 60 3 0 0; ]
1600600671[235 94 36 60 3 0 0; ]
1600600672[239 94 36 60 3 0 0; ]
1600600673[243 94 36 60 3 0 0; ]
1600600674[246 94 36 60 3 0 0; ]
1600600675[250 94 36 61 3 0 0; ]
1600600676[253 93 36 61 3 0 0; ]
1600600677[257 93 36 61 3 0 0; ]
1600600678[260 93 36 61 3 0 0; ]
1600600679[264 93 36 61 3 0 0; ]
1600600680[267 93 35 62 3 0 0; ]
1600600681[271 93 35 62 3 0 0; ]
1600600682[275 92 35 62 3 0 0; ]
1600600683[278 92 35 62 3 0 0; ]
1600600684[281 92 36 63 3 0 0; ]
1600600685[285 92 37 63 3 0 0; ]
1600600686[288 92 37 64 3 0 0; ]
1600600687[291 92 38 64 3 0 0; ]
1600600688[294 91 38 65 3 0 0; ]
1600600689[297 91 39 66 3 0 0; ]
1600600690[301 91 40 66 3 0 0; ]
1600600691[304 91 40 67 3 0 0; ]
1600600692[307 91 41 67 3 0 0; ]
1600600693[310 91 41 68 3 0 0; ]
1600600694[313 90 42 68 3 0 0; ]
1600600695[316 90 42 69 3 0 0; ]
1600600696[319 90 43 70 3 0 0; ]
1600600697[322 90 43 70 3 0 0; ]
1600600698[325 90 43 71 3 0 0; ]
1600600699[328 90 44 71 3 0 0; ]
1600600700[330 90 44 72 3 0 0; ]
1600600701[333 89 45 72 3 0 0; ]
1600600702[336 89 45 73 3 0 0; ]
1600600703[339 89 45 74 3 0 0; ]
1600600704[342 89 46 74 3 0 0; ]
1600600705[345 89 46 75 3 0 0; ]
1600600706[347 89 46 75 3 0 0; ]
1600600707[350 88 46 76 3 0 0; ]
1600600708[353 88 47 76 3 0 0; ]
1600600709[355 88 47 77 3 0 0; ]
1600600710[358 88 47 78 3 0 0; ]
1600600711[361 88 47 78 3 0 0; ]
1600600712[363 88 47 79 3 0 0; ]
1600600713[366 87 48 79 3 0 0; ]
1600600714[367 87 48 80 3 0 0; ]
1600600715[369 87 48 80 3 0 0; ]
1600600716[370 86 49 81 3 0 0; ]
1600600717[372 86 49 81 3 0 0; ]
1600600718[373 86 50 82 3 0 0; ]
1600600719[375 85 50 82 3 0 0; ]
1600600720[377 85 50 83 3 0 0; ]
1600600721[378 85 51 84 3 0 0; ]
1600600722[380 84 51 84 3 0 0; ]
1600600723[381 84 52 85 3 0 0; ]
1600600724[383 84 52 85 3 0 0; ]
1600600725[384 83 52 86 3 0 0; ]
1600600726[386 83 53 86 3 0 0; ]
1600600727[387 82 53 87 3 0 0; ]
1600600728[389 82 54 87 3 0 0; ]
1600600729[391 82 54 88 3 0 0; ]
1600600730[392 81 54 88 3 0 0; ]
1600600731[394 81 55 89 3 0 0; ]
1600600732[395 81 55 90 3 0 0; ]
1600600733[397 80 56 90 3 0 0; ]
1600600734[398 80 56 91 3 0 0; ]
1600600735[400 80 56 91 3 0 0; ]
1600600736[401 79 57 92 3 0 0; ]
1600600737[403 79 57 92 3 0 0; ]
1600600738[404 79 58 93 3 0 0; ]
1600600739[406 78 58 93 3 0 0; ]
1600600740[408 78 58 94 3 0 0; ]
1600600741[409 78 59 94 3 0 0; ]
1600600742[411 77 59 95 3 0 0; ]
1600600743[412 77 60 96 3 0 0; ]
1600600744[412 76 61 97 3 0 0; ]
1600600745[412 75 61 99 3 0 0; ]
1600600746[412 75 62 100 3 0 0; ]
1600600747[412 74 63 101 3 0 0; ]
1600600748[412 73 64 103 3 0 0; ]
1600600749[412 73 65 104 3 0 0; ]
1600600750[412 72 66 106 3 0 0; ]
1600600751[412 71 66 107 3 0 0; ]
1600600752[412 71 67 108 3 0 0; ]
1600600753[412 70 68 109 3 0 0; ]
1600600754[411 69 68 110 3 0 0; ]
1600600755[417 69 69 111 3 0 0; ]
1600600756[411 68 70 112 3 0 0; ]
1600600757[411 67 70 113 3 0 0; ]
1600600758[411 67 71 114 3 0 0; ]
1600600759[411 66 71 115 3 0 0; ]
1600600760[410 66 72 116 3 0 0; ]
1600600761[410 65 72 117 3 0 0; ]
1600600762[409 65 72 117 3 0 0; ]
1600600763[408 64 73 118 3 0 0; ]
1600600764[407 63 73 119 3 0 0; ]
1600600765[406 63 74 119 3 0 0; ]
1600600766[404 62 74 120 3 0 0; ]
1600600767[403 62 74 121 3 0 0; ]
1600600768[401 61 75 121 3 0 0; ]
1600600769[399 61 75 122 3 0 0; ]
1600600770[397 60 75 122 3 0 0; ]
1600600771[395 60 75 122 3 0 0; ]
1600600772[394 59 76 123 3 0 0; ]
1600600773[392 59 76 123 3 0 0; ]
1600600774[392 59 76 124 3 0 0; ]
1600600775[391 59 76 125 3 0 0; ]
1600600776[391 58 76 127 3 0 0; ]
1600600777[391 58 77 130 3 0 0; ]
1600600778[390 57 78 133 3 0 0; ]
1600600779[389 56 79 137 3 0 0; ]
1600600780[394 59 72 137 3 0 0; ]
1600600781[273 45 87 159 3 0 0; ]
1600600782[257 43 90 167 3 0 0; ]
1600600783[248 41 92 173 3 0 0; ]
1600600784[234 39 95 177 3 0 0; ]
1600600785[221 37 97 182 3 0 0; ]
1600600786[207 35 99 185 3 0 0; ]
1600600787[193 33 101 189 3 0 0; ]
1600600788[179 31 103 192 3 0 0; ]
1600600789[165 30 105 195 3 0 0; ]
1600600790[151 28 107 197 3 0 0; ]
1600600791[137 26 109 200 3 0 0; ]
1600600792[122 25 110 202 3 0 0; ]
1600600793[107 23 112 204 3 0 0; ]
1600600794[91 22 115 205 3 0 0; ]
1600600795[75 20 118 207 3 0 0; ]
1600600796[57 19 121 208 3 0 0; ]
1600600797[40 17 125 209 3 0 0; ]
1600600798[22 16 128 210 3 0 0; ]
1600600799[3 14 130 211 3 0 0; ]
1600600800[]
1600600801[]
1600600802[]
1600600803[]
1600600804[]
1600600805[]
1600600806[]
1600600807[]
1600600808[]
1600600809[]
1600600810[]
1600600811[]
1600600812[]
1600600813[]
1600600814[]
1600600815[]
1600600816[]
1600600817[]
1600600818[]
1600600819[]
1600600820[]
1600600821[]
1600600822[]
1600600823[]
1600600824[]
1600600825[]
1600600826[]
1600600827[]
1600600828[]
1600600829[]
1600600830[]
1600600831[]
1600600832[]
1600600833[]
1600600834[]
1600600835[]
1600600836[]
1600600837[]
1600600838[]
1600600839[]
1600600840[]
1600600841[]
1600600842[]
1600600843[]
1600600844[]
1600600845[]
1600600846[]
1600600847[]
1600600848[]
1600600849[]
1600600850[]
1600600851[]
1600600852[]
1600600853[]
1600600854[]
1600600855[]
1600600856[]
1600600857[]
1600600858[]
1600600859[]
1600600860[]
1600600861[]
1600600862[]
1600600863[]
1600600864[]
1600600865[]
1600600866[]
1600600867[]
1600600868[]
1600600869[]
1600600870[]
1600600871[]
1600600872[]
1600600873[]
1600600874[]
1600600875[]
1600600876[]
1600600877[]
1600600878[]
1600600879[]
1600600880[]
1600600881[]
1600600882[]
1600600883[]
1600600884[]
1600600885[]
1600600886[]
1600600887[]
1600600888[]
1600600889[]
1600600890[]
1600600891[]
1600600892[]
1600600893[]
1600600894[]
1600600895[]
1600600896[]
1600600897[]
1600600898[]
1600600899[]
1600600900[]
1600600901[]
1600600902[]
1600600903[]
1600600904[]
1600600905[]
1600600906[]
1600600907[]
1600600908[]
1600600909[]
1600600910[]
1600600911[]
1600600912[]
1600600913[]
1600600914[]
1600600915[]
1600600916[]
1600600917[]
1600600918[]
1600600919[]
1600600920[]
1600600921[]
1600600922[]
1600600923[]
1600600924[]
1600600925[]
1600600926[]
1600600927[]
1600600928[]
1600600929[]
1600600930[]
1600600931[]
1600600932[]
1600600933[]
1600600934[]
1600600935[]
1600600936[]
1600600937[]
1600600938[]
1600600939[]
1600600940[]
1600600941[]
1600600942[]
1600600943[]
1600600944[]
1600600945[]
1600600946[]
1600600947[]
1600600948[]
1600600949[]
1600600950[]
1600600951[]
1600600952[]
1600600953[]
1600600954[]
1600600955[]
1600600956[]
1600600957[]
1600600958[]
1600600959[]
1600600960[]
1600600961[]
1600600962[]
1600600963[]
1600600964[]
1600600965[]
1600600966[]
1600600967[]
1600600968[]
1600600969[]
1600600970[]
1600600971[]
1600600972[]
1600600973[]
1600600974[]
1600600975[]
1600600976[]
1600600977[]
1600600978[]
1600600979[]
1600600980[]
1600600981[]
1600600982[]
1600600983[]
1600600984[]
1600600985[]
1600600986[]
1600600987[]
1600600988[]
1600600989[]
1600600990[]
1600600991[]
1600600992[]
1600600993[]
1600600994[]
1600600995[]
1600600996[]
1600600997[]
1600600998[]
1600600999[]
1600601000[]
1600601001[]
1600601002[]
1600601003[]
1600601004[]
1600601005[]
1600601006[]
1600601007[]
1600601008[]
1600601009[]
1600601010[]
1600601011[]
1600601012[]
1600601013[]
1600601014[]
1600601015[]
1600601016[]
1600601017[]
1600601018[]
1600601019[]
1600601020[]
1600601021[]
1600601022[]
1600601023[]
1600601024[]
1600601025[]
1600601026[]
1600601027[]
1600601028[]
1600601029[]
1600601030[]
1600601031[]
1600601032[]
1600601033[]
1600601034[]
1600601035[]
1600601036[]
1600601037[]
1600601038[]
1600601039[]
1600601040[]
1600601041[]
1600601042[]
1600601043[]
1600601044[]
1600601045[]
1600601046[]
1600601047[]
1600601048[]
1600601049[]
1600601050[]
1600601051[]
1600601052[]
1600601053[]
1600601054[]
1600601055[]
1600601056[]
1600601057[]
1600601058[]
1600601059[]
1600601060[]
1600601061[]
1600601062[]
1600601063[]
1600601064[]
1600601065[]
1600601066[]
1600601067[]
1600601068[]
1600601069[]
1600601070[]
1600601071[]
1600601072[]
1600601073[]
1600601074[]
1600601075[]
1600601076[]
1600601077[]
1600601078[]
1600601079[]
1600601080[]
1600601081[]
1600601082[]
1600601083[]
1600601084[]
1600601085[]
1600601086[]
1600601087[]
1600601088[]
1600601089[]
1600601090[]
1600601091[]
1600601092[]
1600601093[]
1600601094[]
1600601095[]
1600601096[]
1600601097[]
1600601098[]
1600601099[]
1600601100[]
1600601101[]
1600601102[]
1600601103[]
1600601104[]
1600601105[]
1600601106[]
1600601107[]
1600601108[]
1600601109[]
1600601110[]
1600601111[]
1600601112[]
1600601113[]
1600601114[]
1600601115[]
1600601116[]
1600601117[]
1600601118[]
1600601119[]
1600601120[]
1600601121[]
1600601122[]
1600601123[]
1600601124[]
1600601125[]
1600601126[]
1600601127[]
1600601128[]
1600601129[]
1600601130[]
1600601131[]
1600601132[]
1600601133[]
1600601134[]
1600601135[]
1600601136[]
1600601137[]
1600601138[]
1600601139[]
1600601140[]
1600601141[]
1600601142[]
1600601143[]
1600601144[]
1600601145[]
1600601146[]
1600601147[]
1600601148[]
1600601149[]
1600601150[]
1600601151[]
1600601152[]
1600601153[]
1600601154[]
1600601155[]
1600601156[]
1600601157[]
1600601158[]
1600601159[]
1600601160[]
1600601161[]
1600601162[]
1600601163[]
1600601164[]
1600601165[]
1600601166[]
1600601167[]
1600601168[]
1600601169[]
1600601170[]
1600601171[]
1600601172[]
1600601173[]
1600601174[]
1600601175[]
1600601176[]
1600601177[]
1600601178[]
1600601179[]
1600601180[]
1600601181[]
1600601182[]
1600601183[]
1600601184[]
1600601185[]
1600601186[]
1600601187[]
1600601188[]
1600601189[]
1600601190[]
1600601191[]
1600601192[]
1600601193[]
1600601194[]
1600601195[]
1600601196[]
1600601197[]
1600601198[]
1600601199[]
1600601200[]
1600601201[]
1600601202[]
1600601203[]
1600601204[]
1600601205[]
1600601206[]
1600601207[]
1600601208[]
1600601209[]
1600601210[]
1600601211[]
1600601212[]
1600601213[]
1600601214[]
1600601215[]
1600601216[]
1600601217[]
1600601218[]
1600601219[]
1600601220[]
1600601221[]
1600601222[]
1600601223[]
1600601224[]
1600601225[]
1600601226[]
1600601227[]
1600601228[]
1600601229[]
1600601230[]
1600601231[]
1600601232[]
1600601233[]
1600601234[]
1600601235[]
1600601236[]
1600601237[]
1600601238[]
1600601239[]
1600601240[]
1600601241[]
1600601242[]
1600601243[]
1600601244[]
1600601245[]
1600601246[]
1600601247[]
1600601248[]
1600601249[]
1600601250[]
1600601251[]
1600601252[]
1600601253[]
1600601254[]
1600601255[]
1600601256[]
1600601257[]
1600601258[]
1600601259[]
1600601260[]
1600601261[]
1600601262[]
1600601263[]
1600601264[]
1600601265[]
1600601266[]
1600601267[]
1600601268[]
1600601269[]
1600601270[]
1600601271[]
1600601272[]
1600601273[]
1600601274[]
1600601275[]
1600601276[]
1600601277[]
1600601278[]
1600601279[]
1600601280[]
1600601281[]
1600601282[]
1600601283[]
1600601284[]
1600601285[]
1600601286[]
1600601287[]
1600601288[]
1600601289[]
1600601290[]
1600601291[]
1600601292[]
1600601293[]
1600601294[]
1600601295[]
1600601296[]
1600601297[]
1600601298[]
1600601299[11 50 45 113 4 0 1; ]
1600601300[28 49 45 113 4 0 1; ]
1600601301[44 49 44 112 4 0 1; 9 54 43 102 5 0 1; ]
1600601302[60 48 44 112 4 0 1; 25 54 43 102 5 0 1; ]
1600601303[76 47 44 112 4 0 1; 41 53 43 102 5 0 1; ]
1600601304[91 46 43 112 4 0 1; 56 53 43 102 5 0 1; ]
1600601305[106 46 43 111 4 0 1; 71 52 43 102 5 0 1; 6 74 46 33 6 0 2; ]
1600601306[120 45 43 111 4 0 1; 85 52 43 101 5 0 1; 20 73 46 33 6 0 2; ]
1600601307[134 45 43 110 4 0 1; 98 51 44 101 5 0 1; 34 73 47 33 6 0 2; ]
1600601308[148 44 42 110 4 0 1; 111 50 44 101 5 0 1; 47 72 47 33 6 0 2; ]
1600601309[161 43 42 109 4 0 1; 123 50 45 101 5 0 1; 60 72 48 33 6 0 2; ]
1600601310[174 43 42 109 4 0 1; 135 49 45 100 5 0 1; 73 71 48 33 6 0 2; ]
1600601311[187 42 42 108 4 0 1; 147 49 45 100 5 0 1; 85 71 49 33 6 0 2; ]
1600601312[199 42 42 108 4 0 1; 158 49 45 100 5 0 1; 97 71 49 33 6 0 2; ]
1600601313[211 41 42 108 4 0 1; 169 49 46 101 5 0 1; 108 71 49 33 6 0 2; ]
1600601314[222 41 41 107 4 0 1; 180 48 46 101 5 0 1; 126 71 43 30 6 0 2; ]
1600601315[233 41 41 107 4 0 1; 191 48 46 101 5 0 1; 135 71 45 31 6 0 2; ]
1600601316[244 40 41 107 4 0 1; 202 48 47 101 5 0 1; 144 70 47 31 6 0 2; ]
1600601317[254 40 41 107 4 0 1; 212 48 47 101 5 0 1; 153 70 49 31 6 0 2; ]
1600601318[264 40 42 107 4 0 1; 222 47 47 102 5 0 1; 162 70 50 32 6 0 2; ]
1600601319[274 40 42 108 4 0 1; 232 47 47 102 5 0 1; 170 70 51 32 6 0 2; ]
1600601320[282 40 43 110 4 0 1; 241 47 48 103 5 0 1; 179 70 52 32 6 0 2; ]
1600601321[291 40 44 111 4 0 1; 250 47 48 103 5 0 1; 187 70 53 32 6 0 2; ]
1600601322[299 39 46 113 4 0 1; 259 47 48 104 5 0 1; 194 70 53 32 6 0 2; ]
1600601323[306 39 47 115 4 0 1; 268 47 48 105 5 0 1; 202 71 53 32 6 0 2; ]
1600601324[314 40 47 115 4 0 1; 276 47 49 105 5 0 1; 209 71 52 32 6 0 2; ]
1600601325[322 41 47 116 4 0 1; 283 47 49 106 5 0 1; 216 72 52 32 6 0 2; ]
1600601326[330 42 47 116 4 0 1; 290 47 49 107 5 0 1; 223 73 51 32 6 0 2; ]
1600601327[337 42 46 117 4 0 1; 297 47 49 108 5 0 1; 230 74 50 32 6 0 2; ]
1600601328[344 43 46 117 4 0 1; 304 47 49 108 5 0 1; 237 76 49 32 6 0 2; ]
1600601329[351 44 46 117 4 0 1; 310 47 49 109 5 0 1; 243 77 48 31 6 0 2; ]
1600601330[357 45 46 118 4 0 1; 316 47 49 110 5 0 1; 248 79 45 31 6 0 2; ]
1600601331[363 45 46 118 4 0 1; 322 47 50 110 5 0 1; 253 80 44 30 6 0 2; ]
1600601332[369 46 46 118 4 0 1; 327 47 50 111 5 0 1; 258 81 42 30 6 0 2; ]
1600601333[375 47 46 119 4 0 1; 333 48 50 112 5 0 1; ]
1600601334[380 47 46 119 4 0 1; 338 48 50 112 5 0 1; 218 85 25 31 7 0 3; ]
1600601335[386 48 46 120 4 0 1; 343 48 50 113 5 0 1; ]
1600601336[390 49 46 120 4 0 1; 347 48 51 113 5 0 1; ]
1600601337[395 50 46 120 4 0 1; 352 49 51 114 5 0 1; ]
1600601338[399 50 46 121 4 0 1; 356 49 51 115 5 0 1; ]
1600601339[404 51 46 121 4 0 1; 359 49 52 115 5 0 1; ]
1600601340[407 52 46 121 4 0 1; 363 50 52 115 5 0 1; 288 84 49 30 6 0 2; ]
1600601341[411 53 46 122 4 0 1; 366 52 53 116 5 0 1; 291 84 52 30 6 0 2; 364 82 11 35 52 1 1; ]
1600601342[414 53 46 122 4 0 1; 370 54 54 116 5 0 1; 290 85 21 33 8 0 1; 313 86 18 31 9 0 2; 366 84 12 34 52 1 1; ]
1600601343[417 54 46 123 4 0 1; 372 56 55 117 5 0 1; 292 87 21 32 8 0 1; 315 88 18 31 9 0 2; 368 85 12 34 52 1 1; ]
1600601344[420 55 46 123 4 0 1; 375 58 56 117 5 0 1; 294 90 21 32 8 0 1; 318 90 17 31 9 0 2; 342 91 25 32 38 1 -1; 369 87 12 33 52 1 1; ]
1600601345[422 56 46 123 4 0 1; 377 59 56 117 5 0 1; 296 92 22 31 8 0 1; 319 91 17 31 9 0 2; 344 93 24 32 38 1 -1; 371 88 12 33 52 1 1; ]
1600601346[424 56 46 124 4 0 1; 379 60 56 118 5 0 1; 297 94 22 31 8 0 1; 321 93 17 32 9 0 2; 345 94 24 32 38 1 -1; 372 90 12 33 52 1 1; ]
1600601347[426 57 46 124 4 0 1; 381 61 56 118 5 0 1; 298 96 22 31 8 0 1; 322 94 17 32 9 0 2; 346 95 24 32 38 1 -1; 373 91 13 32 52 1 1; ]
1600601348[428 58 46 125 4 0 1; 383 62 56 119 5 0 1; 298 97 22 31 8 0 1; 323 96 16 32 9 0 2; 347 97 23 32 38 1 -1; 374 92 13 32 52 1 1; ]
1600601349[429 58 46 125 4 0 1; 385 63 56 120 5 0 1; 299 98 22 31 8 0 1; 324 97 16 32 9 0 2; 348 98 23 33 38 1 -1; 374 94 13 32 52 1 1; ]
1600601350[430 59 46 125 4 0 1; 386 64 55 120 5 0 1; 299 99 22 31 8 0 1; 324 98 16 32 9 0 2; 348 99 23 33 38 1 -1; 374 95 13 32 52 1 1; ]
1600601351[431 60 47 126 4 0 1; 388 64 55 121 5 0 1; 299 100 22 31 8 0 1; 324 99 17 32 9 0 2; 349 100 23 33 38 1 -1; 374 97 14 32 52 1 1; ]
1600601352[432 61 47 126 4 0 1; 389 65 54 121 5 0 1; 299 101 22 31 8 0 1; 324 100 17 32 9 0 2; 349 101 23 33 38 1 -1; 373 98 14 32 52 1 1; ]
1600601353[432 61 48 126 4 0 1; 390 65 54 122 5 0 1; 299 102 22 31 8 0 1; 324 101 17 32 9 0 2; 349 101 23 32 38 1 -1; 373 100 15 32 52 1 1; ]
1600601354[432 61 48 127 4 0 1; 391 65 53 123 5 0 1; 299 103 22 31 8 0 1; 323 101 18 32 9 0 2; 348 102 23 32 38 1 -1; 372 101 15 32 52 1 1; ]
1600601355[432 61 48 128 4 0 1; 392 65 52 123 5 0 1; 299 103 22 31 8 0 1; 321 102 19 32 9 0 2; 348 103 23 32 38 1 -1; 372 103 16 32 52 1 1; ]
1600601356[432 61 48 128 4 0 1; 391 65 52 124 5 0 1; 299 103 22 31 8 0 1; 320 103 19 32 9 0 2; 348 103 23 32 38 1 -1; 370 104 16 32 52 1 1; ]
1600601357[432 61 48 129 4 0 1; 391 65 52 126 5 0 1; 302 104 18 33 8 0 1; 320 103 19 32 9 0 2; 347 104 23 32 38 1 -1; 371 103 16 32 52 1 1; ]
1600601358[432 60 48 129 4 0 1; 390 65 52 127 5 0 1; 302 103 18 32 8 0 1; 320 102 18 33 9 0 2; 346 104 23 31 38 1 -1; 371 103 15 31 52 1 1; ]
1600601359[432 60 48 130 4 0 1; 390 64 52 128 5 0 1; 302 102 18 32 8 0 1; 321 102 18 33 9 0 2; 346 104 23 31 38 1 -1; 372 102 15 31 52 1 1; ]
1600601360[432 60 48 130 4 0 1; 389 64 52 129 5 0 1; 301 101 18 31 8 0 1; 320 102 18 33 9 0 2; 345 105 23 31 38 1 -1; 372 102 14 31 52 1 1; ]
1600601361[432 60 48 131 4 0 1; 389 64 52 130 5 0 1; 301 101 19 30 8 0 1; 320 102 18 33 9 0 2; 345 105 23 31 38 1 -1; 372 101 14 30 52 1 1; ]
1600601362[432 60 48 131 4 0 1; 389 64 52 131 5 0 1; 301 100 19 30 8 0 1; 319 102 18 33 9 0 2; 344 105 23 31 38 1 -1; 373 101 14 30 52 1 1; ]
1600601363[432 59 49 132 4 0 1; 388 63 52 132 5 0 1; 302 101 18 30 8 0 1; 319 102 18 32 9 0 2; 344 106 23 31 38 1 -1; 373 101 14 30 52 1 1; ]
1600601364[432 59 49 132 4 0 1; 388 63 52 132 5 0 1; 303 101 18 31 8 0 1; 318 102 18 32 9 0 2; 343 106 23 30 38 1 -1; 373 101 14 30 52 1 1; ]
1600601365[432 59 49 133 4 0 1; 388 63 52 133 5 0 1; 304 101 16 32 8 0 1; 317 102 18 32 9 0 2; 342 106 23 30 38 1 -1; 373 101 14 30 52 1 1; ]
1600601366[432 59 49 133 4 0 1; 388 63 53 134 5 0 1; 305 102 15 33 8 0 1; 317 102 18 32 9 0 2; 342 107 23 30 38 1 -1; 372 101 14 30 52 1 1; ]
1600601367[433 59 49 134 4 0 1; 388 63 53 134 5 0 1; 306 102 14 34 8 0 1; 316 102 18 32 9 0 2; 341 107 23 30 38 1 -1; 372 102 14 30 52 1 1; ]
1600601368[433 59 50 135 4 0 1; 388 62 53 135 5 0 1; 307 103 14 34 8 0 1; 316 102 18 32 9 0 2; 341 107 22 30 38 1 -1; 372 102 14 31 52 1 1; ]
1600601369[433 58 50 135 4 0 1; 388 62 53 136 5 0 1; 308 104 14 34 8 1 1; 315 102 18 33 9 0 2; 340 108 22 30 38 1 -1; 371 103 14 31 52 1 1; ]
1600601370[433 58 50 136 4 0 1; 388 62 53 136 5 0 1; 308 105 14 33 8 1 1; 315 102 18 33 9 0 2; 340 108 22 30 38 1 -1; 371 103 14 32 52 1 1; ]
1600601371[433 58 50 136 4 0 1; 388 62 54 136 5 0 1; 309 106 15 32 8 1 1; 314 102 18 34 9 0 2; 339 108 22 30 38 1 -1; 370 104 14 32 52 1 1; ]
1600601372[433 58 51 137 4 0 1; 388 61 55 137 5 0 1; 309 107 16 31 8 1 1; 314 102 18 34 9 0 2; 370 104 14 32 52 1 1; ]
1600601373[433 58 51 137 4 0 1; 388 61 55 137 5 0 1; 314 102 18 34 9 0 2; 370 104 15 32 52 1 1; ]
1600601374[433 57 51 138 4 0 1; 389 61 56 137 5 0 1; 314 101 17 34 9 0 2; 370 104 15 33 52 1 1; ]
1600601375[434 57 51 138 4 0 1; 389 61 56 138 5 0 1; 314 101 17 34 9 0 2; 370 104 15 33 52 1 1; ]
1600601376[434 57 52 139 4 0 1; 389 60 57 138 5 0 1; 313 101 17 34 9 0 2; 370 103 15 33 52 1 1; ]
1600601377[435 57 52 139 4 0 1; 390 60 57 138 5 0 1; 313 101 17 34 9 0 2; 370 103 15 33 52 1 1; ]
1600601378[436 57 52 140 4 0 1; 390 60 58 138 5 0 1; 313 101 17 34 9 0 2; 370 103 15 33 52 1 1; ]
1600601379[437 56 53 141 4 0 1; 391 60 58 139 5 0 1; 313 101 17 34 9 0 2; 370 103 15 33 52 1 1; ]
1600601380[438 56 53 141 4 0 1; 392 59 58 139 5 0 1; 313 101 17 34 9 0 2; 370 103 15 33 52 1 1; ]
1600601381[440 56 53 142 4 0 1; 393 59 59 139 5 0 1; 312 100 17 34 9 0 2; 333 108 28 30 38 1 -1; 370 103 15 33 52 1 1; ]
1600601382[441 56 54 142 4 0 1; 393 59 59 139 5 0 1; 312 100 17 34 9 0 2; 332 107 29 30 38 1 -1; 370 102 16 33 52 1 1; ]
1600601383[443 56 54 143 4 0 1; 394 59 59 139 5 0 1; 312 100 17 34 9 0 2; 331 106 30 30 38 1 -1; 369 102 16 33 52 1 1; ]
1600601384[443 55 55 144 4 0 1; 395 58 59 139 5 0 1; 312 100 17 34 9 0 2; 331 105 30 31 38 1 -1; 369 102 16 33 52 1 1; ]
1600601385[444 55 55 145 4 0 1; 396 58 60 139 5 0 1; 312 100 16 34 9 0 2; 330 104 31 31 38 1 -1; 369 102 16 33 52 1 1; ]
1600601386[445 54 56 147 4 0 1; 396 58 60 141 5 0 1; 312 100 16 34 9 0 2; 329 103 32 32 38 1 -1; 369 102 16 33 52 1 1; ]
1600601387[446 54 57 148 4 0 1; 396 57 60 142 5 0 1; 311 100 16 34 9 0 2; 329 102 32 33 38 1 -1; 369 102 15 33 52 1 1; ]
1600601388[447 53 57 149 4 0 1; 397 57 61 143 5 0 1; 311 100 17 34 9 0 2; 329 102 32 32 38 0 -1; 369 102 14 33 52 1 1; ]
1600601389[448 52 58 151 4 0 1; 397 57 61 144 5 0 1; 311 100 18 34 9 0 2; 329 102 32 32 38 0 -1; 369 102 14 33 52 1 1; ]
1600601390[450 52 58 152 4 0 1; 398 56 61 145 5 0 1; 311 100 19 34 9 0 2; 330 102 32 32 38 0 -1; 369 102 13 33 52 1 1; ]
1600601391[451 51 59 154 4 0 1; 398 56 62 146 5 0 1; 311 100 19 34 9 0 2; 330 102 32 32 38 0 -1; 369 102 13 33 52 1 1; ]
1600601392[399 55 62 147 5 0 1; 310 100 19 34 9 0 2; 330 102 31 32 38 0 -1; 369 102 13 33 52 1 1; ]
1600601393[399 55 63 148 5 0 1; 310 100 20 34 9 0 2; 331 102 31 32 38 0 -1; 369 102 13 33 52 1 1; ]
1600601394[400 55 63 149 5 0 1; 310 100 20 34 9 0 2; 331 102 31 32 38 0 -1; 369 102 13 33 52 1 1; ]
1600601395[401 54 63 151 5 0 1; 310 100 20 34 9 0 2; 331 102 31 32 38 0 -1; 369 102 13 33 52 1 1; ]
1600601396[402 54 64 152 5 0 1; 310 100 20 34 9 0 2; 332 102 22 32 38 0 -1; 369 102 13 33 52 1 1; ]
1600601397[402 54 64 153 5 0 1; 309 100 20 34 9 0 2; 332 102 20 32 38 0 -1; 369 102 13 33 52 1 1; ]
1600601398[403 53 65 154 5 0 1; 309 101 19 34 9 0 2; 332 102 19 32 38 0 -1; 369 102 14 33 52 1 1; ]
1600601399[404 53 65 155 5 0 1; 309 101 18 34 9 0 2; 333 102 18 32 38 0 -1; 369 102 14 33 52 1 1; ]
1600601400[405 52 66 156 5 0 1; 309 101 18 35 9 0 2; 333 102 17 32 38 0 -1; 369 102 15 33 52 1 1; ]
1600601401[407 52 66 157 5 0 1; 309 101 18 35 9 0 2; 333 102 16 32 38 0 -1; 369 102 16 33 52 1 1; ]
1600601402[408 52 67 158 5 0 1; 308 101 18 35 9 0 2; 333 102 15 32 39 0 1; 370 102 16 33 52 1 1; ]
1600601403[410 51 67 159 5 0 1; 306 101 20 34 9 0 2; 333 102 15 32 39 0 1; 370 102 16 33 52 1 1; ]
1600601404[412 51 67 161 5 0 1; 306 101 20 34 9 0 2; 333 102 15 32 39 0 1; 370 102 16 33 52 1 1; ]
1600601405[413 51 68 162 5 0 1; 306 101 20 34 9 0 2; 333 102 15 32 39 0 1; 370 102 16 33 52 1 1; ]
1600601406[415 50 68 163 5 0 1; 306 101 20 34 9 0 2; 333 102 14 32 39 0 1; 371 102 16 33 52 1 1; ]
1600601407[418 50 69 164 5 0 1; 306 101 20 34 9 0 2; 333 102 14 32 39 0 1; 371 102 17 33 52 1 1; ]
1600601408[420 49 70 165 5 0 1; 306 101 19 34 9 0 2; 333 102 14 32 39 0 1; 371 102 17 33 52 1 1; ]
1600601409[422 49 70 166 5 0 1; 307 101 19 34 9 0 2; 333 102 14 33 39 0 1; 371 102 17 33 52 1 1; ]
1600601410[425 49 71 167 5 0 1; 307 101 19 34 9 0 2; 333 102 14 33 39 0 1; 372 102 17 33 52 1 1; ]
1600601411[427 48 71 168 5 0 1; 308 101 18 34 9 0 2; 333 102 14 33 39 0 1; 372 103 17 33 52 1 1; ]
1600601412[430 48 72 169 5 0 1; 308 100 17 34 9 0 2; 333 102 14 33 39 0 1; 372 103 17 33 52 1 1; ]
1600601413[432 47 72 171 5 0 1; 308 101 17 34 9 0 2; 333 102 14 33 39 0 1; 372 103 17 33 52 1 1; ]
1600601414[435 47 73 172 5 0 1; 307 102 18 33 9 0 2; 333 102 13 33 39 0 1; 373 103 17 32 52 1 1; ]
1600601415[307 102 18 33 9 0 2; 333 102 13 34 39 0 1; 373 103 17 32 52 1 1; ]
1600601416[307 103 18 33 9 0 2; 333 102 13 34 39 0 1; 373 103 17 32 52 1 1; ]
1600601417[306 103 19 33 9 0 2; 333 102 13 34 39 0 1; 374 104 17 32 52 1 1; ]
1600601418[306 103 19 33 9 0 2; 333 104 13 34 39 0 1; 374 105 17 33 52 1 1; ]
1600601419[306 105 19 33 9 0 2; 333 105 13 34 39 0 1; 375 106 17 33 52 1 1; ]
1600601420[305 107 19 33 9 0 2; 333 106 14 34 39 0 1; 375 107 17 33 52 1 1; ]
1600601421[305 108 19 33 9 0 2; 332 107 14 34 39 0 1; 376 107 16 33 52 1 1; ]
1600601422[305 108 20 33 9 0 2; 332 107 14 34 39 0 1; 376 107 16 34 52 1 1; ]
1600601423[305 107 20 33 9 0 2; 332 107 15 34 39 0 1; 376 107 16 34 52 1 1; ]
1600601424[304 106 20 34 9 0 2; 331 107 15 34 39 0 1; 377 107 16 34 52 1 1; ]
1600601425[304 104 20 36 9 0 2; 331 107 15 34 39 0 1; 377 107 16 35 52 1 1; ]
1600601426[304 102 21 36 9 1 2; 331 106 15 35 39 0 1; 378 105 16 35 52 1 1; ]
1600601427[303 101 21 36 9 1 2; 330 104 16 35 39 0 1; 378 103 16 36 52 1 1; ]
1600601428[303 99 22 34 9 1 2; 330 102 16 35 39 0 1; 379 100 15 37 52 1 1; ]
1600601429[302 98 22 33 9 1 2; 330 99 16 35 39 0 1; 379 97 15 37 52 1 1; ]
1600601430[301 95 23 34 9 1 2; 329 95 16 35 39 0 1; 380 93 15 38 52 1 1; ]
1600601431[301 93 23 34 9 1 2; 329 91 17 35 39 0 1; 380 89 15 39 52 1 1; ]
1600601432[301 90 24 35 9 1 2; 329 87 17 35 39 0 1; 381 89 15 39 52 1 1; ]
1600601433[300 86 24 36 9 1 2; 329 88 17 35 39 0 1; 382 89 15 38 52 1 1; ]
1600601434[300 86 24 36 9 0 2; 329 89 17 35 39 0 1; 383 89 15 38 52 1 1; ]
1600601435[299 86 24 36 9 0 2; 329 90 17 35 39 0 1; 383 90 15 38 52 1 1; ]
1600601436[299 87 24 36 9 0 2; 328 91 17 35 39 0 1; 384 90 15 38 52 1 1; ]
1600601437[298 87 24 36 9 0 2; 328 91 17 34 39 0 1; 385 90 15 38 52 1 1; ]
1600601438[297 88 24 35 9 0 2; 328 92 17 34 39 0 1; 386 91 15 37 52 1 1; ]
1600601439[297 90 23 35 9 0 2; 328 93 16 34 39 0 1; 387 91 15 37 52 1 1; ]
1600601440[296 93 23 34 9 0 2; 328 94 16 34 39 0 1; 388 92 15 37 52 1 1; ]
1600601441[296 95 27 34 9 0 2; 354 96 13 32 36 0 1; 328 95 16 34 39 0 1; 388 93 15 37 52 1 1; ]
1600601442[296 97 29 35 9 0 2; 354 95 14 33 36 0 1; 328 96 16 34 39 0 1; 389 94 15 37 52 1 1; ]
1600601443[296 99 30 35 9 0 2; 353 94 15 33 36 0 1; 328 96 16 34 39 0 1; 390 95 15 37 52 1 1; ]
1600601444[296 100 30 35 9 0 2; 353 93 15 34 36 0 1; 328 97 16 34 39 0 1; 391 96 15 37 52 1 1; ]
1600601445[353 93 16 35 36 0 1; 328 98 16 33 39 0 1; 298 102 17 33 40 0 1; 312 100 16 35 46 0 1; 392 98 15 37 52 1 1; ]
1600601446[353 92 17 35 36 0 1; 328 99 16 33 39 0 1; 297 101 18 35 40 0 1; 312 99 17 35 46 0 1; 393 99 15 37 52 1 1; ]
1600601447[352 91 17 36 36 0 1; 328 100 16 33 39 0 1; 296 100 18 35 40 0 1; 312 98 17 36 46 0 1; 394 97 15 37 52 1 1; ]
1600601448[352 91 18 37 36 0 1; 328 97 16 34 39 0 1; 296 99 17 34 40 0 1; 312 96 17 36 46 0 1; 245 102 14 34 51 1 3; 395 96 15 37 52 1 1; ]
1600601449[352 90 18 37 36 0 1; 327 95 16 34 39 0 1; 296 98 17 34 40 0 1; 312 95 17 36 46 0 1; 245 102 14 34 51 1 3; 396 94 15 37 52 1 1; ]
1600601450[352 90 19 37 36 0 1; 246 102 17 31 37 1 1; 327 94 16 34 39 0 1; 296 97 17 33 40 0 1; 312 94 18 37 46 0 1; 397 93 14 36 52 1 1; ]
1600601451[352 90 19 38 36 0 1; 246 100 17 31 37 1 1; 327 92 16 35 39 0 1; 296 95 17 33 40 0 1; 312 94 18 37 46 0 1; 397 92 14 36 52 1 1; ]
1600601452[352 89 19 38 36 0 1; 247 98 16 31 37 1 1; 327 91 16 35 39 0 1; 296 94 17 33 40 0 1; 312 93 18 37 46 0 1; 398 91 14 36 52 1 1; ]
1600601453[351 89 19 38 36 0 1; 249 97 16 31 37 1 1; 327 91 16 35 39 0 1; 296 93 17 33 40 0 1; 312 93 18 37 46 0 1; 398 91 14 36 52 1 1; ]
1600601454[351 89 19 38 36 0 1; 251 97 16 31 37 1 1; 327 90 16 36 39 0 1; 296 93 17 33 40 0 1; 312 92 17 37 46 0 1; 398 91 14 36 52 1 1; ]
1600601455[351 89 20 38 36 0 1; 252 96 15 31 37 1 1; 327 91 16 36 39 0 1; 296 92 17 33 40 0 1; 312 92 17 38 46 0 1; 398 91 14 36 52 1 1; ]
1600601456[351 89 20 38 36 0 1; 253 96 16 31 37 0 1; 327 91 16 36 39 0 1; 296 92 17 33 40 0 1; 312 92 17 38 46 0 1; 398 91 15 36 52 1 1; ]
1600601457[351 89 20 38 36 0 1; 254 97 16 32 37 0 1; 327 92 16 36 39 0 1; 296 92 17 33 40 0 1; 313 91 17 38 46 0 1; 398 92 15 35 52 1 1; ]
1600601458[351 89 20 38 36 0 1; 254 97 17 32 37 0 1; 327 92 16 36 39 0 1; 295 92 17 34 40 0 1; 313 91 17 38 46 0 1; 398 93 15 35 52 1 1; ]
1600601459[351 89 20 38 36 0 1; 255 98 18 32 37 0 1; 327 93 16 36 39 0 1; 295 92 18 34 40 0 1; 313 91 16 38 46 0 1; 398 94 16 35 52 1 1; ]
1600601460[351 89 20 38 36 0 1; 256 98 19 33 37 0 1; 327 93 16 35 39 0 1; 295 92 18 34 40 0 1; 314 91 16 38 46 0 1; 398 96 17 34 52 1 1; ]
1600601461[351 90 20 38 36 0 1; 256 99 20 33 37 0 1; 327 93 16 34 39 0 1; 294 92 18 34 40 0 1; 314 91 16 38 46 0 1; 397 97 17 34 52 1 1; ]
1600601462[351 90 20 38 36 0 1; 257 99 21 33 37 0 1; 326 94 16 33 39 0 1; 294 92 18 34 40 0 1; 314 91 16 38 46 0 1; 398 97 17 34 52 1 1; ]
1600601463[351 90 20 38 36 0 1; 257 99 21 33 37 0 1; 326 94 16 33 39 0 1; 294 92 18 34 40 0 1; 314 91 16 38 46 0 1; 398 96 17 34 52 1 1; ]
1600601464[350 91 20 38 36 0 1; 258 99 21 33 37 0 1; 326 94 16 33 39 0 1; 294 92 18 35 40 0 1; 314 91 16 38 46 0 1; 399 95 17 35 52 1 1; ]
1600601465[350 91 20 38 36 0 1; 260 99 21 33 37 0 1; 326 94 15 33 39 0 1; 293 92 19 35 40 0 1; 315 91 16 38 46 0 1; 399 95 16 35 52 1 1; ]
1600601466[350 91 20 38 36 0 1; 261 99 21 33 37 0 1; 326 94 15 33 39 0 1; 293 92 19 35 40 0 1; 315 91 15 38 46 0 1; 400 94 16 36 52 1 1; ]
1600601467[350 91 20 38 36 0 1; 262 99 21 32 37 0 1; 326 94 15 33 39 0 1; 293 92 19 35 40 0 1; 315 91 15 38 46 0 1; 400 93 16 36 52 1 1; ]
1600601468[349 91 19 38 36 0 1; 264 99 20 32 37 0 1; 326 94 14 33 39 0 1; 292 92 19 35 40 0 1; 315 91 15 38 46 0 1; 401 92 16 37 52 1 1; ]
1600601469[349 91 19 38 36 0 1; 265 99 20 31 37 0 1; 326 94 14 33 39 0 1; 292 92 19 35 40 0 1; 315 91 15 38 46 0 1; 401 92 16 37 52 1 1; ]
1600601470[349 91 19 38 36 0 1; 267 99 19 31 37 0 1; 292 92 19 36 40 0 1; 315 90 26 37 47 0 2; 402 91 15 38 52 1 1; ]
1600601471[348 91 19 38 36 0 1; 268 98 19 32 37 0 1; 292 93 19 36 40 0 1; 316 90 26 38 47 0 2; 402 90 15 38 52 1 1; ]
1600601472[348 91 19 38 36 0 1; 268 97 19 32 37 0 1; 292 93 19 36 40 0 1; 316 90 26 38 47 0 2; 403 89 15 39 52 1 1; ]
1600601473[348 91 19 38 36 0 1; 269 97 19 33 37 0 1; 293 93 19 36 40 0 1; 316 89 25 39 47 0 2; 403 89 15 39 52 1 1; ]
1600601474[347 91 19 38 36 0 1; 270 96 19 34 37 0 1; 293 93 20 36 40 0 1; 317 89 25 40 47 0 2; 404 88 15 39 52 1 1; ]
1600601475[347 91 18 38 36 0 1; 270 95 19 34 37 0 1; 293 94 20 36 40 0 1; 317 89 25 40 47 0 2; 404 87 15 40 52 1 1; ]
1600601476[347 92 18 38 36 0 1; 271 95 19 35 37 0 1; 294 94 20 36 40 0 1; 317 89 25 41 47 0 2; 405 86 14 40 52 1 1; ]
1600601477[346 92 18 38 36 0 1; 272 94 19 35 37 0 1; 294 94 20 36 40 0 1; 318 89 24 41 47 0 2; 405 87 14 40 52 1 1; ]
1600601478[346 92 18 38 36 0 1; 272 94 19 36 37 0 1; 294 94 20 36 40 0 1; 318 89 24 41 47 0 2; 404 87 14 40 52 1 1; ]
1600601479[345 92 18 38 36 0 1; 273 95 19 37 37 0 1; 294 95 20 36 40 0 1; 318 89 24 41 47 0 2; 404 88 14 40 52 1 1; ]
1600601480[345 92 18 38 36 0 1; 274 96 19 37 37 0 1; 295 95 20 36 40 0 1; 319 90 23 41 47 0 2; 404 88 14 39 52 1 1; ]
1600601481[345 92 18 38 36 0 1; 275 97 19 38 37 0 1; 295 95 20 36 40 0 1; 319 90 23 41 47 0 2; 404 89 14 39 52 1 1; ]
1600601482[344 92 18 38 36 0 1; 275 97 19 37 37 0 1; 295 95 20 36 40 0 1; 320 91 23 40 47 0 2; 404 89 14 39 52 1 1; ]
1600601483[344 92 18 38 36 0 1; 276 98 19 37 37 0 1; 295 96 20 36 40 0 1; 320 91 22 40 47 0 2; 404 90 14 39 52 1 1; ]
1600601484[344 92 18 38 36 0 1; 277 99 19 37 37 0 1; 296 96 20 36 40 0 1; 320 92 22 40 47 0 2; 404 90 14 38 52 1 1; ]
1600601485[343 92 19 38 36 0 1; 277 100 19 36 37 0 1; 296 96 20 36 40 0 1; 321 93 22 39 47 0 2; 404 91 14 38 52 1 1; ]
1600601486[343 92 19 38 36 0 1; 278 100 19 36 37 0 1; 296 96 20 36 40 0 1; 321 93 22 39 47 0 2; 404 91 14 38 52 1 1; ]
1600601487[343 93 19 38 36 0 1; 278 99 19 36 37 0 1; 297 96 19 37 40 0 1; 321 93 22 40 47 0 2; 404 91 14 38 52 1 1; ]
1600601488[370 87 15 37 35 0 1; 342 93 19 38 36 0 1; 279 99 19 36 37 0 1; 297 95 19 37 40 0 1; 320 93 23 40 47 0 2; 404 92 14 37 52 1 1; ]
1600601489[369 91 16 35 35 0 1; 342 93 19 38 36 0 1; 279 99 19 36 37 0 1; 298 95 19 37 40 0 1; 320 92 23 40 47 0 2; 404 92 14 37 52 1 1; ]
1600601490[368 94 17 34 35 0 1; 342 93 20 38 36 0 1; 280 99 19 36 37 0 1; 298 95 19 37 40 0 1; 320 92 24 40 47 0 2; 404 93 14 37 52 1 1; ]
1600601491[367 97 18 33 35 0 1; 341 93 20 38 36 0 1; 280 99 19 36 37 0 1; 299 95 18 37 40 0 1; 320 92 24 40 47 0 2; 403 93 14 37 52 1 1; ]
1600601492[366 97 18 33 35 0 1; 341 93 20 38 36 0 1; 281 99 19 36 37 0 1; 300 94 18 38 40 0 1; 320 92 24 40 47 0 2; 403 93 14 37 52 1 1; ]
1600601493[366 97 18 33 35 0 1; 341 93 20 38 36 0 1; 281 98 19 36 37 0 1; 301 94 18 38 40 0 1; 320 92 25 40 47 0 2; 403 93 13 39 53 1 3; ]
1600601494[365 97 19 34 35 0 1; 340 93 20 38 36 0 1; 282 98 19 36 37 0 1; 302 94 18 38 40 0 1; 320 92 25 40 47 0 2; 403 92 13 39 53 1 3; ]
1600601495[365 96 19 34 35 0 1; 340 94 21 38 36 0 1; 282 98 19 36 37 0 1; 302 94 17 38 40 0 1; 320 92 26 40 47 0 2; 403 92 13 39 53 1 3; ]
1600601496[365 96 19 35 35 0 1; 340 93 20 39 36 0 1; 282 98 19 37 37 0 1; 302 93 17 38 40 0 1; 320 92 26 40 47 0 2; 402 92 14 39 53 1 3; ]
1600601497[364 95 19 36 35 0 1; 340 92 20 40 36 0 1; 283 98 19 37 37 0 1; 302 93 17 39 40 0 1; 320 91 26 40 47 0 2; 402 92 14 38 53 1 3; ]
1600601498[364 95 19 37 35 0 1; 340 91 20 41 36 0 1; 283 98 19 37 37 0 1; 302 93 17 39 40 0 1; 320 91 27 40 47 0 2; 401 92 14 38 53 1 3; ]
1600601499[363 94 19 38 35 0 1; 340 90 20 42 36 0 1; 284 97 19 37 37 0 1; 302 93 17 39 40 0 1; 320 91 27 41 47 0 2; 400 92 14 38 53 1 3; ]
1600601500[362 94 19 38 35 0 1; 340 89 20 43 36 0 1; 284 97 19 37 37 0 1; 302 93 16 39 40 0 1; 320 91 28 41 47 0 2; 400 92 15 38 53 1 3; ]
1600601501[360 94 20 38 35 0 1; 284 98 19 38 37 0 1; 302 93 16 39 40 0 1; 319 90 29 41 47 0 2; 399 91 15 38 53 1 3; ]
1600601502[358 94 22 39 35 0 1; 284 98 19 38 37 0 1; 301 93 16 39 40 0 1; 318 89 30 42 47 0 2; 398 91 15 38 53 1 3; ]
1600601503[356 94 23 39 35 0 1; 283 98 18 39 37 0 1; 300 93 16 39 40 1 1; 317 88 32 42 47 0 2; 397 91 16 38 53 1 3; ]
1600601504[354 93 23 39 35 0 1; 283 98 18 39 37 0 1; 298 93 16 39 40 1 1; 316 87 33 42 47 0 2; 396 91 16 38 53 1 3; ]
1600601505[353 93 22 38 35 0 1; 283 98 18 39 37 0 1; 296 93 16 39 40 1 1; 315 86 34 43 47 0 2; 394 90 17 38 53 1 3; ]
1600601506[352 93 22 38 35 0 1; 283 97 18 39 37 0 1; 295 92 16 39 40 1 1; 314 86 35 43 47 0 2; 393 90 17 38 53 1 3; ]
1600601507[351 92 21 38 35 0 1; 282 96 17 38 37 0 1; 294 90 16 40 40 1 1; 313 86 36 43 47 0 2; 391 90 18 38 53 1 3; ]
1600601508[350 92 21 38 35 0 1; 282 94 17 38 37 0 1; 294 89 16 41 40 1 1; 312 86 36 43 47 0 2; 389 90 19 38 53 1 3; ]
1600601509[281 89 27 43 10 0 2; 349 90 19 38 35 0 1; 311 85 37 43 47 0 2; 388 90 19 38 53 1 3; ]
1600601510[280 89 27 43 10 0 2; 348 89 18 38 35 0 1; 309 85 38 43 47 0 2; 386 90 18 38 53 1 3; ]
1600601511[278 90 28 43 10 0 2; 347 91 17 38 35 0 1; 308 85 38 43 47 0 2; 385 91 18 38 53 1 3; ]
1600601512[277 90 28 43 10 0 2; 345 92 17 38 35 0 1; 307 86 38 43 47 0 2; 384 91 18 39 53 1 3; ]
1600601513[276 90 28 43 10 0 2; 344 93 16 38 35 0 1; 306 87 39 42 47 0 2; 382 91 18 39 53 1 3; ]
1600601514[275 90 29 43 10 0 2; 342 94 16 39 35 0 1; 304 89 39 42 47 0 2; 381 91 18 39 53 1 3; ]
1600601515[273 91 29 43 10 0 2; 341 95 16 39 35 0 1; 303 91 39 41 47 0 2; 379 92 17 39 53 1 3; ]
1600601516[272 91 29 43 10 0 2; 339 95 16 39 35 0 1; 302 91 37 41 47 0 2; 378 92 17 39 53 1 3; ]
1600601517[271 91 29 43 10 0 2; 338 96 16 39 35 0 1; 300 92 35 41 47 0 2; 377 92 17 39 53 1 3; ]
1600601518[270 91 28 43 10 0 2; 337 96 16 39 35 0 1; 298 92 33 41 47 0 2; 375 93 17 39 53 1 3; ]
1600601519[268 92 28 43 10 0 2; 335 96 16 39 35 0 1; 297 92 31 41 47 0 2; 374 93 16 40 53 1 3; ]
1600601520[267 92 28 43 10 0 2; 334 97 16 39 35 0 1; 295 92 30 41 47 0 2; 372 93 16 40 53 1 3; ]
1600601521[266 92 28 43 10 0 2; 318 90 19 43 25 0 1; 332 97 17 39 35 0 1; 294 92 29 41 47 0 2; 371 94 16 40 53 1 3; ]
1600601522[265 92 27 43 10 0 2; 317 91 19 43 25 0 1; 331 97 17 39 35 0 1; 292 92 28 41 47 0 2; 370 94 16 40 53 1 3; ]
1600601523[263 93 26 43 10 0 2; 316 91 19 42 25 0 1; 329 97 18 39 35 0 1; 291 92 28 41 47 0 2; 368 94 15 40 53 1 3; ]
1600601524[262 93 26 43 10 0 2; 315 92 19 42 25 0 1; 328 97 19 39 35 0 1; 289 92 28 41 47 0 2; 366 94 15 41 54 1 -1; ]
1600601525[261 92 26 43 10 0 2; 314 92 19 41 25 0 1; 326 97 19 39 35 0 1; 288 92 28 41 47 0 2; 365 93 16 41 54 1 -1; ]
1600601526[259 92 25 43 10 0 2; 312 93 30 39 34 0 2; 286 91 28 41 47 0 2; 363 92 17 41 54 1 -1; ]
1600601527[257 91 25 44 10 0 2; 312 92 29 40 34 0 2; 285 91 28 41 47 0 2; 361 91 18 41 54 1 -1; ]
1600601528[256 91 25 44 10 0 2; 311 91 29 40 34 0 2; 283 90 28 41 47 0 2; 359 90 18 41 54 1 -1; ]
1600601529[254 90 25 44 10 0 2; 310 91 29 41 34 0 2; 282 89 29 41 47 0 2; 358 89 18 41 54 1 -1; ]
1600601530[253 90 25 44 10 0 2; 309 90 28 41 34 0 2; 280 89 29 41 47 0 2; 357 89 18 41 54 1 -1; ]
1600601531[251 89 24 44 10 0 2; 308 89 28 42 34 0 2; 279 88 29 41 47 0 2; 355 89 18 41 54 1 -1; ]
1600601532[250 89 24 44 10 0 2; 307 88 28 42 34 0 2; 278 88 28 42 47 0 2; 354 88 18 41 54 1 -1; ]
1600601533[248 88 24 44 10 0 2; 305 87 28 43 34 0 2; 276 87 28 42 47 0 2; 353 88 18 41 54 1 -1; ]
1600601534[247 88 24 44 10 0 2; 304 87 28 43 34 0 2; 275 87 28 42 47 0 2; 352 88 18 41 54 1 -1; ]
1600601535[245 87 24 45 10 0 2; 303 86 28 44 34 0 2; 274 86 27 42 47 0 2; 351 88 17 41 54 1 -1; ]
1600601536[243 86 23 45 10 0 2; 301 85 29 44 34 0 2; 272 86 27 43 47 0 2; 350 87 17 41 54 1 -1; ]
1600601537[242 86 23 45 10 0 2; 300 84 30 45 34 0 2; 271 86 26 43 47 0 2; 349 87 16 41 54 1 -1; ]
1600601538[240 85 23 45 10 0 2; 298 83 31 45 34 0 2; 270 85 26 43 47 0 2; 349 87 16 40 54 1 -1; ]
1600601539[239 85 23 45 10 0 2; 296 83 33 46 34 0 2; 268 85 25 43 47 0 2; 348 87 15 40 54 1 -1; ]
1600601540[237 85 23 45 10 0 2; 294 82 35 46 34 0 2; 267 84 25 43 47 0 2; 347 87 15 40 54 1 -1; ]
1600601541[236 84 23 45 10 0 2; 292 81 36 47 34 0 2; 266 84 25 44 47 0 2; 346 88 15 39 54 1 -1; ]
1600601542[234 84 23 45 10 0 2; 292 82 34 46 34 0 2; 264 84 24 44 47 0 2; 346 88 15 39 54 1 -1; ]
1600601543[233 84 23 44 10 0 2; 292 84 33 45 34 0 2; 263 83 24 44 47 0 2; 345 88 15 39 54 1 -1; ]
1600601544[231 84 23 44 10 0 2; 291 85 32 44 34 0 2; 262 83 23 44 47 0 2; 344 89 15 38 54 1 -1; ]
1600601545[230 84 23 44 10 0 2; 291 86 31 44 34 0 2; 260 82 23 44 47 0 2; 343 89 15 38 54 1 -1; ]
1600601546[228 84 23 44 10 0 2; 290 86 30 43 34 0 2; 259 83 23 44 47 0 2; 342 89 15 37 54 1 -1; ]
1600601547[227 84 23 44 10 0 2; 290 87 29 43 34 0 2; 258 84 24 44 47 0 2; 341 90 15 37 54 1 -1; ]
1600601548[225 85 23 44 10 0 2; 289 88 29 43 34 0 2; 256 84 24 45 47 0 2; 341 90 15 37 54 1 -1; ]
1600601549[224 85 23 44 10 0 2; 288 88 29 43 34 0 2; 255 85 25 45 47 0 2; 340 90 15 36 54 1 -1; ]
1600601550[222 86 23 45 10 0 2; 288 88 29 43 34 0 2; 253 85 25 45 47 0 2; 339 91 15 36 54 1 -1; ]
1600601551[221 87 23 45 10 0 2; 286 88 29 43 34 0 2; 252 86 26 45 47 0 2; 338 91 15 35 54 1 -1; ]
1600601552[220 87 23 45 10 0 2; 285 88 30 43 34 0 2; 250 87 26 45 47 0 2; 337 91 15 35 54 1 -1; ]
1600601553[218 88 23 45 10 0 2; 283 88 31 43 34 0 2; 249 87 27 45 47 0 2; 336 92 15 35 54 1 -1; ]
1600601554[217 89 23 45 10 0 2; 280 88 32 43 34 0 2; 247 88 27 45 47 0 2; 336 92 15 34 54 1 -1; ]
1600601555[215 90 24 45 10 0 2; 278 89 34 44 34 0 2; 246 89 28 45 47 0 2; 334 92 15 35 54 1 -1; ]
1600601556[214 90 24 45 10 0 2; 276 89 36 44 34 0 2; 245 89 28 45 47 0 2; 333 93 15 36 54 1 -1; ]
1600601557[213 91 25 45 10 0 2; 275 90 39 44 34 0 2; 243 90 29 45 47 0 2; 332 93 15 37 54 1 -1; ]
1600601558[212 91 25 45 10 0 2; 274 91 41 44 34 0 2; 242 90 29 45 47 0 2; 331 94 15 37 54 1 -1; ]
1600601559[211 92 26 46 10 0 2; 273 92 42 44 34 0 2; 240 91 30 45 47 0 2; 330 94 15 38 54 1 -1; ]
1600601560[210 92 27 46 10 0 2; 270 93 43 44 34 0 2; 239 92 30 45 47 0 2; 330 94 15 39 54 1 -1; ]
1600601561[209 93 27 46 10 0 2; 267 93 43 44 34 0 2; 237 92 32 45 47 0 2; 329 95 15 39 54 1 -1; ]
1600601562[208 94 28 46 10 0 2; 287 97 18 40 24 0 1; 252 93 36 44 33 0 2; 235 92 20 45 48 0 1; 329 95 15 39 54 1 -1; ]
1600601563[207 94 28 46 10 0 2; 287 97 18 40 24 0 1; 252 93 35 45 33 0 2; 234 92 20 45 48 0 1; 329 96 16 40 54 1 -1; ]
1600601564[206 95 29 46 10 0 2; 287 97 18 40 24 0 1; 251 93 35 46 33 0 2; 233 93 20 44 48 0 1; 329 96 16 40 54 1 -1; ]
1600601565[205 95 29 46 10 0 2; 288 97 18 40 24 0 1; 251 93 34 47 33 0 2; 231 93 20 44 48 0 1; 329 96 16 40 54 1 -1; ]
1600601566[203 96 30 46 10 0 2; 288 97 18 40 24 0 1; 250 93 33 47 33 0 2; 230 94 20 44 48 0 1; 329 97 16 41 54 1 -1; ]
1600601567[202 96 30 47 10 0 2; 288 97 18 40 24 0 1; 250 93 32 47 33 0 2; 229 94 20 44 48 0 1; 329 97 16 41 54 1 -1; ]
1600601568[201 97 31 47 10 0 2; 288 97 18 41 24 0 1; 249 93 32 48 33 0 2; 228 94 20 44 48 0 1; 329 98 16 41 54 1 -1; ]
1600601569[200 97 31 47 10 0 2; 288 97 18 41 24 0 1; 249 93 31 47 33 0 2; 227 94 19 44 48 0 1; 329 98 17 41 54 1 -1; ]
1600601570[214 98 17 39 20 0 1; 288 97 18 41 24 0 1; 249 93 31 47 33 0 2; 199 101 16 43 41 0 1; 226 94 19 44 48 0 1; ]
1600601571[214 98 17 39 20 0 1; 288 97 18 41 24 0 1; 248 93 30 47 33 0 2; 198 101 17 43 41 0 1; 226 94 18 46 48 0 1; ]
1600601572[288 97 18 41 24 0 1; 248 93 30 47 33 0 2; 197 101 18 44 41 0 1; 214 94 30 45 49 0 2; ]
1600601573[288 97 18 41 24 0 1; 248 93 29 47 33 0 2; 197 101 18 44 41 0 1; 214 94 29 45 49 0 2; ]
1600601574[288 97 18 41 24 0 1; 248 93 29 47 33 0 2; 196 100 18 45 41 0 1; 214 94 28 45 49 0 2; ]
1600601575[288 97 18 41 24 0 1; 248 93 29 47 33 0 2; 195 100 19 45 41 0 1; 214 94 27 46 49 0 2; ]
1600601576[288 97 18 41 24 0 1; 248 93 28 47 33 0 2; 195 100 19 45 41 0 1; 214 94 26 46 49 0 2; ]
1600601577[288 97 18 41 24 0 1; 248 94 28 47 33 0 2; 194 100 19 46 41 0 1; 214 94 25 46 49 0 2; ]
1600601578[289 97 18 42 24 0 1; 247 93 28 47 33 0 2; 194 99 20 46 41 0 1; 214 94 25 46 49 0 2; ]
1600601579[290 97 18 42 24 0 1; 247 92 28 47 33 0 2; 193 99 20 46 41 0 1; 214 94 24 46 49 0 2; ]
1600601580[290 96 18 42 24 0 1; 247 91 28 48 33 0 2; 193 98 20 46 41 0 1; 214 94 24 46 49 0 2; ]
1600601581[290 96 18 43 24 0 1; 247 91 28 48 33 0 2; 193 97 20 46 41 0 1; 214 94 23 46 49 0 2; ]
1600601582[291 95 18 43 24 0 1; 247 90 28 48 33 0 2; 192 97 20 46 41 0 1; 214 93 24 46 49 0 2; ]
1600601583[291 95 18 43 24 0 1; 247 89 28 48 33 0 2; 192 96 20 45 41 0 1; 214 93 24 46 49 0 2; ]
1600601584[292 94 18 43 24 0 1; 246 88 28 48 33 0 2; 192 95 20 45 41 0 1; 213 92 24 46 49 0 2; ]
1600601585[292 93 18 44 24 0 1; 246 88 28 49 33 0 2; 191 94 20 45 41 0 1; 213 91 25 47 49 0 2; ]
1600601586[292 92 18 44 24 0 1; 246 87 28 49 33 0 2; 191 93 20 45 41 0 1; 212 90 26 47 49 0 2; ]
1600601587[293 91 18 44 24 0 1; 246 86 28 49 33 0 2; 190 92 20 45 41 0 1; 211 89 27 48 49 0 2; ]
1600601588[293 90 19 44 24 0 1; 246 85 28 49 33 0 2; 190 92 21 45 41 0 1; 211 88 27 47 49 0 2; ]
1600601589[246 85 28 49 33 0 2; 189 91 21 45 41 0 1; 210 87 28 47 49 0 2; ]
1600601590[246 84 28 50 33 0 2; 188 90 21 45 41 0 1; 209 86 28 47 49 0 2; ]
1600601591[245 83 28 50 33 0 2; 188 90 21 45 41 0 1; 209 85 29 47 49 0 2; ]
1600601592[245 82 28 50 33 0 2; 187 89 21 45 41 0 1; 208 84 29 47 49 0 2; ]
1600601593[245 81 28 50 33 0 2; 186 89 22 45 41 0 1; 207 84 30 47 49 0 2; ]
1600601594[245 80 28 50 33 0 2; 186 88 22 45 41 0 1; 207 83 30 47 49 0 2; ]
1600601595[245 79 28 50 33 0 2; 185 87 22 45 41 0 1; 206 82 31 47 49 0 2; ]
1600601596[245 78 28 50 33 0 2; 185 87 22 45 41 0 1; 206 81 31 47 49 0 2; ]
1600601597[245 78 29 50 33 0 2; 184 86 22 45 41 0 1; 205 80 32 47 49 0 2; ]
1600601598[245 77 29 50 33 0 2; 183 85 22 45 41 0 1; 204 79 32 47 49 0 2; ]
1600601599[245 77 29 50 33 0 2; 183 85 23 45 41 0 1; 204 79 33 47 49 0 2; ]
1600601600[217 82 19 41 23 0 1; 245 77 29 50 33 0 2; 182 84 23 45 41 0 1; 203 79 18 47 45 0 1; ]
1600601601[217 82 19 41 23 0 1; 244 77 29 50 33 0 2; 182 84 23 45 41 0 1; 202 79 18 47 45 0 1; ]
1600601602[217 82 20 42 23 0 1; 244 77 30 50 33 0 2; 181 84 23 46 41 0 1; 202 80 17 47 45 0 1; ]
1600601603[217 82 20 43 23 0 1; 244 77 30 50 33 0 2; 181 85 23 46 41 0 1; 201 80 17 47 45 0 1; ]
1600601604[217 83 20 43 23 0 1; 244 78 30 50 33 0 2; 181 85 23 46 41 0 1; 200 80 17 47 45 0 1; ]
1600601605[217 83 20 44 23 0 1; 244 79 30 50 33 0 2; 180 85 23 47 41 0 1; 200 81 17 47 45 0 1; ]
1600601606[217 83 20 44 23 0 1; 244 79 30 50 33 0 2; 180 85 23 47 41 0 1; 199 81 17 47 45 0 1; ]
1600601607[218 83 20 45 23 0 1; 244 80 30 49 33 0 2; 179 85 23 47 41 0 1; 198 81 17 47 45 0 1; ]
1600601608[218 83 20 46 23 0 1; 244 80 30 49 33 0 2; 179 85 23 48 41 0 1; 198 81 17 47 45 0 1; 322 81 18 51 55 1 3; ]
1600601609[218 84 20 46 23 0 1; 244 80 30 49 33 0 2; 179 85 23 48 41 0 1; 197 82 17 47 45 0 1; 322 82 18 51 55 1 3; ]
1600601610[218 84 20 47 23 0 1; 245 80 30 49 33 0 2; 178 85 22 48 41 0 1; 196 82 17 47 45 0 1; 321 83 18 50 55 1 3; ]
1600601611[218 84 20 48 23 0 1; 245 80 30 50 33 0 2; 178 86 22 49 41 0 1; 196 82 17 47 45 0 1; 321 84 18 50 55 1 3; ]
1600601612[218 84 20 48 23 0 1; 245 80 29 50 33 0 2; 177 86 22 49 41 0 1; 195 82 18 47 45 0 1; 320 84 18 49 55 1 3; ]
1600601613[219 84 20 49 23 0 1; 245 80 29 50 33 0 2; 177 86 22 49 41 0 1; 194 82 19 47 45 0 1; 320 84 18 49 55 1 3; ]
1600601614[219 85 20 49 23 0 1; 246 80 29 50 33 0 2; 177 86 22 50 41 0 1; 193 82 19 47 45 0 1; 319 85 18 49 55 1 3; ]
1600601615[219 85 21 50 23 0 1; 246 80 29 50 33 0 2; 176 86 22 50 41 0 1; 192 82 19 47 45 0 1; 318 85 19 49 55 1 3; ]
1600601616[219 84 21 50 23 0 1; 246 80 28 50 33 0 2; 176 86 21 50 41 0 1; 192 82 19 47 45 0 1; 318 85 19 49 55 1 3; ]
1600601617[218 83 21 49 23 0 1; 246 79 28 51 33 0 2; 176 86 20 50 41 0 1; 191 82 18 47 45 0 1; 317 84 19 49 55 1 3; ]
1600601618[218 82 21 48 23 0 1; 247 78 28 51 33 0 2; 176 86 19 50 41 0 1; 190 82 18 47 45 0 1; 317 84 19 49 55 1 3; ]
1600601619[217 81 22 48 23 0 1; 247 77 28 52 33 0 2; 178 81 30 53 42 0 2; 316 83 19 49 55 1 3; ]
1600601620[216 80 23 46 23 0 1; 247 75 27 53 33 0 2; 177 80 31 54 42 0 2; 316 81 19 49 55 1 3; ]
1600601621[215 78 24 45 23 0 1; 247 73 27 53 33 0 2; 175 79 31 54 42 0 2; 315 80 19 49 55 1 3; ]
1600601622[215 77 24 44 23 0 1; 248 71 27 54 33 0 2; 174 78 32 55 42 0 2; 314 78 19 50 55 1 3; ]
1600601623[215 77 24 44 23 0 1; 247 71 27 54 33 0 2; 173 77 32 55 42 0 2; 314 76 19 50 55 1 3; ]
1600601624[215 77 24 45 23 0 1; 247 71 28 55 33 0 2; 172 76 32 55 42 0 2; 314 76 20 50 55 1 3; ]
1600601625[215 78 24 47 23 0 1; 246 71 28 55 33 0 2; 172 76 32 56 42 0 2; 314 76 20 50 55 1 3; ]
1600601626[215 78 24 47 23 0 1; 246 71 28 55 33 0 2; 171 76 32 56 42 0 2; 314 76 20 50 55 1 3; ]
1600601627[215 78 24 47 23 0 1; 246 71 29 55 33 0 2; 171 75 32 56 42 0 2; 314 76 21 50 55 1 3; ]
1600601628[314 75 23 54 11 1 1; 216 78 24 47 23 0 1; 245 71 29 55 33 0 2; 171 75 32 56 42 0 2; ]
1600601629[314 75 24 54 11 1 1; 216 79 23 47 23 0 1; 245 71 29 55 33 0 2; 171 75 31 55 42 0 2; ]
1600601630[314 75 24 54 11 1 1; 217 80 23 46 23 0 1; 245 70 30 55 33 0 2; 171 76 31 55 42 0 2; ]
1600601631[314 76 24 54 11 1 1; 217 78 23 47 23 0 1; 244 70 30 55 33 0 2; 171 76 30 55 42 0 2; ]
1600601632[314 76 24 55 11 1 1; 217 77 23 48 23 0 1; 244 70 30 55 33 0 2; 170 76 29 54 42 0 2; 290 81 18 42 56 1 1; ]
1600601633[314 76 25 55 11 1 1; 217 76 22 49 23 0 1; 244 70 31 55 33 0 2; 170 76 29 53 42 0 2; 290 81 18 42 56 1 1; ]
1600601634[314 76 25 55 11 1 1; 218 75 22 49 23 0 1; 243 70 31 55 33 0 2; 170 76 28 52 42 0 2; 291 81 18 42 56 1 1; ]
1600601635[314 76 25 55 11 1 1; 218 75 22 50 23 0 1; 243 70 32 55 33 0 2; 170 76 28 53 42 0 2; 291 81 18 43 56 1 1; ]
1600601636[314 76 25 55 11 1 1; 218 74 22 50 23 0 1; 243 70 32 56 33 0 2; 170 77 28 53 42 0 2; 291 81 18 43 56 1 1; ]
1600601637[315 76 25 55 11 1 1; 219 74 22 50 23 0 1; 242 70 32 56 33 0 2; 169 77 29 53 42 0 2; 291 81 18 44 56 1 1; ]
1600601638[315 77 26 56 11 1 1; 219 74 22 50 23 0 1; 242 70 33 56 33 0 2; 169 77 29 53 42 0 2; 292 81 17 44 56 1 1; ]
1600601639[315 77 26 56 11 1 1; 219 75 21 50 23 0 1; 242 71 33 56 33 0 2; 168 78 29 53 42 0 2; 292 81 17 45 56 1 1; ]
1600601640[315 77 26 56 11 1 1; 220 75 21 50 23 0 1; 241 71 33 56 33 0 2; 168 78 30 53 42 0 2; 292 81 17 45 56 1 1; ]
1600601641[315 77 26 56 11 1 1; 220 76 21 50 23 0 1; 241 72 33 56 33 0 2; 167 78 30 53 42 0 2; 293 81 17 46 56 1 1; ]
1600601642[315 77 26 56 11 1 1; 220 76 21 50 23 0 1; 241 72 34 56 33 0 2; 167 79 30 53 42 0 2; 293 81 17 46 56 1 1; ]
1600601643[316 77 26 56 11 1 1; 221 77 21 50 23 0 1; 240 72 34 56 33 0 2; 167 79 31 53 42 0 2; 293 81 17 47 56 1 1; ]
1600601644[316 77 26 57 11 1 1; 221 78 21 50 23 0 1; 240 73 34 56 33 0 2; 166 79 31 53 42 0 2; 294 81 17 47 56 1 1; ]
1600601645[316 78 26 57 11 1 1; 221 80 21 49 23 0 1; 240 73 35 56 33 0 2; 166 80 31 53 42 0 2; 294 81 16 48 56 1 1; ]
1600601646[316 78 26 57 11 1 1; 221 80 22 50 23 0 1; 239 74 35 56 33 0 2; 165 80 32 53 42 0 2; 294 81 16 48 56 1 1; ]
1600601647[316 78 26 57 11 1 1; 221 80 22 50 23 0 1; 239 74 35 56 33 0 2; 165 80 32 54 42 0 2; 295 81 16 49 56 1 1; ]
1600601648[317 78 26 57 11 1 1; 221 80 23 51 23 0 1; 239 74 36 57 33 0 2; 164 81 32 54 42 0 2; 295 82 16 48 56 1 1; ]
1600601649[317 78 26 57 11 1 1; 221 80 23 51 23 0 1; 239 75 36 57 33 0 2; 164 81 33 54 42 0 2; 295 82 16 48 56 1 1; ]
1600601650[318 78 25 58 11 1 1; 221 80 23 51 23 0 1; 238 75 36 57 33 0 2; 164 82 33 54 42 0 2; 296 83 16 48 56 1 1; ]
1600601651[318 78 25 58 11 1 1; 221 81 23 52 23 0 1; 238 76 37 57 33 0 2; 164 83 33 54 42 0 2; 296 83 16 47 56 1 1; ]
1600601652[319 78 25 58 11 1 1; 221 81 23 52 23 0 1; 238 76 37 57 33 0 2; 165 84 34 55 42 0 2; 297 84 16 47 56 1 1; ]
1600601653[319 79 24 58 11 1 1; 221 82 23 52 23 0 1; 222 79 35 55 26 0 2; 165 85 34 55 42 0 2; 297 84 16 46 56 1 1; ]
1600601654[320 79 24 58 11 1 1; 253 84 22 52 22 0 1; 219 81 38 54 26 0 2; 166 85 35 55 42 0 2; 297 85 16 46 56 1 1; ]
1600601655[321 79 24 58 11 1 1; 253 84 22 52 22 0 1; 219 82 39 54 26 0 2; 167 86 35 55 42 0 2; 298 86 16 46 56 1 1; ]
1600601656[322 79 23 59 11 1 1; 253 84 22 52 22 0 1; 222 82 35 55 26 0 2; 167 86 36 55 42 0 2; 298 86 16 45 56 1 1; ]
1600601657[322 79 23 59 11 1 1; 253 84 22 52 22 0 1; 222 83 36 55 26 0 2; 168 86 36 55 42 0 2; 299 87 16 45 56 1 1; ]
1600601658[323 79 22 59 11 1 1; 253 84 22 52 22 0 1; 222 83 36 55 26 0 2; 169 86 37 55 42 0 2; 299 87 16 44 56 1 1; ]
1600601659[324 79 23 59 11 1 1; 253 84 22 52 22 0 1; 222 83 36 55 26 0 2; 170 86 37 56 42 0 2; 300 88 17 44 56 1 1; ]
1600601660[325 79 23 59 11 1 1; 253 84 22 52 22 0 1; 222 83 36 55 26 0 2; 172 87 38 56 42 0 2; 300 88 17 44 56 1 1; ]
1600601661[325 79 23 59 11 1 1; 253 84 22 52 22 0 1; 222 83 36 55 26 0 2; 173 87 39 56 42 0 2; 300 89 17 43 56 1 1; ]
1600601662[326 79 24 59 11 1 1; 253 84 22 52 22 0 1; 223 83 36 55 26 0 2; 175 87 40 56 42 0 2; 301 90 17 43 56 1 1; ]
1600601663[327 79 24 59 11 1 1; 253 84 22 52 22 0 1; 223 83 35 55 26 0 2; 176 87 40 56 42 0 2; 301 90 17 43 56 1 1; ]
1600601664[328 79 24 59 11 1 1; 193 88 25 47 21 0 1; 254 84 22 52 22 0 1; 224 82 34 55 26 0 2; 176 89 23 52 43 0 1; 301 90 17 43 56 1 1; ]
1600601665[328 79 25 59 11 1 1; 195 88 25 47 21 0 1; 254 84 22 52 22 0 1; 224 82 33 55 26 0 2; 176 89 23 53 43 0 1; 302 90 17 43 56 1 1; ]
1600601666[329 79 25 59 11 1 1; 197 87 25 48 21 0 1; 255 84 22 52 22 0 1; 225 82 32 56 26 0 2; 177 89 24 53 43 0 1; 302 90 17 43 56 1 1; ]
1600601667[329 79 25 59 11 1 1; 198 87 25 48 21 0 1; 256 84 22 52 22 0 1; 227 81 31 56 26 0 2; 178 89 24 53 43 0 1; 302 90 17 43 56 1 1; ]
1600601668[330 79 25 59 11 1 1; 200 87 25 48 21 0 1; 256 84 22 52 22 0 1; 228 80 29 56 26 0 2; 178 88 24 54 43 0 1; 303 90 17 43 56 1 1; ]
1600601669[330 79 26 59 11 1 1; 202 87 24 49 21 0 1; 257 84 22 52 22 0 1; 229 80 28 56 26 0 2; 179 88 25 54 43 0 1; 303 90 17 43 56 1 1; ]
1600601670[331 79 26 59 11 1 1; 203 86 24 49 21 0 1; 257 84 22 53 22 0 1; 230 80 28 56 26 0 2; 180 88 25 54 43 0 1; 304 90 17 43 56 1 1; ]
1600601671[331 79 26 59 11 1 1; 205 86 24 49 21 0 1; 257 84 22 53 22 0 1; 230 80 28 56 26 0 2; 181 88 25 55 43 0 1; 304 90 17 43 56 1 1; ]
1600601672[331 79 26 59 11 1 1; 207 86 24 50 21 0 1; 257 84 22 53 22 0 1; 230 80 28 56 26 0 2; 181 88 26 55 43 0 1; 304 90 17 43 56 1 1; ]
1600601673[332 79 26 59 11 1 1; 209 86 24 50 21 0 1; 257 84 23 53 22 0 1; 231 80 28 56 26 0 2; 182 87 26 55 43 0 1; 305 90 17 43 56 1 1; ]
1600601674[332 79 26 59 11 1 1; 210 85 24 51 21 0 1; 257 84 23 53 22 0 1; 231 80 28 56 26 0 2; 183 87 27 55 43 0 1; 305 90 17 43 56 1 1; ]
1600601675[332 79 27 59 11 1 1; 212 85 24 51 21 0 1; 257 83 23 53 22 0 1; 231 80 28 56 26 0 2; 184 87 27 56 43 0 1; 305 90 17 43 56 1 1; ]
1600601676[332 79 27 59 11 1 1; 214 85 23 51 21 0 1; 257 83 23 53 22 0 1; 230 80 28 56 26 0 2; 186 87 28 56 43 0 1; 306 90 17 43 56 1 1; ]
1600601677[333 79 27 59 11 1 1; 215 85 23 52 21 0 1; 257 83 24 53 22 0 1; 230 80 28 56 26 0 2; 187 86 28 56 43 0 1; 306 90 17 43 56 1 1; ]
1600601678[333 79 27 59 11 1 1; 217 84 23 52 21 0 1; 257 83 24 54 22 0 1; 230 80 29 56 26 0 2; 188 86 29 57 43 0 1; 306 89 17 43 56 1 1; ]
1600601679[333 79 27 59 11 1 1; 219 84 23 52 21 0 1; 257 83 24 54 22 0 1; 229 80 30 56 26 0 2; 189 86 29 57 43 0 1; 306 89 17 43 56 1 1; ]
1600601680[333 79 27 59 11 1 1; 221 84 21 51 21 0 1; 257 83 24 54 22 0 1; 229 80 31 56 26 0 2; 191 86 29 57 43 0 1; 307 88 17 44 56 1 1; ]
1600601681[333 79 27 59 11 1 1; 223 85 20 50 21 0 1; 257 83 25 54 22 0 1; 228 80 32 56 26 0 2; 192 85 29 57 43 0 1; 307 88 17 44 56 1 1; ]
1600601682[333 79 27 59 11 0 1; 225 85 18 49 21 0 1; 257 83 25 54 22 0 1; 227 80 33 56 26 0 2; 194 85 28 58 43 0 1; 307 88 17 45 56 1 1; ]
1600601683[333 79 27 59 11 0 1; 227 85 17 48 21 0 1; 257 82 25 54 22 0 1; 226 80 34 56 26 0 2; 196 84 28 58 43 0 1; 308 87 17 45 56 1 1; ]
1600601684[334 79 28 59 11 0 1; 257 82 25 54 22 0 1; 226 80 35 56 26 0 2; 197 84 28 58 43 0 1; 308 87 17 45 56 1 1; ]
1600601685[334 79 28 59 11 0 1; 257 80 23 56 22 0 1; 227 79 38 57 26 0 2; 199 84 27 58 43 0 1; 308 87 17 46 56 1 1; ]
1600601686[334 79 28 59 11 0 1; 227 79 47 57 26 0 2; 201 83 27 58 43 0 1; 308 86 17 46 56 1 1; ]
1600601687[334 79 28 59 11 0 1; 227 78 55 57 26 0 2; 202 83 27 59 43 0 1; 309 86 17 46 56 1 1; ]
1600601688[334 79 28 59 11 0 1; 307 85 20 52 12 1 1; 228 78 55 57 26 0 2; 204 82 26 59 43 0 1; ]
1600601689[334 79 28 59 11 0 1; 307 84 20 52 12 1 1; 228 77 55 57 26 0 2; 206 82 26 59 43 0 1; ]
1600601690[334 78 28 60 11 0 1; 308 84 21 52 12 1 1; 228 77 55 58 26 0 2; 207 82 26 59 43 0 1; ]
1600601691[334 77 28 60 11 0 1; 308 83 21 52 12 1 1; 229 76 54 58 26 0 2; 209 81 25 60 43 0 1; ]
1600601692[334 77 28 60 11 0 1; 308 83 21 52 12 1 1; 229 75 53 58 26 0 2; 211 81 25 60 43 0 1; ]
1600601693[334 76 27 61 11 0 1; 309 82 21 52 12 1 1; 229 75 52 58 26 0 2; 212 80 25 60 43 0 1; ]
1600601694[334 76 27 61 11 0 1; 309 82 21 53 12 0 1; 214 73 66 65 44 0 2; ]
1600601695[334 75 27 61 11 0 1; 309 81 22 53 12 0 1; 215 73 64 66 44 0 2; ]
1600601696[334 75 27 61 11 0 1; 310 81 22 53 12 0 1; 216 73 62 67 44 0 2; ]
1600601697[334 74 27 62 11 0 1; 310 81 22 53 12 0 1; 217 73 61 68 44 0 2; ]
1600601698[334 74 27 62 11 0 1; 310 81 22 53 12 0 1; 218 72 59 68 44 0 2; ]
1600601699[334 74 27 62 11 0 1; 311 80 22 53 12 0 1; 218 72 58 68 44 0 2; ]
1600601700[334 74 27 62 11 0 1; 311 80 22 54 12 0 1; 219 72 57 69 44 0 2; ]
1600601701[334 74 27 62 11 0 1; 311 80 22 54 12 0 1; 220 72 57 69 44 0 2; ]
1600601702[334 74 27 62 11 0 1; 312 80 22 54 12 0 1; 220 72 57 69 44 0 2; ]
1600601703[334 74 27 62 11 0 1; 312 80 22 54 12 0 1; 220 73 57 69 44 0 2; ]
1600601704[334 74 27 62 11 0 1; 312 80 22 54 12 0 1; 221 73 57 68 44 0 2; ]
1600601705[334 74 27 62 11 0 1; 313 80 22 55 12 0 1; 221 74 57 68 44 0 2; ]
1600601706[334 74 27 62 11 0 1; 313 80 22 55 12 0 1; 221 75 57 67 44 0 2; ]
1600601707[335 74 27 62 11 0 1; 313 81 22 55 12 0 1; 230 77 50 67 44 0 2; ]
1600601708[335 74 26 62 11 0 1; 314 81 22 55 12 0 1; 218 76 25 63 13 0 1; 238 78 42 66 44 0 2; ]
1600601709[336 75 26 62 11 0 1; 314 81 22 55 12 0 1; 218 76 25 63 13 0 1; 236 79 45 65 44 0 2; ]
1600601710[336 75 26 62 11 0 1; 314 81 22 56 12 0 1; 217 77 26 63 13 0 1; 237 80 45 65 44 0 2; ]
1600601711[337 75 26 62 11 0 1; 315 82 22 56 12 0 1; 216 77 26 63 13 0 1; 238 80 45 65 44 0 2; ]
1600601712[338 76 26 62 11 0 1; 315 82 22 56 12 0 1; 215 77 27 63 13 0 1; 239 80 45 65 44 0 2; ]
1600601713[338 76 26 62 11 0 1; 315 82 22 56 12 0 1; 214 77 27 62 13 0 1; 240 81 46 65 44 0 2; ]
1600601714[339 77 26 61 11 0 1; 316 83 22 56 12 0 1; 214 78 28 62 13 0 1; 241 81 46 65 44 0 2; ]
1600601715[340 77 26 61 11 0 1; 316 83 22 57 12 0 1; 213 78 28 62 13 0 1; 242 82 46 64 44 0 2; ]
1600601716[341 78 26 61 11 0 1; 316 84 22 57 12 0 1; 212 78 29 62 13 0 1; 242 82 46 64 44 0 2; ]
1600601717[341 79 26 61 11 0 1; 317 84 22 57 12 0 1; 211 78 29 62 13 0 1; 243 83 47 64 44 0 2; ]
1600601718[342 79 25 61 11 0 1; 317 85 22 57 12 0 1; 211 79 30 62 13 0 1; 244 83 47 64 44 0 2; ]
1600601719[343 79 26 61 11 0 1; 317 85 22 57 12 0 1; 210 79 30 62 13 0 1; 245 83 47 64 44 0 2; ]
1600601720[344 79 26 61 11 0 1; 317 85 23 57 12 0 1; 209 79 31 62 13 0 1; 246 84 48 64 44 0 2; ]
1600601721[345 80 26 61 11 0 1; 317 85 24 57 12 0 1; 208 79 31 61 13 0 1; 247 84 48 64 44 0 2; ]
1600601722[346 80 26 61 11 0 1; 318 85 25 57 12 0 1; 207 80 32 61 13 0 1; 248 85 48 64 44 0 2; ]
1600601723[347 80 26 61 11 0 1; 318 85 25 57 12 0 1; 207 80 32 61 13 0 1; 248 85 48 64 44 0 2; ]
1600601724[348 80 27 61 11 0 1; 318 85 26 57 12 0 1; 206 80 32 62 13 0 1; 249 85 49 64 44 0 2; ]
1600601725[349 80 27 61 11 0 1; 319 85 26 57 12 0 1; 206 80 31 62 13 0 1; 249 85 19 54 14 0 1; 263 85 36 64 44 0 2; ]
1600601726[350 80 27 61 11 0 1; 319 85 27 57 12 0 1; 206 80 31 62 13 0 1; 248 85 21 55 14 0 1; 267 85 36 65 44 0 2; ]
1600601727[351 80 27 61 11 0 1; 320 85 27 57 12 0 1; 206 80 31 63 13 0 1; 247 85 23 55 14 0 1; 269 85 36 66 44 0 2; ]
1600601728[352 80 27 61 11 0 1; 320 85 27 57 12 0 1; 206 80 30 63 13 0 1; 246 85 25 56 14 0 1; 271 85 37 66 44 0 2; ]
1600601729[353 80 28 61 11 0 1; 321 85 28 57 12 0 1; 206 80 30 63 13 0 1; 245 85 26 57 14 0 1; 272 84 37 67 44 0 2; ]
1600601730[354 80 28 61 11 0 1; 322 85 28 57 12 0 1; 206 80 30 63 13 0 1; 244 85 28 57 14 0 1; 273 84 37 67 44 0 2; ]
1600601731[355 80 28 61 11 0 1; 322 85 28 57 12 0 1; 205 80 29 63 13 0 1; 243 85 28 57 14 0 1; 274 84 37 68 44 0 2; ]
1600601732[356 80 28 61 11 0 1; 323 85 28 57 12 0 1; 205 80 29 63 13 0 1; 243 85 28 57 14 0 1; 275 84 37 68 44 0 2; ]
1600601733[357 80 28 61 11 0 1; 324 85 28 57 12 0 1; 205 80 28 63 13 0 1; 243 85 28 57 14 0 1; 276 84 38 68 44 0 2; ]
1600601734[358 81 29 61 11 0 1; 325 85 28 57 12 0 1; 205 79 28 63 13 0 1; 243 85 28 57 14 0 1; 277 83 39 69 44 0 2; ]
1600601735[359 81 29 61 11 0 1; 326 85 28 57 12 0 1; 205 79 28 63 13 0 1; 243 85 28 57 14 0 1; 278 83 40 69 44 0 2; ]
1600601736[360 81 29 61 11 0 1; 327 85 28 57 12 0 1; 205 78 27 62 13 0 1; 242 85 28 57 14 0 1; 279 83 41 69 44 0 2; ]
1600601737[361 81 29 61 11 0 1; 328 85 28 57 12 0 1; 204 77 27 62 13 0 1; 242 84 27 57 14 0 1; 280 83 42 69 44 0 2; ]
1600601738[362 81 29 61 11 0 1; 329 85 28 57 12 1 1; 204 76 26 62 13 0 1; 242 84 26 56 14 0 1; 280 83 44 69 44 0 2; ]
1600601739[363 81 30 61 11 0 1; 330 85 28 57 12 1 1; 203 77 28 62 13 0 1; 242 84 25 56 14 0 1; 281 82 45 69 44 0 2; ]
1600601740[364 81 30 61 11 0 1; 332 85 27 57 12 1 1; 202 78 28 62 13 0 1; 242 84 24 55 14 0 1; 282 82 46 70 44 0 2; ]
1600601741[365 81 30 61 11 0 1; 334 85 26 57 12 1 1; 201 78 29 62 13 0 1; 242 84 24 55 14 0 1; 283 82 46 70 44 0 2; ]
1600601742[366 81 30 61 11 0 1; 335 85 26 57 12 1 1; 200 79 30 62 13 0 1; 242 84 24 55 14 0 1; 284 81 47 70 44 0 2; ]
1600601743[367 81 30 61 11 0 1; 337 85 25 57 12 1 1; 199 79 30 62 13 0 1; 241 83 24 55 14 0 1; 285 81 48 71 44 0 2; ]
1600601744[369 81 31 61 11 0 1; 339 85 24 57 12 1 1; 199 79 31 62 13 0 1; 241 83 24 55 14 0 1; 286 80 48 71 44 0 2; ]
1600601745[370 81 31 61 11 0 1; 199 79 31 62 13 0 1; 241 83 24 55 14 0 1; 287 80 49 72 44 0 2; ]
1600601746[371 82 31 61 11 0 1; 198 79 31 62 13 0 1; 240 83 24 56 14 0 1; 288 80 49 72 44 0 2; ]
1600601747[372 82 31 61 11 0 1; 198 79 31 63 13 0 1; 240 82 24 56 14 0 1; 290 79 50 72 44 0 2; ]
1600601748[373 82 32 61 11 0 1; 198 79 31 63 13 0 1; 240 82 24 56 14 0 1; 291 79 51 73 44 0 2; ]
1600601749[374 80 32 62 11 0 1; 199 78 30 64 13 0 1; 239 82 24 56 14 0 1; 292 79 51 73 44 0 2; ]
1600601750[376 79 33 63 11 0 1; 199 77 30 64 13 0 1; 239 82 24 56 14 0 1; 293 78 52 73 44 0 2; ]
1600601751[377 78 34 63 11 0 1; 199 75 29 65 13 0 1; 239 81 24 56 14 0 1; 294 78 53 74 44 0 2; ]
1600601752[378 77 34 64 11 0 1; 199 74 28 65 13 0 1; 239 81 24 56 14 0 1; 295 77 53 74 44 0 2; ]
1600601753[379 76 34 64 11 0 1; 200 72 27 66 13 0 1; 238 81 24 56 14 0 1; 296 77 54 75 44 0 2; ]
1600601754[380 76 34 65 11 0 1; 199 73 27 66 13 0 1; 238 81 24 56 14 0 1; 297 77 54 75 44 0 2; ]
1600601755[381 76 34 65 11 0 1; 199 73 27 66 13 0 1; 238 80 23 56 14 0 1; 299 77 54 75 44 0 2; ]
1600601756[382 77 34 64 11 0 1; 198 73 27 66 13 0 1; 237 81 23 56 14 0 1; 301 77 54 75 44 0 2; ]
1600601757[383 77 33 64 11 0 1; 197 74 27 65 13 0 1; 236 82 23 56 14 0 1; 303 78 54 75 44 0 2; ]
1600601758[383 78 32 64 11 0 1; 197 74 28 65 13 0 1; 235 82 23 57 14 0 1; 304 78 54 75 44 0 2; ]
1600601759[384 79 32 64 11 0 1; 196 74 28 65 13 0 1; 234 82 23 57 14 0 1; 305 78 54 75 44 0 2; ]
1600601760[384 79 32 64 11 0 1; 196 75 28 65 13 0 1; 233 83 23 57 14 0 1; 306 78 53 75 44 0 2; ]
1600601761[385 80 32 63 11 0 1; 195 75 28 65 13 0 1; 233 83 23 57 14 0 1; 306 79 53 75 44 0 2; ]
1600601762[385 81 32 63 11 0 1; 195 75 28 64 13 0 1; 232 83 23 57 14 0 1; 307 79 53 75 44 0 2; ]
1600601763[385 81 33 62 11 0 1; 194 76 28 64 13 0 1; 231 83 23 58 14 0 1; 306 79 52 75 44 0 2; ]
1600601764[386 82 33 62 11 0 1; 194 76 28 64 13 0 1; 230 83 22 58 14 0 1; 306 80 52 75 44 0 2; ]
1600601765[386 82 33 62 11 0 1; 193 76 28 64 13 0 1; 230 83 22 58 14 0 1; 306 80 51 75 44 0 2; ]
1600601766[386 82 33 62 11 0 1; 193 77 28 64 13 0 1; 229 82 21 59 14 0 1; 305 80 50 75 44 0 2; ]
1600601767[386 82 33 62 11 0 1; 192 77 29 63 13 0 1; 228 82 21 59 14 0 1; 304 80 49 75 44 0 2; 360 90 14 48 58 1 2; ]
1600601768[385 82 33 62 11 0 1; 191 77 29 63 13 0 1; 228 81 20 60 14 0 1; 303 81 48 75 44 0 2; 359 89 14 49 58 1 2; ]
1600601769[385 82 33 62 11 0 1; 191 78 28 64 13 0 1; 227 81 20 60 14 0 1; 302 81 47 75 44 0 2; 359 89 15 49 58 1 2; ]
1600601770[385 82 33 62 11 0 1; 190 78 28 64 13 0 1; 226 80 19 61 14 0 1; 301 81 49 75 44 0 2; 359 88 15 49 58 1 2; ]
1600601771[385 82 33 62 11 0 1; 189 78 28 64 13 0 1; 225 80 19 61 14 0 1; 301 80 51 75 44 0 2; 358 88 16 50 58 1 2; ]
1600601772[385 82 33 62 11 0 1; 188 78 28 65 13 0 1; 224 80 20 61 14 0 1; 300 80 54 76 44 0 2; 358 88 16 50 58 1 2; ]
1600601773[385 82 33 62 11 0 1; 188 78 28 65 13 0 1; 223 80 20 61 14 0 1; 300 79 56 76 44 0 2; 358 87 17 50 58 1 2; ]
1600601774[385 82 32 62 11 0 1; 187 78 28 66 13 0 1; 222 81 21 61 14 0 1; 300 79 58 76 44 0 2; 357 87 17 51 58 1 2; ]
1600601775[385 82 32 62 11 0 1; 186 78 28 66 13 0 1; 221 81 21 61 14 0 1; 299 79 60 76 44 0 2; 357 87 18 51 58 1 2; ]
1600601776[385 82 32 63 11 0 1; 186 78 28 66 13 0 1; 220 81 21 61 14 0 1; 299 78 63 77 44 0 2; 357 86 18 52 58 1 2; ]
1600601777[384 82 32 63 11 0 1; 185 78 28 66 13 0 1; 219 81 22 61 14 0 1; 298 78 65 77 44 0 2; 356 86 19 52 58 1 2; ]
1600601778[384 82 32 63 11 0 1; 185 78 28 67 13 0 1; 217 81 22 61 14 0 1; 298 77 67 77 44 1 2; 356 85 19 52 58 1 2; ]
1600601779[383 82 32 63 11 0 1; 184 77 28 67 13 0 1; 216 81 23 61 14 0 1; 297 77 69 77 44 1 2; 356 85 20 53 58 1 2; ]
1600601780[382 82 32 62 11 0 1; 184 77 29 67 13 0 1; 215 81 23 61 14 0 1; 297 77 72 78 44 1 2; 356 85 20 53 58 1 2; ]
1600601781[381 82 32 62 11 0 1; 184 76 29 68 13 0 1; 214 81 23 61 14 0 1; 296 76 74 78 44 1 2; ]
1600601782[380 82 32 61 11 0 1; 183 75 30 68 13 0 1; 213 81 24 61 14 0 1; 296 76 76 78 44 1 2; ]
1600601783[379 82 32 61 11 0 1; 183 74 30 68 13 0 1; 212 81 24 61 14 0 1; 295 75 78 78 44 1 2; ]
1600601784[378 82 32 61 11 0 1; 182 75 31 67 13 0 1; 211 82 25 61 14 0 1; 295 75 81 79 44 1 2; ]
1600601785[378 82 32 60 11 0 1; 182 75 31 67 13 0 1; 210 82 25 61 14 0 1; 295 75 81 79 44 1 2; ]
1600601786[377 82 32 60 11 0 1; 181 75 31 66 13 0 1; 210 81 26 62 14 0 1; 296 76 82 79 44 1 2; ]
1600601787[376 82 32 59 11 0 1; 181 76 31 66 13 0 1; 210 80 27 63 14 0 1; 296 76 82 80 44 1 2; ]
1600601788[375 82 32 59 11 0 1; 181 76 31 66 13 0 1; 210 79 28 63 14 0 1; 297 77 82 80 44 1 2; ]
1600601789[374 82 32 58 11 0 1; 181 76 31 66 13 0 1; 209 79 28 63 14 0 1; 297 77 83 80 44 1 2; ]
1600601790[373 82 32 58 11 0 1; 181 77 31 66 13 0 1; 209 79 28 63 14 0 1; 297 78 83 80 44 1 2; ]
1600601791[372 82 32 58 11 0 1; 181 77 31 66 13 0 1; 209 79 28 63 14 0 1; 298 78 84 81 44 1 2; ]
1600601792[371 82 32 57 11 0 1; 181 77 31 66 13 0 1; 209 79 27 63 14 0 1; 298 79 84 81 44 1 2; ]
1600601793[181 77 31 66 13 0 1; 208 80 27 63 14 0 1; 299 79 85 81 44 1 2; ]
1600601794[181 78 31 66 13 0 1; 208 80 27 63 14 0 1; 299 80 85 82 44 1 2; ]
1600601795[182 78 30 67 13 0 1; 208 80 27 63 14 0 1; 300 80 85 82 44 1 2; ]
1600601796[182 78 30 67 13 0 1; 207 81 26 63 14 0 1; 300 81 86 82 44 1 2; ]
1600601797[183 78 29 68 13 0 1; 206 81 25 63 14 0 1; 300 81 86 82 44 1 2; ]
1600601798[183 79 29 69 13 0 1; 206 82 24 63 14 0 1; 301 82 87 83 44 1 2; ]
1600601799[183 79 28 68 13 0 1; 205 83 23 63 14 0 1; 301 82 87 83 44 1 2; ]
1600601800[184 80 28 67 13 0 1; 204 84 22 62 14 0 1; 302 83 86 83 44 1 2; ]
1600601801[184 81 27 67 13 0 1; 204 84 22 62 14 0 1; 302 83 86 83 44 1 2; ]
1600601802[184 82 26 66 13 0 1; 204 85 22 62 14 0 1; 302 84 85 84 44 1 2; ]
1600601803[184 83 26 66 13 0 1; 204 85 22 62 14 0 1; 303 84 84 84 44 1 2; ]
1600601804[185 84 25 65 13 0 1; 204 86 22 61 14 0 1; 303 85 83 84 44 1 2; ]
1600601805[185 85 25 64 13 0 1; 204 86 22 61 14 0 1; 304 85 83 84 44 1 2; ]
1600601806[187 82 38 67 19 0 2; 304 86 82 84 44 1 2; ]
1600601807[188 83 38 67 19 0 2; 304 86 81 85 44 1 2; ]
1600601808[189 83 37 67 19 0 2; 305 86 81 85 44 1 2; ]
1600601809[190 84 37 67 19 0 2; 305 87 80 85 44 1 2; ]
1600601810[191 84 36 67 19 0 2; 306 87 79 85 44 1 2; ]
1600601811[191 85 36 67 19 0 2; 306 88 78 86 44 1 2; ]
1600601812[192 85 35 67 19 0 2; 306 88 78 86 44 1 2; ]
1600601813[193 86 35 68 19 0 2; 307 89 77 86 44 1 2; ]
1600601814[194 86 34 68 19 0 2; 307 89 76 86 44 1 2; ]
1600601815[195 86 34 68 19 0 2; 307 89 77 86 44 1 2; ]
1600601816[196 87 33 68 19 0 2; 308 89 79 87 44 1 2; ]
1600601817[197 87 33 68 19 0 2; 308 89 80 87 44 1 2; ]
1600601818[198 88 33 68 19 0 2; 308 89 81 87 44 1 2; ]
1600601819[198 88 32 68 19 0 2; 308 89 82 88 44 1 2; ]
1600601820[199 89 32 68 19 0 2; 308 89 84 88 44 1 2; ]
1600601821[200 89 31 69 19 0 2; 309 89 85 88 44 1 2; ]
1600601822[200 89 32 68 19 0 2; 309 90 86 88 44 1 2; ]
1600601823[201 89 34 68 19 0 2; 309 90 87 89 44 1 2; ]
1600601824[201 89 35 68 19 0 2; 309 90 89 89 44 1 2; ]
1600601825[201 89 36 68 19 0 2; 309 90 90 89 44 1 2; ]
1600601826[201 89 38 68 19 0 2; 309 90 91 90 44 1 2; ]
1600601827[202 88 39 68 19 0 2; 310 90 92 90 44 1 2; ]
1600601828[202 88 40 67 19 0 2; 310 90 94 90 44 1 2; ]
1600601829[202 88 42 67 19 0 2; 0 83 66 88 28 0 2; 310 90 95 91 44 1 2; ]
1600601830[375 91 29 66 18 0 1; 202 88 43 67 19 0 2; 1 83 65 88 28 0 2; 310 85 69 96 44 1 2; ]
1600601831[376 91 30 66 18 0 1; 203 88 44 67 19 0 2; 2 83 65 88 28 0 2; 310 85 67 95 44 1 2; ]
1600601832[377 91 31 66 18 0 1; 203 88 46 67 19 0 2; 3 83 64 88 28 0 2; 310 85 65 95 44 1 2; ]
1600601833[378 91 31 66 18 0 1; 203 88 47 67 19 0 2; 3 83 64 88 28 0 2; 310 85 63 95 44 1 2; ]
1600601834[380 91 32 66 18 0 1; 203 88 48 67 19 0 2; 4 83 63 88 28 0 2; 310 85 62 95 44 1 2; ]
1600601835[380 91 32 66 18 0 1; 203 87 50 66 19 0 2; 5 83 62 88 28 0 2; 310 85 60 95 44 1 2; ]
1600601836[381 91 32 66 18 0 1; 204 87 51 66 19 0 2; 6 83 62 88 28 0 2; 310 86 59 95 44 1 2; ]
1600601837[382 91 32 66 18 0 1; 203 87 54 69 19 0 2; 7 83 61 87 28 0 2; 310 86 58 95 44 1 2; ]
1600601838[204 92 27 64 16 0 1; 383 91 32 66 18 0 1; 8 83 61 87 28 0 2; 229 86 32 72 31 0 1; 310 86 58 95 44 1 2; ]
1600601839[203 92 27 64 16 0 1; 383 91 32 66 18 0 1; 8 83 60 87 28 0 2; 229 86 34 72 31 0 1; 310 86 57 95 44 1 2; ]
1600601840[201 92 27 64 16 0 1; 383 91 32 66 18 0 1; 9 83 60 87 28 0 2; 229 86 35 73 31 0 1; 310 86 57 95 44 1 2; ]
1600601841[200 92 27 64 16 0 1; 384 91 31 66 18 0 1; 10 83 59 87 28 0 2; 229 85 36 73 31 0 1; 310 86 56 95 44 1 2; ]
1600601842[199 91 27 65 16 0 1; 384 91 31 66 18 0 1; 11 83 59 87 28 0 2; 229 85 37 74 31 0 1; 310 86 56 94 44 1 2; ]
1600601843[198 91 27 65 16 0 1; 385 91 30 66 18 0 1; 10 82 59 87 28 0 2; 229 85 38 74 31 0 1; 310 86 56 94 44 1 2; ]
1600601844[197 91 27 65 16 0 1; 385 91 29 66 18 0 1; 9 81 59 88 28 0 2; 229 84 38 74 31 0 1; 310 87 56 94 44 1 2; ]
1600601845[196 91 27 65 16 0 1; 385 91 28 66 18 0 1; 8 81 59 89 28 0 2; 229 84 39 75 31 0 1; 310 86 56 94 44 0 2; ]
1600601846[195 91 27 65 16 0 1; 385 91 27 66 18 0 1; 7 80 59 89 28 0 2; 229 83 40 75 31 0 1; 310 86 56 94 44 0 2; ]
1600601847[193 90 26 66 16 0 1; 384 91 27 67 18 0 1; 7 79 60 90 28 0 2; 229 83 40 75 31 0 1; 309 85 55 94 44 0 2; ]
1600601848[192 90 26 66 16 0 1; 384 91 27 67 18 0 1; 6 78 60 90 28 0 2; 229 83 41 76 31 0 1; 309 84 55 94 44 0 2; ]
1600601849[191 90 26 66 16 0 1; 384 90 26 67 18 0 1; 5 77 60 91 28 0 2; 229 82 41 76 31 0 1; 309 84 55 95 44 0 2; ]
1600601850[190 90 26 66 16 0 1; 383 90 26 68 18 0 1; 4 77 60 91 28 0 2; 229 82 42 76 31 0 1; 309 83 54 95 44 0 2; ]
1600601851[189 90 26 66 16 0 1; 383 90 26 68 18 0 1; 3 76 60 92 28 0 2; 230 82 42 77 31 0 1; 308 83 54 95 44 0 2; ]
1600601852[188 89 26 67 16 0 1; 383 89 26 68 18 0 1; 2 75 60 93 28 0 2; 230 81 42 77 31 0 1; 308 82 54 95 44 0 2; ]
1600601853[187 89 26 67 16 0 1; 382 89 26 68 18 0 1; 1 74 61 93 28 0 2; 230 81 42 77 31 0 1; 308 81 53 96 44 0 2; ]
1600601854[186 87 26 67 16 0 1; 382 88 26 68 18 0 1; 1 73 61 94 28 0 2; 230 81 42 78 31 0 1; 308 81 53 96 44 0 2; ]
1600601855[185 85 26 67 16 0 1; 382 87 26 68 18 0 1; 0 73 61 94 28 0 2; 230 80 42 78 31 0 1; 307 80 53 96 44 0 2; ]
1600601856[184 83 26 67 16 0 1; 381 86 27 68 18 0 1; 231 80 42 78 31 0 1; 307 80 52 96 44 0 2; ]
1600601857[183 82 26 67 16 0 1; 381 85 28 68 18 0 1; 231 80 42 79 31 0 1; 307 79 52 96 44 0 2; ]
1600601858[182 80 27 67 16 0 1; 381 83 28 68 18 0 1; 232 79 42 79 31 0 1; 307 79 52 97 44 0 2; ]
1600601859[181 79 27 67 16 0 1; 381 81 29 68 18 0 1; 232 79 41 80 31 0 1; 307 78 52 97 44 0 2; ]
1600601860[180 79 27 67 16 0 1; 380 80 30 68 18 0 1; 233 79 41 80 31 0 1; 307 78 55 97 44 0 2; ]
1600601861[179 79 27 67 16 0 1; 380 80 29 68 18 0 1; 234 78 40 80 31 0 1; 307 78 57 97 44 0 2; ]
1600601862[178 79 27 68 16 0 1; 380 80 28 68 18 0 1; 235 78 40 81 31 0 1; 307 78 60 97 44 0 2; ]
1600601863[178 79 27 68 16 0 1; 380 80 28 68 18 0 1; 236 77 39 81 31 0 1; 307 78 63 98 44 0 2; ]
1600601864[177 79 27 68 16 0 1; 380 80 27 68 18 0 1; 237 77 38 81 31 0 1; 307 78 65 98 44 0 2; ]
1600601865[176 79 27 68 16 0 1; 380 80 27 68 18 0 1; 241 77 26 71 31 0 1; 307 78 67 98 44 0 2; ]
1600601866[175 79 28 68 16 0 1; 380 80 27 68 18 1 1; 241 76 30 76 31 0 1; 307 78 68 98 44 0 2; ]
1600601867[174 80 28 68 16 0 1; 380 80 27 69 18 1 1; 241 76 33 81 31 0 1; 307 78 69 98 44 0 2; ]
1600601868[173 81 28 68 16 0 1; 380 81 27 69 18 1 1; 241 76 35 83 31 0 1; 307 78 70 99 44 0 2; ]
1600601869[172 80 30 70 16 0 1; 380 81 27 70 18 1 1; 241 76 35 83 31 0 1; 307 78 71 99 44 0 2; ]
1600601870[171 80 32 72 16 0 1; 383 82 18 69 18 1 1; 241 76 35 83 31 0 1; 307 78 72 99 44 0 2; ]
1600601871[171 79 34 74 16 0 1; 385 82 17 67 18 1 1; 242 76 35 83 31 0 1; 307 78 73 99 44 0 2; ]
1600601872[171 79 35 75 16 0 1; 387 83 15 66 18 1 1; 243 76 34 82 31 0 1; 307 78 73 99 44 0 2; ]
1600601873[170 79 36 76 16 0 1; 244 76 34 82 31 0 1; 307 78 74 100 44 0 2; ]
1600601874[170 79 36 77 16 0 1; 245 76 34 82 31 0 1; 307 78 74 100 44 0 2; ]
1600601875[170 79 37 77 16 0 1; 247 77 34 81 31 0 1; 309 78 74 100 44 0 2; ]
1600601876[170 78 37 77 16 0 1; 249 77 33 80 31 0 1; 311 78 75 101 44 0 2; ]
1600601877[170 78 37 78 16 0 1; 251 77 33 79 31 0 1; 313 78 75 101 44 0 2; ]
1600601878[170 78 37 78 16 0 1; 253 78 32 78 31 0 1; 315 78 76 101 44 0 2; ]
1600601879[170 79 36 77 16 0 1; 256 78 32 76 31 0 1; 317 78 76 102 44 0 2; ]
1600601880[172 79 35 76 16 0 1; 258 79 31 74 31 0 1; 319 78 77 102 44 0 2; ]
1600601881[173 80 33 75 16 0 1; 260 77 34 80 31 0 1; 321 78 78 102 44 0 2; ]
1600601882[175 82 30 73 16 0 1; 261 76 35 83 31 0 1; 323 78 78 103 44 0 2; ]
1600601883[177 83 28 71 16 0 1; 263 76 35 83 31 0 1; 325 78 79 103 44 0 2; ]
1600601884[178 83 28 71 16 0 1; 265 76 35 83 31 0 1; 327 78 79 104 44 0 2; ]
1600601885[179 83 28 71 16 0 1; 267 76 35 83 31 0 1; 329 78 80 104 44 0 2; ]
1600601886[179 83 28 71 16 0 1; 269 76 35 82 31 0 1; 331 78 80 104 44 0 2; ]
1600601887[180 83 28 71 16 0 1; 314 90 25 64 17 0 1; 271 76 35 82 31 0 1; 332 79 81 105 44 0 2; ]
1600601888[180 83 28 71 16 0 1; 315 90 25 64 17 0 1; 273 76 35 82 31 0 1; 334 79 81 105 44 0 2; ]
1600601889[181 83 29 70 16 0 1; 315 89 24 64 17 0 1; 275 76 35 81 31 0 1; 336 79 82 105 44 0 2; ]
1600601890[181 84 29 70 16 0 1; 316 89 24 64 17 0 1; 277 77 34 81 31 0 1; 338 78 82 106 44 0 2; ]
1600601891[182 84 29 70 16 0 1; 316 89 24 64 17 0 1; 279 77 34 80 31 0 1; 339 78 82 106 44 0 2; ]
1600601892[183 84 29 70 16 0 1; 317 89 24 65 17 0 1; 282 78 33 79 31 0 1; 341 78 82 106 44 0 2; ]
1600601893[183 84 29 70 16 0 1; 318 89 24 65 17 0 1; 284 78 32 77 31 0 1; 342 78 82 107 44 0 2; ]
1600601894[184 84 29 70 16 0 1; 318 88 24 65 17 0 1; 287 79 31 76 31 0 1; 344 77 82 107 44 0 2; ]
1600601895[184 84 30 70 16 0 1; 319 88 24 65 17 0 1; 290 80 30 74 31 0 1; 345 77 82 107 44 0 2; ]
1600601896[185 84 30 70 16 0 1; 319 88 24 65 17 0 1; 291 80 30 74 31 0 1; 346 77 82 108 44 0 2; ]
1600601897[185 84 30 69 16 0 1; 320 88 23 65 17 0 1; 292 80 29 74 31 0 1; 348 77 82 108 44 0 2; ]
1600601898[186 84 30 69 16 0 1; 321 88 23 65 17 0 1; 36 70 55 106 30 0 1; 293 81 29 74 31 0 1; 349 76 82 108 44 0 2; ]
1600601899[186 85 30 69 16 0 1; 321 87 23 65 17 0 1; 37 70 55 106 30 0 1; 294 81 29 74 31 0 1; 351 76 82 109 44 0 2; ]
1600601900[187 85 30 70 16 0 1; 322 87 23 65 17 0 1; 39 70 55 106 30 0 1; 295 81 28 73 31 0 1; 352 76 82 109 44 0 2; ]
1600601901[187 85 30 70 16 0 1; 322 87 23 65 17 0 1; 40 70 54 106 30 0 1; 296 82 28 73 31 0 1; 354 76 82 109 44 0 2; ]
1600601902[188 86 30 70 16 0 1; 323 87 23 65 17 0 1; 41 70 54 107 30 0 1; 297 82 28 73 31 0 1; 355 75 82 110 44 0 2; ]
1600601903[188 86 30 70 16 0 1; 323 87 23 65 17 0 1; 43 70 54 107 30 0 1; 298 82 27 73 31 0 1; 357 75 82 110 44 0 2; ]
1600601904[189 86 30 70 16 0 1; 323 88 22 64 17 0 1; 44 70 54 107 30 0 1; 299 82 27 73 31 0 1; 358 75 82 110 44 0 2; ]
1600601905[189 87 30 70 16 0 1; 323 88 22 64 17 0 1; 45 70 54 107 30 0 1; 300 83 27 73 31 0 1; 360 76 82 110 44 0 2; ]
1600601906[189 87 30 70 16 0 1; 323 88 22 64 17 0 1; 49 70 53 107 30 0 1; 301 83 26 73 31 0 1; 361 76 82 110 44 0 2; ]
1600601907[190 87 30 70 16 0 1; 323 89 22 63 17 0 1; 52 70 52 107 30 0 1; 302 83 26 73 31 0 1; 363 77 81 110 44 0 2; ]
1600601908[190 88 30 71 16 0 1; 322 89 21 63 17 0 1; 55 70 51 107 30 0 1; 303 84 26 73 31 0 1; 364 78 81 110 44 0 2; 356 99 23 52 61 0 1; ]
1600601909[191 88 30 71 16 0 1; 322 90 21 63 17 0 1; 58 70 50 108 30 0 1; 304 84 26 73 31 0 1; 366 79 81 110 44 0 2; 356 99 23 52 61 0 1; ]
1600601910[191 88 29 71 16 0 1; 322 90 21 62 17 0 1; 61 70 49 108 30 0 1; 305 84 25 73 31 0 1; 368 79 81 109 44 0 2; 355 99 23 53 61 0 1; ]
1600601911[192 89 29 71 16 0 1; 322 90 21 62 17 0 1; 63 71 49 108 30 0 1; 305 85 25 73 31 0 1; 369 80 81 109 44 0 2; 354 99 23 53 61 0 1; ]
1600601912[192 89 29 71 16 0 1; 322 91 21 62 17 0 1; 65 71 48 108 30 0 1; 305 85 26 72 31 0 1; 371 81 81 109 44 0 2; 354 99 23 54 61 0 1; ]
1600601913[193 89 29 71 16 0 1; 322 91 20 61 17 0 1; 66 71 48 108 30 0 1; 305 85 26 72 31 0 1; 372 82 81 109 44 0 2; 353 99 24 54 61 0 1; ]
1600601914[192 89 29 71 16 0 1; 322 92 20 61 17 0 1; 68 71 47 108 30 0 1; 305 86 26 72 31 0 1; 374 82 80 109 44 0 2; 353 99 24 55 61 0 1; ]
1600601915[192 89 29 72 16 0 1; 322 92 20 61 17 0 1; 69 71 47 108 30 0 1; 305 86 27 72 31 0 1; 376 83 80 109 44 0 2; 352 99 24 55 61 0 1; ]
1600601916[192 90 29 72 16 0 1; 322 93 20 60 17 0 1; 71 71 46 109 30 0 1; 305 86 27 71 31 0 1; 377 84 80 108 44 0 2; 352 99 24 56 61 0 1; ]
1600601917[192 90 29 72 16 0 1; 322 93 19 60 17 1 1; 72 71 46 109 30 0 1; 305 87 27 71 31 0 1; 379 85 80 108 44 0 2; 351 99 24 56 61 0 1; ]
1600601918[192 90 29 72 16 0 1; 321 93 20 60 17 1 1; 73 71 46 109 30 0 1; 305 87 27 71 31 0 1; 380 85 80 108 44 0 2; 350 99 24 57 61 0 1; ]
1600601919[192 90 29 72 16 0 1; 321 93 21 60 17 1 1; 73 71 45 109 30 0 1; 305 87 28 70 31 0 1; 382 86 50 108 32 0 1; 350 99 24 57 61 0 1; 438 98 22 63 62 1 1; ]
1600601920[192 90 28 73 16 0 1; 320 93 21 60 17 1 1; 74 71 45 109 30 0 1; 305 88 28 70 31 0 1; 382 86 51 108 32 0 1; 349 99 25 58 61 0 1; 438 98 23 63 62 1 1; ]
