1600900001[]
1600900002[]
1600900003[103 94 19 41 0 1 1; 205 101 17 32 1 1 3; ]
1600900004[103 95 19 42 0 1 1; 205 101 17 32 1 1 3; ]
1600900005[]
1600900006[104 94 19 45 2 1 1; ]
1600900007[104 94 19 44 2 1 1; ]
1600900008[103 95 19 43 2 1 1; 208 103 15 30 4 1 3; ]
1600900009[103 95 19 42 2 1 1; 209 103 15 30 4 1 3; ]
1600900010[102 95 19 42 2 1 1; 209 103 15 30 4 1 3; ]
1600900011[102 96 19 42 2 1 1; 210 103 15 30 4 1 3; ]
1600900012[102 96 19 42 2 1 1; ]
1600900013[101 96 19 42 2 1 1; ]
1600900014[101 97 19 42 2 1 1; ]
1600900015[100 97 19 42 2 1 1; 214 106 15 30 5 1 1; ]
1600900016[100 97 20 44 2 1 1; 214 106 15 30 5 1 1; ]
1600900017[99 98 20 45 2 1 1; ]
1600900018[99 98 20 45 2 1 1; ]
1600900019[98 98 20 45 2 1 1; ]
1600900020[98 99 20 45 2 1 1; ]
1600900021[97 99 20 44 2 1 1; ]
1600900022[96 98 20 44 2 1 1; ]
1600900023[96 96 19 44 2 1 1; ]
1600900024[95 96 19 44 2 1 1; ]
1600900025[95 95 19 44 2 1 1; ]
1600900026[94 95 19 44 2 1 1; ]
1600900027[93 95 19 44 2 1 1; ]
1600900028[92 95 18 44 2 1 1; ]
1600900029[90 95 18 44 2 1 1; ]
1600900030[]
1600900031[]
1600900032[]
1600900033[]
1600900034[217 105 19 30 6 1 1; ]
1600900035[217 105 19 30 6 1 1; ]
1600900036[217 106 19 30 6 1 1; ]
1600900037[]
1600900038[]
1600900039[]
1600900040[]
1600900041[216 106 16 30 6 1 1; ]
1600900042[214 103 16 31 6 1 1; ]
1600900043[213 101 15 31 6 1 1; ]
1600900044[212 100 15 31 6 1 1; ]
1600900045[]
1600900046[]
1600900047[]
1600900048[]
1600900049[]
1600900050[]
1600900051[]
1600900052[]
1600900053[]
1600900054[]
1600900055[]
1600900056[]
1600900057[]
1600900058[]
1600900059[]
1600900060[]
1600900061[]
1600900062[]
1600900063[209 100 15 30 6 0 1; ]
1600900064[209 100 15 31 6 0 1; ]
1600900065[209 100 15 31 6 0 1; ]
1600900066[209 100 15 31 6 0 1; ]
1600900067[209 100 15 31 6 0 1; ]
1600900068[209 100 15 31 6 0 1; ]
1600900069[209 100 15 31 6 0 1; ]
1600900070[209 98 15 31 6 0 1; ]
1600900071[209 96 15 33 6 0 1; ]
1600900072[209 94 15 34 6 0 1; ]
1600900073[209 93 15 35 6 0 1; ]
1600900074[209 93 15 34 6 0 1; ]
1600900075[209 94 15 32 6 0 1; ]
1600900076[]
1600900077[]
1600900078[]
1600900079[]
1600900080[]
1600900081[]
1600900082[208 96 15 31 6 0 1; ]
1600900083[208 96 15 33 6 0 1; ]
1600900084[208 96 15 33 6 0 1; ]
1600900085[208 96 15 33 6 0 1; ]
1600900086[208 96 15 32 6 0 1; ]
1600900087[208 96 15 31 6 0 1; ]
1600900088[208 96 15 30 6 0 1; ]
1600900089[]
1600900090[]
1600900091[]
1600900092[208 96 15 30 6 0 1; ]
1600900093[208 96 15 31 6 0 1; ]
1600900094[208 96 15 32 6 0 1; ]
1600900095[208 96 15 32 6 0 1; ]
1600900096[208 97 15 32 6 0 1; ]
1600900097[207 98 15 31 6 0 1; ]
1600900098[207 99 15 30 6 0 1; ]
1600900099[206 99 15 30 6 0 1; ]
1600900100[]
1600900101[]
1600900102[]
1600900103[]
1600900104[]
1600900105[]
1600900106[]
1600900107[]
1600900108[]
1600900109[]
1600900110[]
1600900111[]
1600900112[]
1600900113[]
1600900114[]
1600900115[]
1600900116[]
1600900117[]
1600900118[]
1600900119[]
1600900120[]
1600900121[]
1600900122[]
1600900123[]
1600900124[]
1600900125[]
1600900126[]
1600900127[]
1600900128[]
1600900129[]
1600900130[]
1600900131[]
1600900132[]
1600900133[]
1600900134[]
1600900135[]
1600900136[]
1600900137[]
1600900138[]
1600900139[]
1600900140[]
1600900141[]
1600900142[]
1600900143[]
1600900144[]
1600900145[]
1600900146[]
1600900147[]
1600900148[136 96 15 30 6 0 1; ]
1600900149[135 95 15 30 6 0 1; ]
1600900150[134 95 15 30 6 0 1; ]
1600900151[134 95 15 30 6 0 1; ]
1600900152[132 95 16 31 6 0 1; ]
1600900153[131 94 17 31 6 0 1; ]
1600900154[129 93 17 32 6 0 1; ]
1600900155[129 93 17 32 6 0 1; ]
1600900156[129 92 17 32 6 0 1; ]
1600900157[129 91 16 32 6 0 1; ]
1600900158[129 91 15 32 6 0 1; ]
1600900159[129 90 15 32 6 0 1; ]
1600900160[128 91 15 32 6 0 1; ]
1600900161[127 92 15 33 6 0 1; ]
1600900162[126 92 15 33 6 0 1; ]
1600900163[125 93 15 33 6 0 1; ]
1600900164[125 93 15 33 6 0 1; ]
1600900165[124 93 15 33 6 0 1; ]
1600900166[123 93 15 32 6 0 1; ]
1600900167[123 94 15 33 6 0 1; ]
1600900168[123 94 16 34 6 1 1; ]
1600900169[123 95 16 35 6 1 1; ]
1600900170[123 95 17 36 6 1 1; ]
1600900171[123 96 17 36 6 1 1; ]
1600900172[122 96 17 36 6 1 1; ]
1600900173[121 96 17 37 6 1 1; ]
1600900174[121 96 17 37 6 1 1; ]
1600900175[121 96 17 38 6 1 1; ]
1600900176[121 95 16 39 6 1 1; ]
1600900177[121 94 16 40 6 1 1; ]
1600900178[122 92 16 40 6 1 1; ]
1600900179[122 90 16 39 6 1 1; ]
1600900180[122 87 16 36 6 1 1; ]
1600900181[123 84 16 35 6 1 1; ]
1600900182[123 85 16 36 6 1 1; ]
1600900183[124 85 16 38 6 1 1; ]
1600900184[124 86 16 39 6 1 1; ]
1600900185[124 87 17 41 6 1 1; ]
1600900186[125 89 17 42 6 1 1; ]
1600900187[125 92 17 43 6 1 1; ]
1600900188[126 96 17 43 6 1 1; ]
1600900189[126 99 17 44 6 1 1; ]
1600900190[127 100 17 44 6 1 1; ]
1600900191[127 99 17 44 6 1 1; ]
1600900192[128 97 17 44 6 1 1; ]
1600900193[128 94 18 43 6 1 1; ]
1600900194[129 91 18 43 6 1 1; ]
1600900195[129 87 18 42 6 1 1; ]
1600900196[130 83 18 42 6 1 1; ]
1600900197[131 83 18 42 6 1 1; ]
1600900198[132 83 18 42 6 1 1; ]
1600900199[132 84 18 42 6 1 1; ]
1600900200[133 84 19 42 6 1 1; ]
1600900201[134 85 19 43 6 1 1; ]
1600900202[135 87 19 44 6 1 1; ]
1600900203[135 89 19 45 6 1 1; ]
1600900204[136 90 19 45 6 1 1; ]
1600900205[137 90 20 45 6 1 1; ]
1600900206[138 90 21 45 6 1 1; ]
1600900207[138 90 21 45 6 1 1; ]
1600900208[139 90 21 45 6 1 1; ]
1600900209[140 89 21 44 6 1 1; ]
1600900210[141 87 21 44 6 1 1; ]
1600900211[141 86 21 43 6 1 1; ]
1600900212[142 85 21 44 6 1 1; ]
1600900213[144 84 20 45 6 1 1; ]
1600900214[145 83 20 46 6 1 1; ]
1600900215[145 83 20 47 6 1 1; ]
1600900216[145 85 20 46 6 1 1; ]
1600900217[145 86 20 46 6 1 1; ]
1600900218[145 87 20 46 6 1 1; ]
1600900219[145 88 20 45 6 1 1; ]
1600900220[145 88 20 46 6 1 1; ]
1600900221[145 89 21 46 6 1 1; ]
1600900222[145 89 21 47 6 1 1; ]
1600900223[145 89 21 47 6 1 1; ]
1600900224[144 89 21 48 6 1 1; ]
1600900225[143 89 21 49 6 1 1; ]
1600900226[141 89 21 50 6 1 1; ]
1600900227[141 88 21 50 6 1 1; ]
1600900228[141 87 21 50 6 1 1; ]
1600900229[141 86 21 50 6 1 1; ]
1600900230[141 86 21 50 6 1 1; ]
1600900231[141 86 21 50 6 1 1; ]
1600900232[]
1600900233[]
1600900234[]
1600900235[]
1600900236[]
1600900237[]
1600900238[]
1600900239[]
1600900240[]
1600900241[]
1600900242[]
1600900243[]
1600900244[]
1600900245[]
1600900246[]
1600900247[]
1600900248[]
1600900249[]
1600900250[]
1600900251[]
1600900252[]
1600900253[]
1600900254[]
1600900255[]
1600900256[]
1600900257[]
1600900258[]
1600900259[]
1600900260[]
1600900261[]
1600900262[]
1600900263[]
1600900264[]
1600900265[]
1600900266[]
1600900267[]
1600900268[]
1600900269[]
1600900270[]
1600900271[]
1600900272[]
1600900273[]
1600900274[]
1600900275[]
1600900276[140 82 31 58 7 1 2; ]
1600900277[140 82 32 58 7 1 2; ]
1600900278[141 82 32 57 7 1 2; ]
1600900279[141 82 32 57 7 1 2; ]
1600900280[142 83 32 57 7 1 2; ]
1600900281[142 83 33 57 7 1 2; ]
1600900282[143 83 33 57 7 1 2; ]
1600900283[144 83 33 57 7 1 2; ]
1600900284[144 83 34 57 7 1 2; ]
1600900285[145 83 34 57 7 1 2; ]
1600900286[146 84 34 57 7 1 2; ]
1600900287[147 84 34 57 7 1 2; ]
1600900288[147 84 34 57 7 1 2; ]
1600900289[148 84 35 56 7 1 2; ]
1600900290[148 84 36 55 7 1 2; ]
1600900291[148 84 37 54 7 1 2; ]
1600900292[149 84 36 55 7 1 2; ]
1600900293[150 84 35 56 7 1 2; ]
1600900294[150 84 35 57 7 1 2; ]
1600900295[151 84 35 58 7 1 2; ]
1600900296[151 84 35 58 7 1 2; ]
1600900297[151 84 35 58 7 1 2; ]
1600900298[152 84 36 58 7 1 2; ]
1600900299[152 84 36 58 7 1 2; ]
1600900300[153 84 37 58 7 1 2; ]
1600900301[153 84 38 58 7 1 2; ]
1600900302[153 84 39 58 7 1 2; ]
1600900303[153 84 40 58 7 1 2; ]
1600900304[154 84 42 58 7 1 2; ]
1600900305[154 84 44 58 7 1 2; ]
1600900306[154 84 46 58 7 1 2; ]
1600900307[152 80 28 66 8 1 1; 178 86 21 58 9 0 2; ]
1600900308[153 79 28 67 8 1 1; 179 84 21 58 9 0 2; ]
1600900309[153 78 28 67 8 1 1; 179 83 21 59 9 0 2; ]
1600900310[153 77 28 67 8 1 1; 180 83 22 59 9 0 2; ]
1600900311[154 77 28 67 8 1 1; 181 82 22 60 9 0 2; ]
1600900312[154 77 28 66 8 1 1; 181 82 22 61 9 0 2; ]
1600900313[155 77 28 65 8 1 1; 182 81 22 61 9 0 2; ]
1600900314[155 77 28 63 8 1 1; 182 81 22 62 9 0 2; ]
1600900315[156 77 28 62 8 1 1; 183 81 22 62 9 0 2; ]
1600900316[157 78 27 63 8 1 1; 183 81 22 63 9 0 2; ]
1600900317[158 79 26 64 8 1 1; 184 81 23 65 9 0 2; ]
1600900318[160 80 25 65 8 1 1; 185 81 23 66 9 0 2; ]
1600900319[161 81 24 66 8 1 1; 185 82 23 66 9 0 2; ]
1600900320[161 81 25 66 8 1 1; 186 83 23 66 9 0 2; ]
1600900321[160 80 26 66 8 1 1; 186 83 23 65 9 0 2; ]
1600900322[158 80 28 66 8 1 1; 187 84 23 64 9 0 2; ]
1600900323[160 79 27 68 8 0 1; 187 84 24 65 9 0 2; ]
1600900324[161 79 26 69 8 0 1; 187 84 24 65 9 0 2; ]
1600900325[162 79 26 70 8 0 1; 187 84 25 66 9 0 2; ]
1600900326[162 79 26 70 8 0 1; 187 84 26 66 9 0 2; ]
1600900327[162 79 26 70 8 0 1; 187 84 26 66 9 0 2; ]
1600900328[161 79 26 71 8 0 1; 187 84 27 66 9 0 2; ]
1600900329[160 78 27 71 8 0 1; 187 84 28 66 9 0 2; ]
1600900330[158 78 28 71 8 0 1; 187 84 28 66 9 0 2; ]
1600900331[157 78 28 71 8 0 1; 186 84 28 66 9 0 2; ]
1600900332[156 78 29 71 8 0 1; 186 84 28 66 9 0 2; ]
1600900333[155 78 29 71 8 0 1; 185 84 27 65 9 0 2; ]
1600900334[153 78 29 71 8 0 1; 185 84 27 65 9 0 2; ]
1600900335[152 77 30 71 8 0 1; 185 84 26 65 9 0 2; ]
1600900336[150 77 30 71 8 0 1; 186 84 25 64 9 0 2; ]
1600900337[148 77 30 71 8 0 1; 187 84 23 64 9 0 2; ]
1600900338[146 77 30 71 8 0 1; 185 83 24 65 9 0 2; ]
1600900339[144 78 31 71 8 0 1; 183 81 24 66 9 0 2; ]
1600900340[142 78 31 71 8 0 1; 182 80 25 67 9 0 2; ]
1600900341[140 78 32 71 8 0 1; 180 80 25 68 9 0 2; ]
1600900342[138 79 32 71 8 0 1; 178 80 26 70 9 0 2; ]
1600900343[136 79 32 73 8 0 1; 176 80 26 73 9 0 2; ]
1600900344[133 79 33 74 8 0 1; 175 80 27 74 9 0 2; ]
1600900345[131 80 33 76 8 0 1; 173 80 27 75 9 0 2; ]
1600900346[129 80 34 77 8 0 1; 171 81 27 76 9 0 2; ]
1600900347[127 80 34 79 8 0 1; 169 83 28 76 9 0 2; ]
1600900348[125 81 34 81 8 0 1; 168 86 28 76 9 0 2; ]
1600900349[123 81 35 82 8 0 1; 166 87 29 76 9 0 2; ]
1600900350[121 81 35 82 8 0 1; 164 87 29 76 9 0 2; ]
1600900351[119 82 35 82 8 0 1; 162 87 30 78 9 0 2; ]
1600900352[117 82 36 82 8 0 1; 161 87 30 79 9 0 2; ]
1600900353[114 81 36 82 8 0 1; 159 86 30 80 9 0 2; ]
1600900354[110 81 37 83 8 0 1; 157 85 30 81 9 0 2; ]
1600900355[107 81 38 83 8 0 1; 155 85 31 82 9 0 2; ]
1600900356[104 80 38 84 8 0 1; 153 84 31 82 9 0 2; ]
1600900357[101 80 39 84 8 0 1; 151 83 31 83 9 0 2; ]
1600900358[98 79 39 85 8 0 1; 149 82 31 84 9 0 2; ]
1600900359[95 79 40 85 8 0 1; 146 82 31 84 9 0 2; ]
1600900360[92 78 41 86 8 0 1; 144 81 31 85 9 0 2; ]
1600900361[89 78 41 86 8 0 1; 142 80 31 86 9 0 2; ]
1600900362[86 77 42 87 8 0 1; 140 80 32 87 9 0 2; ]
1600900363[83 77 42 87 8 0 1; 138 79 32 87 9 0 2; ]
1600900364[80 76 43 88 8 0 1; 136 78 32 88 9 0 2; ]
1600900365[77 76 44 88 8 0 1; 134 77 32 89 9 0 2; ]
1600900366[74 75 44 89 8 0 1; 132 77 32 90 9 0 2; ]
1600900367[71 75 45 89 8 0 1; 130 76 32 90 9 0 2; ]
1600900368[68 72 45 90 8 0 1; 127 74 33 90 9 0 2; ]
1600900369[65 71 46 91 8 0 1; 124 73 33 90 9 0 2; ]
1600900370[62 69 46 92 8 0 1; 122 71 33 90 9 0 2; ]
1600900371[59 69 47 93 8 0 1; 119 71 33 90 9 0 2; ]
1600900372[56 69 48 94 8 0 1; 116 71 33 90 9 0 2; ]
1600900373[53 69 48 94 8 0 1; 113 71 33 91 9 0 2; ]
1600900374[51 69 49 95 8 0 1; 110 71 33 91 9 0 2; ]
1600900375[48 69 49 96 8 0 1; 107 71 34 92 9 0 2; ]
1600900376[45 69 50 97 8 0 1; 104 72 34 93 9 0 2; ]
1600900377[42 70 50 98 8 0 1; 101 72 34 96 9 0 2; ]
1600900378[39 70 51 99 8 0 1; 99 73 34 99 9 0 2; ]
1600900379[36 71 51 100 8 0 1; 96 74 34 100 9 0 2; ]
1600900380[33 72 52 101 8 0 1; 93 75 34 100 9 0 2; ]
1600900381[30 73 52 101 8 0 1; 90 77 34 100 9 0 2; ]
1600900382[27 75 53 102 8 0 1; 87 78 35 99 9 0 2; ]
1600900383[24 75 53 104 8 0 1; 85 78 35 100 9 0 2; ]
1600900384[21 75 54 105 8 0 1; 83 78 35 102 9 0 2; ]
1600900385[19 75 54 106 8 0 1; 80 78 35 103 9 0 2; ]
1600900386[16 75 54 106 8 0 1; 78 78 36 104 9 0 2; ]
1600900387[13 74 55 107 8 0 1; 76 78 36 104 9 0 2; ]
1600900388[10 73 55 107 8 0 1; 74 77 36 105 9 0 2; ]
1600900389[7 72 55 107 8 0 1; 72 75 36 105 9 0 2; ]
1600900390[5 71 56 107 8 0 1; 70 75 36 106 9 0 2; ]
1600900391[2 71 56 108 8 0 1; 67 75 37 106 9 0 2; ]
1600900392[65 77 37 107 9 0 2; ]
1600900393[63 78 37 107 9 0 2; ]
1600900394[61 78 37 108 9 0 2; ]
1600900395[59 78 38 111 9 0 2; ]
1600900396[56 78 38 114 9 0 2; ]
1600900397[54 78 38 117 9 0 2; ]
1600900398[52 78 39 118 9 0 2; ]
1600900399[50 77 39 120 9 0 2; ]
1600900400[48 75 40 121 9 0 2; ]
1600900401[45 73 41 122 9 0 2; ]
1600900402[42 72 42 123 9 0 2; ]
1600900403[39 71 44 124 9 0 2; ]
1600900404[35 70 45 125 9 0 2; ]
