0500000001[]
0500000002[]
0500000003[]
0500000004[370 64 86 157 0 0 2; ]
0500000005[369 64 85 155 0 0 2; ]
0500000006[369 65 85 154 0 0 2; ]
0500000007[368 65 85 153 0 0 2; ]
0500000008[367 66 84 152 0 0 2; ]
0500000009[366 67 84 151 0 0 2; ]
0500000010[365 67 83 150 0 0 2; ]
0500000011[365 68 83 149 0 0 2; ]
0500000012[364 68 82 149 0 0 2; ]
0500000013[363 69 81 148 0 0 2; ]
0500000014[362 69 80 148 0 0 2; ]
0500000015[361 70 79 147 0 0 2; ]
0500000016[361 70 79 146 0 0 2; ]
0500000017[360 71 79 144 0 0 2; ]
0500000018[359 71 79 142 0 0 2; ]
0500000019[358 72 80 141 0 0 2; ]
0500000020[357 71 79 141 0 0 2; ]
0500000021[356 70 79 140 0 0 2; ]
0500000022[356 70 78 139 0 0 2; 242 112 18 31 1 1 0; ]
0500000023[355 71 78 138 0 0 2; 242 112 18 31 1 1 0; ]
0500000024[354 73 78 137 0 0 2; 243 113 18 31 1 0 0; ]
0500000025[353 74 77 135 0 0 2; 243 113 17 31 1 0 0; ]
0500000026[352 76 77 134 0 0 2; 244 115 17 31 1 0 0; ]
0500000027[352 77 76 133 0 0 2; 244 116 17 31 1 0 0; ]
0500000028[351 77 76 132 0 0 2; 245 117 16 30 1 0 0; ]
0500000029[350 78 75 132 0 0 2; 244 117 17 30 1 0 0; ]
0500000030[349 78 74 132 0 0 2; 244 117 17 30 1 0 0; ]
0500000031[348 78 74 131 0 0 2; 244 118 18 30 1 0 0; ]
0500000032[348 78 73 131 0 0 2; 244 116 18 30 1 0 0; ]
0500000033[347 78 73 130 0 0 2; 245 115 18 30 1 0 0; ]
0500000034[346 78 72 129 0 0 2; 246 115 18 30 1 0 0; ]
0500000035[345 78 72 128 0 0 2; 246 114 18 30 1 0 0; ]
0500000036[345 78 72 127 0 0 2; 246 114 18 30 1 0 0; ]
0500000037[344 78 72 127 0 0 2; 246 114 18 30 1 0 0; ]
0500000038[344 78 71 126 0 0 2; ]
0500000039[344 77 71 126 0 0 2; ]
0500000040[343 77 71 125 0 0 2; ]
0500000041[343 77 71 125 0 0 2; 248 112 18 30 1 0 0; ]
0500000042[343 77 71 124 0 0 2; 249 111 18 31 1 0 0; ]
0500000043[342 77 71 124 0 0 2; 249 111 19 31 1 0 0; ]
0500000044[342 76 70 123 0 0 2; 250 111 19 31 1 0 0; ]
0500000045[342 76 70 122 0 0 2; 251 110 19 31 1 0 0; ]
0500000046[341 76 70 122 0 0 2; 251 110 19 31 1 0 0; ]
0500000047[341 76 70 121 0 0 2; 252 110 19 31 1 0 0; ]
0500000048[341 76 69 121 0 0 2; 253 109 19 32 1 0 0; ]
0500000049[341 76 69 120 0 0 2; 253 109 19 32 1 0 0; ]
0500000050[341 76 69 118 0 0 2; 254 109 19 32 1 0 0; ]
0500000051[341 76 68 117 0 0 2; 254 108 19 31 1 0 0; ]
0500000052[341 76 68 117 0 0 2; 255 108 19 31 1 0 0; ]
0500000053[342 76 68 117 0 0 2; 256 108 19 31 1 0 0; ]
0500000054[342 76 68 117 0 0 2; 257 107 19 31 1 0 0; ]
0500000055[342 76 67 117 0 0 2; 258 107 19 31 1 0 0; ]
0500000056[342 76 67 117 0 0 2; 260 107 18 31 1 0 0; ]
0500000057[343 76 67 117 0 0 2; 261 106 18 32 1 0 0; ]
0500000058[343 76 67 116 0 0 2; 262 106 18 32 1 0 0; ]
0500000059[343 76 66 115 0 0 2; 263 106 18 32 1 0 0; ]
0500000060[343 76 66 114 0 0 2; 263 107 18 32 1 0 0; ]
0500000061[344 76 66 114 0 0 2; 264 107 18 31 1 0 0; ]
0500000062[344 76 66 114 0 0 2; 265 107 18 31 1 0 0; ]
0500000063[344 76 65 113 0 0 2; 266 107 18 31 1 0 0; ]
0500000064[344 76 65 113 0 0 2; 266 107 18 31 1 0 0; ]
0500000065[345 75 65 112 0 0 2; 267 107 18 31 1 0 0; ]
0500000066[346 74 64 111 0 0 2; 269 106 18 31 1 0 0; ]
0500000067[347 73 64 111 0 0 2; 270 104 18 32 1 0 0; ]
0500000068[348 72 64 111 0 0 2; 271 102 18 32 1 0 0; ]
0500000069[348 71 63 110 0 0 2; 272 101 19 32 1 0 0; ]
0500000070[349 70 63 110 0 0 2; 273 101 19 32 1 0 0; ]
0500000071[350 70 63 110 0 0 2; 274 101 19 32 1 0 0; ]
0500000072[351 70 62 110 0 0 2; 275 100 19 33 1 0 0; ]
0500000073[352 70 62 110 0 0 2; 276 100 19 33 1 0 0; ]
0500000074[353 70 61 110 0 0 2; 276 101 19 32 1 0 0; ]
0500000075[353 70 61 110 0 0 2; 277 102 19 31 1 0 0; ]
0500000076[354 70 60 110 0 0 2; 277 102 19 31 1 0 0; ]
0500000077[355 70 60 109 0 0 2; 278 102 19 31 1 0 0; ]
0500000078[356 70 60 109 0 0 2; 279 101 19 32 1 0 0; ]
0500000079[357 70 60 109 0 0 2; 280 101 19 33 1 0 0; ]
0500000080[357 71 59 108 0 0 2; 281 100 19 33 1 0 0; ]
0500000081[357 71 59 107 0 0 2; 282 100 19 33 1 0 0; ]
0500000082[358 71 59 107 0 0 2; 283 100 19 33 1 0 0; ]
0500000083[358 72 59 106 0 0 2; 284 100 19 33 1 0 0; ]
0500000084[358 72 58 105 0 0 2; 284 100 19 33 1 0 0; ]
0500000085[358 72 58 104 0 0 2; 284 100 19 33 1 0 0; 409 35 99 178 2 0 0; ]
0500000086[358 72 58 104 0 0 2; 285 100 19 33 1 0 0; 407 36 98 177 2 0 0; ]
0500000087[358 72 58 103 0 0 2; 285 100 19 33 1 0 0; 404 36 97 176 2 0 0; ]
0500000088[358 72 58 103 0 1 2; 285 100 19 33 1 0 0; 401 37 96 174 2 0 0; ]
0500000089[358 72 58 103 0 1 2; 285 100 19 33 1 0 0; 398 37 96 173 2 0 0; ]
0500000090[358 72 59 102 0 1 2; 286 100 19 34 1 0 0; 395 38 95 171 2 0 0; ]
0500000091[358 71 58 102 0 1 2; 286 100 19 34 1 0 0; 393 37 93 170 2 0 0; ]
0500000092[357 71 58 102 0 1 2; 286 100 19 34 1 0 0; 391 37 92 170 2 0 0; ]
0500000093[357 71 57 101 0 1 2; 285 100 20 34 1 0 0; 388 37 91 169 2 0 0; ]
0500000094[357 70 57 101 0 1 2; 285 100 20 34 1 0 0; 386 38 90 168 2 0 0; ]
0500000095[356 71 56 100 0 1 2; 285 100 20 34 1 0 0; 384 40 90 167 2 0 0; ]
0500000096[356 73 55 100 0 1 2; 285 101 20 34 1 0 0; 381 41 89 166 2 0 0; ]
0500000097[356 74 54 99 0 1 2; 285 103 20 34 1 0 0; 379 43 89 165 2 0 0; ]
0500000098[355 75 54 98 0 1 2; 285 104 19 34 1 0 0; 377 44 88 164 2 0 0; ]
0500000099[355 76 53 98 0 1 2; 285 105 19 34 1 0 0; 374 46 87 163 2 0 0; ]
0500000100[355 77 52 97 0 1 2; 285 106 19 33 1 0 0; 372 47 87 162 2 0 0; ]
0500000101[354 78 51 96 0 1 2; 285 106 19 33 1 0 0; 370 47 86 161 2 0 0; ]
0500000102[285 107 19 33 1 0 0; 367 48 85 160 2 0 0; ]
0500000103[285 107 19 32 1 0 0; 365 48 84 159 2 0 0; ]
0500000104[285 107 20 32 1 0 0; 363 49 83 158 2 0 0; ]
0500000105[284 107 20 32 1 0 0; 360 49 82 157 2 0 0; ]
0500000106[284 108 20 32 1 0 0; 358 51 81 156 2 0 0; ]
0500000107[284 109 21 32 1 0 0; 356 53 80 155 2 0 0; ]
0500000108[284 110 21 33 1 0 0; 354 54 80 154 2 0 0; ]
0500000109[283 110 21 34 1 0 0; 351 55 79 153 2 0 0; ]
0500000110[283 110 21 34 1 0 0; 349 56 78 152 2 0 0; ]
0500000111[282 110 21 34 1 0 0; 347 57 78 150 2 0 0; ]
0500000112[282 110 21 34 1 0 0; 344 57 77 149 2 0 0; ]
0500000113[282 110 21 34 1 0 0; 342 57 77 148 2 0 0; ]
0500000114[282 109 21 34 1 0 0; 340 57 76 146 2 0 0; ]
0500000115[281 109 21 34 1 0 0; 338 57 75 145 2 0 0; ]
0500000116[281 108 21 34 1 0 0; 335 57 75 143 2 0 0; ]
0500000117[280 108 20 34 1 0 0; 333 56 74 142 2 0 0; ]
0500000118[279 107 20 34 1 0 0; 331 55 73 140 2 0 0; ]
0500000119[278 106 20 34 1 0 0; 328 54 73 139 2 0 0; ]
0500000120[277 106 21 34 1 0 0; 326 53 72 137 2 0 0; ]
0500000121[277 105 21 34 1 0 0; 322 52 73 138 2 0 0; ]
0500000122[276 105 21 34 1 0 0; 319 52 73 138 2 0 0; ]
0500000123[275 105 20 34 1 0 0; 316 52 73 139 2 0 0; ]
0500000124[274 105 20 34 1 0 0; 314 52 73 138 2 0 0; ]
0500000125[274 104 20 34 1 0 0; 312 53 72 138 2 0 0; ]
0500000126[273 105 20 35 1 0 0; 311 54 71 137 2 0 0; ]
0500000127[272 106 21 35 1 0 0; 309 55 70 136 2 0 0; ]
0500000128[271 107 21 35 1 0 0; 307 56 69 135 2 0 0; ]
0500000129[270 108 22 35 1 0 0; 305 56 69 133 2 0 0; ]
0500000130[270 108 22 36 1 0 0; 303 57 68 131 2 0 0; ]
0500000131[269 108 22 36 1 0 0; 300 58 68 128 2 0 0; ]
0500000132[269 108 22 36 1 0 0; 298 59 68 128 2 0 0; ]
0500000133[268 109 22 36 1 0 0; 296 59 68 128 2 0 0; ]
0500000134[267 109 22 37 1 0 0; 293 60 68 128 2 0 0; ]
0500000135[266 110 22 38 1 0 0; 291 61 69 130 2 0 0; ]
0500000136[266 110 22 38 1 0 0; 290 61 69 128 2 0 0; ]
0500000137[266 111 23 38 1 0 0; 289 62 68 127 2 0 0; ]
0500000138[266 111 23 38 1 0 0; 288 62 68 126 2 0 0; ]
0500000139[267 111 22 38 1 0 0; 287 63 68 125 2 0 0; ]
0500000140[267 112 21 38 1 0 0; 286 64 67 124 2 0 0; ]
0500000141[267 112 21 38 1 0 0; 285 64 67 123 2 0 0; ]
0500000142[267 113 21 38 1 0 0; 284 65 67 123 2 0 0; ]
0500000143[267 113 22 38 1 0 0; 284 65 66 123 2 0 0; ]
0500000144[267 114 22 38 1 0 0; 283 66 65 123 2 0 0; 325 91 38 80 3 1 2; ]
0500000145[267 114 22 38 1 0 0; 283 67 64 123 2 0 0; 325 92 37 81 3 1 2; ]
0500000146[267 115 22 39 1 0 0; 282 67 64 123 2 0 0; 325 94 37 82 3 1 2; ]
0500000147[267 115 22 39 1 0 0; 281 68 64 123 2 0 0; 324 95 37 82 3 1 2; ]
0500000148[267 116 22 39 1 0 0; 280 68 64 123 2 0 0; 322 95 37 82 3 1 2; ]
0500000149[266 116 21 39 1 0 0; 278 69 64 123 2 0 0; 320 95 38 82 3 1 2; ]
0500000150[266 116 21 39 1 0 0; 277 70 64 123 2 0 0; 318 95 38 82 3 1 2; ]
0500000151[266 117 21 39 1 0 0; 276 70 64 121 2 0 0; 317 96 38 82 3 1 2; ]
0500000152[266 117 21 39 1 0 0; 275 71 63 120 2 0 0; 316 95 38 82 3 1 2; ]
0500000153[266 117 21 39 1 1 0; 274 71 62 119 2 0 0; 316 95 38 83 3 1 2; ]
0500000154[267 117 22 39 1 1 0; 274 71 62 119 2 0 0; 315 94 37 84 3 1 2; ]
0500000155[267 116 22 39 1 1 0; 273 70 62 120 2 0 0; 315 93 37 84 3 1 2; ]
0500000156[267 116 22 38 1 1 0; 272 69 61 120 2 0 0; 314 92 37 84 3 1 2; ]
0500000157[268 115 22 37 1 1 0; 272 69 61 120 2 0 0; 313 92 37 84 3 1 2; ]
0500000158[268 115 22 36 1 1 0; 272 69 61 119 2 0 0; 312 91 37 84 3 1 2; ]
0500000159[268 114 22 36 1 1 0; 271 69 61 118 2 0 0; 312 91 37 84 3 1 2; ]
0500000160[269 114 22 35 1 1 0; 271 70 61 117 2 0 0; 311 91 37 84 3 1 2; ]
0500000161[271 71 61 117 2 0 0; 311 92 37 83 3 1 2; ]
0500000162[270 72 61 117 2 0 0; 311 94 37 82 3 1 2; ]
0500000163[270 74 61 117 2 0 0; 311 97 37 81 3 1 2; ]
0500000164[270 75 61 117 2 0 0; 311 100 37 79 3 1 2; ]
0500000165[270 78 61 117 2 0 0; 311 100 37 80 3 1 2; ]
0500000166[270 79 62 117 2 0 0; 311 100 37 80 3 1 2; ]
0500000167[270 80 62 116 2 0 0; 311 100 37 80 3 1 2; ]
0500000168[270 80 62 116 2 0 0; 311 100 37 80 3 1 2; ]
0500000169[270 80 62 115 2 0 0; 312 100 37 80 3 1 2; ]
0500000170[271 79 62 115 2 0 0; 312 100 37 80 3 1 2; ]
0500000171[271 78 62 114 2 0 0; 313 100 37 80 3 1 2; ]
0500000172[271 78 62 114 2 0 0; 313 100 37 80 3 1 2; ]
0500000173[272 77 62 114 2 0 0; 313 100 38 80 3 1 2; ]
0500000174[272 76 62 114 2 0 0; 314 100 38 80 3 1 2; ]
0500000175[273 75 61 115 2 0 0; 314 99 39 79 3 1 2; ]
0500000176[274 75 61 115 2 0 0; 314 99 39 78 3 1 2; ]
0500000177[275 75 61 114 2 0 0; 315 99 39 78 3 1 2; ]
0500000178[276 76 60 113 2 0 0; 315 98 39 78 3 1 2; ]
0500000179[277 77 59 112 2 0 0; 316 98 39 78 3 1 2; ]
0500000180[278 78 58 110 2 0 0; 316 98 40 78 3 1 2; ]
0500000181[279 78 58 111 2 0 0; 317 98 40 78 3 1 2; ]
0500000182[280 78 58 111 2 0 0; 318 98 40 78 3 1 2; ]
0500000183[281 78 58 111 2 0 0; 318 99 39 78 3 1 2; ]
0500000184[282 79 58 111 2 0 0; 319 100 39 78 3 1 2; ]
0500000185[282 80 58 110 2 0 0; 320 100 39 78 3 1 2; ]
0500000186[283 81 58 110 2 0 0; 321 100 39 78 3 1 2; ]
0500000187[283 81 57 109 2 0 0; 322 100 39 78 3 1 2; ]
0500000188[284 81 57 110 2 0 0; 323 100 38 78 3 1 2; ]
0500000189[284 80 57 110 2 0 0; 324 100 38 78 3 1 2; ]
0500000190[285 79 57 111 2 0 0; 324 99 38 78 3 1 2; ]
0500000191[285 78 57 112 2 0 0; 325 98 37 78 3 1 2; ]
0500000192[285 75 57 112 2 0 0; 325 97 37 78 3 1 2; ]
0500000193[285 74 57 113 2 0 0; 325 97 37 78 3 1 2; ]
0500000194[286 74 57 112 2 0 0; 326 97 37 78 3 1 2; ]
0500000195[286 74 57 112 2 0 0; 326 96 37 78 3 1 2; ]
0500000196[286 75 57 112 2 0 0; 326 96 37 78 3 1 2; ]
0500000197[287 75 56 112 2 0 0; 327 97 37 78 3 1 2; ]
0500000198[287 76 56 113 2 0 0; 327 97 37 78 3 1 2; ]
0500000199[288 78 56 112 2 0 0; 327 98 37 79 3 1 2; ]
0500000200[288 80 56 112 2 0 0; 328 99 37 79 3 1 2; ]
0500000201[289 82 56 111 2 0 0; 328 100 37 79 3 1 2; ]
0500000202[289 83 56 111 2 0 0; 328 101 37 79 3 1 2; ]
0500000203[290 83 56 111 2 0 0; 329 103 37 78 3 1 2; ]
0500000204[290 83 56 111 2 0 0; 329 105 37 77 3 1 2; ]
0500000205[291 83 56 111 2 0 0; 329 105 37 76 3 1 2; ]
0500000206[291 83 56 111 2 0 0; 328 104 37 75 3 1 2; ]
0500000207[292 82 55 110 2 0 0; 328 103 37 75 3 1 2; ]
0500000208[292 82 55 109 2 0 0; 329 102 37 75 3 1 2; ]
0500000209[293 81 55 108 2 0 0; 330 100 36 76 3 1 2; ]
0500000210[293 80 55 107 2 0 0; 331 99 36 76 3 1 2; ]
0500000211[294 79 55 105 2 0 0; 331 98 35 77 3 1 2; ]
0500000212[295 78 55 105 2 0 0; 331 97 35 77 3 1 2; ]
0500000213[297 78 54 104 2 0 0; 331 96 36 77 3 1 2; ]
0500000214[298 77 54 105 2 0 0; 331 96 36 77 3 1 2; ]
0500000215[299 77 54 106 2 0 0; 331 96 36 77 3 1 2; ]
0500000216[300 77 54 109 2 0 0; 332 96 36 77 3 1 2; ]
0500000217[301 76 54 111 2 0 0; 332 96 35 77 3 1 2; ]
0500000218[302 76 54 111 2 0 0; 333 97 35 76 3 1 2; ]
0500000219[303 75 54 112 2 0 0; 334 98 34 76 3 1 2; ]
0500000220[304 75 54 112 2 0 0; 335 97 33 76 3 1 2; ]
0500000221[305 74 54 112 2 0 0; 336 96 32 76 3 1 2; ]
0500000222[306 74 54 112 2 0 0; 337 94 30 75 3 1 2; ]
0500000223[307 73 54 112 2 0 0; 338 93 29 75 3 1 2; ]
0500000224[308 73 54 112 2 0 0; ]
0500000225[309 72 54 112 2 0 0; ]
0500000226[311 71 54 110 2 0 0; ]
0500000227[312 71 55 108 2 0 0; ]
0500000228[314 70 55 107 2 0 0; ]
0500000229[315 70 55 105 2 0 0; ]
0500000230[317 71 55 104 2 0 0; ]
0500000231[318 71 55 103 2 0 0; ]
0500000232[320 72 55 102 2 0 0; ]
0500000233[321 73 55 101 2 0 0; ]
0500000234[323 73 54 101 2 0 0; ]
0500000235[324 74 54 100 2 1 0; ]
0500000236[326 74 53 100 2 1 0; ]
0500000237[327 75 52 100 2 1 0; ]
0500000238[328 76 51 101 2 1 0; ]
0500000239[330 77 51 105 2 1 0; ]
0500000240[331 78 51 110 2 1 0; ]
0500000241[]
0500000242[]
0500000243[]
0500000244[]
0500000245[]
0500000246[]
0500000247[]
0500000248[]
0500000249[]
0500000250[]
0500000251[]
0500000252[]
0500000253[]
0500000254[]
0500000255[]
0500000256[]
0500000257[]
0500000258[]
0500000259[]
0500000260[]
0500000261[]
0500000262[]
0500000263[]
0500000264[]
0500000265[]
0500000266[]
0500000267[]
0500000268[]
0500000269[]
0500000270[]
0500000271[]
0500000272[]
0500000273[]
0500000274[]
0500000275[]
0500000276[]
0500000277[]
0500000278[456 90 39 82 4 1 0; ]
0500000279[456 92 44 83 4 1 0; ]
0500000280[457 94 47 85 4 1 0; ]
0500000281[457 96 49 87 4 0 0; ]
0500000282[459 97 51 91 4 0 0; ]
0500000283[]
0500000284[]
0500000285[]
0500000286[]
0500000287[]
0500000288[]
0500000289[]
0500000290[]
0500000291[]
0500000292[]
0500000293[]
0500000294[398 80 47 103 5 1 0; ]
0500000295[398 81 48 102 5 1 0; ]
0500000296[397 82 50 101 5 1 0; ]
0500000297[397 83 51 100 5 1 0; ]
0500000298[397 83 53 100 5 1 0; ]
0500000299[397 83 54 99 5 1 0; ]
0500000300[397 81 55 101 5 1 0; ]
0500000301[397 78 56 102 5 0 0; ]
0500000302[398 76 56 102 5 0 0; ]
0500000303[399 74 56 101 5 0 0; ]
0500000304[401 73 57 101 5 0 0; ]
0500000305[402 72 57 100 5 0 0; ]
0500000306[404 73 57 99 5 0 0; ]
0500000307[405 74 56 98 5 0 0; ]
0500000308[406 74 56 99 5 0 0; ]
0500000309[408 74 56 103 5 0 0; ]
0500000310[409 77 56 101 5 0 0; ]
0500000311[411 80 56 99 5 0 0; ]
0500000312[412 81 56 99 5 0 0; ]
0500000313[414 81 56 99 5 0 0; ]
0500000314[416 82 56 99 5 0 0; ]
0500000315[418 82 57 99 5 0 0; ]
0500000316[420 82 57 100 5 0 0; ]
0500000317[422 81 57 100 5 0 0; ]
0500000318[424 78 57 101 5 0 0; ]
0500000319[426 76 57 101 5 0 0; ]
0500000320[428 75 57 101 5 0 0; ]
0500000321[431 75 57 101 5 0 0; ]
0500000322[433 75 57 100 5 0 0; ]
0500000323[436 76 57 99 5 0 0; ]
0500000324[438 76 57 97 5 0 0; ]
0500000325[441 77 57 97 5 0 0; ]
0500000326[444 77 57 98 5 0 0; ]
0500000327[448 78 57 98 5 0 0; ]
0500000328[451 78 57 99 5 0 0; ]
0500000329[]
0500000330[]
0500000331[]
0500000332[]
0500000333[]
0500000334[]
0500000335[]
0500000336[]
0500000337[]
0500000338[]
0500000339[]
0500000340[]
0500000341[]
0500000342[]
0500000343[]
0500000344[]
0500000345[]
0500000346[]
0500000347[]
0500000348[]
0500000349[]
0500000350[]
0500000351[]
0500000352[]
0500000353[]
0500000354[]
0500000355[]
0500000356[]
0500000357[]
0500000358[]
0500000359[]
0500000360[]
0500000361[]
0500000362[]
0500000363[]
0500000364[]
0500000365[]
0500000366[]
0500000367[]
0500000368[]
0500000369[]
0500000370[]
0500000371[]
0500000372[]
0500000373[]
0500000374[]
0500000375[]
0500000376[]
0500000377[]
0500000378[]
0500000379[]
0500000380[]
0500000381[]
0500000382[]
0500000383[]
0500000384[]
0500000385[]
0500000386[]
0500000387[]
0500000388[]
0500000389[]
0500000390[]
0500000391[]
0500000392[]
0500000393[]
0500000394[]
0500000395[]
0500000396[]
0500000397[]
0500000398[]
0500000399[]
0500000400[]
0500000401[]
0500000402[]
0500000403[]
0500000404[]
0500000405[]
0500000406[]
0500000407[]
0500000408[]
0500000409[]
0500000410[]
0500000411[]
0500000412[]
0500000413[]
0500000414[]
0500000415[]
0500000416[]
0500000417[358 93 28 59 6 1 2; ]
0500000418[355 92 29 60 6 1 2; ]
0500000419[353 92 31 60 6 0 2; ]
0500000420[351 92 31 61 6 0 2; ]
0500000421[350 91 31 61 6 0 2; ]
0500000422[349 91 31 62 6 0 2; ]
0500000423[348 91 31 62 6 0 2; ]
0500000424[347 91 32 62 6 0 2; ]
0500000425[346 91 32 62 6 0 2; ]
0500000426[345 92 33 62 6 0 2; ]
0500000427[343 93 33 62 6 0 2; ]
0500000428[343 93 34 61 6 0 2; ]
0500000429[343 93 34 61 6 0 2; ]
0500000430[343 93 34 60 6 0 2; ]
0500000431[343 93 34 60 6 0 2; ]
0500000432[344 93 34 59 6 0 2; ]
0500000433[344 93 34 59 6 0 2; ]
0500000434[344 93 35 59 6 0 2; ]
0500000435[344 93 35 59 6 0 2; ]
0500000436[345 94 34 58 6 0 2; ]
0500000437[346 94 33 57 6 0 2; ]
0500000438[347 95 32 57 6 0 2; ]
0500000439[348 96 32 56 6 0 2; ]
0500000440[349 95 32 56 6 0 2; ]
0500000441[349 95 32 57 6 0 2; ]
0500000442[350 94 33 58 6 0 2; ]
0500000443[351 93 33 58 6 0 2; ]
0500000444[351 93 33 59 6 0 2; ]
0500000445[352 92 33 59 6 0 2; ]
0500000446[352 92 33 59 6 0 2; ]
0500000447[353 91 33 60 6 0 2; ]
0500000448[354 93 33 59 6 0 2; ]
0500000449[354 94 33 58 6 0 2; ]
0500000450[355 94 33 58 6 0 2; ]
0500000451[356 94 33 58 6 0 2; ]
0500000452[356 94 33 59 6 0 2; ]
0500000453[357 94 33 59 6 0 2; ]
0500000454[357 94 33 60 6 0 2; ]
0500000455[358 94 33 60 6 0 2; ]
0500000456[358 96 33 59 6 0 2; ]
0500000457[358 97 33 59 6 0 2; ]
0500000458[358 98 34 59 6 0 2; ]
0500000459[359 98 34 59 6 0 2; ]
0500000460[359 98 35 59 6 0 2; ]
0500000461[359 97 35 59 6 0 2; ]
0500000462[359 96 36 60 6 0 2; ]
0500000463[360 93 35 60 6 0 2; ]
0500000464[361 91 35 60 6 0 2; ]
0500000465[362 91 35 61 6 0 2; ]
0500000466[362 91 35 60 6 0 2; ]
0500000467[363 91 35 60 6 0 2; ]
0500000468[363 91 35 60 6 0 2; ]
0500000469[363 91 35 60 6 0 2; ]
0500000470[364 92 35 60 6 0 2; ]
0500000471[365 92 35 59 6 0 2; ]
0500000472[365 92 35 59 6 0 2; ]
0500000473[366 92 35 59 6 0 2; ]
0500000474[366 92 35 59 6 0 2; ]
0500000475[366 92 36 59 6 0 2; ]
0500000476[366 92 36 59 6 0 2; ]
0500000477[366 92 37 59 6 0 2; ]
0500000478[366 92 37 59 6 0 2; ]
0500000479[367 92 36 60 6 0 2; ]
0500000480[368 92 36 60 6 0 2; ]
0500000481[368 93 36 60 6 0 2; ]
0500000482[369 94 36 60 6 0 2; ]
0500000483[369 95 35 59 6 0 2; ]
0500000484[370 96 35 59 6 0 2; ]
0500000485[370 95 35 59 6 0 2; ]
0500000486[371 95 34 60 6 0 2; ]
0500000487[372 94 34 60 6 0 2; ]
0500000488[372 93 34 60 6 0 2; ]
0500000489[372 92 34 60 6 0 2; ]
0500000490[372 92 34 60 6 0 2; ]
0500000491[371 91 34 60 6 0 2; ]
0500000492[371 90 35 59 6 0 2; ]
0500000493[371 90 35 59 6 0 2; ]
0500000494[371 90 35 59 6 0 2; ]
0500000495[372 89 35 59 6 0 2; ]
0500000496[372 89 35 58 6 0 2; ]
0500000497[372 89 35 58 6 0 2; ]
0500000498[372 89 35 58 6 0 2; ]
0500000499[372 89 35 58 6 0 2; ]
0500000500[372 89 35 58 6 0 2; ]
0500000501[373 90 34 59 6 0 2; ]
0500000502[373 90 34 59 6 0 2; ]
0500000503[373 91 34 59 6 0 2; ]
0500000504[373 90 34 59 6 0 2; ]
0500000505[373 90 34 59 6 0 2; ]
0500000506[372 89 34 59 6 0 2; ]
0500000507[372 87 35 60 6 0 2; ]
0500000508[372 88 35 59 6 0 2; ]
0500000509[373 88 35 59 6 0 2; ]
0500000510[372 88 35 59 6 0 2; ]
0500000511[371 88 36 59 6 0 2; ]
0500000512[370 88 36 59 6 0 2; ]
0500000513[370 88 36 59 6 0 2; ]
0500000514[369 88 36 59 6 0 2; ]
0500000515[369 88 36 59 6 0 2; ]
0500000516[368 88 36 59 6 1 2; ]
0500000517[368 88 35 59 6 1 2; ]
0500000518[367 87 35 59 6 1 2; ]
0500000519[]
0500000520[]
0500000521[]
0500000522[]
0500000523[]
0500000524[]
0500000525[]
0500000526[]
0500000527[]
0500000528[]
0500000529[]
0500000530[]
0500000531[]
0500000532[]
0500000533[]
0500000534[]
0500000535[]
0500000536[]
0500000537[]
0500000538[]
0500000539[]
0500000540[]
0500000541[]
0500000542[]
0500000543[]
0500000544[]
0500000545[]
0500000546[]
0500000547[]
0500000548[]
0500000549[]
0500000550[]
0500000551[]
0500000552[]
0500000553[]
0500000554[]
0500000555[]
0500000556[]
0500000557[]
0500000558[347 101 27 56 8 1 2; ]
0500000559[347 102 27 56 8 1 2; ]
0500000560[347 102 28 56 8 1 2; ]
0500000561[348 103 28 56 8 1 2; ]
0500000562[348 103 28 56 8 1 2; ]
0500000563[348 103 28 56 8 1 2; ]
0500000564[349 103 28 58 8 1 2; ]
0500000565[350 104 28 58 8 1 2; ]
0500000566[350 104 29 58 8 0 2; ]
0500000567[351 106 29 57 8 0 2; ]
0500000568[351 108 29 55 8 0 2; ]
0500000569[352 109 29 55 8 0 2; ]
0500000570[353 108 30 55 8 0 2; ]
0500000571[353 108 30 55 8 0 2; ]
0500000572[354 107 31 56 8 0 2; ]
0500000573[354 106 32 56 8 0 2; ]
0500000574[355 106 32 56 8 0 2; ]
0500000575[357 106 32 56 8 0 2; ]
0500000576[358 106 32 55 8 0 2; ]
0500000577[359 106 32 55 8 0 2; ]
0500000578[360 107 32 54 8 0 2; ]
0500000579[361 107 32 53 8 0 2; ]
0500000580[362 107 32 53 8 0 2; ]
0500000581[364 107 32 53 8 0 2; ]
0500000582[365 106 32 53 8 0 2; ]
0500000583[366 106 32 53 8 0 2; ]
0500000584[367 105 32 53 8 0 2; ]
0500000585[368 105 32 53 8 0 2; ]
0500000586[369 104 32 54 8 0 2; ]
0500000587[371 103 32 54 8 0 2; ]
0500000588[372 101 32 54 8 0 2; ]
0500000589[374 103 31 54 8 0 2; ]
0500000590[375 104 30 54 8 0 2; ]
0500000591[377 105 30 54 8 0 2; ]
0500000592[378 107 30 54 8 0 2; ]
0500000593[379 108 30 54 8 0 2; ]
0500000594[381 109 30 54 8 0 2; ]
0500000595[382 109 30 53 8 0 2; ]
0500000596[383 109 30 53 8 0 2; ]
0500000597[384 109 30 53 8 0 2; ]
0500000598[384 109 30 52 8 0 2; ]
0500000599[385 109 31 52 8 0 2; ]
0500000600[386 108 31 53 8 0 2; ]
0500000601[386 107 31 53 8 0 2; ]
0500000602[387 106 31 54 8 0 2; ]
0500000603[387 105 32 55 8 0 2; ]
0500000604[387 106 32 55 8 0 2; ]
0500000605[386 106 33 54 8 0 2; ]
0500000606[386 107 33 54 8 0 2; ]
0500000607[387 107 33 54 8 0 2; ]
0500000608[387 107 32 54 8 0 2; ]
0500000609[388 107 32 54 8 0 2; ]
0500000610[388 107 32 54 8 0 2; ]
0500000611[388 107 32 54 8 0 2; ]
0500000612[387 107 32 54 8 0 2; ]
0500000613[386 106 32 54 8 0 2; ]
0500000614[386 106 32 54 8 0 2; ]
0500000615[385 105 32 54 8 0 2; ]
0500000616[384 105 32 54 8 0 2; ]
0500000617[383 104 32 55 8 0 2; ]
0500000618[382 103 32 55 8 0 2; ]
0500000619[381 104 32 54 8 0 2; ]
0500000620[380 104 32 53 8 0 2; ]
0500000621[380 105 32 53 8 0 2; ]
0500000622[379 105 31 52 8 0 2; ]
0500000623[379 106 31 52 8 0 2; ]
0500000624[378 106 31 52 8 0 2; ]
0500000625[377 106 31 52 8 0 2; ]
0500000626[377 106 31 52 8 0 2; ]
0500000627[376 106 32 52 8 0 2; 318 114 16 30 9 1 0; ]
0500000628[376 106 32 52 8 0 2; ]
0500000629[375 106 32 52 8 0 2; ]
0500000630[374 106 32 52 8 0 2; ]
0500000631[374 106 32 52 8 0 2; ]
0500000632[373 106 32 52 8 0 2; ]
0500000633[373 105 32 52 8 0 2; ]
0500000634[372 106 32 52 8 0 2; ]
0500000635[372 106 32 52 8 0 2; ]
0500000636[372 106 31 51 8 0 2; ]
0500000637[372 107 31 51 8 0 2; ]
0500000638[372 107 31 51 8 0 2; ]
0500000639[372 107 31 51 8 0 2; ]
0500000640[372 107 31 51 8 0 2; ]
0500000641[371 107 31 51 8 0 2; ]
0500000642[371 106 31 52 8 0 2; ]
0500000643[371 105 31 53 8 0 2; ]
0500000644[371 104 31 53 8 0 2; ]
0500000645[371 105 31 53 8 0 2; ]
0500000646[371 105 31 53 8 0 2; ]
0500000647[371 105 32 53 8 0 2; ]
0500000648[371 105 32 52 8 0 2; ]
0500000649[371 106 32 52 8 0 2; ]
0500000650[372 107 31 51 8 0 2; ]
0500000651[372 107 30 51 8 0 2; ]
0500000652[372 107 30 51 8 0 2; ]
0500000653[372 106 30 52 8 0 2; ]
0500000654[373 106 29 52 8 0 2; ]
0500000655[373 105 29 52 8 0 2; ]
0500000656[372 105 29 52 8 0 2; ]
0500000657[372 104 30 52 8 0 2; 321 110 18 30 9 0 0; ]
0500000658[372 104 30 52 8 0 2; ]
0500000659[372 104 30 52 8 0 2; ]
0500000660[372 104 30 52 8 0 2; ]
0500000661[372 104 30 52 8 0 2; ]
0500000662[372 105 31 52 8 0 2; ]
0500000663[372 105 31 52 8 0 2; ]
0500000664[371 105 31 52 8 0 2; ]
0500000665[371 105 31 52 8 1 2; ]
0500000666[371 105 32 52 8 1 2; ]
0500000667[370 105 32 52 8 1 2; ]
0500000668[370 105 32 52 8 1 2; ]
0500000669[370 104 33 53 8 1 2; ]
0500000670[370 102 33 55 8 1 2; ]
0500000671[]
0500000672[]
0500000673[]
0500000674[327 110 17 30 9 0 0; ]
0500000675[327 110 17 30 9 0 0; ]
0500000676[328 110 17 30 9 0 0; ]
0500000677[328 111 17 30 9 0 0; ]
0500000678[328 111 17 30 9 0 0; ]
0500000679[328 111 17 30 9 0 0; ]
0500000680[]
0500000681[]
0500000682[]
0500000683[]
0500000684[]
0500000685[]
0500000686[330 110 17 30 9 1 0; ]
0500000687[330 110 17 30 9 1 0; ]
0500000688[330 110 17 31 9 1 0; ]
0500000689[331 109 17 31 9 1 0; ]
0500000690[331 109 17 31 9 1 0; ]
0500000691[]
0500000692[]
0500000693[]
0500000694[]
0500000695[]
0500000696[]
0500000697[]
0500000698[]
0500000699[]
0500000700[]
0500000701[]
0500000702[]
0500000703[]
0500000704[]
0500000705[]
0500000706[]
0500000707[]
0500000708[]
0500000709[]
0500000710[]
0500000711[]
0500000712[]
0500000713[]
0500000714[]
0500000715[]
0500000716[]
0500000717[]
0500000718[]
0500000719[]
0500000720[]
0500000721[]
0500000722[]
0500000723[]
0500000724[]
0500000725[]
0500000726[]
0500000727[363 101 23 48 10 1 2; ]
0500000728[360 101 25 49 10 1 2; ]
0500000729[359 101 26 50 10 1 2; ]
0500000730[358 101 26 51 10 1 2; ]
0500000731[358 101 26 51 10 1 2; ]
0500000732[359 101 25 52 10 1 2; ]
0500000733[359 101 25 52 10 1 2; ]
0500000734[358 100 25 52 10 0 2; ]
0500000735[357 100 27 52 10 0 2; ]
0500000736[355 99 28 51 10 0 2; ]
0500000737[354 99 29 51 10 0 2; ]
0500000738[354 99 30 51 10 0 2; ]
0500000739[354 99 30 51 10 0 2; ]
0500000740[354 100 30 51 10 0 2; ]
0500000741[354 101 30 51 10 0 2; ]
0500000742[354 101 30 52 10 0 2; 343 110 19 33 11 1 0; ]
0500000743[354 102 30 53 10 0 2; 343 111 20 33 11 1 0; ]
0500000744[354 103 30 55 10 0 2; 343 111 21 33 11 1 0; ]
0500000745[354 103 30 56 10 0 2; 343 111 20 33 11 1 0; ]
0500000746[353 103 30 56 10 0 2; 344 111 20 34 11 1 0; ]
0500000747[353 102 30 56 10 0 2; 345 109 20 35 11 1 0; ]
0500000748[353 101 31 55 10 0 2; 346 108 19 36 11 1 0; ]
0500000749[353 101 31 55 10 0 2; 347 108 19 37 11 1 0; ]
0500000750[353 101 31 55 10 0 2; 347 108 20 37 11 1 0; ]
0500000751[353 101 31 56 10 0 2; 347 109 21 38 11 1 0; ]
0500000752[353 102 31 57 10 0 2; ]
0500000753[353 102 31 58 10 0 2; ]
0500000754[353 102 31 58 10 0 2; ]
0500000755[353 102 31 56 10 0 2; ]
0500000756[353 102 31 54 10 0 2; ]
0500000757[353 101 32 52 10 0 2; ]
0500000758[353 100 31 54 10 0 2; ]
0500000759[353 100 31 56 10 0 2; ]
0500000760[354 100 31 56 10 0 2; ]
0500000761[354 100 31 56 10 0 2; ]
0500000762[354 101 32 56 10 0 2; ]
0500000763[354 102 31 57 10 0 2; ]
0500000764[354 102 31 57 10 0 2; ]
0500000765[354 102 31 57 10 0 2; ]
0500000766[354 101 32 57 10 0 2; ]
0500000767[354 100 32 57 10 0 2; ]
0500000768[354 99 32 56 10 0 2; ]
0500000769[354 97 32 58 10 0 2; ]
0500000770[354 96 32 59 10 0 2; ]
0500000771[354 96 32 59 10 0 2; ]
0500000772[354 98 32 58 10 0 2; ]
0500000773[355 101 31 57 10 0 2; ]
0500000774[355 102 31 56 10 0 2; ]
0500000775[355 102 31 57 10 0 2; 375 109 19 39 12 1 0; ]
0500000776[356 103 31 58 10 0 2; 376 109 20 39 12 1 0; ]
0500000777[356 103 31 58 10 0 2; 377 108 21 39 12 1 0; ]
0500000778[356 102 32 58 10 0 2; 378 107 21 39 12 1 0; ]
0500000779[357 100 33 58 10 0 2; 379 107 22 39 12 0 0; ]
0500000780[357 99 34 58 10 0 2; 381 106 22 39 12 0 0; ]
0500000781[358 98 33 58 10 0 2; 382 105 23 39 12 0 0; ]
0500000782[358 98 32 58 10 0 2; 384 104 23 40 12 0 0; ]
0500000783[359 98 32 58 10 0 2; 386 104 23 40 12 0 0; ]
0500000784[]
0500000785[359 98 33 57 13 0 2; 387 104 24 45 14 0 0; ]
0500000786[358 98 35 58 13 0 2; 388 104 24 46 14 0 0; ]
0500000787[358 99 36 59 13 0 2; 390 104 25 46 14 0 0; ]
0500000788[358 99 36 59 13 0 2; 392 104 25 47 14 0 0; ]
0500000789[359 99 36 59 13 0 2; 393 104 25 47 14 0 0; ]
0500000790[360 99 36 58 13 0 2; 395 104 26 48 14 0 0; ]
0500000791[362 100 35 58 13 0 2; 397 104 26 49 14 0 0; ]
0500000792[363 100 35 57 13 0 2; 398 104 26 49 14 0 0; ]
0500000793[364 100 35 57 13 0 2; 400 104 26 50 14 0 0; ]
0500000794[364 99 36 57 13 0 2; 402 102 27 51 14 0 0; ]
0500000795[365 99 36 57 13 0 2; 405 101 27 52 14 0 0; ]
0500000796[365 99 37 57 13 0 2; 407 100 27 52 14 0 0; ]
0500000797[366 98 37 57 13 0 2; 409 100 27 52 14 0 0; ]
0500000798[367 97 37 58 13 0 2; 411 101 27 52 14 0 0; ]
0500000799[368 96 36 59 13 0 2; 414 101 28 51 14 0 0; ]
0500000800[369 96 35 60 13 0 2; 416 101 28 49 14 0 0; ]
0500000801[369 96 35 60 13 0 2; 418 101 28 52 14 0 0; ]
0500000802[370 96 35 60 13 0 2; 419 100 29 55 14 0 0; ]
0500000803[371 96 35 60 13 0 2; 421 100 30 53 14 0 0; ]
0500000804[371 97 35 60 13 0 2; 423 100 30 52 14 0 0; ]
0500000805[372 98 36 59 13 0 2; 426 100 30 53 14 0 0; ]
0500000806[373 100 37 59 13 0 2; 429 102 29 53 14 0 0; ]
0500000807[373 100 37 59 13 0 2; 431 103 29 53 14 0 0; ]
0500000808[374 101 37 60 13 0 2; 433 104 29 54 14 0 0; ]
0500000809[375 101 36 61 13 0 2; 435 104 30 56 14 0 0; ]
0500000810[376 102 36 62 13 0 2; 437 105 31 58 14 0 0; ]
0500000811[377 102 36 63 13 0 2; 440 105 31 59 14 0 0; ]
0500000812[378 102 36 63 13 0 2; 442 105 31 60 14 0 0; ]
0500000813[379 103 36 62 13 0 2; 445 105 31 61 14 0 0; ]
0500000814[380 103 35 62 13 0 2; 449 105 31 61 14 0 0; ]
0500000815[381 103 35 61 13 0 2; 452 104 31 61 14 0 0; ]
0500000816[382 102 36 61 13 0 2; 455 104 31 60 14 0 0; ]
0500000817[382 101 36 62 13 0 2; 458 103 31 59 14 0 0; ]
0500000818[383 100 36 62 13 0 2; 461 103 31 58 14 0 0; ]
0500000819[384 99 36 62 13 0 2; 464 102 31 58 14 0 0; ]
0500000820[385 98 36 62 13 0 2; 467 101 31 58 14 0 0; ]
0500000821[386 98 37 63 13 0 2; 470 100 31 58 14 0 0; ]
0500000822[386 97 37 63 13 0 2; 472 100 31 59 14 0 0; ]
0500000823[387 97 37 63 13 0 2; 475 100 32 59 14 0 0; ]
0500000824[388 96 37 63 13 0 2; 477 99 33 60 14 0 0; ]
0500000825[389 96 37 64 13 0 2; ]
0500000826[389 96 38 64 13 0 2; ]
0500000827[390 95 38 64 13 0 2; ]
0500000828[391 95 38 63 13 0 2; ]
0500000829[392 95 38 62 13 0 2; ]
0500000830[392 95 38 61 13 0 2; ]
0500000831[394 94 38 63 13 0 2; ]
0500000832[396 93 38 64 13 0 2; ]
0500000833[396 93 38 64 13 0 2; ]
0500000834[396 93 38 64 13 0 2; ]
0500000835[396 94 38 64 13 0 2; ]
0500000836[396 94 38 64 13 0 2; ]
0500000837[396 95 38 64 13 0 2; ]
0500000838[396 95 39 64 13 0 2; ]
0500000839[396 95 39 64 13 0 2; ]
0500000840[396 94 39 64 13 0 2; ]
0500000841[396 94 39 64 13 0 2; ]
0500000842[396 94 39 64 13 0 2; ]
0500000843[395 94 40 64 13 0 2; ]
0500000844[395 93 40 64 13 0 2; ]
0500000845[395 92 40 64 13 0 2; ]
0500000846[395 92 40 65 13 0 2; ]
0500000847[394 92 40 66 13 0 2; ]
0500000848[394 92 40 66 13 0 2; ]
0500000849[394 93 40 66 13 0 2; ]
0500000850[394 94 40 65 13 0 2; ]
0500000851[394 94 40 65 13 0 2; ]
0500000852[394 95 40 65 13 0 2; ]
0500000853[393 94 40 65 13 0 2; ]
0500000854[393 93 40 66 13 0 2; ]
0500000855[393 92 40 66 13 0 2; ]
0500000856[393 91 40 67 13 0 2; ]
0500000857[393 91 40 66 13 0 2; ]
0500000858[393 90 41 66 13 0 2; ]
0500000859[393 90 41 65 13 0 2; ]
0500000860[392 89 41 65 13 0 2; ]
0500000861[392 89 40 65 13 0 2; ]
0500000862[392 90 40 66 13 0 2; ]
0500000863[393 90 40 66 13 0 2; ]
0500000864[393 90 40 66 13 0 2; ]
0500000865[393 91 40 66 13 0 2; ]
0500000866[393 91 40 65 13 0 2; ]
0500000867[393 92 40 64 13 0 2; ]
0500000868[393 92 40 64 13 0 2; ]
0500000869[393 93 40 64 13 0 2; ]
0500000870[394 93 40 64 13 0 2; ]
0500000871[394 94 40 64 13 0 2; ]
0500000872[395 94 40 64 13 0 2; ]
0500000873[395 95 40 64 13 0 2; 292 108 16 30 15 0 0; ]
0500000874[396 96 40 65 13 0 2; 292 109 16 30 15 0 0; ]
0500000875[396 96 40 65 13 0 2; 293 109 16 30 15 0 0; ]
0500000876[396 96 40 67 13 0 2; 293 109 16 30 15 0 0; ]
0500000877[396 96 40 68 13 0 2; ]
0500000878[397 96 41 67 13 0 2; ]
0500000879[397 96 41 66 13 0 2; ]
0500000880[397 96 41 66 13 0 2; ]
0500000881[398 96 41 66 13 0 2; ]
0500000882[398 96 41 67 13 0 2; ]
0500000883[398 96 41 67 13 0 2; 297 110 17 30 15 0 0; ]
0500000884[399 97 41 67 13 0 2; 297 110 17 30 15 0 0; ]
0500000885[400 98 41 67 13 0 2; 298 111 17 30 15 0 0; ]
0500000886[400 99 41 67 13 0 2; 298 112 17 30 15 0 0; ]
0500000887[401 99 41 67 13 0 2; 299 113 17 30 15 0 0; ]
0500000888[402 98 41 67 13 0 2; ]
0500000889[403 98 41 68 13 0 2; ]
0500000890[404 96 41 68 13 0 2; ]
0500000891[404 96 41 68 13 0 2; ]
0500000892[405 95 41 68 13 0 2; ]
0500000893[405 95 41 68 13 0 2; ]
0500000894[405 95 41 68 13 0 2; ]
0500000895[406 95 41 68 13 0 2; ]
0500000896[406 95 41 69 13 0 2; ]
0500000897[407 95 41 69 13 0 2; ]
0500000898[407 95 42 69 13 0 2; ]
0500000899[407 95 42 69 13 0 2; ]
0500000900[407 96 43 69 13 0 2; ]
0500000901[407 96 43 69 13 0 2; ]
0500000902[407 97 43 69 13 0 2; ]
0500000903[408 98 42 69 13 0 2; 308 112 18 31 15 0 0; ]
0500000904[409 99 42 69 13 0 2; 309 112 18 32 15 0 0; ]
0500000905[410 100 41 69 13 0 2; 309 113 18 32 15 0 0; ]
0500000906[410 99 42 71 13 0 2; 310 115 18 32 15 0 0; ]
0500000907[410 99 43 72 13 0 2; 312 116 18 31 15 0 0; ]
0500000908[411 99 43 72 13 0 2; 313 115 18 31 15 0 0; ]
0500000909[411 99 43 72 13 0 2; 314 113 18 31 15 0 0; ]
0500000910[412 98 43 72 13 0 2; 315 113 18 31 15 0 0; ]
0500000911[412 98 43 70 13 0 2; 315 112 19 31 15 0 0; ]
0500000912[413 98 43 70 13 0 2; 316 112 19 31 15 0 0; ]
0500000913[414 97 43 70 13 0 2; 316 112 19 31 15 0 0; ]
0500000914[415 97 43 70 13 0 2; 317 111 19 31 15 0 0; ]
0500000915[415 97 43 70 13 0 2; 318 111 19 31 15 0 0; ]
0500000916[416 97 43 70 13 0 2; 320 111 18 31 15 0 0; ]
0500000917[418 96 43 70 13 0 2; 322 111 18 31 15 0 0; ]
0500000918[419 96 43 70 13 0 2; 323 111 17 31 15 0 0; ]
0500000919[420 96 43 70 13 0 2; 324 111 16 30 15 0 0; ]
0500000920[421 96 43 70 13 0 2; 325 111 16 30 15 0 0; ]
0500000921[422 95 43 70 13 1 2; 326 110 16 30 15 0 0; ]
0500000922[423 95 44 70 13 1 2; 327 110 17 30 15 0 0; ]
0500000923[423 95 44 71 13 1 2; 328 110 18 31 15 0 0; ]
0500000924[424 95 44 71 13 1 2; 329 110 18 31 15 0 0; ]
0500000925[425 95 44 71 13 1 2; 330 110 18 31 15 0 0; ]
0500000926[425 95 45 71 13 1 2; 332 110 18 31 15 0 0; ]
0500000927[426 95 45 71 13 1 2; 333 109 18 31 15 0 0; ]
0500000928[427 95 45 71 13 1 2; 334 109 18 31 15 0 0; ]
0500000929[335 109 18 32 15 0 0; ]
0500000930[336 109 18 32 15 0 0; ]
0500000931[337 109 18 32 15 0 0; ]
0500000932[338 109 18 32 15 0 0; ]
0500000933[339 108 18 32 15 0 0; ]
0500000934[340 108 19 32 15 0 0; ]
0500000935[341 108 19 32 15 0 0; ]
0500000936[342 107 19 32 15 0 0; ]
0500000937[343 107 19 32 15 0 0; ]
0500000938[343 107 19 33 15 0 0; ]
0500000939[344 106 19 33 15 0 0; ]
0500000940[345 106 19 32 15 0 0; ]
0500000941[346 106 19 32 15 0 0; ]
0500000942[347 106 19 31 15 0 0; ]
0500000943[348 105 19 31 15 0 0; ]
0500000944[349 105 19 32 15 0 0; ]
0500000945[350 105 19 32 15 0 0; ]
0500000946[350 104 19 34 15 0 0; ]
0500000947[351 104 19 35 15 0 0; ]
0500000948[352 104 19 35 15 0 0; ]
0500000949[352 104 19 35 15 0 0; ]
0500000950[353 104 19 34 15 0 0; ]
0500000951[354 104 19 34 15 0 0; ]
0500000952[354 104 19 34 15 0 0; ]
0500000953[355 104 19 34 15 0 0; ]
0500000954[356 104 19 34 15 0 0; ]
0500000955[356 104 19 34 15 0 0; ]
0500000956[357 104 19 34 15 0 0; ]
0500000957[357 104 20 35 15 0 0; ]
0500000958[358 104 20 35 15 0 0; ]
0500000959[359 103 20 35 15 0 0; ]
0500000960[359 103 20 35 15 0 0; ]
0500000961[360 102 20 36 15 0 0; ]
0500000962[360 101 20 36 15 0 0; ]
0500000963[361 103 20 36 15 1 0; ]
0500000964[362 104 20 35 15 1 0; ]
0500000965[]
0500000966[]
0500000967[]
0500000968[]
0500000969[]
0500000970[]
0500000971[]
0500000972[]
0500000973[]
0500000974[]
0500000975[]
0500000976[]
0500000977[]
0500000978[]
0500000979[]
0500000980[]
0500000981[]
0500000982[]
0500000983[]
0500000984[]
0500000985[]
0500000986[]
0500000987[]
0500000988[]
0500000989[]
0500000990[]
0500000991[]
0500000992[]
0500000993[]
0500000994[]
0500000995[453 95 38 73 16 1 2; ]
0500000996[453 95 39 73 16 1 2; ]
0500000997[453 95 39 74 16 1 2; ]
0500000998[453 95 39 74 16 1 2; ]
0500000999[452 95 40 75 16 1 2; ]
0500001000[452 95 40 75 16 1 2; ]
0500001001[451 95 41 76 16 1 2; ]
0500001002[451 95 41 76 16 1 2; ]
0500001003[451 95 42 76 16 1 2; ]
0500001004[450 95 42 76 16 1 2; ]
0500001005[450 95 42 76 16 1 2; ]
0500001006[450 95 43 76 16 1 2; ]
0500001007[448 95 44 76 16 1 2; ]
0500001008[446 95 46 76 16 1 2; ]
0500001009[446 95 46 76 16 0 2; ]
0500001010[445 95 47 76 16 0 2; ]
0500001011[444 95 47 76 16 0 2; ]
0500001012[444 95 48 76 16 0 2; ]
0500001013[444 95 48 76 16 0 2; 430 104 23 46 17 1 0; ]
0500001014[443 95 48 76 16 0 2; 432 104 23 46 17 0 0; ]
0500001015[443 95 49 76 16 0 2; 434 104 23 46 17 0 0; ]
0500001016[443 96 49 77 16 0 2; 436 104 23 46 17 1 0; ]
0500001017[443 96 49 77 16 0 2; 437 104 23 47 17 1 0; ]
0500001018[443 95 49 77 16 0 2; 439 104 24 47 17 1 0; ]
0500001019[443 95 49 77 16 0 2; 440 104 24 48 17 1 0; ]
0500001020[443 94 49 78 16 0 2; 442 103 25 49 17 1 0; ]
0500001021[443 94 49 78 16 0 2; ]
0500001022[443 93 49 78 16 0 2; ]
0500001023[443 92 49 79 16 0 2; ]
0500001024[443 90 48 79 16 0 2; ]
0500001025[443 89 48 80 16 0 2; ]
0500001026[444 90 48 79 16 0 2; ]
0500001027[444 91 48 78 16 0 2; ]
0500001028[444 91 48 77 16 0 2; ]
0500001029[444 90 48 78 16 0 2; ]
0500001030[445 89 49 79 16 0 2; ]
0500001031[445 87 49 80 16 0 2; ]
0500001032[445 86 50 81 16 0 2; ]
0500001033[445 85 49 81 16 0 2; ]
0500001034[446 84 49 81 16 0 2; ]
0500001035[446 83 49 81 16 0 2; ]
0500001036[446 83 49 81 16 0 2; 482 94 27 56 18 1 0; ]
0500001037[446 83 49 82 16 0 2; ]
0500001038[447 82 49 82 16 0 2; ]
0500001039[447 82 49 82 16 0 2; ]
0500001040[447 82 50 82 16 0 2; ]
0500001041[448 82 50 82 16 0 2; ]
0500001042[448 82 50 82 16 0 2; ]
0500001043[449 82 50 82 16 0 2; ]
0500001044[449 81 50 82 16 0 2; ]
0500001045[450 81 50 82 16 0 2; ]
0500001046[451 81 51 82 16 0 2; ]
0500001047[452 81 51 82 16 0 2; ]
0500001048[453 81 51 81 16 0 2; ]
0500001049[454 80 51 80 16 0 2; ]
0500001050[455 79 51 80 16 0 2; ]
0500001051[456 78 51 79 16 0 2; ]
0500001052[457 78 51 79 16 0 2; ]
0500001053[458 77 51 80 16 0 2; ]
0500001054[460 76 51 80 16 0 2; ]
0500001055[]
0500001056[]
0500001057[]
0500001058[]
0500001059[]
0500001060[]
0500001061[]
0500001062[]
0500001063[]
0500001064[]
0500001065[]
0500001066[]
0500001067[]
0500001068[]
0500001069[]
0500001070[]
0500001071[]
0500001072[]
0500001073[]
0500001074[]
0500001075[]
0500001076[]
0500001077[]
0500001078[]
0500001079[]
0500001080[]
0500001081[]
0500001082[]
0500001083[]
0500001084[]
0500001085[]
0500001086[]
0500001087[]
0500001088[]
0500001089[]
0500001090[]
0500001091[]
0500001092[]
0500001093[]
0500001094[]
0500001095[]
0500001096[]
0500001097[]
0500001098[]
0500001099[]
0500001100[]
0500001101[]
0500001102[]
0500001103[]
0500001104[]
0500001105[]
0500001106[]
0500001107[]
0500001108[]
0500001109[]
0500001110[]
0500001111[]
0500001112[]
0500001113[]
0500001114[]
0500001115[]
0500001116[]
0500001117[]
0500001118[]
0500001119[]
0500001120[]
0500001121[]
0500001122[]
0500001123[]
0500001124[]
0500001125[]
0500001126[]
0500001127[]
0500001128[]
0500001129[]
0500001130[]
0500001131[]
0500001132[]
0500001133[]
0500001134[]
0500001135[]
0500001136[]
0500001137[]
0500001138[]
0500001139[]
0500001140[]
0500001141[]
0500001142[]
0500001143[]
0500001144[]
0500001145[]
0500001146[]
0500001147[]
0500001148[]
0500001149[]
0500001150[]
0500001151[]
0500001152[]
0500001153[]
0500001154[]
0500001155[]
0500001156[]
0500001157[]
0500001158[]
0500001159[]
0500001160[]
0500001161[]
0500001162[]
0500001163[]
0500001164[]
0500001165[]
0500001166[]
0500001167[]
0500001168[]
0500001169[]
0500001170[]
0500001171[]
0500001172[]
0500001173[]
0500001174[]
0500001175[]
0500001176[]
0500001177[]
0500001178[]
0500001179[]
0500001180[]
0500001181[]
0500001182[]
0500001183[]
0500001184[]
0500001185[]
0500001186[]
0500001187[]
0500001188[]
0500001189[]
0500001190[]
0500001191[]
0500001192[]
0500001193[]
0500001194[]
0500001195[]
0500001196[]
0500001197[]
0500001198[]
0500001199[]
0500001200[]
0500001201[]
0500001202[458 83 35 74 19 1 2; ]
0500001203[458 84 35 74 19 1 2; ]
0500001204[457 86 36 73 19 1 2; ]
0500001205[457 86 36 73 19 1 2; ]
0500001206[455 87 37 73 19 1 2; ]
0500001207[454 88 38 72 19 1 2; ]
0500001208[454 89 38 72 19 1 2; ]
0500001209[455 89 37 72 19 1 2; ]
0500001210[453 89 38 72 19 1 2; ]
0500001211[451 90 40 72 19 1 2; ]
0500001212[449 90 41 72 19 0 2; ]
0500001213[448 90 42 72 19 0 2; ]
0500001214[447 90 42 72 19 0 2; ]
0500001215[446 90 41 72 19 0 2; ]
0500001216[446 91 41 72 19 0 2; ]
0500001217[446 91 41 72 19 0 2; ]
0500001218[445 91 41 71 19 0 2; ]
0500001219[445 91 42 70 19 0 2; ]
0500001220[444 91 42 69 19 0 2; ]
0500001221[443 92 42 70 19 0 2; ]
0500001222[442 93 42 70 19 0 2; ]
0500001223[441 93 42 69 19 0 2; ]
0500001224[440 91 42 68 19 0 2; ]
0500001225[440 89 42 70 19 0 2; ]
0500001226[439 87 42 72 19 0 2; ]
0500001227[439 89 42 70 19 0 2; ]
0500001228[438 91 41 69 19 0 2; ]
0500001229[437 89 41 71 19 0 2; ]
0500001230[437 87 41 73 19 0 2; ]
0500001231[436 86 41 72 19 0 2; ]
0500001232[435 86 41 70 19 0 2; ]
0500001233[434 87 41 70 19 0 2; ]
0500001234[433 88 41 69 19 0 2; ]
0500001235[432 89 41 69 19 0 2; ]
0500001236[431 90 41 68 19 0 2; ]
0500001237[430 91 41 67 19 0 2; ]
0500001238[430 91 41 67 19 0 2; ]
0500001239[429 91 41 66 19 0 2; ]
0500001240[428 91 41 66 19 0 2; ]
0500001241[427 90 41 67 19 0 2; ]
0500001242[426 89 41 67 19 0 2; ]
0500001243[425 88 41 67 19 0 2; ]
0500001244[424 88 41 66 19 0 2; ]
0500001245[423 89 40 65 19 0 2; ]
0500001246[422 90 40 64 19 0 2; ]
0500001247[421 91 40 61 19 0 2; ]
0500001248[420 91 40 63 19 0 2; ]
0500001249[420 91 40 65 19 0 2; ]
0500001250[419 91 40 66 19 0 2; ]
0500001251[418 91 40 66 19 0 2; ]
0500001252[417 92 40 66 19 0 2; ]
0500001253[416 93 40 65 19 0 2; ]
0500001254[415 93 40 65 19 0 2; 366 105 19 42 21 1 1; ]
0500001255[414 93 39 66 19 0 2; 368 105 19 42 21 1 1; ]
0500001256[413 92 39 66 19 0 2; 369 104 19 42 21 0 1; ]
0500001257[411 91 39 67 19 0 2; 371 104 19 43 21 0 1; ]
0500001258[411 91 39 67 19 0 2; 372 103 19 43 21 0 1; ]
0500001259[410 91 39 66 19 0 2; 374 103 19 43 21 0 1; ]
0500001260[410 91 39 66 19 0 2; 376 102 19 42 21 0 1; ]
0500001261[409 91 39 65 19 0 2; 377 102 19 41 21 0 1; ]
0500001262[408 91 39 63 19 0 2; 379 102 20 41 21 0 1; ]
0500001263[407 91 39 65 19 0 2; 380 103 20 41 21 0 1; ]
0500001264[407 90 38 66 19 0 2; 382 103 20 42 21 0 1; ]
0500001265[406 90 38 66 19 0 2; 384 104 21 42 21 0 1; ]
0500001266[405 90 38 66 19 0 2; 386 103 21 42 21 0 1; ]
0500001267[405 89 37 65 19 0 2; 387 103 21 43 21 0 1; ]
0500001268[404 89 37 64 19 0 2; 389 101 22 43 21 0 1; ]
0500001269[403 88 37 63 19 0 2; 391 100 22 44 21 1 1; ]
0500001270[402 87 37 63 19 0 2; 392 97 22 45 21 1 1; ]
0500001271[401 85 37 62 19 0 2; 394 95 22 45 21 1 1; ]
0500001272[400 84 36 62 19 0 2; 395 93 22 46 21 1 1; ]
0500001273[399 83 36 61 19 0 2; ]
0500001274[398 83 36 61 19 0 2; ]
0500001275[397 83 36 61 19 0 2; ]
0500001276[396 84 36 61 19 0 2; ]
0500001277[395 84 36 61 19 0 2; ]
0500001278[393 85 36 59 19 0 2; ]
0500001279[392 85 35 58 19 0 2; ]
0500001280[391 86 35 58 19 0 2; 340 104 17 30 23 0 -1; ]
0500001281[390 87 35 58 19 0 2; 416 92 19 45 22 1 1; 340 105 17 31 23 0 -1; ]
0500001282[389 87 35 59 19 0 2; 416 92 20 47 22 0 1; 341 105 17 32 23 0 -1; ]
0500001283[387 88 35 59 19 0 2; 417 92 21 48 22 0 1; 342 106 17 32 23 0 -1; ]
0500001284[386 88 35 60 19 0 2; 418 91 21 48 22 0 1; 342 107 17 33 23 0 -1; ]
0500001285[385 89 35 60 19 0 2; 420 92 21 48 22 0 1; 343 107 17 33 23 0 -1; ]
0500001286[384 90 35 60 19 0 2; 422 93 20 47 22 0 1; 344 107 17 34 23 0 -1; ]
0500001287[382 90 35 60 19 0 2; 424 93 20 48 22 0 1; 344 108 17 34 23 0 -1; ]
0500001288[381 91 35 60 19 0 2; 426 93 19 48 22 0 1; 345 108 17 34 23 0 -1; 331 104 16 34 25 0 3; ]
0500001289[380 91 35 59 19 0 2; 428 94 19 48 22 0 1; 346 108 17 33 23 0 -1; 332 104 16 34 25 0 3; ]
0500001290[379 92 35 59 19 0 2; 429 94 20 49 22 0 1; 346 108 16 33 23 0 -1; 333 104 17 34 25 0 3; ]
0500001291[378 93 35 59 19 0 2; 430 94 20 49 22 0 1; 347 108 16 33 23 0 -1; 333 104 17 34 25 0 3; ]
0500001292[376 93 35 59 19 0 2; 432 94 20 49 22 0 1; 347 108 16 33 23 0 -1; 334 104 17 35 25 0 3; ]
0500001293[376 93 34 58 19 0 2; 434 93 20 49 22 0 1; 348 108 17 33 23 0 -1; 335 104 17 35 25 0 3; ]
0500001294[375 94 34 57 19 0 2; 435 92 20 48 22 0 1; 349 108 17 33 23 0 -1; 335 104 17 35 25 0 3; ]
0500001295[374 94 33 57 19 0 2; 437 93 20 48 22 0 1; 350 109 17 33 23 0 -1; 336 104 18 35 25 0 3; ]
0500001296[373 94 33 57 19 0 2; 439 95 19 48 22 0 1; 350 109 17 34 23 0 -1; 337 104 18 35 25 0 3; ]
0500001297[372 94 33 57 19 0 2; 440 95 20 49 22 0 1; 350 109 18 35 23 0 -1; 337 104 18 35 25 0 3; ]
0500001298[372 94 33 57 19 0 2; 441 95 21 50 22 0 1; 351 110 18 35 23 0 -1; 338 105 18 35 25 0 3; ]
0500001299[371 95 33 57 19 0 2; 442 95 22 50 22 0 1; 352 110 18 35 23 0 -1; 339 105 18 35 25 0 3; ]
0500001300[369 95 32 57 19 0 2; 444 95 22 51 22 0 1; 353 111 18 35 23 0 -1; 339 105 19 35 25 0 3; ]
0500001301[368 95 32 56 19 0 2; 445 95 23 51 22 0 1; 354 111 18 34 23 0 -1; 340 105 19 36 25 0 3; ]
0500001302[367 95 32 55 19 0 2; 447 95 23 52 22 0 1; 355 111 18 33 23 0 -1; 341 104 19 36 25 0 3; ]
0500001303[366 95 32 55 19 0 2; 449 95 24 52 22 0 1; 355 112 18 34 23 0 -1; 341 104 19 37 25 0 3; ]
0500001304[365 96 32 55 19 0 2; 451 95 24 53 22 0 1; 356 112 18 34 23 0 -1; 343 105 19 36 25 0 3; ]
0500001305[365 96 32 54 19 0 2; 453 95 25 53 22 0 1; 356 112 19 34 23 0 -1; 344 105 19 35 25 0 3; ]
0500001306[364 96 32 54 19 0 2; 455 95 25 54 22 0 1; 357 113 15 31 24 0 3; 345 105 19 36 25 0 3; ]
0500001307[364 96 32 54 19 0 2; 457 95 25 54 22 0 1; 359 113 13 30 24 0 3; 346 105 19 36 25 0 3; ]
0500001308[364 96 32 54 19 0 2; 460 95 25 54 22 0 1; 360 113 14 30 24 1 3; 347 104 19 36 25 0 3; ]
0500001309[363 96 32 53 19 0 2; 462 95 25 54 22 0 1; 349 105 19 36 25 0 3; ]
0500001310[363 96 32 53 19 0 2; 465 95 25 55 22 0 1; 350 105 19 36 25 0 3; ]
0500001311[363 96 32 53 19 0 2; 468 95 25 55 22 0 1; 351 105 19 36 25 0 3; ]
0500001312[362 96 31 53 19 0 2; 471 95 26 55 22 0 1; 352 105 19 36 25 0 3; ]
0500001313[362 96 31 52 19 0 2; 474 94 26 55 22 0 1; 353 105 19 36 25 0 3; ]
0500001314[362 96 31 52 19 0 2; 477 94 26 56 22 0 1; 355 104 19 37 25 1 3; ]
0500001315[361 96 31 52 19 0 2; 480 94 26 56 22 0 1; 356 104 19 38 25 1 3; ]
0500001316[360 96 31 52 19 0 2; 483 94 26 57 22 0 1; ]
0500001317[359 96 31 51 19 0 2; ]
0500001318[359 96 32 51 19 0 2; ]
0500001319[359 96 31 51 19 0 2; ]
0500001320[359 96 31 50 19 0 2; ]
0500001321[359 96 31 50 19 0 2; ]
0500001322[359 96 30 50 19 0 2; ]
0500001323[359 97 30 50 19 0 2; ]
0500001324[358 97 31 50 19 0 2; 382 109 17 34 26 1 -1; ]
0500001325[358 97 31 50 19 0 2; 383 110 17 36 26 1 -1; ]
0500001326[358 97 31 50 19 0 2; 385 110 17 39 26 0 -1; ]
0500001327[358 97 31 50 19 0 2; 386 110 18 39 26 0 -1; ]
0500001328[357 97 31 50 19 0 2; 387 110 18 39 26 0 -1; ]
0500001329[357 97 31 50 19 0 2; 389 111 18 39 26 0 -1; ]
0500001330[357 98 31 50 19 0 2; 390 111 18 39 26 0 -1; 376 104 21 39 27 1 3; ]
0500001331[357 98 30 49 19 0 2; 392 111 18 39 26 0 -1; 377 105 21 39 27 1 3; ]
0500001332[356 98 29 49 19 0 2; 393 111 18 38 26 0 -1; 379 105 21 39 27 0 3; ]
0500001333[356 98 29 49 19 0 2; 394 111 18 38 26 0 -1; 380 105 21 39 27 0 3; ]
0500001334[356 98 29 49 19 0 2; 396 111 19 38 26 0 -1; 382 105 20 39 27 0 3; ]
0500001335[356 98 29 49 19 0 2; 397 112 19 38 26 0 -1; 383 105 20 39 27 0 3; ]
0500001336[355 99 29 49 19 0 2; 399 112 19 38 26 0 -1; 385 105 20 39 27 0 3; ]
0500001337[355 99 29 49 19 0 2; 400 112 19 38 26 0 -1; 386 105 20 39 27 0 3; ]
0500001338[354 99 29 49 19 0 2; 402 112 19 38 26 0 -1; 388 105 21 41 27 0 3; ]
0500001339[353 99 29 49 19 0 2; 403 112 19 38 26 0 -1; 389 105 21 41 27 0 3; ]
0500001340[353 100 29 49 19 0 2; 403 112 21 39 26 0 -1; 390 104 21 42 27 0 3; ]
0500001341[353 100 29 48 19 0 2; 404 112 22 39 26 0 -1; 392 105 22 42 27 0 3; ]
0500001342[353 101 29 47 19 0 2; 405 113 22 39 26 0 -1; 394 106 22 41 27 0 3; ]
0500001343[353 102 28 46 19 0 2; 407 114 22 39 26 0 -1; 395 107 22 40 27 0 3; ]
0500001344[354 102 28 46 19 0 2; 409 115 22 39 26 0 -1; 397 107 22 40 27 0 3; ]
0500001345[354 102 28 46 19 0 2; 411 115 22 39 26 0 -1; 399 107 22 40 27 0 3; ]
0500001346[354 102 28 45 19 0 2; 414 115 22 39 26 0 -1; 401 107 22 40 27 0 3; ]
0500001347[355 102 28 45 19 0 2; 416 115 22 39 26 0 -1; 403 107 22 40 27 0 3; ]
0500001348[355 102 28 45 19 0 2; 418 114 22 39 26 0 -1; 405 107 21 40 27 0 3; ]
0500001349[356 101 28 45 19 0 2; 421 113 22 40 26 0 -1; 407 106 21 40 27 0 3; ]
0500001350[356 101 28 45 19 0 2; 423 112 22 40 26 0 -1; 409 106 22 40 27 0 3; ]
0500001351[357 100 28 45 19 0 2; 425 111 22 41 26 0 -1; 411 105 22 40 27 0 3; ]
0500001352[357 99 28 45 19 0 2; 427 110 22 41 26 0 -1; 414 104 22 40 27 0 3; ]
0500001353[358 97 28 45 19 0 2; 429 109 22 42 26 0 -1; 416 102 23 43 27 0 3; ]
0500001354[359 96 27 45 19 0 2; 431 109 22 43 26 1 -1; 418 100 23 44 27 0 3; ]
0500001355[360 96 27 45 19 0 2; 420 100 23 45 27 0 3; ]
0500001356[361 96 27 45 19 0 2; 422 99 23 45 27 0 3; ]
0500001357[362 96 27 45 19 0 2; 424 99 23 45 27 1 3; ]
0500001358[363 96 27 45 19 0 2; ]
0500001359[363 96 27 45 19 0 2; ]
0500001360[364 97 27 45 19 0 2; ]
0500001361[365 98 27 45 19 0 2; ]
0500001362[366 99 27 44 19 0 2; ]
0500001363[367 100 27 44 19 0 2; ]
0500001364[369 101 27 44 19 0 2; ]
0500001365[370 102 26 44 19 0 2; ]
0500001366[371 103 26 44 19 0 2; ]
0500001367[373 104 26 43 19 0 2; ]
0500001368[374 104 26 43 19 0 2; ]
0500001369[375 104 26 43 19 0 2; ]
0500001370[377 103 26 43 19 0 2; ]
0500001371[379 103 26 43 19 0 2; ]
0500001372[380 102 26 44 19 0 2; ]
0500001373[382 102 26 44 19 0 2; ]
0500001374[384 101 26 44 19 0 2; ]
0500001375[386 101 26 44 19 0 2; ]
0500001376[388 100 26 43 19 0 2; ]
0500001377[391 99 25 42 19 0 2; ]
0500001378[393 98 25 42 19 0 2; ]
0500001379[395 97 25 42 19 0 2; ]
0500001380[398 96 25 42 19 0 2; ]
0500001381[400 95 25 43 19 0 2; ]
0500001382[402 94 25 43 19 0 2; ]
0500001383[404 94 25 42 19 0 2; ]
0500001384[406 94 25 41 19 0 2; ]
0500001385[409 94 25 40 19 0 2; ]
0500001386[411 95 25 40 19 0 2; ]
0500001387[413 95 25 40 19 0 2; ]
0500001388[415 96 25 40 19 0 2; ]
0500001389[417 97 25 41 19 1 2; ]
0500001390[419 99 25 41 19 1 2; ]
0500001391[]
0500001392[]
0500001393[]
0500001394[]
0500001395[]
0500001396[]
0500001397[]
0500001398[]
0500001399[]
0500001400[]
0500001401[]
0500001402[]
0500001403[]
0500001404[]
0500001405[]
0500001406[]
0500001407[]
0500001408[]
0500001409[]
0500001410[]
0500001411[]
0500001412[]
0500001413[]
0500001414[]
0500001415[]
0500001416[]
0500001417[]
0500001418[]
0500001419[]
0500001420[]
0500001421[]
0500001422[]
0500001423[]
0500001424[]
0500001425[]
0500001426[]
0500001427[]
0500001428[]
0500001429[]
0500001430[]
0500001431[]
0500001432[]
0500001433[]
0500001434[]
0500001435[]
0500001436[]
0500001437[]
0500001438[]
0500001439[]
0500001440[]
0500001441[]
0500001442[]
0500001443[]
0500001444[]
0500001445[]
0500001446[]
0500001447[]
0500001448[]
0500001449[]
0500001450[]
0500001451[]
0500001452[]
0500001453[]
0500001454[]
0500001455[]
0500001456[]
0500001457[]
0500001458[]
0500001459[]
0500001460[]
0500001461[]
0500001462[]
0500001463[]
0500001464[]
0500001465[]
0500001466[]
0500001467[]
0500001468[]
0500001469[]
0500001470[]
0500001471[]
0500001472[]
0500001473[]
0500001474[]
0500001475[]
0500001476[]
0500001477[]
0500001478[]
0500001479[]
0500001480[]
0500001481[]
0500001482[]
0500001483[]
0500001484[]
0500001485[]
0500001486[]
0500001487[]
0500001488[]
0500001489[]
0500001490[]
0500001491[]
0500001492[]
0500001493[]
0500001494[]
0500001495[]
0500001496[]
0500001497[]
0500001498[]
0500001499[]
0500001500[]
0500001501[]
0500001502[]
0500001503[]
0500001504[]
0500001505[]
0500001506[]
0500001507[]
0500001508[]
0500001509[]
0500001510[]
0500001511[]
0500001512[]
0500001513[]
0500001514[]
0500001515[]
0500001516[]
0500001517[]
0500001518[]
0500001519[]
0500001520[]
0500001521[]
0500001522[]
0500001523[]
0500001524[]
0500001525[]
0500001526[]
0500001527[]
0500001528[]
0500001529[]
0500001530[]
0500001531[]
0500001532[]
0500001533[]
0500001534[]
0500001535[]
