0500400001[]
0500400002[]
0500400003[434 51 46 147 3 1 1; ]
0500400004[434 51 46 148 3 1 1; ]
0500400005[434 51 45 148 3 1 1; ]
0500400006[]
0500400007[433 50 45 150 4 1 1; ]
0500400008[433 50 45 150 4 1 1; ]
0500400009[433 50 45 150 4 1 1; ]
0500400010[434 50 45 150 4 1 1; ]
0500400011[434 50 45 150 4 1 1; ]
0500400012[434 50 45 151 4 1 1; ]
0500400013[434 50 46 151 4 1 1; ]
0500400014[435 50 46 151 4 1 1; ]
0500400015[435 50 46 151 4 1 1; ]
0500400016[435 50 46 151 4 1 1; ]
0500400017[435 50 46 151 4 1 1; ]
0500400018[436 50 46 151 4 1 1; ]
0500400019[436 50 46 151 4 1 1; ]
0500400020[436 50 46 151 4 1 1; ]
0500400021[436 50 46 152 4 1 1; ]
0500400022[437 50 46 152 4 1 1; ]
0500400023[437 50 46 152 4 1 1; ]
0500400024[437 50 47 152 4 1 1; ]
0500400025[437 50 47 152 4 1 1; ]
0500400026[438 50 47 152 4 1 1; ]
0500400027[438 50 48 152 4 1 1; ]
0500400028[438 50 48 152 4 1 1; ]
0500400029[439 50 48 152 4 1 1; ]
0500400030[439 50 48 152 4 1 1; ]
0500400031[439 50 49 152 4 1 1; ]
0500400032[440 50 49 152 4 1 1; ]
0500400033[440 50 49 152 4 1 1; ]
0500400034[440 50 50 152 4 1 1; ]
0500400035[441 50 50 152 4 1 1; ]
0500400036[441 50 50 152 4 1 1; ]
0500400037[441 50 51 152 4 1 1; ]
0500400038[442 51 53 151 4 1 1; ]
0500400039[442 52 55 150 4 1 1; ]
0500400040[442 52 56 149 4 1 1; ]
0500400041[443 52 57 149 4 1 1; ]
0500400042[443 52 57 149 4 1 1; ]
0500400043[443 52 57 149 4 1 1; ]
0500400044[443 52 57 149 4 1 1; ]
0500400045[443 52 57 149 4 1 1; ]
0500400046[445 50 60 152 4 0 1; ]
0500400047[449 50 59 152 4 0 1; ]
0500400048[454 50 55 151 4 0 1; ]
0500400049[459 50 51 151 4 0 1; ]
0500400050[461 51 50 151 4 0 1; ]
0500400051[]
0500400052[]
0500400053[]
0500400054[]
0500400055[]
0500400056[]
0500400057[]
0500400058[]
0500400059[]
0500400060[]
0500400061[]
0500400062[]
0500400063[]
0500400064[]
0500400065[]
0500400066[]
0500400067[]
0500400068[]
0500400069[]
0500400070[]
0500400071[]
0500400072[]
0500400073[]
0500400074[]
0500400075[]
0500400076[]
0500400077[]
0500400078[]
0500400079[]
0500400080[]
0500400081[]
0500400082[]
0500400083[]
0500400084[]
0500400085[]
0500400086[]
0500400087[]
0500400088[]
0500400089[]
0500400090[]
0500400091[]
0500400092[]
0500400093[]
0500400094[]
0500400095[]
0500400096[]
0500400097[]
0500400098[]
0500400099[]
0500400100[]
0500400101[]
0500400102[]
0500400103[0 69 41 91 1 0 1; ]
0500400104[0 69 41 91 1 0 1; ]
0500400105[1 68 41 91 1 0 1; ]
0500400106[2 68 41 91 1 0 1; ]
0500400107[2 68 41 92 1 0 1; ]
0500400108[2 68 42 92 1 0 1; ]
0500400109[3 68 42 92 1 0 1; ]
0500400110[3 68 41 92 1 0 1; ]
0500400111[4 68 40 92 1 0 1; ]
0500400112[5 68 40 92 1 0 1; ]
0500400113[6 68 39 93 1 0 1; ]
0500400114[6 68 40 93 1 0 1; ]
0500400115[7 68 41 93 1 0 1; ]
0500400116[7 68 42 93 1 0 1; ]
0500400117[8 68 42 93 1 0 1; ]
0500400118[8 68 42 94 1 0 1; ]
0500400119[9 67 42 94 1 0 1; ]
0500400120[10 67 42 94 1 0 1; ]
0500400121[10 67 42 94 1 0 1; ]
0500400122[11 67 42 95 1 0 1; ]
0500400123[12 67 43 95 1 0 1; ]
0500400124[13 67 43 95 1 0 1; ]
0500400125[13 66 43 95 1 0 1; ]
0500400126[14 66 43 96 1 0 1; ]
0500400127[15 66 43 96 1 0 1; ]
0500400128[15 66 43 96 1 0 1; ]
0500400129[16 66 43 96 1 0 1; ]
0500400130[17 66 43 96 1 0 1; ]
0500400131[17 66 43 96 1 0 1; ]
0500400132[18 66 44 96 1 0 1; ]
0500400133[19 66 44 96 1 0 1; ]
0500400134[19 66 44 96 1 0 1; ]
0500400135[20 66 44 96 1 0 1; ]
0500400136[20 67 45 96 1 0 1; ]
0500400137[21 67 45 96 1 0 1; ]
0500400138[22 67 45 96 1 0 1; ]
0500400139[22 67 45 96 1 0 1; ]
0500400140[23 67 45 96 1 0 1; ]
0500400141[24 67 45 96 1 0 1; ]
0500400142[24 66 45 97 1 0 1; ]
0500400143[25 66 45 97 1 0 1; ]
0500400144[26 65 45 98 1 0 1; ]
0500400145[27 64 45 99 1 0 1; ]
0500400146[28 63 44 100 1 0 1; ]
0500400147[29 65 44 99 1 0 1; ]
0500400148[30 65 44 98 1 0 1; ]
0500400149[31 65 43 98 1 0 1; ]
0500400150[32 65 43 98 1 0 1; ]
0500400151[33 65 43 99 1 0 1; ]
0500400152[34 65 42 99 1 0 1; ]
0500400153[35 65 42 99 1 0 1; ]
0500400154[36 65 42 99 1 0 1; ]
0500400155[37 65 42 99 1 0 1; ]
0500400156[38 65 42 99 1 0 1; ]
0500400157[39 65 43 99 1 0 1; ]
0500400158[40 65 43 99 1 0 1; ]
0500400159[41 65 43 99 1 0 1; ]
0500400160[42 65 43 99 1 0 1; ]
0500400161[43 65 44 99 1 0 1; ]
0500400162[44 65 44 99 1 0 1; ]
0500400163[45 65 44 99 1 0 1; ]
0500400164[46 65 44 100 1 0 1; ]
0500400165[47 65 43 100 1 0 1; ]
0500400166[48 64 43 101 1 0 1; ]
0500400167[49 64 43 101 1 0 1; ]
0500400168[50 63 43 102 1 0 1; 280 96 22 40 9 1 0; ]
0500400169[50 63 43 102 1 0 1; 277 96 22 40 9 1 0; ]
0500400170[51 63 43 102 1 0 1; 274 96 21 40 9 0 0; ]
0500400171[52 63 43 102 1 0 1; 271 96 21 40 9 0 0; ]
0500400172[53 63 43 102 1 0 1; 269 96 21 40 9 0 0; ]
0500400173[54 63 44 102 1 0 1; 266 96 21 40 9 0 0; ]
0500400174[55 63 45 102 1 0 1; 263 96 21 40 9 0 0; ]
0500400175[56 64 46 102 1 0 1; 260 96 21 40 9 0 0; ]
0500400176[56 64 48 102 1 0 1; 258 95 21 40 9 0 0; ]
0500400177[57 64 47 102 1 0 1; 255 95 21 40 9 0 0; ]
0500400178[59 64 47 102 1 0 1; 252 95 21 40 9 0 0; ]
0500400179[60 64 47 102 1 0 1; 249 95 21 40 9 0 0; ]
0500400180[61 64 46 103 1 0 1; 247 95 21 40 9 0 0; ]
0500400181[62 64 46 103 1 0 1; 244 95 21 40 9 0 0; ]
0500400182[63 64 46 103 1 0 1; 241 95 21 40 9 0 0; ]
0500400183[64 64 46 103 1 0 1; 238 95 21 40 9 0 0; ]
0500400184[65 64 46 103 1 0 1; 236 95 21 40 9 0 0; ]
0500400185[65 64 46 103 1 0 1; 233 94 21 41 9 0 0; ]
0500400186[66 64 46 103 1 0 1; 231 94 21 41 9 0 0; ]
0500400187[67 64 46 104 1 0 1; 228 94 21 41 9 0 0; ]
0500400188[68 64 46 104 1 0 1; 226 94 21 41 9 0 0; ]
0500400189[69 64 46 104 1 0 1; 223 93 21 41 9 0 0; ]
0500400190[69 64 46 104 1 0 1; 220 93 21 42 9 0 0; ]
0500400191[70 64 46 104 1 0 1; 218 93 21 42 9 0 0; ]
0500400192[71 64 46 104 1 0 1; 215 93 21 42 9 0 0; ]
0500400193[72 64 46 104 1 0 1; 213 93 21 42 9 0 0; ]
0500400194[72 64 46 104 1 0 1; 210 92 21 43 9 0 0; ]
0500400195[73 64 46 105 1 0 1; 207 92 21 43 9 0 0; ]
0500400196[74 64 46 105 1 0 1; 205 92 21 43 9 0 0; ]
0500400197[75 64 46 105 1 0 1; 202 92 21 43 9 0 0; ]
0500400198[76 64 46 105 1 0 1; 200 91 21 43 9 0 0; ]
0500400199[76 64 46 105 1 0 1; 197 91 21 44 9 0 0; ]
0500400200[77 64 46 105 1 0 1; 195 91 21 44 9 0 0; ]
0500400201[78 64 47 105 1 0 1; 192 91 21 44 9 0 0; ]
0500400202[79 64 47 106 1 0 1; 190 91 21 44 9 0 0; ]
0500400203[80 64 47 106 1 0 1; 187 91 21 44 9 0 0; ]
0500400204[81 64 47 106 1 0 1; 185 91 21 44 9 0 0; ]
0500400205[81 64 47 106 1 0 1; 182 91 21 44 9 0 0; ]
0500400206[82 64 47 106 1 0 1; 180 91 21 44 9 0 0; ]
0500400207[83 63 47 107 1 0 1; 177 91 21 44 9 0 0; ]
0500400208[84 62 47 108 1 0 1; 175 91 21 45 9 0 0; ]
0500400209[84 61 47 109 1 0 1; 172 91 21 45 9 0 0; ]
0500400210[85 61 47 109 1 0 1; 170 91 21 45 9 0 0; ]
0500400211[85 61 47 109 1 0 1; 167 91 21 45 9 0 0; ]
0500400212[86 61 47 109 1 0 1; 165 91 21 45 9 0 0; ]
0500400213[87 62 47 108 1 0 1; 162 91 21 45 9 0 0; ]
0500400214[87 63 47 108 1 0 1; 160 91 21 45 9 0 0; ]
0500400215[88 64 47 107 1 0 1; 157 91 21 46 9 0 0; ]
0500400216[89 64 47 107 1 0 1; 155 91 21 46 9 0 0; ]
0500400217[89 64 48 107 1 0 1; 152 91 21 46 9 0 0; ]
0500400218[90 63 48 108 1 0 1; 150 91 21 46 9 0 0; ]
0500400219[90 62 48 109 1 0 1; 147 91 21 46 9 0 0; ]
0500400220[91 62 48 110 1 0 1; 145 91 22 47 9 0 0; ]
0500400221[92 61 48 110 1 0 1; 142 91 22 47 9 0 0; ]
0500400222[92 61 48 110 1 0 1; 140 90 22 47 9 0 0; ]
0500400223[93 61 48 110 1 0 1; 137 90 22 47 9 0 0; ]
0500400224[94 61 48 110 1 0 1; 135 90 22 48 9 0 0; ]
0500400225[95 61 48 110 1 0 1; 132 90 22 48 9 0 0; ]
0500400226[96 61 48 110 1 0 1; 130 90 22 48 9 0 0; ]
0500400227[97 62 48 110 1 0 1; 127 90 22 48 9 1 0; ]
0500400228[98 62 48 110 1 0 1; ]
0500400229[98 62 47 110 1 0 1; ]
0500400230[99 62 47 110 1 0 1; ]
0500400231[100 62 48 110 1 0 1; ]
0500400232[100 62 48 110 1 0 1; ]
0500400233[100 61 48 111 1 0 1; ]
0500400234[101 60 49 112 1 0 1; ]
0500400235[101 59 49 113 1 0 1; ]
0500400236[101 58 50 114 1 0 1; ]
0500400237[102 59 50 114 1 0 1; 97 89 24 49 10 1 0; ]
0500400238[102 59 50 114 1 0 1; 93 89 24 49 10 0 0; ]
0500400239[103 59 50 114 1 0 1; 89 89 24 50 10 0 0; ]
0500400240[103 59 49 115 1 0 1; 85 88 24 50 10 0 0; ]
0500400241[104 60 49 115 1 0 1; 81 88 25 50 10 0 0; ]
0500400242[104 60 49 115 1 0 1; 77 88 25 50 10 0 0; ]
0500400243[105 60 49 115 1 0 1; 73 88 25 50 10 0 0; ]
0500400244[105 60 49 115 1 0 1; 69 88 25 51 10 0 0; ]
0500400245[106 60 49 115 1 0 1; 65 87 26 51 10 0 0; ]
0500400246[106 59 49 115 1 0 1; 61 87 26 51 10 0 0; ]
0500400247[107 59 49 115 1 0 1; 57 87 26 51 10 0 0; ]
0500400248[107 59 49 116 1 0 1; 53 87 26 52 10 0 0; ]
0500400249[108 59 49 116 1 0 1; 49 86 26 52 10 0 0; ]
0500400250[108 58 49 116 1 0 1; 45 86 27 52 10 0 0; ]
0500400251[109 58 49 116 1 0 1; 41 86 27 52 10 0 0; ]
0500400252[109 58 49 116 1 0 1; 37 86 27 52 10 0 0; ]
0500400253[110 58 49 117 1 0 1; 33 86 27 53 10 0 0; ]
0500400254[110 58 49 117 1 0 1; 28 85 27 53 10 0 0; ]
0500400255[111 58 49 117 1 0 1; 23 85 28 53 10 0 0; ]
0500400256[111 58 50 117 1 0 1; 19 85 28 53 10 0 0; ]
0500400257[112 58 50 117 1 0 1; 14 84 28 54 10 0 0; ]
0500400258[113 58 50 117 1 0 1; 9 84 28 54 10 0 0; ]
0500400259[113 58 50 117 1 0 1; 5 84 28 54 10 0 0; ]
0500400260[114 58 50 118 1 0 1; 0 84 29 55 10 0 0; ]
0500400261[114 58 51 118 1 0 1; ]
0500400262[115 57 51 119 1 0 1; ]
0500400263[115 56 51 120 1 0 1; ]
0500400264[116 56 51 120 1 0 1; ]
0500400265[116 57 52 119 1 0 1; ]
0500400266[117 58 52 118 1 0 1; ]
0500400267[117 58 52 119 1 0 1; ]
0500400268[117 58 53 119 1 0 1; ]
0500400269[117 57 53 120 1 0 1; ]
0500400270[117 56 53 121 1 0 1; ]
0500400271[117 56 53 122 1 0 1; ]
0500400272[118 55 53 123 1 0 1; ]
0500400273[118 55 53 124 1 0 1; ]
0500400274[118 55 54 124 1 0 1; ]
0500400275[118 55 54 124 1 0 1; ]
0500400276[119 56 54 123 1 0 1; ]
0500400277[120 56 54 122 1 0 1; ]
0500400278[120 57 54 121 1 0 1; ]
0500400279[121 57 55 120 1 0 1; ]
0500400280[121 58 55 119 1 0 1; ]
0500400281[122 57 55 120 1 0 1; ]
0500400282[122 57 55 120 1 0 1; ]
0500400283[122 56 55 121 1 0 1; ]
0500400284[122 55 56 123 1 0 1; ]
0500400285[123 54 56 124 1 0 1; ]
0500400286[123 53 56 125 1 0 1; ]
0500400287[123 52 56 126 1 0 1; ]
0500400288[123 52 56 126 1 0 1; ]
0500400289[123 52 56 126 1 0 1; ]
0500400290[123 52 56 126 1 0 1; ]
0500400291[123 52 56 126 1 0 1; ]
0500400292[123 53 56 126 1 0 1; ]
0500400293[123 53 56 126 1 0 1; ]
0500400294[123 54 56 126 1 0 1; ]
0500400295[124 53 56 127 1 0 1; ]
0500400296[124 52 56 129 1 0 1; ]
0500400297[124 52 56 129 1 0 1; ]
0500400298[125 51 56 130 1 0 1; ]
0500400299[125 51 56 131 1 0 1; ]
0500400300[125 50 56 132 1 0 1; ]
0500400301[125 50 56 132 1 0 1; ]
0500400302[126 50 56 132 1 0 1; ]
0500400303[126 50 56 132 1 0 1; ]
0500400304[126 50 56 132 1 0 1; ]
0500400305[126 50 56 132 1 0 1; ]
0500400306[126 51 56 132 1 0 1; ]
0500400307[126 51 57 132 1 0 1; ]
0500400308[126 51 57 132 1 0 1; ]
0500400309[126 51 57 132 1 0 1; ]
0500400310[126 51 57 132 1 0 1; ]
0500400311[126 51 57 133 1 0 1; ]
0500400312[126 51 57 133 1 0 1; ]
0500400313[126 51 57 133 1 0 1; ]
0500400314[126 51 58 133 1 0 1; ]
0500400315[126 51 58 134 1 0 1; ]
0500400316[126 51 58 134 1 0 1; ]
0500400317[126 51 58 134 1 0 1; ]
0500400318[126 51 59 135 1 0 1; ]
0500400319[126 51 59 135 1 0 1; ]
0500400320[126 50 59 135 1 0 1; ]
0500400321[126 50 59 136 1 0 1; ]
0500400322[126 50 60 137 1 0 1; ]
0500400323[126 50 60 137 1 0 1; ]
0500400324[126 49 60 138 1 0 1; ]
0500400325[126 49 61 138 1 0 1; ]
0500400326[126 49 61 138 1 0 1; ]
0500400327[126 49 61 138 1 0 1; ]
0500400328[126 49 62 138 1 0 1; ]
0500400329[126 49 62 138 1 0 1; ]
0500400330[126 48 62 140 1 0 1; ]
0500400331[126 49 62 139 1 0 1; ]
0500400332[126 49 63 139 1 0 1; ]
0500400333[126 49 63 140 1 0 1; ]
0500400334[126 51 64 138 1 0 1; ]
0500400335[126 48 64 141 1 0 1; ]
0500400336[126 47 65 142 1 0 1; ]
0500400337[126 47 65 143 1 0 1; ]
0500400338[126 46 65 144 1 0 1; ]
0500400339[126 45 66 144 1 0 1; ]
0500400340[126 45 66 144 1 0 1; ]
0500400341[126 45 66 144 1 0 1; ]
0500400342[126 45 66 144 1 0 1; ]
0500400343[126 46 66 144 1 0 1; ]
0500400344[126 46 66 144 1 0 1; ]
0500400345[126 46 66 144 1 0 1; ]
0500400346[126 47 66 144 1 0 1; ]
0500400347[126 47 66 144 1 0 1; ]
0500400348[125 47 66 144 1 0 1; ]
0500400349[125 47 66 144 1 0 1; ]
0500400350[125 46 66 145 1 0 1; ]
0500400351[125 45 65 146 1 0 1; ]
0500400352[124 44 65 147 1 0 1; ]
0500400353[124 43 65 149 1 0 1; ]
0500400354[123 42 65 150 1 0 1; ]
0500400355[124 42 65 150 1 0 1; ]
0500400356[124 42 66 150 1 0 1; ]
0500400357[125 42 66 151 1 0 1; ]
0500400358[125 43 66 151 1 0 1; ]
0500400359[125 43 67 151 1 0 1; ]
0500400360[126 43 67 152 1 0 1; ]
0500400361[126 43 67 152 1 0 1; ]
0500400362[126 43 67 152 1 0 1; ]
0500400363[126 42 67 153 1 0 1; 0 19 84 207 13 0 1; ]
0500400364[125 42 68 154 1 0 1; 7 19 83 208 13 0 1; ]
0500400365[125 41 68 154 1 0 1; 9 19 90 208 13 0 1; ]
0500400366[125 40 68 155 1 0 1; 11 19 95 208 13 0 1; ]
0500400367[125 39 68 156 1 0 1; 15 19 98 208 13 0 1; ]
0500400368[124 39 68 156 1 0 1; 18 19 99 208 13 0 1; ]
0500400369[124 39 68 156 1 0 1; 23 19 96 209 13 0 1; ]
0500400370[123 40 69 156 1 0 1; 30 19 89 209 13 0 1; ]
0500400371[122 41 69 156 1 0 1; 37 19 82 209 13 0 1; ]
0500400372[121 41 70 156 1 0 1; 43 19 79 209 13 0 1; ]
0500400373[120 42 70 156 1 0 1; 49 19 78 209 13 0 1; ]
0500400374[120 42 70 157 1 0 1; 54 19 78 209 13 0 1; ]
0500400375[120 42 70 157 1 0 1; 60 19 77 210 13 0 1; ]
0500400376[120 41 69 157 1 0 1; 65 19 77 210 13 0 1; ]
0500400377[121 40 68 157 1 0 1; 70 19 81 210 13 0 1; ]
0500400378[121 40 66 158 1 1 1; 74 19 92 210 13 0 1; ]
0500400379[122 38 64 158 1 1 1; 78 19 105 210 13 0 1; ]
0500400380[123 37 62 159 1 1 1; 79 19 104 210 13 0 1; ]
0500400381[81 19 104 211 13 0 1; ]
0500400382[84 19 103 211 13 0 1; ]
0500400383[87 19 102 212 13 0 1; ]
0500400384[93 19 97 212 13 0 1; ]
0500400385[103 17 87 214 13 0 1; ]
0500400386[115 16 78 215 13 0 1; ]
0500400387[123 16 74 216 13 0 1; ]
0500400388[130 16 76 216 13 0 1; ]
0500400389[136 16 80 216 13 0 1; ]
0500400390[117 33 59 170 2 1 1; 142 16 85 215 13 0 1; ]
0500400391[116 33 61 171 2 1 1; 145 17 89 215 13 0 1; ]
0500400392[115 33 64 171 2 1 1; 147 17 93 215 13 0 1; ]
0500400393[115 33 66 171 2 1 1; 148 18 97 215 13 0 1; ]
0500400394[114 33 68 171 2 1 1; 149 19 101 214 13 0 1; ]
0500400395[114 33 69 172 2 1 1; 155 17 93 218 13 0 1; ]
0500400396[113 32 71 172 2 0 1; 163 15 87 220 13 0 1; ]
0500400397[113 32 72 172 2 0 1; 171 14 81 221 13 0 1; ]
0500400398[112 32 72 173 2 0 1; 180 13 75 222 13 0 1; ]
0500400399[112 32 73 173 2 0 1; 189 13 71 222 13 0 1; ]
0500400400[112 31 73 174 2 0 1; 195 13 73 222 13 0 1; ]
0500400401[112 31 73 175 2 0 1; 199 14 76 221 13 0 1; ]
0500400402[112 30 73 176 2 0 1; 203 15 82 220 13 0 1; ]
0500400403[111 30 73 176 2 0 1; 206 16 92 219 13 0 1; ]
0500400404[111 29 74 177 2 0 1; 208 17 108 219 13 0 1; ]
0500400405[111 29 74 178 2 0 1; 209 18 111 218 13 0 1; ]
0500400406[111 29 74 178 2 0 1; 211 18 112 217 13 0 1; ]
0500400407[111 29 74 178 2 0 1; 214 18 111 218 13 0 1; ]
0500400408[111 29 74 178 2 0 1; 219 18 108 218 13 0 1; ]
0500400409[112 30 75 177 2 0 1; 226 17 104 219 13 0 1; ]
0500400410[112 31 75 177 2 0 1; 239 16 90 221 13 0 1; ]
0500400411[112 31 75 177 2 0 1; 251 15 81 222 13 0 1; ]
0500400412[112 32 75 177 2 0 1; 261 14 75 223 13 0 1; ]
0500400413[113 32 76 176 2 0 1; 267 13 73 223 13 0 1; ]
0500400414[113 32 76 176 2 0 1; 272 13 79 223 13 0 1; ]
0500400415[113 32 76 177 2 0 1; 275 14 90 223 13 0 1; ]
0500400416[114 31 76 178 2 0 1; 278 14 101 223 13 0 1; ]
0500400417[115 30 77 179 2 0 1; 281 14 106 223 13 0 1; ]
0500400418[115 29 77 180 2 0 1; 285 15 105 222 13 0 1; ]
0500400419[116 27 77 182 2 0 1; 289 16 103 221 13 0 1; ]
0500400420[117 26 77 184 2 0 1; 293 17 99 220 13 0 1; ]
0500400421[117 26 77 184 2 0 1; 299 17 95 219 13 0 1; ]
0500400422[117 26 77 184 2 0 1; 307 17 89 220 13 0 1; ]
0500400423[117 27 77 185 2 0 1; 317 14 81 222 13 0 1; ]
0500400424[117 27 77 185 2 0 1; 330 11 71 226 13 0 1; ]
0500400425[117 27 78 185 2 0 1; 335 11 74 227 13 0 1; ]
0500400426[117 27 78 185 2 0 1; 340 11 79 227 13 0 1; ]
0500400427[117 27 78 186 2 0 1; 344 12 85 228 13 0 1; ]
0500400428[117 27 78 186 2 0 1; 347 13 94 227 13 0 1; ]
0500400429[117 27 78 187 2 0 1; 350 14 105 226 13 0 1; ]
0500400430[117 27 79 188 2 0 1; 351 15 119 226 13 0 1; ]
0500400431[117 26 80 188 2 0 1; 352 15 119 226 13 0 1; ]
0500400432[117 26 81 190 2 0 1; 354 15 119 226 13 0 1; ]
0500400433[117 25 82 191 2 0 1; 359 15 116 227 13 0 1; ]
0500400434[117 24 83 192 2 0 1; 368 15 108 227 13 0 1; ]
0500400435[117 24 83 193 2 0 1; 380 14 99 227 13 0 1; ]
0500400436[117 23 84 194 2 0 1; 390 14 92 228 13 0 1; ]
0500400437[117 22 85 195 2 0 1; 399 13 88 228 13 0 1; ]
0500400438[118 22 85 196 2 0 1; 409 12 84 228 13 0 1; ]
0500400439[119 21 86 197 2 0 1; 418 11 80 229 13 0 1; ]
0500400440[120 21 86 198 2 0 1; ]
0500400441[121 20 87 199 2 0 1; ]
0500400442[123 20 87 200 2 0 1; ]
0500400443[124 19 87 202 2 0 1; ]
0500400444[125 18 87 203 2 0 1; ]
0500400445[126 17 87 204 2 0 1; ]
0500400446[127 16 87 206 2 0 1; ]
0500400447[127 18 86 204 2 0 1; ]
0500400448[128 19 86 204 2 0 1; ]
0500400449[129 20 86 203 2 0 1; ]
0500400450[130 21 86 203 2 0 1; ]
0500400451[130 20 86 203 2 0 1; ]
0500400452[131 20 86 204 2 0 1; ]
0500400453[132 19 86 205 2 0 1; ]
0500400454[133 18 86 206 2 0 1; ]
0500400455[134 17 87 207 2 0 1; ]
0500400456[135 16 87 209 2 0 1; ]
0500400457[136 15 88 210 2 0 1; ]
0500400458[137 14 88 211 2 0 1; ]
0500400459[138 14 88 212 2 0 1; ]
0500400460[139 13 89 213 2 0 1; ]
0500400461[140 13 89 214 2 0 1; ]
0500400462[142 13 90 214 2 0 1; ]
0500400463[143 14 90 213 2 0 1; ]
0500400464[144 16 91 211 2 0 1; ]
0500400465[146 15 91 212 2 0 1; ]
0500400466[147 14 92 213 2 0 1; ]
0500400467[149 12 93 215 2 0 1; ]
0500400468[151 11 93 218 2 0 1; ]
0500400469[152 9 94 220 2 0 1; ]
0500400470[154 8 94 222 2 0 1; ]
0500400471[155 8 94 223 2 0 1; ]
0500400472[157 8 95 224 2 0 1; ]
0500400473[158 7 95 225 2 0 1; ]
0500400474[159 7 95 226 2 0 1; ]
0500400475[160 7 95 227 2 0 1; ]
0500400476[162 7 96 228 2 0 1; ]
0500400477[163 7 96 228 2 0 1; ]
0500400478[164 7 96 229 2 0 1; ]
0500400479[165 7 96 229 2 0 1; ]
0500400480[167 6 97 230 2 0 1; ]
0500400481[168 6 97 231 2 0 1; ]
0500400482[170 6 98 232 2 0 1; ]
0500400483[171 5 98 233 2 0 1; ]
0500400484[172 4 98 235 2 0 1; ]
0500400485[174 1 99 237 2 0 1; ]
0500400486[]
0500400487[]
0500400488[179 1 100 241 2 0 1; ]
0500400489[180 2 100 241 2 0 1; ]
0500400490[182 3 100 241 2 0 1; ]
0500400491[184 2 100 242 2 0 1; ]
0500400492[187 2 100 244 2 0 1; ]
0500400493[189 1 101 245 2 0 1; ]
0500400494[192 0 101 247 2 0 1; ]
0500400495[]
0500400496[]
0500400497[]
0500400498[]
0500400499[]
0500400500[]
0500400501[]
0500400502[]
0500400503[]
0500400504[]
0500400505[]
0500400506[]
0500400507[]
0500400508[]
0500400509[]
0500400510[]
0500400511[]
0500400512[]
0500400513[]
0500400514[]
0500400515[]
0500400516[]
0500400517[]
0500400518[]
0500400519[]
0500400520[]
0500400521[]
0500400522[]
0500400523[]
0500400524[]
0500400525[]
0500400526[]
0500400527[]
0500400528[]
0500400529[]
0500400530[]
0500400531[]
0500400532[]
0500400533[]
0500400534[]
0500400535[]
0500400536[]
0500400537[]
0500400538[]
0500400539[]
0500400540[]
0500400541[]
0500400542[]
0500400543[]
0500400544[]
0500400545[]
0500400546[]
0500400547[]
0500400548[]
0500400549[]
0500400550[]
0500400551[]
0500400552[]
0500400553[]
0500400554[]
0500400555[]
0500400556[]
0500400557[]
0500400558[]
0500400559[]
0500400560[]
0500400561[]
0500400562[]
0500400563[]
0500400564[]
0500400565[]
0500400566[]
0500400567[]
0500400568[]
0500400569[]
0500400570[]
0500400571[]
0500400572[]
0500400573[]
0500400574[]
0500400575[]
0500400576[]
0500400577[]
0500400578[]
0500400579[]
0500400580[]
0500400581[1 71 39 80 16 0 0; ]
0500400582[3 71 39 80 16 0 0; ]
0500400583[6 71 38 80 16 0 0; ]
0500400584[8 72 38 79 16 0 0; ]
0500400585[10 72 38 79 16 0 0; ]
0500400586[12 72 38 79 16 0 0; ]
0500400587[14 73 38 78 16 0 0; ]
0500400588[17 73 37 78 16 0 0; ]
0500400589[19 73 37 78 16 0 0; ]
0500400590[21 73 37 78 16 0 0; ]
0500400591[23 73 37 77 16 0 0; ]
0500400592[25 73 37 77 16 0 0; ]
0500400593[27 73 37 77 16 0 0; ]
0500400594[29 74 37 76 16 0 0; ]
0500400595[31 74 37 76 16 0 0; ]
0500400596[33 74 37 76 16 0 0; ]
0500400597[35 74 37 75 16 0 0; ]
0500400598[37 74 36 75 16 0 0; ]
0500400599[39 74 36 75 16 0 0; ]
0500400600[42 74 36 74 16 0 0; ]
0500400601[44 74 36 74 16 0 0; ]
0500400602[46 74 36 74 16 0 0; ]
0500400603[48 75 36 73 16 0 0; ]
0500400604[50 75 36 73 16 0 0; ]
0500400605[52 75 35 73 16 0 0; ]
0500400606[54 75 35 72 16 0 0; ]
0500400607[56 75 35 72 16 0 0; ]
0500400608[58 76 35 72 16 0 0; ]
0500400609[60 76 35 71 16 0 0; ]
0500400610[62 76 34 71 16 0 0; ]
0500400611[64 76 34 71 16 0 0; ]
0500400612[67 77 34 70 16 0 0; ]
0500400613[69 77 34 70 16 0 0; ]
0500400614[71 77 34 70 16 0 0; ]
0500400615[73 77 33 69 16 0 0; ]
0500400616[75 77 33 69 16 0 0; ]
0500400617[77 78 33 69 16 0 0; ]
0500400618[79 78 33 67 16 0 0; ]
0500400619[80 78 33 66 16 0 0; ]
0500400620[82 78 33 65 16 0 0; ]
0500400621[83 79 33 65 16 0 0; ]
0500400622[85 79 33 64 16 0 0; ]
0500400623[87 79 33 63 16 0 0; ]
0500400624[88 79 33 63 16 0 0; ]
0500400625[90 79 33 63 16 0 0; ]
0500400626[92 80 33 63 16 0 0; ]
0500400627[93 80 33 63 16 0 0; ]
0500400628[95 80 32 63 16 0 0; ]
0500400629[96 80 32 63 16 0 0; ]
0500400630[98 80 32 63 16 0 0; ]
0500400631[100 81 32 63 16 0 0; ]
0500400632[101 81 32 64 16 0 0; ]
0500400633[103 81 32 64 16 0 0; ]
0500400634[104 81 32 63 16 0 0; ]
0500400635[106 81 32 63 16 0 0; ]
0500400636[108 81 31 63 16 0 0; ]
0500400637[109 81 31 63 16 0 0; ]
0500400638[111 81 31 62 16 0 0; ]
0500400639[112 81 31 62 16 0 0; ]
0500400640[114 81 31 62 16 0 0; ]
0500400641[116 81 30 62 16 0 0; ]
0500400642[117 81 30 62 16 0 0; ]
0500400643[119 81 30 61 16 0 0; ]
0500400644[120 82 30 61 16 0 0; ]
0500400645[122 82 30 61 16 0 0; ]
0500400646[123 82 29 61 16 0 0; ]
0500400647[125 82 29 61 16 0 0; ]
0500400648[126 82 29 60 16 0 0; ]
0500400649[128 82 29 60 16 0 0; ]
0500400650[129 82 29 60 16 0 0; ]
0500400651[131 82 29 60 16 0 0; ]
0500400652[132 82 28 60 16 0 0; ]
0500400653[134 82 28 60 16 0 0; ]
0500400654[135 82 28 60 16 0 0; ]
0500400655[137 83 28 60 16 0 0; ]
0500400656[138 83 28 60 16 0 0; ]
0500400657[140 83 28 59 16 0 0; ]
0500400658[141 83 28 59 16 0 0; ]
0500400659[143 83 27 59 16 0 0; ]
0500400660[144 83 27 59 16 0 0; ]
0500400661[146 83 27 59 16 0 0; ]
0500400662[147 83 27 59 16 0 0; ]
0500400663[148 83 27 59 16 0 0; ]
0500400664[150 84 27 59 16 0 0; ]
0500400665[151 84 27 59 16 0 0; ]
0500400666[153 84 27 58 16 0 0; ]
0500400667[154 84 27 58 16 0 0; ]
0500400668[155 84 28 58 16 0 0; ]
0500400669[157 84 28 58 16 0 0; ]
0500400670[158 84 28 58 16 0 0; ]
0500400671[159 84 28 58 16 0 0; ]
0500400672[161 84 28 58 16 0 0; ]
0500400673[162 85 28 58 16 0 0; ]
0500400674[164 85 28 58 16 0 0; ]
0500400675[165 85 28 57 16 0 0; ]
0500400676[166 85 28 57 16 0 0; ]
0500400677[168 85 28 57 16 0 0; ]
0500400678[169 85 28 57 16 0 0; ]
0500400679[171 85 28 57 16 0 0; ]
0500400680[173 85 28 56 16 0 0; ]
0500400681[174 85 28 56 16 0 0; ]
0500400682[176 85 27 56 16 0 0; ]
0500400683[178 85 27 56 16 0 0; ]
0500400684[179 85 27 55 16 0 0; ]
0500400685[181 85 27 55 16 0 0; ]
0500400686[183 85 27 55 16 0 0; ]
0500400687[184 86 26 55 16 0 0; ]
0500400688[186 86 26 54 16 0 0; ]
0500400689[188 86 26 54 16 0 0; ]
0500400690[189 86 26 54 16 0 0; ]
0500400691[191 86 26 53 16 0 0; ]
0500400692[193 86 25 53 16 0 0; ]
0500400693[195 86 25 53 16 0 0; ]
0500400694[196 86 25 53 16 0 0; ]
0500400695[198 86 25 53 16 0 0; ]
0500400696[200 86 25 53 16 0 0; ]
0500400697[202 86 25 53 16 0 0; ]
0500400698[203 86 25 53 16 0 0; ]
0500400699[205 87 25 52 16 0 0; ]
0500400700[207 87 25 52 16 0 0; ]
0500400701[209 87 25 52 16 0 0; ]
0500400702[211 87 25 52 16 0 0; ]
0500400703[212 87 25 52 16 0 0; ]
0500400704[214 87 25 52 16 0 0; ]
0500400705[216 87 25 52 16 0 0; ]
0500400706[218 87 25 52 16 0 0; ]
0500400707[219 87 25 52 16 0 0; ]
0500400708[222 88 25 51 16 0 0; ]
0500400709[224 88 25 51 16 0 0; ]
0500400710[226 88 25 51 16 0 0; ]
0500400711[228 89 25 51 16 0 0; ]
0500400712[230 89 25 51 16 0 0; ]
0500400713[232 89 25 51 16 0 0; ]
0500400714[234 89 25 51 16 0 0; ]
0500400715[236 89 25 51 16 0 0; ]
0500400716[239 89 24 51 16 0 0; ]
0500400717[241 89 24 51 16 0 0; ]
0500400718[243 89 24 51 16 0 0; ]
0500400719[245 89 24 51 16 0 0; ]
0500400720[248 90 24 51 16 0 0; ]
0500400721[251 90 24 50 16 0 0; ]
0500400722[251 91 24 50 16 0 0; ]
0500400723[251 90 26 50 16 0 0; ]
0500400724[254 90 24 50 16 0 0; ]
0500400725[258 90 23 50 16 0 0; ]
0500400726[260 90 23 49 16 0 0; ]
0500400727[262 90 24 48 16 0 0; ]
0500400728[264 91 24 48 16 0 0; ]
0500400729[266 91 24 47 16 0 0; ]
0500400730[267 91 24 47 16 0 0; ]
0500400731[269 91 24 47 16 0 0; ]
0500400732[271 91 24 46 16 0 0; ]
0500400733[273 91 24 46 16 0 0; ]
0500400734[275 91 24 46 16 1 0; ]
0500400735[277 91 23 46 16 1 0; ]
0500400736[279 91 22 46 16 1 0; ]
0500400737[281 91 22 46 16 1 0; ]
0500400738[283 91 21 46 16 1 0; ]
0500400739[]
0500400740[]
0500400741[]
0500400742[]
0500400743[]
0500400744[]
0500400745[]
0500400746[]
0500400747[]
0500400748[]
0500400749[]
0500400750[]
0500400751[]
0500400752[]
0500400753[]
0500400754[]
0500400755[]
0500400756[]
0500400757[]
0500400758[]
0500400759[]
0500400760[]
0500400761[]
0500400762[]
0500400763[]
0500400764[]
0500400765[]
0500400766[]
0500400767[]
0500400768[]
0500400769[]
0500400770[]
0500400771[]
0500400772[]
0500400773[]
0500400774[]
0500400775[]
0500400776[]
0500400777[]
0500400778[]
0500400779[]
0500400780[]
0500400781[]
0500400782[]
0500400783[]
0500400784[]
0500400785[]
0500400786[]
0500400787[]
0500400788[]
0500400789[]
0500400790[]
0500400791[]
0500400792[]
0500400793[]
0500400794[]
0500400795[]
0500400796[]
0500400797[]
0500400798[]
0500400799[]
0500400800[]
0500400801[]
0500400802[]
0500400803[]
0500400804[]
0500400805[]
0500400806[]
0500400807[]
0500400808[]
0500400809[]
0500400810[]
0500400811[]
0500400812[]
0500400813[]
0500400814[]
0500400815[]
0500400816[]
0500400817[]
0500400818[]
0500400819[]
0500400820[]
0500400821[]
0500400822[]
