0500500001[]
0500500002[]
0500500003[]
0500500004[27 53 71 139 1 0 2; 142 83 34 78 2 0 1; 195 91 27 45 3 0 0; 305 86 28 65 5 1 0; ]
0500500005[14 51 77 144 1 0 2; 139 82 34 78 2 0 1; 193 90 27 45 3 0 0; 304 85 28 66 5 1 0; ]
0500500006[2 49 82 149 1 0 2; 137 82 34 79 2 0 1; 190 90 28 45 3 0 0; 303 85 28 67 5 1 0; ]
0500500007[134 82 35 79 2 0 1; 188 90 28 45 3 0 0; 302 85 28 67 5 1 0; ]
0500500008[132 81 35 79 2 0 1; 187 90 28 45 3 0 0; 301 84 28 68 5 0 0; ]
0500500009[129 81 35 80 2 0 1; 185 90 28 45 3 0 0; 300 84 28 68 5 0 0; ]
0500500010[127 81 35 80 2 0 1; 183 89 27 45 3 0 0; 299 83 28 69 5 0 0; ]
0500500011[124 81 35 81 2 0 1; 181 89 27 45 3 0 0; 299 83 28 69 5 0 0; ]
0500500012[122 81 35 81 2 0 1; 180 89 27 45 3 0 0; 298 83 28 69 5 0 0; ]
0500500013[119 81 35 82 2 0 1; 178 89 27 45 3 0 0; 296 83 28 69 5 0 0; ]
0500500014[117 81 35 82 2 0 1; 176 89 27 45 3 0 0; 295 83 28 69 5 0 0; ]
0500500015[115 81 35 83 2 0 1; 174 88 27 45 3 0 0; 294 83 28 69 5 0 0; ]
0500500016[113 81 35 83 2 0 1; 171 88 27 46 3 0 0; 293 83 28 69 5 0 0; ]
0500500017[110 81 35 84 2 0 1; 169 88 28 47 3 0 0; 292 83 28 69 5 0 0; ]
0500500018[108 81 35 84 2 0 1; 167 87 29 48 3 0 0; 291 83 28 69 5 0 0; ]
0500500019[106 81 35 85 2 0 1; 164 87 29 49 3 0 0; 290 83 28 69 5 0 0; ]
0500500020[103 80 36 86 2 0 1; 162 86 30 48 3 0 0; 289 83 28 70 5 0 0; ]
0500500021[101 80 37 88 2 0 1; 160 86 30 48 3 0 0; 288 83 29 71 5 0 0; ]
0500500022[98 79 38 89 2 0 1; 159 86 30 49 3 0 0; 287 83 29 72 5 0 0; ]
0500500023[96 79 38 90 2 0 1; 158 86 30 50 3 0 0; 286 83 29 72 5 0 0; ]
0500500024[93 78 39 91 2 0 1; 156 87 30 50 3 0 0; 286 83 30 73 5 0 0; ]
0500500025[91 78 39 92 2 0 1; 155 88 31 51 3 0 0; 285 83 30 73 5 0 0; ]
0500500026[89 77 39 93 2 0 1; 154 88 31 52 3 0 0; 285 83 30 74 5 1 0; ]
0500500027[87 77 39 93 2 0 1; 153 87 31 52 3 0 0; 285 83 30 73 5 1 0; ]
0500500028[85 76 39 94 2 0 1; 151 86 31 53 3 0 0; 285 83 30 73 5 1 0; 38 111 27 37 15 1 3; ]
0500500029[84 75 39 94 2 0 1; 150 84 31 53 3 0 0; 285 82 30 73 5 1 0; 38 111 27 37 15 1 3; ]
0500500030[82 75 39 95 2 0 1; 149 83 31 53 3 0 0; 286 82 31 73 5 1 0; 38 111 27 37 15 1 3; ]
0500500031[80 74 39 95 2 0 1; 149 83 31 53 3 0 0; 286 81 31 73 5 1 0; 35 108 28 39 6 1 -1; ]
0500500032[79 74 39 95 2 0 1; 148 83 30 52 3 0 0; 286 80 31 73 5 1 0; 35 107 28 39 6 1 -1; ]
0500500033[78 73 39 95 2 0 1; 148 83 30 52 3 0 0; 287 79 31 74 5 1 0; 34 107 29 38 6 1 -1; ]
0500500034[76 73 39 96 2 0 1; 148 82 30 52 3 0 0; 288 78 31 75 5 1 0; 34 106 29 38 6 1 -1; ]
0500500035[75 72 40 97 2 0 1; 147 81 30 53 3 0 0; 289 77 31 76 5 1 0; 33 105 30 38 6 1 -1; ]
0500500036[74 71 40 98 2 0 1; 147 80 30 53 3 0 0; 291 77 31 76 5 1 0; 32 104 30 39 6 1 -1; ]
0500500037[73 70 41 99 2 0 1; 146 80 31 53 3 0 0; 292 76 31 76 5 1 0; 32 103 31 39 6 1 -1; ]
0500500038[72 69 41 100 2 0 1; 146 79 31 53 3 0 0; 294 75 31 77 5 1 0; 31 103 32 39 6 1 -1; ]
0500500039[70 68 42 101 2 0 1; 145 79 32 53 3 0 0; 295 75 32 78 5 1 0; 31 103 32 40 6 0 -1; ]
0500500040[69 67 42 102 2 0 1; 145 78 33 53 3 0 0; 297 74 32 78 5 1 0; 30 103 32 40 6 0 -1; ]
0500500041[68 67 43 103 2 0 1; 144 78 34 54 3 0 0; 298 74 32 78 5 1 0; 29 103 33 40 6 0 -1; ]
0500500042[67 67 43 105 2 0 1; 143 78 34 56 3 0 0; 299 74 33 78 5 1 0; 29 103 33 41 6 0 -1; ]
0500500043[66 67 44 106 2 0 1; 143 78 35 58 3 0 0; 300 75 33 78 5 1 0; 28 103 33 41 6 0 -1; ]
0500500044[65 67 44 107 2 0 1; 142 78 35 60 3 0 0; 301 76 34 78 5 1 0; 27 103 33 41 6 0 -1; ]
0500500045[63 67 45 108 2 0 1; 142 77 35 60 3 0 0; 302 77 34 78 5 1 0; 27 103 34 42 6 0 -1; ]
0500500046[62 66 45 109 2 0 1; 142 76 35 61 3 0 0; 303 76 34 78 5 1 0; 26 104 34 42 6 0 -1; ]
0500500047[61 65 46 110 2 0 1; 142 75 35 64 3 0 0; 305 75 33 79 5 1 0; 26 102 33 41 6 0 -1; ]
0500500048[60 62 46 111 2 0 1; 142 74 35 68 3 0 0; 307 72 33 80 5 1 0; 27 101 33 40 6 0 -1; ]
0500500049[59 60 47 113 2 0 1; 142 71 36 70 3 0 0; 309 70 32 82 5 1 0; 27 101 33 40 6 0 -1; ]
0500500050[58 57 47 115 2 0 1; 141 69 38 72 3 0 0; 312 68 31 82 5 1 0; 26 100 34 40 6 0 -1; ]
0500500051[57 55 47 116 2 0 1; 141 69 38 74 3 0 0; 314 67 31 82 5 1 0; 26 99 34 40 6 0 -1; ]
0500500052[55 54 47 117 2 0 1; 141 69 38 76 3 0 0; 315 66 31 82 5 1 0; 25 99 35 40 6 0 -1; ]
0500500053[54 54 47 118 2 0 1; 140 69 39 77 3 0 0; 317 67 31 82 5 1 0; 25 99 35 40 6 0 -1; ]
0500500054[52 55 47 119 2 0 1; 140 69 39 78 3 0 0; 318 68 32 83 5 1 0; 25 99 35 40 6 0 -1; ]
0500500055[51 56 47 119 2 0 1; 139 69 39 80 3 0 0; 319 68 33 83 5 1 0; 25 99 34 40 6 0 -1; ]
0500500056[49 56 48 120 2 0 1; 139 69 39 81 3 0 0; 320 69 33 84 5 1 0; 26 99 34 41 6 0 -1; ]
0500500057[47 56 48 121 2 0 1; 139 69 39 84 3 0 0; 322 69 33 84 5 1 0; 26 99 34 41 6 0 -1; ]
0500500058[45 56 48 122 2 0 1; 139 69 39 86 3 0 0; 323 69 33 84 5 1 0; 26 100 34 41 6 0 -1; ]
0500500059[42 55 49 123 2 0 1; 138 68 40 87 3 0 0; 325 69 33 84 5 1 0; 25 100 34 41 6 1 -1; ]
0500500060[40 55 49 125 2 0 1; 138 68 40 87 3 0 0; 326 69 33 84 5 1 0; 25 101 34 41 6 1 -1; ]
0500500061[37 54 50 127 2 0 1; 138 68 40 88 3 0 0; 328 69 33 84 5 1 0; 24 102 34 42 6 1 -1; ]
0500500062[34 54 51 129 2 0 1; 138 68 41 88 3 0 0; 329 68 33 85 5 1 0; 24 102 33 42 6 1 -1; ]
0500500063[31 53 52 131 2 0 1; 138 68 41 88 3 0 0; 331 68 33 85 5 1 0; 24 102 32 42 6 1 -1; ]
0500500064[28 52 53 134 2 0 1; 137 66 42 90 3 0 0; 333 68 34 86 5 1 0; ]
0500500065[25 49 54 135 2 0 1; 136 65 43 91 3 0 0; 335 66 34 87 5 1 0; ]
0500500066[22 48 55 136 2 0 1; 136 64 44 92 3 0 0; 336 65 34 88 5 1 0; ]
0500500067[19 46 55 138 2 0 1; 135 62 44 93 3 0 0; 338 63 34 89 5 1 0; ]
0500500068[16 45 56 139 2 0 1; 134 61 45 94 3 0 0; 339 63 34 89 5 1 0; ]
0500500069[13 44 56 141 2 0 1; 134 59 46 95 3 0 0; 341 62 34 90 5 1 0; ]
0500500070[9 43 57 142 2 0 1; 133 59 46 96 3 0 0; 342 62 34 91 5 1 0; ]
0500500071[6 43 57 144 2 0 1; 132 59 48 97 3 0 0; 344 61 34 91 5 1 0; ]
0500500072[3 43 58 146 2 0 1; 132 59 49 99 3 0 0; 346 62 34 92 5 1 0; ]
0500500073[131 59 51 100 3 0 0; 347 62 35 92 5 1 0; ]
0500500074[130 60 52 101 3 0 0; 349 63 35 93 5 1 0; ]
0500500075[129 60 52 103 3 0 0; 350 64 35 93 5 1 0; ]
0500500076[129 62 52 104 3 0 0; 352 65 36 93 5 1 0; ]
0500500077[128 63 52 106 3 0 0; 353 66 36 94 5 1 0; 24 108 33 40 7 1 -1; ]
0500500078[127 65 52 108 3 0 0; 355 68 37 94 5 1 0; 22 108 35 43 7 1 -1; ]
0500500079[126 64 53 110 3 0 0; 357 70 38 94 5 1 0; 20 108 37 45 7 1 -1; ]
0500500080[126 64 53 113 3 0 0; 359 72 38 95 5 1 0; 19 108 38 46 7 0 -1; ]
0500500081[125 64 54 115 3 0 0; 361 73 38 96 5 1 0; 19 108 38 46 7 0 -1; ]
0500500082[124 64 55 117 3 0 0; 363 73 39 96 5 1 0; 19 109 38 46 7 0 -1; ]
0500500083[123 63 55 119 3 0 0; 365 72 39 97 5 1 0; 18 110 38 47 7 0 -1; ]
0500500084[122 62 56 121 3 0 0; 368 71 40 98 5 1 0; 18 110 38 47 7 0 -1; ]
0500500085[120 61 57 123 3 0 0; 370 70 41 99 5 1 0; 18 109 39 47 7 0 -1; ]
0500500086[119 60 58 125 3 0 0; 372 68 41 100 5 1 0; 17 108 40 46 7 0 -1; ]
0500500087[118 57 59 127 3 0 0; 374 66 42 101 5 1 0; 16 106 40 46 7 0 -1; ]
0500500088[117 53 60 129 3 0 0; 376 64 44 103 5 1 0; 16 104 41 46 7 0 -1; ]
0500500089[115 51 61 130 3 0 0; 377 61 45 105 5 1 0; 16 102 41 46 7 0 -1; ]
0500500090[114 49 63 132 3 0 0; 379 60 46 106 5 1 0; 16 100 41 47 7 0 -1; ]
0500500091[112 47 64 133 3 0 0; 382 58 47 107 5 1 0; 16 98 41 47 7 0 -1; ]
0500500092[111 46 65 134 3 0 0; 384 57 48 108 5 1 0; 17 96 41 48 7 0 -1; ]
0500500093[109 44 67 135 3 0 0; 387 56 48 108 5 1 0; 17 95 41 49 7 0 -1; ]
0500500094[107 43 67 140 3 0 0; 389 56 49 109 5 1 0; 17 94 41 50 7 0 -1; ]
0500500095[105 42 68 143 3 0 0; 392 55 49 109 5 1 0; 17 94 41 50 7 0 -1; ]
0500500096[103 41 69 146 3 0 0; 394 54 49 110 5 1 0; 17 94 41 51 7 0 -1; ]
0500500097[100 40 70 149 3 0 0; 397 54 49 110 5 1 0; 17 93 41 51 7 0 -1; ]
0500500098[98 39 71 151 3 0 0; 399 54 49 111 5 1 0; 17 93 41 51 7 0 -1; ]
0500500099[96 38 72 153 3 0 0; 402 53 50 112 5 1 0; 17 93 41 52 7 0 -1; ]
0500500100[93 37 73 156 3 0 0; 404 53 51 112 5 1 0; 17 94 42 52 7 0 -1; ]
0500500101[90 36 74 158 3 0 0; 406 53 51 113 5 1 0; 17 95 43 52 7 0 -1; ]
0500500102[87 36 75 161 3 0 0; 409 54 51 115 5 1 0; 16 97 43 52 7 0 -1; ]
0500500103[85 35 76 164 3 0 0; 411 54 51 116 5 1 0; 16 98 44 52 7 0 -1; ]
0500500104[82 35 77 167 3 0 0; 414 55 51 118 5 1 0; 16 99 44 51 7 0 -1; ]
0500500105[78 34 78 170 3 0 0; 416 56 51 119 5 1 0; 15 100 44 51 7 0 -1; ]
0500500106[75 34 79 174 3 0 0; 419 56 51 120 5 1 0; 15 101 43 51 7 0 -1; ]
0500500107[72 34 80 177 3 0 0; 421 57 51 121 5 1 0; 14 101 43 51 7 0 -1; ]
0500500108[69 34 81 181 3 0 0; 423 58 51 121 5 1 0; 14 100 44 55 7 0 -1; ]
0500500109[64 34 84 186 3 0 0; 426 58 51 122 5 1 0; 13 104 45 55 7 0 -1; ]
0500500110[58 34 86 191 3 0 0; 428 62 52 122 5 1 0; 12 106 46 55 7 0 -1; ]
0500500111[52 33 88 196 3 0 0; 430 66 53 122 5 1 0; 11 108 46 54 7 0 -1; ]
0500500112[46 33 90 200 3 0 0; 432 68 54 122 5 1 0; 10 110 46 54 7 0 -1; ]
0500500113[39 33 91 204 3 0 0; 434 69 54 123 5 1 0; 8 113 46 54 7 0 -1; ]
0500500114[32 32 93 207 3 0 0; 436 70 55 125 5 1 0; 7 113 46 54 7 0 -1; ]
0500500115[24 32 95 211 3 0 0; 437 71 55 127 5 1 0; 5 114 46 55 7 1 -1; ]
0500500116[15 32 97 215 3 0 0; 439 71 56 129 5 1 0; 3 115 45 55 7 1 -1; ]
0500500117[6 32 100 219 3 0 0; 440 72 59 130 5 1 0; 2 118 42 52 7 1 -1; ]
0500500118[442 72 60 132 5 1 0; ]
0500500119[443 73 59 133 5 1 0; ]
0500500120[]
0500500121[]
0500500122[]
0500500123[]
0500500124[]
0500500125[]
0500500126[]
0500500127[]
0500500128[]
0500500129[]
0500500130[]
0500500131[]
0500500132[]
0500500133[]
0500500134[]
0500500135[]
0500500136[]
0500500137[]
0500500138[]
0500500139[]
0500500140[]
0500500141[]
0500500142[]
0500500143[]
0500500144[]
0500500145[]
0500500146[]
0500500147[]
0500500148[]
0500500149[]
0500500150[]
0500500151[]
0500500152[]
0500500153[]
0500500154[]
0500500155[]
0500500156[]
0500500157[]
0500500158[]
0500500159[]
0500500160[]
0500500161[]
0500500162[]
0500500163[]
0500500164[]
0500500165[]
0500500166[]
0500500167[]
0500500168[]
0500500169[]
0500500170[]
0500500171[]
0500500172[]
0500500173[]
0500500174[]
0500500175[]
0500500176[]
0500500177[]
0500500178[]
0500500179[]
0500500180[]
0500500181[]
0500500182[]
0500500183[]
0500500184[]
0500500185[]
0500500186[]
0500500187[]
0500500188[]
0500500189[]
0500500190[]
0500500191[]
0500500192[]
0500500193[]
0500500194[]
0500500195[]
0500500196[]
0500500197[]
0500500198[118 91 24 40 9 1 0; ]
0500500199[119 90 23 39 9 1 0; ]
0500500200[120 90 23 38 9 1 0; ]
0500500201[120 90 22 38 9 1 0; ]
0500500202[121 90 22 38 9 1 0; ]
0500500203[121 89 22 38 9 1 0; ]
0500500204[121 89 22 39 9 1 0; ]
0500500205[]
0500500206[]
0500500207[]
0500500208[]
0500500209[]
0500500210[]
0500500211[]
0500500212[]
0500500213[]
0500500214[]
0500500215[]
0500500216[]
0500500217[]
0500500218[]
0500500219[]
0500500220[]
0500500221[]
0500500222[]
0500500223[]
0500500224[]
0500500225[]
0500500226[]
0500500227[]
0500500228[]
0500500229[]
0500500230[]
0500500231[]
0500500232[]
0500500233[]
0500500234[]
0500500235[]
0500500236[]
0500500237[]
0500500238[]
0500500239[]
0500500240[]
0500500241[]
0500500242[]
0500500243[]
0500500244[]
0500500245[]
0500500246[]
0500500247[]
0500500248[]
0500500249[]
0500500250[]
0500500251[]
0500500252[]
0500500253[]
0500500254[]
0500500255[]
0500500256[]
0500500257[]
0500500258[]
0500500259[]
0500500260[]
0500500261[]
0500500262[]
0500500263[]
0500500264[]
0500500265[]
0500500266[]
0500500267[]
0500500268[]
0500500269[]
0500500270[74 91 22 44 10 1 0; ]
0500500271[74 91 25 45 10 1 0; ]
0500500272[74 91 26 47 10 1 0; ]
0500500273[75 91 27 48 10 0 0; ]
0500500274[76 91 27 50 10 0 0; ]
0500500275[77 91 27 52 10 0 0; ]
0500500276[79 91 26 51 10 0 0; ]
0500500277[81 91 26 51 10 0 0; ]
0500500278[82 93 26 51 10 0 0; ]
0500500279[84 95 26 51 10 0 0; ]
0500500280[85 94 27 51 10 0 0; ]
0500500281[86 94 28 52 10 0 0; ]
0500500282[87 93 28 52 10 0 0; ]
0500500283[88 93 29 53 10 0 0; ]
0500500284[89 92 29 54 10 0 0; ]
0500500285[89 91 29 55 10 0 0; ]
0500500286[91 92 29 55 10 0 0; ]
0500500287[92 93 29 55 10 0 0; ]
0500500288[94 93 30 55 10 0 0; ]
0500500289[95 93 30 55 10 0 0; ]
0500500290[97 93 30 55 10 0 0; ]
0500500291[98 93 30 54 10 0 0; ]
0500500292[100 92 31 54 10 0 0; ]
0500500293[101 92 31 54 10 0 0; ]
0500500294[103 93 30 53 10 0 0; ]
0500500295[106 93 29 53 10 0 0; ]
0500500296[108 94 28 53 10 0 0; ]
0500500297[110 94 29 53 10 0 0; ]
0500500298[112 93 29 53 10 0 0; ]
0500500299[114 93 30 54 10 0 0; ]
0500500300[116 91 31 54 10 0 0; ]
0500500301[118 92 30 53 10 0 0; ]
0500500302[121 93 30 53 10 0 0; ]
0500500303[123 94 30 53 10 0 0; ]
0500500304[127 95 30 53 10 0 0; ]
0500500305[131 96 29 53 10 0 0; ]
0500500306[135 97 29 53 10 0 0; ]
0500500307[139 99 29 53 10 0 0; ]
0500500308[144 101 29 54 10 0 0; 210 114 15 30 11 0 0; ]
0500500309[148 103 29 54 10 0 0; 213 117 15 31 11 0 0; ]
0500500310[152 106 29 55 10 0 0; 216 120 15 32 11 0 0; ]
0500500311[156 109 29 55 10 0 0; 219 123 15 32 11 0 0; 371 114 19 50 16 1 3; ]
0500500312[160 111 29 55 10 0 0; 223 126 15 32 11 0 0; 375 117 20 50 16 1 3; ]
0500500313[164 114 29 55 10 0 0; 226 130 14 32 11 0 0; 380 120 20 51 16 1 3; ]
0500500314[169 117 29 55 10 0 0; 229 132 14 32 11 0 0; 384 123 20 51 16 1 3; ]
0500500315[173 120 29 55 10 0 0; 232 135 14 32 11 0 0; 389 125 20 52 16 1 3; ]
0500500316[179 122 29 54 10 0 0; 237 136 14 32 11 0 0; 395 127 20 52 16 1 3; ]
0500500317[185 124 29 53 10 0 0; 241 138 14 32 11 0 0; 400 129 20 52 16 1 3; ]
0500500318[191 126 28 53 10 0 0; 246 139 14 31 11 0 0; 406 131 19 52 16 1 3; ]
0500500319[198 127 28 53 10 0 0; 251 139 14 31 11 0 0; 412 131 19 52 16 1 3; ]
0500500320[204 127 28 54 10 0 0; 256 139 14 31 11 0 0; 418 131 19 53 16 1 3; ]
0500500321[210 127 29 55 10 0 0; 261 139 15 32 11 0 0; 424 131 19 53 16 1 3; ]
0500500322[216 126 29 56 10 0 0; 266 139 16 33 11 0 0; 430 131 20 53 16 1 3; ]
0500500323[223 126 29 56 10 0 0; 271 139 17 34 11 0 0; 436 131 20 54 16 1 3; ]
0500500324[229 126 28 55 10 0 0; 276 139 17 33 11 0 0; 442 130 21 55 16 1 3; ]
0500500325[236 126 28 55 10 0 0; 281 139 17 33 11 0 0; 448 129 21 55 16 1 3; ]
0500500326[242 126 28 55 10 0 0; 286 139 17 33 11 0 0; 454 129 22 56 16 1 3; ]
0500500327[290 139 16 33 11 0 0; 246 127 28 53 12 0 0; 460 129 22 56 16 1 3; ]
0500500328[295 139 16 33 11 0 0; 252 127 28 54 12 0 0; 465 129 22 56 16 1 3; ]
0500500329[299 139 16 33 11 0 0; 258 127 28 54 12 0 0; 469 131 25 56 13 1 1; ]
0500500330[303 139 16 33 11 0 0; 263 127 28 55 12 0 0; 474 129 25 57 13 1 1; ]
0500500331[308 139 16 33 11 0 0; 268 128 28 55 12 0 0; 480 128 25 58 13 1 1; ]
0500500332[312 139 16 33 11 0 0; 274 128 28 56 12 0 0; 485 128 25 59 13 1 1; ]
0500500333[316 138 15 34 11 0 0; 279 128 28 56 12 0 0; ]
0500500334[320 138 15 34 11 0 0; 283 128 28 56 12 0 0; ]
0500500335[323 141 16 34 11 0 0; 288 129 28 56 12 0 0; ]
0500500336[326 144 16 34 11 0 0; 292 131 27 56 12 0 0; ]
0500500337[329 144 16 34 11 0 0; 297 133 27 56 12 0 0; ]
0500500338[333 144 16 35 11 0 0; 301 135 27 56 12 0 0; ]
0500500339[336 146 16 33 11 0 0; 305 137 27 57 12 0 0; ]
0500500340[338 147 16 32 11 0 0; 309 138 27 57 12 0 0; ]
0500500341[341 148 16 31 11 0 0; 313 140 27 57 12 0 0; ]
0500500342[343 149 16 32 11 0 0; 316 141 27 57 12 0 0; ]
0500500343[345 150 16 32 11 0 0; 319 141 28 58 12 0 0; ]
0500500344[347 151 16 32 11 1 0; 322 141 29 58 12 0 0; ]
0500500345[349 152 16 33 11 1 0; 325 142 30 59 12 0 0; ]
0500500346[351 152 16 33 11 1 0; 329 142 29 59 12 0 0; ]
0500500347[353 152 16 33 11 1 0; 332 142 29 60 12 0 0; ]
0500500348[354 153 16 33 11 1 0; 335 143 28 60 12 0 0; ]
0500500349[356 153 16 33 11 1 0; 338 144 28 61 12 0 0; ]
0500500350[357 153 16 34 11 1 0; 339 145 28 61 12 0 0; ]
0500500351[340 146 29 62 12 0 0; ]
0500500352[342 148 29 62 12 0 0; ]
0500500353[342 149 30 62 12 0 0; ]
0500500354[343 150 30 62 12 0 0; ]
0500500355[344 151 29 62 12 0 0; ]
0500500356[344 152 29 62 12 0 0; ]
0500500357[344 152 28 62 12 0 0; ]
0500500358[344 154 28 62 12 0 0; ]
0500500359[343 155 27 62 12 0 0; ]
0500500360[342 156 27 61 12 0 0; ]
0500500361[340 156 27 61 12 0 0; ]
0500500362[337 156 27 61 12 0 0; ]
0500500363[334 156 28 61 12 0 0; ]
0500500364[331 157 28 61 12 0 0; ]
0500500365[327 156 27 61 12 0 0; ]
0500500366[323 154 27 62 12 0 0; ]
0500500367[319 152 26 62 12 0 0; ]
0500500368[315 150 26 63 12 0 0; ]
0500500369[309 148 26 62 12 0 0; ]
0500500370[304 146 26 62 12 0 0; ]
0500500371[297 145 25 61 12 0 0; ]
0500500372[290 143 25 60 12 0 0; ]
0500500373[283 141 25 61 12 0 0; ]
0500500374[276 141 25 62 12 0 0; 475 139 32 72 13 0 1; ]
0500500375[269 140 25 63 12 0 0; 468 140 32 71 13 0 1; 262 144 19 36 14 1 0; ]
0500500376[262 141 25 62 12 0 0; 461 141 31 71 13 0 1; 254 145 19 37 14 1 0; ]
0500500377[255 142 25 61 12 0 0; 454 141 31 71 13 0 1; 246 146 19 37 14 1 0; ]
0500500378[248 143 25 60 12 0 0; 447 141 30 71 13 0 1; 238 146 20 38 14 1 0; ]
0500500379[241 144 25 60 12 0 0; 439 141 30 72 13 0 1; 230 146 20 38 14 0 0; ]
0500500380[234 143 25 60 12 0 0; 432 141 29 72 13 0 1; 223 145 20 39 14 0 0; ]
0500500381[227 142 25 60 12 0 0; 425 140 29 73 13 0 1; 215 144 21 40 14 0 0; ]
0500500382[220 141 26 60 12 0 0; 418 139 29 73 13 0 1; 207 143 21 40 14 0 0; ]
0500500383[213 140 26 60 12 0 0; 411 138 30 73 13 0 1; 200 142 21 40 14 0 0; ]
0500500384[206 140 26 60 12 0 0; 403 136 30 73 13 0 1; 193 142 21 40 14 0 0; ]
0500500385[199 139 27 60 12 0 0; 396 135 31 74 13 0 1; 186 141 21 40 14 0 0; ]
0500500386[192 139 28 61 12 0 0; 389 135 31 74 13 0 1; 178 141 20 40 14 0 0; ]
0500500387[185 139 28 62 12 0 0; 382 134 31 74 13 0 1; 171 140 21 40 14 0 0; ]
0500500388[179 139 28 62 12 0 0; 374 134 31 75 13 0 1; 164 140 21 40 14 0 0; ]
0500500389[173 139 28 62 12 0 0; 367 134 31 75 13 0 1; 156 140 21 40 14 0 0; ]
0500500390[166 139 27 62 12 0 0; 360 134 31 75 13 0 1; 149 139 22 39 14 0 0; ]
0500500391[160 138 27 62 12 0 0; 354 134 31 75 13 0 1; 141 139 22 40 14 0 0; ]
0500500392[154 138 27 62 12 0 0; 347 133 31 75 13 0 1; 134 139 23 41 14 0 0; ]
0500500393[147 138 28 62 12 0 0; 341 133 32 75 13 0 1; 126 139 23 42 14 0 0; ]
0500500394[141 138 28 61 12 0 0; 334 133 31 75 13 0 1; 119 139 23 42 14 0 0; ]
0500500395[134 138 28 61 12 0 0; 328 133 31 74 13 0 1; 111 137 23 43 14 0 0; ]
0500500396[128 137 28 61 12 0 0; 321 133 31 74 13 0 1; 104 136 23 43 14 0 0; ]
0500500397[122 137 28 61 12 0 0; 315 132 31 74 13 0 1; 97 135 23 43 14 0 0; ]
0500500398[115 136 28 61 12 0 0; 308 132 31 74 13 0 1; 90 134 23 44 14 0 0; ]
0500500399[109 135 27 61 12 0 0; 302 131 31 74 13 0 1; 84 133 23 44 14 0 0; ]
0500500400[103 133 27 62 12 0 0; 296 130 31 74 13 0 1; 77 132 23 44 14 0 0; ]
0500500401[97 132 27 62 12 0 0; 290 129 31 74 13 0 1; 71 132 23 44 14 0 0; ]
0500500402[91 130 27 62 12 0 0; 283 128 31 74 13 0 1; 64 131 23 45 14 0 0; ]
0500500403[85 130 27 62 12 0 0; 277 127 31 75 13 0 1; 57 131 23 45 14 0 0; ]
0500500404[79 131 27 61 12 0 0; 271 126 31 75 13 0 1; 50 131 23 45 14 0 0; ]
0500500405[73 131 27 61 12 0 0; 266 126 31 76 13 0 1; 43 131 23 45 14 0 0; ]
0500500406[68 131 27 60 12 0 0; 260 126 31 77 13 0 1; 38 131 23 44 14 0 0; ]
0500500407[63 131 27 60 12 0 0; 255 126 30 78 13 0 1; 33 132 23 44 14 0 0; ]
0500500408[58 131 27 60 12 0 0; 250 126 30 78 13 0 1; 27 132 23 43 14 0 0; ]
0500500409[54 131 26 60 12 0 0; 246 126 29 79 13 0 1; 22 132 24 43 14 0 0; ]
0500500410[50 131 26 60 12 0 0; 241 126 29 79 13 0 1; 17 132 24 43 14 0 0; ]
0500500411[45 131 26 60 12 0 0; 237 126 28 79 13 0 1; 11 131 24 43 14 0 0; ]
0500500412[40 131 26 60 12 0 0; 232 125 29 79 13 0 1; 6 131 24 44 14 0 0; ]
0500500413[35 130 26 60 12 0 0; 228 124 29 79 13 0 1; 1 130 24 44 14 0 0; ]
0500500414[31 130 26 61 12 0 0; 223 123 29 79 13 0 1; ]
0500500415[26 129 26 61 12 0 0; 218 122 29 78 13 0 1; ]
0500500416[21 128 27 61 12 0 0; 214 121 29 78 13 0 1; ]
0500500417[16 126 28 62 12 0 0; 209 121 29 78 13 0 1; ]
0500500418[11 126 28 62 12 0 0; 204 120 29 78 13 0 1; ]
0500500419[6 125 29 62 12 0 0; 200 120 29 78 13 0 1; ]
0500500420[0 125 30 62 12 0 0; 195 119 30 79 13 0 1; ]
0500500421[190 117 30 79 13 0 1; ]
0500500422[184 116 31 79 13 0 1; ]
0500500423[178 115 31 79 13 0 1; ]
0500500424[171 114 32 80 13 0 1; ]
0500500425[164 113 32 80 13 0 1; ]
0500500426[158 113 32 80 13 0 1; ]
0500500427[152 113 32 80 13 0 1; ]
0500500428[146 113 32 80 13 0 1; ]
0500500429[140 113 32 80 13 0 1; ]
0500500430[133 113 32 80 13 0 1; ]
0500500431[126 112 32 80 13 0 1; ]
0500500432[119 111 32 80 13 0 1; ]
0500500433[111 110 32 81 13 0 1; ]
0500500434[103 109 33 81 13 0 1; ]
0500500435[96 107 33 82 13 0 1; ]
0500500436[90 106 33 84 13 0 1; ]
0500500437[83 105 32 84 13 0 1; ]
0500500438[76 105 32 84 13 0 1; ]
0500500439[69 106 32 84 13 0 1; ]
0500500440[61 106 32 84 13 0 1; ]
0500500441[53 106 32 84 13 0 1; ]
0500500442[45 106 33 83 13 0 1; ]
0500500443[37 106 33 83 13 0 1; ]
0500500444[29 105 34 82 13 1 1; ]
0500500445[20 105 35 82 13 1 1; ]
0500500446[12 105 35 82 13 1 1; ]
0500500447[3 104 35 83 13 1 1; ]
0500500448[]
0500500449[]
0500500450[]
0500500451[]
0500500452[]
0500500453[]
0500500454[]
0500500455[]
0500500456[]
0500500457[]
0500500458[]
0500500459[]
0500500460[]
0500500461[]
0500500462[]
0500500463[]
0500500464[]
0500500465[]
0500500466[]
0500500467[]
0500500468[]
0500500469[]
0500500470[]
0500500471[]
0500500472[]
0500500473[]
0500500474[]
0500500475[]
0500500476[]
0500500477[]
0500500478[]
0500500479[]
0500500480[]
0500500481[]
0500500482[]
0500500483[]
0500500484[]
0500500485[]
0500500486[]
0500500487[]
0500500488[]
0500500489[]
0500500490[]
0500500491[]
0500500492[]
0500500493[]
0500500494[]
0500500495[]
0500500496[]
0500500497[]
0500500498[]
0500500499[]
0500500500[]
0500500501[]
0500500502[]
0500500503[]
0500500504[]
0500500505[]
0500500506[]
0500500507[]
0500500508[]
0500500509[]
0500500510[]
0500500511[]
0500500512[]
0500500513[]
0500500514[]
0500500515[]
0500500516[]
0500500517[]
0500500518[]
0500500519[]
0500500520[]
0500500521[]
0500500522[]
0500500523[]
0500500524[]
0500500525[]
0500500526[]
0500500527[]
0500500528[]
0500500529[]
0500500530[]
0500500531[]
0500500532[]
0500500533[]
0500500534[]
0500500535[]
0500500536[]
0500500537[]
0500500538[]
0500500539[]
0500500540[]
0500500541[]
0500500542[]
0500500543[]
0500500544[]
0500500545[]
0500500546[]
0500500547[]
0500500548[]
0500500549[]
0500500550[]
0500500551[]
0500500552[]
0500500553[]
0500500554[]
0500500555[]
0500500556[]
0500500557[]
0500500558[]
0500500559[]
0500500560[]
0500500561[]
0500500562[]
0500500563[]
0500500564[]
0500500565[]
0500500566[]
0500500567[]
0500500568[]
0500500569[]
0500500570[]
0500500571[]
0500500572[]
0500500573[]
0500500574[]
0500500575[]
0500500576[]
0500500577[]
0500500578[]
0500500579[]
0500500580[]
0500500581[]
0500500582[]
0500500583[]
0500500584[]
0500500585[]
0500500586[]
0500500587[]
0500500588[]
0500500589[]
0500500590[]
0500500591[]
0500500592[]
0500500593[]
0500500594[]
0500500595[]
0500500596[]
0500500597[]
0500500598[]
0500500599[]
0500500600[]
0500500601[]
0500500602[]
0500500603[]
0500500604[]
0500500605[]
0500500606[]
0500500607[]
0500500608[]
0500500609[]
0500500610[]
0500500611[]
0500500612[]
0500500613[]
0500500614[]
0500500615[]
0500500616[]
0500500617[]
0500500618[]
0500500619[]
0500500620[]
0500500621[]
0500500622[]
0500500623[]
0500500624[]
0500500625[]
0500500626[]
0500500627[]
0500500628[]
0500500629[]
0500500630[]
0500500631[]
0500500632[]
0500500633[]
0500500634[]
0500500635[]
0500500636[]
0500500637[]
0500500638[]
0500500639[]
0500500640[]
0500500641[]
0500500642[]
0500500643[]
0500500644[]
0500500645[]
0500500646[]
0500500647[]
0500500648[]
0500500649[]
0500500650[]
0500500651[]
0500500652[]
0500500653[]
0500500654[]
0500500655[]
0500500656[]
0500500657[]
0500500658[]
0500500659[]
0500500660[]
0500500661[]
0500500662[]
0500500663[]
0500500664[]
0500500665[]
0500500666[]
0500500667[]
0500500668[]
0500500669[]
0500500670[]
0500500671[]
0500500672[]
0500500673[]
0500500674[]
0500500675[]
0500500676[]
0500500677[]
0500500678[]
0500500679[]
0500500680[]
0500500681[]
0500500682[]
0500500683[]
0500500684[]
0500500685[]
0500500686[]
0500500687[]
0500500688[]
0500500689[]
0500500690[]
0500500691[]
0500500692[]
0500500693[]
0500500694[]
0500500695[]
0500500696[]
0500500697[]
0500500698[]
0500500699[]
0500500700[]
0500500701[]
0500500702[]
0500500703[]
0500500704[]
0500500705[]
0500500706[]
0500500707[]
0500500708[]
0500500709[]
0500500710[]
0500500711[]
0500500712[]
0500500713[]
0500500714[]
0500500715[]
0500500716[]
0500500717[]
0500500718[]
0500500719[]
0500500720[]
0500500721[]
0500500722[]
0500500723[]
0500500724[]
0500500725[]
0500500726[]
0500500727[]
0500500728[]
0500500729[]
0500500730[]
0500500731[]
0500500732[]
0500500733[]
0500500734[]
0500500735[]
0500500736[]
0500500737[]
0500500738[]
0500500739[]
0500500740[]
0500500741[]
0500500742[]
0500500743[]
0500500744[]
0500500745[]
0500500746[]
0500500747[]
0500500748[]
