0500800001[]
0500800002[]
0500800003[53 60 45 118 0 1 1; 180 78 42 49 1 0 2; 241 63 23 62 55 1 1; ]
0500800004[54 60 43 120 0 1 1; 180 79 42 49 1 0 2; 242 63 23 62 55 1 1; ]
0500800005[55 60 41 121 0 1 1; 181 80 42 49 1 0 2; 243 63 23 61 55 1 1; ]
0500800006[56 60 41 122 0 1 1; 181 80 42 48 1 0 2; 244 63 23 61 55 1 1; ]
0500800007[56 60 41 122 0 1 1; 181 80 42 48 1 0 2; 245 63 23 61 55 1 1; ]
0500800008[57 59 41 122 0 1 1; 182 79 42 48 1 0 2; 246 63 23 61 55 1 1; ]
0500800009[58 59 41 122 0 1 1; 182 78 42 48 1 0 2; 247 63 23 61 55 1 1; ]
0500800010[59 59 41 122 0 1 1; 182 78 42 48 1 0 2; 248 64 23 61 55 1 1; ]
0500800011[59 59 41 122 0 1 1; 182 78 43 48 1 0 2; 249 64 23 61 55 1 1; ]
0500800012[60 59 41 122 0 1 1; 182 78 43 49 1 0 2; 250 64 23 61 55 1 1; ]
0500800013[61 59 41 122 0 1 1; 182 78 43 49 1 0 2; 251 64 23 60 55 1 1; ]
0500800014[62 58 41 122 0 1 1; 182 78 43 49 1 0 2; 252 64 23 60 55 1 1; ]
0500800015[62 58 41 123 0 1 1; 183 78 43 49 1 0 2; 253 64 23 60 55 1 1; ]
0500800016[63 58 41 123 0 1 1; 183 78 43 49 1 0 2; 254 64 22 60 55 1 1; ]
0500800017[64 58 41 123 0 1 1; 183 78 44 49 1 0 2; 255 65 22 60 55 1 1; ]
0500800018[65 58 41 123 0 1 1; 184 78 44 48 1 0 2; 256 65 22 60 55 1 1; ]
0500800019[66 58 41 123 0 1 1; 185 78 43 49 1 0 2; 257 65 22 60 55 0 1; ]
0500800020[66 57 41 123 0 1 1; 186 78 42 50 1 0 2; 258 65 22 60 55 0 1; ]
0500800021[67 57 41 123 0 1 1; 184 79 21 47 2 0 2; 202 79 25 48 4 0 2; 259 65 22 60 55 0 1; ]
0500800022[68 57 41 123 0 1 1; 187 80 20 46 2 0 2; 202 78 26 49 4 0 2; 260 65 22 60 55 0 1; ]
0500800023[69 57 41 123 0 1 1; 187 78 20 50 3 0 1; 202 77 26 50 4 0 2; 261 65 22 60 55 0 1; ]
0500800024[70 57 41 124 0 1 1; 187 78 20 51 3 0 1; 203 77 27 50 4 0 2; 262 65 22 60 55 0 1; ]
0500800025[71 58 41 124 0 1 1; 188 78 20 51 3 0 1; 203 76 27 51 4 0 2; 263 65 22 60 55 0 1; ]
0500800026[72 58 41 124 0 1 1; 188 78 19 51 3 0 1; 203 76 27 51 4 0 2; 264 65 22 60 55 0 1; ]
0500800027[73 58 41 124 0 1 1; 189 78 19 51 3 0 1; 204 76 27 52 4 0 2; 266 65 22 60 55 0 1; ]
0500800028[74 58 41 124 0 1 1; 189 78 19 52 3 0 1; 204 76 27 52 4 0 2; 267 65 22 60 55 0 1; ]
0500800029[75 58 41 124 0 1 1; 189 78 19 52 3 1 1; 205 76 26 53 4 0 2; ]
0500800030[76 58 41 125 0 1 1; 190 78 19 52 3 1 1; 206 76 26 53 4 0 2; ]
0500800031[77 58 41 125 0 1 1; 190 77 19 51 3 1 1; 207 76 25 53 4 0 2; ]
0500800032[78 58 41 125 0 1 1; 190 77 20 51 3 1 1; 207 76 25 53 4 0 2; ]
0500800033[79 58 41 125 0 1 1; 191 77 20 50 3 1 1; 208 76 25 53 4 0 2; ]
0500800034[80 58 41 125 0 1 1; 191 76 20 50 3 1 1; 209 76 25 53 4 0 2; ]
0500800035[81 58 41 125 0 1 1; 193 75 20 51 3 1 1; 210 76 25 52 4 0 2; ]
0500800036[82 58 41 126 0 1 1; 193 78 19 49 3 1 1; 211 77 25 52 4 0 2; ]
0500800037[83 58 42 126 0 1 1; 194 79 19 47 3 1 1; 211 77 25 53 4 0 2; ]
0500800038[85 58 42 126 0 1 1; 195 80 18 46 3 1 1; 212 77 25 53 4 0 2; ]
0500800039[86 58 43 127 0 1 1; 196 80 17 45 3 1 1; 212 77 25 53 4 0 2; ]
0500800040[88 58 43 127 0 1 1; 197 80 16 44 3 1 1; 213 77 25 53 4 0 2; ]
0500800041[89 58 44 127 0 1 1; 199 80 15 43 3 1 1; 214 77 25 53 4 0 2; ]
0500800042[91 58 44 127 0 1 1; 215 77 25 53 4 0 2; ]
0500800043[93 58 44 127 0 1 1; 216 77 25 53 4 0 2; ]
0500800044[95 58 44 127 0 1 1; 217 77 25 53 4 0 2; ]
0500800045[97 58 44 127 0 1 1; 218 77 26 53 4 0 2; ]
0500800046[219 77 26 53 4 0 2; ]
0500800047[220 77 26 53 4 0 2; ]
0500800048[221 77 26 53 4 0 2; ]
0500800049[222 77 26 53 4 0 2; ]
0500800050[224 78 26 53 4 0 2; ]
0500800051[225 78 26 53 4 0 2; ]
0500800052[227 78 26 53 4 0 2; ]
0500800053[229 78 25 53 4 0 2; ]
0500800054[232 78 25 53 4 0 2; ]
0500800055[234 78 25 53 4 0 2; ]
0500800056[236 78 24 53 4 0 2; ]
0500800057[238 78 24 53 4 0 2; ]
0500800058[241 78 24 53 4 0 2; ]
0500800059[243 78 23 53 4 1 2; ]
0500800060[245 78 23 53 4 1 2; ]
0500800061[247 78 22 53 4 1 2; ]
0500800062[247 78 25 53 4 1 2; ]
0500800063[256 81 18 50 5 0 1; ]
0500800064[259 81 18 49 5 0 1; ]
0500800065[262 81 17 49 5 0 1; ]
0500800066[265 81 17 48 5 0 1; ]
0500800067[267 81 17 47 5 1 1; ]
0500800068[270 81 16 47 5 1 1; ]
0500800069[]
0500800070[]
0500800071[]
0500800072[]
0500800073[]
0500800074[]
0500800075[]
0500800076[]
0500800077[]
0500800078[]
0500800079[362 72 25 48 6 1 0; ]
0500800080[365 71 25 48 6 1 0; ]
0500800081[368 71 25 48 6 1 0; ]
0500800082[371 71 25 49 6 1 0; ]
0500800083[375 71 25 50 6 1 0; ]
0500800084[379 71 25 50 6 1 0; ]
0500800085[382 71 25 50 6 1 0; ]
0500800086[386 71 25 50 6 1 0; ]
0500800087[390 71 25 50 6 1 0; ]
0500800088[395 71 25 50 6 1 0; ]
0500800089[399 72 25 49 6 1 0; ]
0500800090[403 72 25 49 6 1 0; ]
0500800091[407 72 25 48 6 1 0; 271 56 61 149 7 1 1; ]
0500800092[412 73 25 47 6 1 0; 275 55 61 149 7 1 1; ]
0500800093[416 74 25 47 6 1 0; 281 53 61 149 7 1 1; ]
0500800094[421 74 25 46 6 1 0; 288 55 61 148 7 1 1; ]
0500800095[425 75 25 44 6 1 0; 294 57 61 147 7 1 1; ]
0500800096[431 74 22 43 6 1 0; 298 56 61 147 7 1 1; ]
0500800097[303 55 61 147 7 1 1; ]
0500800098[311 54 59 147 7 1 1; ]
0500800099[318 54 57 148 7 1 1; ]
0500800100[326 54 55 148 7 1 1; ]
0500800101[334 54 54 148 7 1 1; 334 83 16 42 9 1 0; ]
0500800102[342 54 53 148 7 1 1; 338 82 19 44 9 1 0; ]
0500800103[350 54 52 148 7 1 1; 342 81 20 45 9 0 0; ]
0500800104[358 54 52 148 7 1 1; 347 81 21 45 9 0 0; ]
0500800105[366 54 51 148 7 1 1; 351 81 22 45 9 0 0; ]
0500800106[374 54 51 148 7 1 1; 356 81 22 44 9 0 0; ]
0500800107[382 54 51 148 7 1 1; 361 81 21 43 9 0 0; ]
0500800108[389 54 50 148 7 1 1; 366 81 21 41 9 0 0; ]
0500800109[397 54 50 148 7 1 1; 373 81 20 40 9 0 0; 389 82 22 50 10 0 2; ]
0500800110[405 54 50 148 7 1 1; 379 81 19 39 9 0 0; 395 81 24 51 10 0 2; ]
0500800111[413 54 49 148 7 1 1; 384 81 19 40 9 0 0; 400 79 26 52 10 0 2; ]
0500800112[421 55 49 148 7 1 1; 390 81 19 40 9 0 0; 405 78 27 52 10 0 2; ]
0500800113[429 54 50 150 7 0 1; 395 81 19 40 9 0 0; 410 78 27 52 10 0 2; ]
0500800114[436 54 51 151 7 0 1; 400 81 20 41 9 0 0; 416 78 27 52 10 0 2; ]
0500800115[443 54 51 152 7 0 1; 405 81 20 41 9 0 0; 421 78 27 51 10 0 2; ]
0500800116[451 53 53 153 7 0 1; 415 82 16 39 9 0 0; 426 79 26 49 10 0 2; ]
0500800117[418 77 40 55 11 0 2; ]
0500800118[424 78 40 55 11 0 2; ]
0500800119[429 78 41 54 11 0 2; ]
0500800120[435 78 41 54 11 0 2; 476 75 19 57 13 0 1; ]
0500800121[440 78 41 53 11 0 2; 481 75 19 56 13 0 1; ]
0500800122[446 78 42 53 11 0 2; 486 75 19 56 13 0 1; ]
0500800123[451 78 42 53 11 0 2; 491 76 20 56 13 0 1; ]
0500800124[457 78 42 53 11 0 2; ]
0500800125[462 78 43 52 11 0 2; ]
0500800126[467 77 43 52 11 0 2; ]
0500800127[]
0500800128[]
0500800129[]
0500800130[4 31 62 170 8 0 1; ]
0500800131[12 31 61 170 8 0 1; ]
0500800132[21 31 61 171 8 0 1; ]
0500800133[29 31 60 171 8 0 1; ]
0500800134[37 31 59 171 8 0 1; ]
0500800135[46 31 59 171 8 0 1; ]
0500800136[54 31 58 172 8 0 1; ]
0500800137[]
0500800138[]
0500800139[]
0500800140[]
0500800141[]
0500800142[]
0500800143[]
0500800144[]
0500800145[]
0500800146[]
0500800147[]
0500800148[]
0500800149[168 35 58 165 15 0 1; ]
0500800150[168 35 60 165 15 0 1; ]
0500800151[189 38 61 165 15 0 1; ]
0500800152[189 37 61 165 15 0 1; ]
0500800153[189 37 60 164 15 0 1; ]
0500800154[210 37 60 163 15 0 1; ]
0500800155[209 37 61 163 15 0 1; ]
0500800156[208 36 63 163 15 0 1; ]
0500800157[222 36 62 163 15 0 1; ]
0500800158[223 38 60 161 15 0 1; ]
0500800159[242 35 62 164 15 0 1; ]
0500800160[243 35 60 165 15 0 1; ]
0500800161[240 35 63 167 15 0 1; ]
0500800162[261 37 63 165 15 0 1; ]
0500800163[262 38 62 163 15 0 1; ]
0500800164[262 38 59 162 15 0 1; ]
0500800165[283 38 57 162 15 0 1; ]
0500800166[283 38 59 162 15 0 1; ]
0500800167[282 38 61 162 15 0 1; ]
0500800168[295 38 60 162 15 0 1; ]
0500800169[294 38 60 162 15 0 1; ]
0500800170[341 39 61 165 15 0 1; 181 42 46 145 17 1 1; ]
0500800171[341 39 62 164 15 0 1; 181 42 46 144 17 1 1; ]
0500800172[341 39 63 162 15 0 1; 182 42 45 143 17 1 1; ]
0500800173[340 39 63 161 15 0 1; 182 42 45 143 17 1 1; ]
0500800174[340 39 64 160 15 0 1; 182 41 45 143 17 1 1; ]
0500800175[340 39 63 160 15 0 1; 182 41 45 143 17 1 1; ]
0500800176[340 39 62 160 15 0 1; 181 41 47 144 17 1 1; ]
0500800177[341 39 61 160 15 0 1; 178 41 50 146 17 1 1; ]
0500800178[342 38 60 161 15 0 1; 177 41 51 147 17 1 1; ]
0500800179[355 38 60 161 15 0 1; 197 41 50 143 17 1 1; ]
0500800180[362 37 59 163 15 0 1; 198 41 48 144 17 1 1; ]
0500800181[366 37 59 163 15 0 1; 199 41 47 145 17 1 1; ]
0500800182[368 36 59 164 15 0 1; 213 41 46 145 17 1 1; ]
0500800183[367 36 60 164 15 0 1; 216 40 45 144 17 1 1; ]
0500800184[366 36 61 164 15 0 1; 215 40 44 143 17 1 1; ]
0500800185[375 37 62 163 15 0 1; 221 40 46 141 17 1 1; ]
0500800186[375 38 61 162 15 0 1; 233 40 43 141 17 0 1; ]
0500800187[390 39 64 162 15 0 1; 239 40 41 142 17 0 1; ]
0500800188[391 39 62 162 15 0 1; 241 41 40 142 17 0 1; ]
0500800189[392 39 60 162 15 0 1; 242 41 40 143 17 0 1; ]
0500800190[396 39 59 162 15 0 1; 244 41 41 144 17 0 1; ]
0500800191[401 38 59 162 15 0 1; 247 41 43 145 17 0 1; ]
0500800192[402 38 58 163 15 0 1; 249 41 46 146 17 0 1; ]
0500800193[408 38 63 163 15 0 1; 253 41 47 146 17 0 1; ]
0500800194[409 38 61 164 15 0 1; 258 41 45 146 17 0 1; ]
0500800195[420 38 61 161 15 0 1; 264 41 42 146 17 0 1; ]
0500800196[420 38 61 162 15 0 1; 270 41 40 146 17 0 1; ]
0500800197[421 38 61 163 15 0 1; 276 42 44 150 17 0 1; ]
0500800198[426 38 61 163 15 0 1; 279 42 48 153 17 0 1; ]
0500800199[430 39 61 163 15 0 1; 278 42 48 153 17 0 1; ]
0500800200[430 39 62 163 15 0 1; 280 42 47 151 17 0 1; ]
0500800201[432 39 62 162 15 0 1; 282 42 57 151 17 0 1; ]
0500800202[437 40 61 162 15 0 1; 285 43 61 151 17 0 1; ]
0500800203[440 40 61 161 15 0 1; 290 43 58 151 17 0 1; ]
0500800204[443 41 61 161 15 0 1; 290 42 57 152 17 0 1; ]
0500800205[]
0500800206[]
0500800207[]
0500800208[305 39 60 158 18 0 1; ]
0500800209[308 39 58 157 18 0 1; ]
0500800210[312 39 57 155 18 0 1; ]
0500800211[315 40 55 154 18 0 1; ]
0500800212[318 40 54 152 18 0 1; ]
0500800213[322 41 52 151 18 1 1; ]
0500800214[325 41 51 149 18 1 1; ]
0500800215[338 42 44 148 18 1 1; ]
0500800216[332 42 48 147 18 1 1; ]
0500800217[335 43 47 145 18 1 1; ]
0500800218[]
0500800219[]
0500800220[]
0500800221[]
0500800222[]
0500800223[]
0500800224[]
0500800225[]
0500800226[]
0500800227[]
0500800228[]
0500800229[]
0500800230[]
0500800231[]
0500800232[]
0500800233[]
0500800234[]
0500800235[]
0500800236[]
0500800237[]
0500800238[]
0500800239[]
0500800240[]
0500800241[]
0500800242[]
0500800243[]
0500800244[]
0500800245[]
0500800246[]
0500800247[]
0500800248[]
0500800249[]
0500800250[]
0500800251[]
0500800252[]
0500800253[]
0500800254[]
0500800255[]
0500800256[]
0500800257[]
0500800258[]
0500800259[]
0500800260[]
0500800261[]
0500800262[]
0500800263[]
0500800264[]
0500800265[]
0500800266[]
0500800267[]
0500800268[]
0500800269[]
0500800270[]
0500800271[]
0500800272[]
0500800273[]
0500800274[]
0500800275[]
0500800276[]
0500800277[]
0500800278[]
0500800279[]
0500800280[]
0500800281[]
0500800282[]
0500800283[]
0500800284[]
0500800285[]
0500800286[]
0500800287[]
0500800288[]
0500800289[]
0500800290[]
0500800291[]
0500800292[]
0500800293[]
0500800294[]
0500800295[]
0500800296[]
0500800297[]
0500800298[]
0500800299[]
0500800300[]
0500800301[]
0500800302[452 43 58 157 16 1 1; ]
0500800303[449 43 56 157 16 1 1; ]
0500800304[445 43 54 157 16 1 1; ]
0500800305[442 43 53 157 16 1 1; ]
0500800306[438 43 52 157 16 1 1; ]
0500800307[435 43 51 157 16 1 1; ]
0500800308[431 43 51 157 16 1 1; ]
0500800309[427 43 51 157 16 1 1; ]
0500800310[423 43 51 157 16 1 1; ]
0500800311[419 43 51 157 16 1 1; ]
0500800312[414 43 51 157 16 1 1; ]
0500800313[409 43 51 157 16 1 1; ]
0500800314[399 43 52 157 16 0 1; ]
0500800315[393 43 53 157 16 0 1; ]
0500800316[388 42 53 157 16 0 1; ]
0500800317[384 42 53 157 16 0 1; ]
0500800318[379 42 53 157 16 0 1; ]
0500800319[375 42 54 157 16 0 1; ]
0500800320[370 42 54 157 16 0 1; ]
0500800321[364 42 56 158 16 0 1; ]
0500800322[358 43 58 160 16 0 1; ]
0500800323[352 43 61 161 16 0 1; ]
0500800324[345 44 63 161 16 0 1; ]
0500800325[339 46 64 161 16 0 1; ]
0500800326[332 47 66 160 16 0 1; ]
0500800327[325 49 68 159 16 0 1; ]
0500800328[318 51 70 158 16 0 1; ]
0500800329[317 50 65 159 16 0 1; ]
0500800330[315 49 61 160 16 0 1; ]
0500800331[312 49 58 160 16 0 1; 492 96 18 37 21 0 3; ]
0500800332[309 48 57 161 16 0 1; 483 96 18 37 21 0 3; ]
0500800333[308 48 52 161 16 0 1; 474 96 18 37 21 0 3; ]
0500800334[290 47 51 161 16 0 1; 448 93 19 40 22 0 1; ]
0500800335[290 47 52 162 16 0 1; 450 93 17 41 22 0 1; ]
0500800336[279 47 52 162 16 0 1; 432 92 16 42 22 0 1; ]
0500800337[277 48 53 161 16 0 1; 431 92 17 41 22 0 1; ]
0500800338[276 48 54 161 16 0 1; 430 92 19 41 22 0 1; ]
0500800339[271 48 55 161 16 0 1; 456 67 51 67 20 0 2; 421 92 19 43 22 0 1; ]
0500800340[262 48 56 161 16 0 1; 446 67 54 66 20 0 2; 413 92 20 40 22 0 1; ]
0500800341[246 45 51 164 16 0 1; 431 64 44 68 20 0 2; 389 91 18 38 22 0 1; 467 63 28 76 23 0 1; 484 72 26 65 27 0 1; ]
0500800342[246 45 51 164 16 0 1; 431 63 47 69 20 0 2; 389 91 18 39 22 0 1; 468 62 27 76 23 0 1; 484 73 25 63 27 0 1; ]
0500800343[247 44 51 165 16 0 1; 431 63 44 69 20 0 2; 388 91 19 41 22 0 1; 469 63 25 76 23 0 1; 482 73 25 65 27 0 1; ]
0500800344[239 43 54 166 16 0 1; 428 64 39 68 20 0 2; 379 90 20 41 22 0 1; 460 64 26 75 23 0 1; 477 73 25 66 27 0 1; ]
0500800345[224 42 58 167 16 0 1; 424 64 37 67 20 0 2; 371 90 19 40 22 0 1; 453 63 25 75 23 0 1; 469 72 24 66 27 0 1; ]
0500800346[213 42 61 168 16 0 1; 396 64 41 67 20 0 2; 347 90 16 34 22 1 1; 430 62 25 76 23 0 1; 371 78 21 54 24 0 1; 446 75 24 63 27 0 1; ]
0500800347[213 41 60 168 16 0 1; 398 63 40 68 20 0 2; 347 91 16 34 22 1 1; 430 61 25 76 23 0 1; 370 77 22 53 24 0 1; 446 75 26 64 27 0 1; ]
0500800348[212 41 61 168 16 0 1; 398 63 40 68 20 0 2; 347 91 16 34 22 1 1; 430 66 26 71 23 0 1; 370 78 21 52 24 0 1; 447 75 27 65 27 0 1; ]
0500800349[207 41 63 167 16 0 1; 391 63 40 67 20 0 2; 339 90 16 34 22 1 1; 423 62 27 74 23 0 1; 363 76 22 52 24 0 1; 438 72 27 64 27 0 1; ]
0500800350[200 41 66 166 16 0 1; 382 63 41 67 20 0 2; 415 60 25 76 23 0 1; 352 74 24 53 24 0 1; 431 70 26 68 27 0 1; ]
0500800351[174 40 68 169 16 0 1; 357 60 43 70 20 0 2; 392 59 25 77 23 0 1; 324 73 23 54 24 0 1; 406 70 29 65 27 0 1; ]
0500800352[174 39 67 171 16 0 1; 359 61 41 68 20 0 2; 392 58 25 77 23 0 1; 324 73 24 53 24 0 1; 406 70 28 65 27 0 1; ]
0500800353[174 38 68 171 16 0 1; 357 61 44 68 20 0 2; 392 58 26 78 23 0 1; 325 74 25 52 24 0 1; 408 70 25 67 27 0 1; ]
0500800354[161 38 63 170 16 0 1; 337 59 44 70 20 0 2; 370 58 27 78 23 0 1; 301 74 22 50 24 0 1; 387 72 26 65 27 0 1; 484 91 16 36 31 0 0; ]
0500800355[161 38 62 170 16 0 1; 335 60 44 69 20 0 2; 372 58 25 77 23 0 1; 302 74 21 50 24 0 1; 387 71 25 66 27 0 1; 484 92 16 36 31 0 0; ]
0500800356[161 38 61 169 16 0 1; 335 60 39 69 20 0 2; 370 58 25 77 23 0 1; 301 74 21 49 24 0 1; 387 70 24 66 27 0 1; 484 94 17 35 31 0 0; ]
0500800357[158 38 60 170 16 0 1; 332 60 39 70 20 0 2; 366 59 25 77 23 0 1; 294 74 19 49 24 0 1; 379 71 28 66 27 0 1; 477 92 19 39 31 0 0; ]
0500800358[152 38 59 173 16 0 1; 325 60 40 70 20 0 2; 359 59 25 78 23 0 1; 287 75 19 50 24 0 1; 373 73 27 65 27 0 1; 470 94 18 39 31 0 0; ]
0500800359[145 37 60 173 16 0 1; 313 61 44 71 20 0 2; 350 60 26 79 23 0 1; 278 76 19 52 24 0 1; 365 75 25 64 27 0 1; 462 97 19 40 31 0 0; ]
0500800360[125 36 59 173 16 0 1; 328 60 24 77 23 0 1; 250 69 22 57 24 0 1; 309 57 32 81 25 0 1; 292 68 29 62 26 0 1; 342 71 26 65 27 0 1; 442 91 18 40 31 0 0; ]
0500800361[124 35 60 173 16 0 1; 328 59 25 76 23 0 1; 251 69 19 55 24 0 1; 307 57 32 81 25 0 1; 292 68 28 65 26 0 1; 343 71 26 65 27 0 1; 442 91 19 40 31 0 0; ]
0500800362[124 34 60 174 16 0 1; 326 59 25 77 23 0 1; 251 70 22 54 24 0 1; 304 57 32 81 25 0 1; 290 68 27 67 26 0 1; 341 71 23 67 27 0 1; 443 92 19 40 31 0 0; ]
0500800363[122 33 60 174 16 0 1; 321 58 26 79 23 0 1; 244 71 24 54 24 0 1; 301 57 32 81 25 0 1; 288 68 27 67 26 0 1; 337 70 22 68 27 0 1; 439 92 19 39 31 0 0; ]
0500800364[116 32 60 174 16 0 1; 316 56 26 80 23 0 1; 236 71 25 53 24 0 1; 297 56 32 81 25 0 1; 284 67 27 67 26 0 1; 333 68 22 68 27 0 1; 431 92 19 39 31 0 0; ]
0500800365[109 31 59 174 16 0 1; 310 54 27 80 23 0 1; 228 69 25 53 24 1 1; 292 55 32 81 25 0 1; 277 65 27 67 26 0 1; 327 65 23 67 27 0 1; 426 89 19 39 31 0 0; ]
0500800366[103 30 64 175 16 0 1; 303 51 28 81 23 0 1; 221 68 25 53 24 1 1; 286 53 32 81 25 0 1; 271 63 27 66 26 0 1; 320 62 25 67 27 0 1; 421 86 20 40 31 0 0; ]
0500800367[97 29 60 175 16 0 1; 296 49 28 81 23 0 1; 216 65 22 52 24 1 1; 279 51 32 81 25 0 1; 264 61 28 67 26 0 1; 314 61 25 67 27 0 1; 415 86 20 41 31 0 0; ]
0500800368[92 27 60 175 16 0 1; 291 49 28 81 23 0 1; 209 63 22 52 24 1 1; 273 50 32 81 25 0 1; 258 59 29 68 26 0 1; 308 61 25 67 27 0 1; 410 85 20 41 31 0 0; ]
0500800369[86 26 60 176 16 0 1; 286 49 28 82 23 0 1; 268 50 32 81 25 0 1; 251 59 29 69 26 0 1; 303 60 25 67 27 0 1; 405 85 20 42 31 0 0; ]
0500800370[81 25 60 177 16 0 1; 280 49 28 82 23 0 1; 263 50 32 81 25 0 1; 245 59 29 69 26 0 1; 297 60 25 67 27 0 1; 400 85 20 42 31 0 0; ]
0500800371[76 24 61 177 16 0 1; 276 48 28 82 23 0 1; 258 50 32 81 25 0 1; 240 59 29 69 26 0 1; 292 60 25 67 27 0 1; 395 85 19 42 31 0 0; ]
0500800372[71 23 61 178 16 0 1; 271 48 28 83 23 0 1; 253 50 32 81 25 0 1; 234 59 29 69 26 0 1; 287 61 25 67 27 0 1; 391 85 19 41 31 0 0; ]
0500800373[66 22 62 179 16 0 1; 267 48 27 84 23 0 1; 247 50 32 81 25 0 1; 229 59 29 69 26 0 1; 282 62 25 66 27 0 1; 387 86 18 40 31 0 0; ]
0500800374[62 23 63 180 16 0 1; 264 48 26 84 23 0 1; 242 49 32 81 25 0 1; 225 60 29 68 26 0 1; 277 63 25 66 27 0 1; 383 86 18 39 31 0 0; ]
0500800375[58 23 63 180 16 0 1; 258 48 25 84 23 0 1; 237 49 32 81 25 0 1; 220 61 29 68 26 0 1; 272 64 25 65 27 0 1; 380 86 18 39 31 0 0; ]
0500800376[54 23 64 181 16 0 1; 254 48 25 85 23 0 1; 232 49 32 81 25 0 1; 217 61 28 69 26 0 1; 267 66 25 64 27 0 1; 377 87 17 38 31 0 0; ]
0500800377[50 24 64 181 16 0 1; 250 49 25 85 23 0 1; 228 49 32 81 25 0 1; 214 61 27 70 26 0 1; 263 66 25 65 27 0 1; 373 87 17 38 31 0 0; ]
0500800378[47 24 64 182 16 0 1; 247 49 25 85 23 0 1; 225 50 32 82 25 0 1; 211 62 27 70 26 0 1; 260 66 25 66 27 0 1; 370 88 17 38 31 0 0; ]
0500800379[44 25 65 182 16 0 1; 244 49 25 85 23 0 1; 222 51 32 84 25 0 1; 208 62 26 71 26 0 1; 257 66 25 67 27 0 1; 368 88 17 38 31 0 0; ]
0500800380[41 25 65 182 16 0 1; 241 49 25 85 23 0 1; 219 51 32 84 25 0 1; 205 62 26 71 26 0 1; 254 66 25 68 27 0 1; 365 89 17 38 31 0 0; ]
0500800381[38 25 66 183 16 0 1; 238 49 25 86 23 0 1; 215 52 32 84 25 0 1; 202 62 26 71 26 0 1; 251 66 25 68 27 0 1; 363 89 17 38 31 0 0; ]
0500800382[36 26 66 183 16 0 1; 235 49 25 86 23 0 1; 212 52 32 84 25 0 1; 199 63 25 71 26 0 1; 249 66 25 69 27 0 1; 360 89 17 38 31 0 0; ]
0500800383[34 26 67 183 16 0 1; 232 49 25 86 23 0 1; 209 52 32 84 25 0 1; 197 63 25 71 26 0 1; 246 66 25 69 27 0 1; 358 90 17 38 31 0 0; ]
0500800384[31 26 67 184 16 0 1; 230 49 26 86 23 0 1; 206 52 32 84 25 0 1; 194 63 25 71 26 0 1; 244 66 25 69 27 0 1; 356 90 17 39 31 0 0; ]
0500800385[30 27 67 184 16 0 1; 228 49 26 86 23 0 1; 204 52 32 84 25 0 1; 192 64 26 71 26 0 1; 242 66 25 69 27 0 1; 354 91 17 39 31 0 0; ]
0500800386[28 27 68 184 16 0 1; 226 49 27 87 23 0 1; 202 52 32 84 25 0 1; 189 64 26 71 26 0 1; 241 66 25 69 27 0 1; 353 91 17 39 31 0 0; ]
0500800387[26 28 68 184 16 0 1; 224 49 27 87 23 0 1; 200 52 32 84 25 0 1; 187 65 26 70 26 0 1; 239 66 25 69 27 0 1; 351 92 17 39 31 0 0; ]
0500800388[25 28 68 184 16 0 1; 222 49 28 87 23 0 1; 200 53 32 84 25 0 1; 185 65 26 70 26 0 1; 237 66 25 70 27 0 1; 350 93 18 39 31 0 0; ]
0500800389[24 28 68 185 16 0 1; 220 49 29 87 23 0 1; 199 53 32 84 25 0 1; 183 65 26 70 26 0 1; 236 66 25 70 27 0 1; 350 93 18 39 31 0 0; ]
0500800390[22 28 68 186 16 0 1; 224 49 25 87 23 0 1; 198 52 32 84 25 0 1; 181 66 26 69 26 0 1; 234 66 25 70 27 0 1; 349 94 18 39 31 0 0; ]
0500800391[21 28 68 187 16 0 1; 218 50 29 88 23 0 1; 197 51 32 84 25 0 1; 180 66 27 69 26 1 1; 233 66 25 70 27 0 1; 348 94 18 39 31 0 0; ]
0500800392[20 28 68 188 16 0 1; 218 50 29 88 23 0 1; 195 52 32 85 25 0 1; 181 63 25 73 26 1 1; 232 66 26 71 27 0 1; 348 95 18 38 31 0 0; ]
0500800393[19 28 68 189 16 0 1; 217 50 29 88 23 0 1; 193 52 33 86 25 0 1; 180 64 25 73 26 1 1; 231 66 26 72 27 0 1; 348 96 18 38 31 0 0; ]
0500800394[18 28 69 189 16 0 1; 216 50 29 88 23 0 1; 191 52 33 86 25 0 1; 178 64 25 73 26 1 1; 229 66 27 72 27 0 1; 347 96 18 38 31 0 0; ]
0500800395[17 28 69 190 16 0 1; 215 50 29 88 23 0 1; 190 52 33 87 25 0 1; 176 65 26 73 26 1 1; 228 67 27 73 27 0 1; 347 97 18 38 31 0 0; ]
0500800396[17 28 69 191 16 0 1; 214 51 29 89 23 0 1; 188 53 34 87 25 0 1; 174 66 26 73 26 1 1; 227 67 27 74 27 0 1; 346 98 18 38 31 0 0; ]
0500800397[16 28 69 191 16 0 1; 213 51 28 89 23 0 1; 187 53 34 88 25 0 1; 172 66 26 73 26 1 1; 227 67 28 74 27 0 1; 345 98 18 38 31 0 0; ]
0500800398[16 28 69 191 16 0 1; 212 51 28 89 23 0 1; 186 53 34 89 25 0 1; 171 66 26 73 26 1 1; 226 67 28 74 27 0 1; 345 99 18 38 31 0 0; ]
0500800399[15 29 69 192 16 0 1; 212 51 28 90 23 0 1; 185 53 34 89 25 0 1; 171 66 26 73 26 1 1; 226 67 28 75 27 0 1; 344 100 17 37 31 0 0; ]
0500800400[15 29 69 192 16 0 1; 211 52 28 90 23 0 1; 183 53 34 90 25 0 1; 170 66 26 73 26 1 1; 226 67 28 75 27 0 1; 343 100 17 37 31 0 0; ]
0500800401[15 30 69 192 16 0 1; 210 52 28 91 23 0 1; 182 53 34 90 25 0 1; 169 66 26 73 26 1 1; 226 68 28 75 27 0 1; 343 101 17 37 31 0 0; ]
0500800402[15 31 69 192 16 0 1; 209 52 28 91 23 0 1; 181 52 34 91 25 0 1; 169 66 26 73 26 1 1; 226 68 27 75 27 0 1; 343 101 17 37 31 0 0; ]
0500800403[14 31 70 192 16 0 1; 208 52 28 92 23 0 1; 181 52 33 92 25 0 1; 168 66 26 73 26 1 1; 226 68 27 75 27 0 1; 342 101 17 36 31 0 0; ]
0500800404[14 31 70 193 16 0 1; 207 52 28 92 23 0 1; 180 52 33 92 25 0 1; 168 66 26 73 26 1 1; 226 68 27 74 27 0 1; 342 101 16 36 31 0 0; ]
0500800405[13 31 70 193 16 0 1; 207 52 28 93 23 0 1; 179 51 32 93 25 0 1; 168 66 26 73 26 1 1; 226 68 26 74 27 0 1; 402 93 19 42 28 1 1; 342 101 16 36 31 0 0; ]
0500800406[13 30 71 193 16 0 1; 206 51 28 93 23 0 1; 178 50 32 93 25 0 1; 168 66 26 73 26 1 1; 227 68 25 74 27 0 1; 401 92 18 43 28 1 1; 342 101 16 36 31 0 0; ]
0500800407[12 30 71 193 16 0 1; 206 50 29 94 23 0 1; 177 50 32 93 25 0 1; 168 66 24 73 26 1 1; 226 67 26 75 27 0 1; 400 92 18 43 28 1 1; 342 101 16 35 31 0 0; ]
0500800408[12 30 72 194 16 0 1; 205 50 29 94 23 0 1; 175 50 33 93 25 0 1; 168 66 24 73 26 1 1; 226 66 26 75 27 0 1; 400 92 18 44 28 1 1; 341 101 16 35 31 0 0; ]
0500800409[11 30 72 194 16 0 1; 205 49 29 94 23 0 1; 174 49 33 93 25 0 1; 168 66 24 73 26 1 1; 226 66 27 76 27 0 1; 399 92 18 44 28 1 1; 341 101 16 35 31 0 0; ]
0500800410[11 29 72 194 16 0 1; 204 49 30 95 23 0 1; 173 49 33 93 25 0 1; 168 66 24 73 26 1 1; 225 65 27 76 27 0 1; 397 91 18 45 28 1 1; 341 101 16 35 31 0 0; ]
0500800411[10 29 73 194 16 0 1; 204 49 30 95 23 0 1; 172 49 34 93 25 0 1; 225 65 27 77 27 0 1; 395 91 18 45 28 1 1; 341 101 17 35 31 0 0; ]
0500800412[9 29 73 195 16 0 1; 203 49 30 95 23 0 1; 171 48 34 93 25 0 1; 225 64 27 77 27 0 1; 394 91 19 45 28 1 1; 341 100 17 35 31 0 0; ]
0500800413[9 29 74 195 16 0 1; 203 48 30 95 23 0 1; 170 48 34 93 25 0 1; 225 64 27 77 27 0 1; 393 91 19 46 28 1 1; 340 100 17 35 31 0 0; ]
0500800414[8 28 74 195 16 0 1; 202 48 31 95 23 0 1; 169 48 34 93 25 0 1; 225 64 27 77 27 0 1; 392 91 19 46 28 1 1; 340 99 18 35 31 0 0; ]
0500800415[8 28 74 196 16 0 1; 202 48 31 95 23 0 1; 169 47 34 94 25 0 1; 225 64 27 77 27 0 1; 391 91 19 46 28 0 1; 340 99 18 35 31 0 0; ]
0500800416[7 28 75 196 16 0 1; 201 48 31 95 23 0 1; 168 47 34 94 25 0 1; 225 64 27 77 27 0 1; 390 91 19 47 28 0 1; 340 99 19 35 31 0 0; ]
0500800417[7 27 75 196 16 0 1; 201 48 32 95 23 0 1; 168 47 34 95 25 0 1; 225 64 27 77 27 0 1; 389 91 19 47 28 0 1; 340 99 18 35 31 0 0; ]
0500800418[6 27 76 196 16 0 1; 200 48 32 95 23 0 1; 168 47 35 95 25 0 1; 226 64 26 77 27 0 1; 388 91 19 47 28 0 1; 340 99 18 34 31 0 0; ]
0500800419[5 26 76 198 16 0 1; 200 48 32 95 23 0 1; 167 46 35 96 25 0 1; 226 64 26 77 27 0 1; 388 91 19 47 28 0 1; 341 100 18 34 31 0 0; ]
0500800420[5 25 76 199 16 0 1; 199 47 34 95 23 0 1; 167 46 35 97 25 0 1; 226 64 26 76 27 0 1; 388 91 19 48 28 0 1; 341 100 18 34 31 0 0; ]
0500800421[4 25 76 201 16 0 1; 198 47 35 95 23 0 1; 167 46 35 98 25 0 1; 227 64 25 76 27 0 1; 387 91 19 48 28 0 1; 341 100 18 33 31 0 0; ]
0500800422[4 24 76 202 16 0 1; 198 46 36 95 23 0 1; 167 45 35 98 25 0 1; 227 64 26 76 27 0 1; 387 91 19 48 28 0 1; 342 100 18 33 31 0 0; ]
0500800423[3 24 76 202 16 0 1; 198 45 36 95 23 0 1; 167 45 35 99 25 0 1; 227 64 26 77 27 0 1; 386 91 20 48 28 0 1; 342 100 18 33 31 0 0; ]
0500800424[3 23 76 203 16 0 1; 198 45 37 95 23 0 1; 167 44 35 99 25 0 1; 228 64 27 77 27 0 1; 386 91 20 48 28 0 1; 343 100 18 33 31 0 0; ]
0500800425[3 23 76 203 16 0 1; 197 45 37 95 23 0 1; 168 44 35 99 25 0 1; 228 64 27 77 27 0 1; 385 91 20 48 28 0 1; 343 100 18 33 31 0 0; ]
0500800426[3 23 76 203 16 0 1; 197 44 38 95 23 0 1; 168 43 35 99 25 0 1; 229 64 28 78 27 0 1; 384 91 20 48 28 0 1; 344 100 18 33 31 0 0; ]
0500800427[3 23 76 203 16 0 1; 197 44 38 96 23 0 1; 168 43 35 100 25 0 1; 229 63 28 78 27 0 1; 384 91 21 48 28 0 1; 345 100 18 34 31 0 0; ]
0500800428[4 23 76 203 16 0 1; 198 44 38 96 23 0 1; 168 42 35 100 25 0 1; 230 63 28 78 27 0 1; 383 91 21 48 28 0 1; 346 100 18 34 31 0 0; ]
0500800429[4 24 76 203 16 0 1; 198 44 37 96 23 0 1; 168 42 35 100 25 0 1; 230 63 29 79 27 0 1; 383 91 21 48 28 0 1; 347 100 18 35 31 0 0; ]
0500800430[5 25 76 203 16 0 1; 199 44 37 97 23 0 1; 168 42 36 100 25 0 1; 231 62 29 79 27 0 1; 382 91 22 48 28 0 1; 348 100 18 36 31 0 0; ]
0500800431[6 25 76 203 16 0 1; 200 44 36 97 23 0 1; 168 41 36 100 25 0 1; 232 62 29 79 27 0 1; 382 91 23 48 28 0 1; 349 99 18 37 31 0 0; ]
0500800432[8 26 76 203 16 0 1; 201 45 36 98 23 0 1; 169 41 36 101 25 0 1; 233 61 29 80 27 0 1; 381 91 24 48 28 0 1; 350 99 18 37 31 0 0; ]
0500800433[9 27 76 202 16 0 1; 203 45 35 99 23 0 1; 169 40 36 101 25 0 1; 234 60 30 80 27 0 1; 381 91 25 48 28 0 1; 351 99 18 37 31 0 0; ]
0500800434[9 24 77 205 16 0 1; 204 45 34 100 23 0 1; 169 40 36 101 25 0 1; 236 59 30 80 27 0 1; 380 91 26 48 28 0 1; 352 98 18 37 31 0 0; ]
0500800435[9 21 79 207 16 0 1; 205 42 35 100 23 0 1; 169 39 36 101 25 0 1; 237 58 30 81 27 0 1; 379 91 27 48 28 0 1; 353 98 18 37 31 0 0; ]
0500800436[9 17 80 209 16 0 1; 205 39 36 101 23 0 1; 169 39 36 101 25 0 1; 239 57 30 81 27 0 1; 381 90 25 48 28 0 1; 354 97 18 37 31 0 0; ]
0500800437[9 14 81 209 16 0 1; 206 38 37 101 23 0 1; 171 39 36 102 25 0 1; 240 57 30 81 27 0 1; 382 90 23 48 28 0 1; 355 96 18 37 31 0 0; ]
0500800438[9 15 82 209 16 0 1; 206 37 37 102 23 0 1; 171 38 36 102 25 0 1; 240 57 30 82 27 0 1; 383 89 21 48 28 0 1; 357 96 18 37 31 0 0; ]
0500800439[9 16 83 208 16 0 1; 207 37 38 103 23 0 1; 172 38 36 103 25 0 1; 241 57 31 82 27 0 1; 383 89 20 48 28 0 1; 358 95 18 37 31 0 0; ]
0500800440[9 17 83 207 16 0 1; 207 37 38 103 23 0 1; 173 38 36 103 25 0 1; 242 57 31 82 27 0 1; 383 88 20 48 28 0 1; 359 95 18 37 31 0 0; ]
0500800441[9 18 83 207 16 0 1; 207 37 39 104 23 0 1; 173 38 36 103 25 0 1; 242 57 31 82 27 0 1; 383 88 20 48 28 0 1; 360 95 18 37 31 0 0; ]
0500800442[9 18 83 207 16 0 1; 208 37 39 104 23 0 1; 174 37 37 104 25 0 1; 243 58 31 82 27 0 1; 382 88 21 48 28 0 1; 361 96 17 37 31 0 0; ]
0500800443[9 19 83 207 16 0 1; 208 37 39 104 23 0 1; 174 37 37 104 25 0 1; 244 58 31 82 27 0 1; 381 88 22 48 28 0 1; 362 96 17 37 31 0 0; ]
0500800444[9 19 83 208 16 0 1; 208 37 39 105 23 0 1; 175 37 37 105 25 0 1; 245 58 31 82 27 0 1; 380 88 23 48 28 0 1; 364 97 16 37 31 0 0; ]
0500800445[9 19 83 208 16 0 1; 208 37 39 105 23 0 1; 175 37 37 105 25 0 1; 245 58 31 83 27 0 1; 380 88 23 48 28 0 1; 365 98 15 37 31 0 0; ]
0500800446[9 19 82 209 16 0 1; 209 38 39 105 23 0 1; 175 36 37 105 25 0 1; 246 58 32 83 27 0 1; 380 88 23 48 28 0 1; 366 99 14 37 31 0 0; ]
0500800447[9 19 81 210 16 0 1; 209 38 38 105 23 0 1; 176 36 38 106 25 0 1; 247 58 32 83 27 0 1; 380 89 23 48 28 0 1; 232 61 25 81 30 1 1; 366 99 17 36 31 0 0; ]
0500800448[9 19 80 211 16 0 1; 209 39 38 105 23 0 1; 176 36 38 106 25 0 1; 247 59 32 83 27 0 1; 380 89 23 48 28 0 1; 233 60 26 82 30 0 1; 367 99 17 35 31 0 0; ]
0500800449[9 18 80 212 16 0 1; 209 39 37 105 23 0 1; 176 35 38 106 25 0 1; 248 59 32 83 27 0 1; 380 90 23 48 28 0 1; 233 59 27 82 30 0 1; 368 99 17 34 31 0 0; ]
0500800450[10 18 81 212 16 0 1; 209 39 37 105 23 0 1; 176 35 39 107 25 0 1; 249 59 32 83 27 0 1; 380 90 23 48 28 0 1; 234 58 27 82 30 0 1; 368 99 17 34 31 0 0; ]
0500800451[10 17 81 213 16 0 1; 209 39 38 106 23 0 1; 176 35 39 107 25 0 1; 250 59 32 83 27 0 1; 381 89 21 47 28 0 1; 235 58 27 83 30 0 1; 370 99 17 33 31 0 0; ]
0500800452[10 16 81 214 16 0 1; 210 38 38 106 23 0 1; 177 35 39 108 25 0 1; 252 59 32 84 27 0 1; 381 88 20 47 28 0 1; 235 57 28 83 30 0 1; 371 99 17 33 31 0 0; ]
0500800453[10 16 81 215 16 0 1; 210 37 39 107 23 0 1; 178 35 38 108 25 0 1; 253 58 31 84 27 0 1; 381 88 19 47 28 0 1; 236 57 28 83 30 0 1; 372 99 17 33 31 0 0; ]
0500800454[11 15 81 215 16 0 1; 210 36 39 108 23 0 1; 178 35 38 108 25 0 1; 255 57 31 85 27 0 1; 381 88 20 47 28 0 1; 237 57 28 84 30 0 1; 374 98 17 33 31 0 0; ]
0500800455[11 14 81 216 16 0 1; 211 34 40 110 23 0 1; 179 34 38 109 25 0 1; 256 57 31 85 27 0 1; 380 87 21 49 28 0 1; 237 57 28 84 30 0 1; 376 98 16 33 31 0 0; ]
0500800456[11 13 81 217 16 0 1; 211 32 40 112 23 0 1; 179 34 38 109 25 0 1; 257 57 31 85 27 0 1; 379 87 22 50 28 0 1; 238 57 28 84 30 0 1; ]
0500800457[11 13 82 217 16 0 1; 211 32 40 112 23 0 1; 180 34 38 110 25 0 1; 258 57 31 85 27 0 1; 378 87 23 51 28 0 1; 239 57 27 84 30 0 1; ]
0500800458[12 12 82 218 16 0 1; 211 33 41 111 23 0 1; 180 34 38 110 25 0 1; 258 57 32 85 27 0 1; 378 87 23 52 28 0 1; 239 57 27 84 30 0 1; ]
0500800459[12 11 82 219 16 0 1; 212 33 41 111 23 0 1; 180 33 38 110 25 0 1; 259 57 33 85 27 0 1; 378 87 23 52 28 0 1; 240 57 27 85 30 0 1; ]
0500800460[12 11 82 219 16 0 1; 212 33 41 111 23 0 1; 180 33 38 111 25 0 1; 260 57 33 85 27 0 1; 378 86 23 52 28 0 1; 241 57 27 85 30 0 1; ]
0500800461[12 10 82 220 16 0 1; 213 32 41 112 23 0 1; 180 32 38 111 25 0 1; 261 56 33 86 27 0 1; 378 86 23 52 28 0 1; 241 57 26 85 30 0 1; ]
0500800462[13 9 82 221 16 0 1; 213 32 40 112 23 0 1; 179 32 39 112 25 0 1; 262 56 33 86 27 0 1; 378 85 23 52 28 0 1; 242 57 25 85 30 0 1; ]
0500800463[13 8 83 222 16 0 1; 214 31 40 113 23 0 1; 179 31 39 112 25 0 1; 263 55 33 87 27 0 1; 378 85 22 52 28 0 1; 242 55 27 87 30 0 1; ]
0500800464[11 8 83 222 16 0 1; 215 30 40 114 23 0 1; 178 30 40 113 25 0 1; 264 54 33 88 27 0 1; 378 84 22 51 28 0 1; 242 54 28 89 30 0 1; ]
0500800465[10 8 83 222 16 0 1; 218 29 37 115 23 0 1; 178 29 41 113 25 0 1; 266 53 33 89 27 0 1; 378 84 21 51 28 0 1; 242 53 29 90 30 0 1; ]
0500800466[8 8 84 223 16 0 1; 218 29 37 116 23 0 1; 177 28 42 114 25 0 1; 267 51 33 90 27 0 1; 376 84 22 51 28 0 1; 242 52 30 91 30 0 1; ]
0500800467[7 8 84 223 16 0 1; 216 28 38 117 23 0 1; 177 28 42 114 25 0 1; 267 51 33 91 27 0 1; 375 84 22 51 28 0 1; 242 52 31 92 30 0 1; 386 97 16 35 32 1 0; ]
0500800468[5 8 85 224 16 0 1; 215 27 39 118 23 0 1; 176 28 43 115 25 0 1; 267 51 33 91 27 0 1; 374 84 22 51 28 0 1; 243 51 32 93 30 0 1; 386 97 16 35 32 0 0; ]
0500800469[4 8 85 224 16 0 1; 214 27 41 118 23 0 1; 176 27 43 115 25 0 1; 267 50 33 92 27 0 1; 373 84 22 51 28 0 1; 243 51 32 93 30 0 1; 387 97 16 35 32 0 0; ]
0500800470[2 8 85 225 16 0 1; 212 26 42 119 23 0 1; 176 27 44 116 25 0 1; 267 50 33 92 27 0 1; 372 84 22 51 28 0 1; 243 50 32 93 30 0 1; 387 98 16 34 32 0 0; ]
0500800471[1 8 86 226 16 0 1; 211 26 43 120 23 0 1; 175 27 44 116 25 0 1; 267 50 33 93 27 0 1; 372 84 22 51 28 0 1; 243 50 32 93 30 0 1; 387 98 16 34 32 0 0; ]
0500800472[210 25 44 120 23 0 1; 175 26 45 117 25 0 1; 267 49 33 93 27 0 1; 371 84 22 51 28 0 1; 243 51 32 93 30 0 1; 388 98 16 34 32 0 0; ]
0500800473[210 25 44 121 23 0 1; 174 26 45 117 25 0 1; 267 49 33 93 27 0 1; 370 84 22 51 28 0 1; 243 51 32 93 30 0 1; 388 98 16 33 32 0 0; ]
0500800474[209 24 45 121 23 0 1; 174 26 45 118 25 0 1; 267 49 33 94 27 0 1; 369 84 22 51 28 0 1; 243 51 32 92 30 0 1; 388 98 16 33 32 0 0; ]
0500800475[209 24 45 121 23 0 1; 173 25 46 118 25 0 1; 267 48 33 94 27 0 1; 368 84 22 51 28 0 1; 243 52 32 91 30 0 1; 388 99 16 33 32 0 0; ]
0500800476[208 23 45 122 23 0 1; 173 25 46 119 25 0 1; 267 48 33 95 27 0 1; 367 84 22 51 28 0 1; 243 53 31 89 30 0 1; 388 99 16 33 32 0 0; ]
0500800477[208 23 46 122 23 0 1; 172 25 46 119 25 0 1; 267 48 33 95 27 0 1; 365 85 22 51 28 0 1; 243 55 31 88 30 0 1; 388 99 16 32 32 0 0; ]
0500800478[207 22 46 122 23 0 1; 171 24 46 120 25 0 1; 267 47 33 96 27 0 1; 363 85 22 51 28 0 1; 242 53 32 88 30 0 1; 388 99 16 32 32 0 0; ]
0500800479[207 22 46 122 23 0 1; 170 24 46 120 25 0 1; 267 47 33 96 27 0 1; 361 85 22 51 28 0 1; 241 52 33 89 30 0 1; 388 99 16 32 32 0 0; ]
0500800480[206 21 46 124 23 0 1; 169 24 46 121 25 0 1; 267 47 33 97 27 0 1; 360 85 22 51 28 0 1; 240 52 33 90 30 0 1; 388 99 15 32 32 0 0; ]
0500800481[204 20 46 125 23 0 1; 168 23 46 121 25 0 1; 267 46 33 97 27 0 1; 358 86 22 50 28 0 1; 239 51 34 91 30 0 1; 388 99 15 32 32 0 0; ]
0500800482[203 20 46 126 23 0 1; 166 22 46 123 25 0 1; 266 45 34 98 27 0 1; 357 86 21 50 28 0 1; 238 50 34 92 30 0 1; 388 99 15 31 32 0 0; ]
0500800483[201 19 46 127 23 0 1; 164 20 46 125 25 0 1; 265 44 34 98 27 0 1; 355 86 21 49 28 0 1; 237 49 35 93 30 0 1; 387 98 15 32 32 0 0; ]
0500800484[200 19 46 128 23 0 1; 162 19 46 126 25 0 1; 263 43 35 98 27 0 1; 354 86 21 49 28 0 1; 236 49 35 93 30 0 1; 386 98 16 32 32 0 0; ]
0500800485[198 19 46 130 23 0 1; 160 18 47 128 25 0 1; 262 43 35 98 27 0 1; 352 86 20 49 28 0 1; 235 48 35 94 30 0 1; 385 97 16 33 32 0 0; ]
0500800486[197 18 46 131 23 0 1; 158 17 47 129 25 0 1; 261 42 35 99 27 0 1; 350 85 20 50 28 0 1; 234 48 35 95 30 0 1; 384 97 17 33 32 0 0; ]
0500800487[195 18 46 131 23 0 1; 156 16 47 130 25 0 1; 261 42 36 99 27 0 1; 348 84 20 50 28 0 1; 233 48 35 96 30 0 1; 384 96 17 33 32 0 0; ]
0500800488[194 18 46 132 23 0 1; 155 16 47 131 25 0 1; 260 42 36 99 27 0 1; 346 83 20 50 28 0 1; 232 47 34 96 30 0 1; 383 96 17 34 32 0 0; ]
0500800489[193 18 46 133 23 0 1; 153 16 47 132 25 0 1; 259 41 36 99 27 0 1; 344 82 20 50 28 0 1; 231 47 34 97 30 0 1; 382 96 18 34 32 0 0; ]
0500800490[191 18 47 134 23 0 1; 151 17 48 132 25 0 1; 258 41 37 100 27 0 1; 342 83 20 50 28 0 1; 230 47 34 98 30 0 1; 382 96 18 34 32 0 0; ]
0500800491[190 18 47 135 23 0 1; 149 17 48 133 25 0 1; 258 41 37 100 27 0 1; 340 83 21 50 28 0 1; 229 46 34 98 30 0 1; 381 96 18 35 32 0 0; ]
0500800492[188 18 47 136 23 0 1; 147 18 49 134 25 0 1; 257 42 37 100 27 0 1; 337 85 21 50 28 0 1; 228 46 33 99 30 0 1; 380 97 18 35 32 0 0; ]
0500800493[187 17 47 136 23 0 1; 145 20 49 134 25 0 1; 257 44 37 100 27 0 1; 334 87 22 50 28 0 1; 227 50 34 95 30 0 1; 380 99 18 35 32 0 0; ]
0500800494[185 17 47 137 23 0 1; 143 21 50 135 25 0 1; 257 47 37 100 27 0 1; 331 89 23 50 28 0 1; 226 52 34 95 30 0 1; 380 101 18 35 32 0 0; ]
0500800495[184 20 47 138 23 0 1; 141 23 51 135 25 0 1; 257 50 38 101 27 0 1; 328 92 24 49 28 0 1; 225 54 35 95 30 0 1; 379 104 18 35 32 0 0; ]
0500800496[183 22 48 138 23 0 1; 139 25 51 135 25 0 1; 256 54 38 101 27 0 1; 327 94 24 50 28 0 1; 224 56 35 96 30 0 1; 379 107 17 35 32 0 0; ]
0500800497[181 24 49 139 23 0 1; 139 28 50 137 25 0 1; 255 54 38 101 27 0 1; 325 95 25 51 28 0 1; 223 58 36 97 30 0 1; 379 109 17 34 32 0 0; ]
0500800498[180 25 49 140 23 0 1; 138 28 48 138 25 0 1; 254 53 38 102 27 0 1; 324 96 24 52 28 0 1; 222 60 36 98 30 0 1; 379 111 17 34 32 0 0; ]
0500800499[178 26 50 140 23 0 1; 138 28 47 139 25 0 1; 253 53 38 102 27 0 1; 322 96 24 52 28 0 1; 221 61 37 98 30 0 1; 378 112 17 34 32 0 0; ]
0500800500[176 27 50 141 23 0 1; 136 27 47 139 25 0 1; 252 53 38 103 27 0 1; 320 96 23 53 28 0 1; 220 61 37 99 30 0 1; 378 112 17 34 32 0 0; ]
0500800501[175 27 50 142 23 0 1; 135 26 46 140 25 0 1; 251 53 38 103 27 0 1; 318 96 23 54 28 0 1; 218 61 37 100 30 0 1; 378 112 17 36 32 0 0; ]
0500800502[173 27 51 143 23 0 1; 134 24 45 140 25 0 1; 250 53 38 104 27 0 1; 316 96 22 54 28 0 1; 217 60 38 100 30 0 1; 377 112 17 36 32 0 0; ]
0500800503[171 27 51 144 23 0 1; 132 23 45 141 25 0 1; 249 53 38 104 27 0 1; 314 96 22 54 28 0 1; 215 59 38 101 30 0 1; 376 111 17 36 32 0 0; ]
0500800504[169 26 51 144 23 0 1; 130 22 45 141 25 0 1; 248 53 39 105 27 0 1; 312 96 21 54 28 0 1; 214 58 38 102 30 0 1; 375 111 17 35 32 0 0; ]
0500800505[167 24 51 145 23 0 1; 128 22 45 142 25 0 1; 247 53 39 105 27 0 1; 310 96 21 54 28 0 1; 212 56 38 103 30 0 1; 374 111 16 35 32 0 0; ]
0500800506[164 22 51 146 23 0 1; 126 21 45 142 25 0 1; 246 53 39 106 27 0 1; 308 96 21 54 28 0 1; 210 54 38 104 30 0 1; 373 111 16 35 32 0 0; ]
0500800507[162 20 51 147 23 0 1; 123 20 46 143 25 0 1; 245 52 39 106 27 0 1; 305 96 21 53 28 0 1; 208 51 38 105 30 0 1; 372 111 16 34 32 0 0; ]
0500800508[159 17 51 148 23 0 1; 120 20 47 144 25 0 1; 244 52 39 107 27 0 1; 302 96 20 53 28 0 1; 206 53 39 105 30 0 1; 371 111 16 34 32 0 0; ]
0500800509[156 13 51 149 23 0 1; 117 20 48 145 25 0 1; 243 52 39 107 27 0 1; 300 96 20 52 28 0 1; 204 54 39 105 30 0 1; 369 112 16 34 32 0 0; ]
0500800510[152 14 52 153 23 0 1; 113 20 50 145 25 0 1; 242 52 39 108 27 0 1; 297 95 20 52 28 0 1; 202 56 39 105 30 0 1; 368 112 16 34 32 0 0; ]
0500800511[148 15 53 155 23 0 1; 110 19 51 146 25 0 1; 241 52 39 108 27 0 1; 293 95 20 54 28 0 1; 200 57 39 105 30 0 1; 367 113 16 34 32 0 0; ]
0500800512[145 17 54 156 23 0 1; 106 19 52 149 25 0 1; 239 53 40 108 27 0 1; 290 99 20 51 28 0 1; 198 58 39 106 30 0 1; 366 114 16 34 32 0 0; ]
0500800513[142 19 55 157 23 0 1; 102 19 52 151 25 0 1; 236 54 40 109 27 0 1; 286 101 20 51 28 0 1; 195 58 39 106 30 0 1; 364 114 16 34 32 0 0; ]
0500800514[139 21 56 157 23 0 1; 98 19 52 153 25 0 1; 234 54 41 109 27 0 1; 283 102 21 51 28 0 1; 193 58 39 106 30 0 1; 362 115 16 35 32 0 0; ]
0500800515[136 23 57 157 23 0 1; 94 19 52 155 25 0 1; 231 55 41 110 27 0 1; 279 102 23 51 28 0 1; 191 59 39 106 30 0 1; 360 115 16 35 32 0 0; ]
0500800516[133 24 57 157 23 0 1; 90 19 52 156 25 0 1; 229 55 41 110 27 0 1; 276 103 25 51 28 0 1; 189 58 39 107 30 0 1; 358 115 16 35 32 0 0; ]
0500800517[129 24 57 158 23 0 1; 86 19 52 158 25 0 1; 226 55 41 110 27 0 1; 272 103 26 51 28 0 1; 187 58 38 107 30 0 1; 357 115 16 35 32 0 0; ]
0500800518[126 23 57 159 23 0 1; 82 19 53 160 25 0 1; 224 55 41 111 27 0 1; 269 103 26 51 28 0 1; 185 58 38 108 30 0 1; 355 115 16 35 32 0 0; ]
0500800519[122 22 56 160 23 0 1; 78 19 53 161 25 0 1; 221 55 42 111 27 0 1; 265 103 26 51 28 0 1; 183 57 37 108 30 0 1; 353 115 16 35 32 0 0; ]
0500800520[119 20 55 162 23 0 1; 74 18 53 162 25 0 1; 219 55 42 112 27 0 1; 262 102 24 52 28 0 1; 180 56 36 109 30 0 1; 351 115 16 35 32 0 0; ]
0500800521[115 18 54 163 23 0 1; 70 17 53 163 25 0 1; 216 54 42 112 27 0 1; 259 100 22 52 28 0 1; 178 54 36 110 30 0 1; 349 115 16 35 32 0 0; ]
0500800522[111 14 53 166 23 0 1; 66 16 53 164 25 0 1; 214 53 41 113 27 0 1; 255 99 21 53 28 0 1; 176 53 35 110 30 0 1; 347 114 16 35 32 0 0; ]
0500800523[108 11 51 168 23 0 1; 62 14 53 165 25 0 1; 211 52 41 113 27 0 1; 252 97 20 54 28 0 1; 173 50 36 112 30 0 1; 346 114 16 34 32 0 0; ]
0500800524[104 6 49 170 23 0 1; 58 12 53 166 25 0 1; 209 50 41 114 27 0 1; 249 95 20 54 28 0 1; 170 47 37 113 30 0 1; 344 113 16 34 32 0 0; 136 48 32 113 34 1 1; ]
0500800525[99 5 51 172 23 0 1; 54 10 54 167 25 0 1; 206 48 41 115 27 0 1; 246 94 21 55 28 0 1; 167 45 38 114 30 0 1; 342 112 16 33 32 0 0; 134 45 32 116 34 1 1; ]
0500800526[94 4 52 174 23 0 1; 50 8 54 168 25 0 1; 204 46 41 115 27 0 1; 242 92 22 54 28 0 1; 163 44 38 115 30 0 1; 340 111 16 32 32 0 0; 131 43 33 118 34 1 1; ]
0500800527[90 3 54 176 23 0 1; 44 7 55 170 25 0 1; 201 45 41 115 27 0 1; 238 92 23 54 28 0 1; 160 42 39 116 30 0 1; 338 110 16 31 32 0 0; 128 41 33 119 34 1 1; ]
0500800528[85 2 55 178 23 0 1; 39 6 55 172 25 0 1; 197 44 41 116 27 0 1; 235 91 23 54 28 0 1; 157 42 40 116 30 0 1; 336 108 16 33 32 0 0; 125 40 34 120 34 1 1; 480 66 28 80 36 0 1; ]
0500800529[80 1 56 179 23 0 1; 33 5 56 174 25 0 1; 194 43 42 116 27 0 1; 231 91 24 53 28 0 1; 154 41 40 117 30 0 1; 334 107 16 35 32 0 0; 122 39 34 121 34 1 1; 477 66 28 81 36 0 1; ]
0500800530[76 1 57 181 23 0 1; 28 5 57 176 25 0 1; 191 43 42 117 27 0 1; 227 91 24 53 28 0 1; 151 41 40 118 30 0 1; 332 107 16 35 32 0 0; 119 39 35 121 34 1 1; 474 66 28 81 36 0 1; ]
0500800531[71 0 58 183 23 0 1; 22 4 58 178 25 0 1; 188 43 42 118 27 0 1; 224 92 23 53 28 0 1; 148 42 41 118 30 0 1; 330 109 16 35 32 0 0; 115 40 35 120 34 1 1; 470 66 28 82 36 0 1; ]
0500800532[16 3 59 180 25 0 1; 185 43 43 120 27 0 1; 220 94 23 53 28 0 1; 145 42 41 119 30 0 1; 328 111 16 36 32 0 0; 112 41 36 119 34 0 1; 467 66 28 82 36 0 1; ]
0500800533[11 2 60 182 25 0 1; 182 43 43 123 27 0 1; 216 96 22 53 28 0 1; 141 42 41 119 30 0 1; 326 113 16 36 32 0 0; 109 42 37 119 34 0 1; 464 67 28 83 36 0 1; ]
0500800534[5 1 61 185 25 0 1; 179 43 43 124 27 0 1; 213 97 22 53 28 0 1; 138 43 41 119 30 0 1; 324 114 17 36 32 0 0; 105 42 38 121 34 0 1; 460 68 28 83 36 0 1; 485 75 26 78 57 1 3; ]
0500800535[0 1 62 187 25 0 1; 176 43 44 124 27 0 1; 209 97 22 53 28 0 1; 135 44 41 120 30 0 1; 322 115 17 36 32 0 0; 102 41 39 122 34 0 1; 457 69 28 84 36 0 1; 481 77 26 78 57 1 3; ]
0500800536[173 42 44 124 27 0 1; 205 97 23 53 28 0 1; 132 45 42 120 30 0 1; 320 115 16 36 32 0 0; 98 41 40 123 34 0 1; 454 70 28 84 36 0 1; 478 79 26 78 57 1 3; ]
0500800537[169 42 44 125 27 0 1; 202 97 24 53 28 0 1; 129 46 42 120 30 0 1; 319 115 16 36 32 0 0; 94 41 42 124 34 0 1; 451 72 29 84 36 0 1; 474 81 27 78 57 1 3; ]
0500800538[166 42 44 125 27 0 1; 198 97 25 53 28 0 1; 126 46 42 121 30 0 1; 317 114 16 36 32 0 0; 90 40 43 124 34 0 1; 447 72 30 85 36 0 1; 471 83 27 78 57 1 3; ]
0500800539[163 41 45 125 27 0 1; 194 96 26 53 28 0 1; 123 45 42 122 30 0 1; 315 114 16 36 32 0 0; 86 37 45 124 34 0 1; 443 72 32 85 36 0 1; 467 82 26 77 57 1 3; ]
0500800540[160 40 45 125 27 0 1; 191 94 28 54 28 0 1; 119 44 43 122 30 0 1; 314 113 16 35 32 0 0; 82 35 45 127 34 0 1; 439 72 33 85 36 0 1; 463 82 25 74 57 1 3; ]
0500800541[157 40 45 125 27 0 1; 187 94 28 54 28 0 1; 116 44 43 123 30 0 1; 312 112 15 35 32 0 0; 78 34 45 129 34 0 1; 436 72 34 86 36 0 1; 460 82 24 72 57 1 3; ]
0500800542[154 40 46 126 27 0 1; 184 95 27 54 28 0 1; 113 43 44 124 30 0 1; 311 110 15 35 32 0 0; 75 34 46 130 34 0 1; 432 72 34 86 36 0 1; 456 81 23 71 57 1 3; ]
0500800543[150 40 46 126 27 0 1; 181 95 27 54 28 0 1; 110 42 44 124 30 0 1; 309 110 15 35 32 0 0; 71 34 46 131 34 0 1; 429 72 35 86 36 0 1; 454 79 24 74 57 1 3; ]
0500800544[147 39 46 127 27 0 1; 178 96 27 54 28 0 1; 107 42 44 125 30 0 1; 307 111 15 35 32 0 0; 68 35 47 131 34 0 1; 425 72 35 86 36 0 1; 452 77 25 76 57 1 3; ]
0500800545[144 39 46 128 27 0 1; 104 41 45 126 30 0 1; 305 111 15 35 32 0 0; 64 35 47 132 34 0 1; 422 73 35 86 36 0 1; 450 77 26 77 57 1 3; ]
0500800546[141 38 46 130 27 0 1; 101 40 45 127 30 0 1; 303 111 15 35 32 0 0; 61 35 47 132 34 0 1; 419 73 34 86 36 0 1; 447 77 27 77 57 1 3; ]
0500800547[137 37 46 132 27 0 1; 98 40 46 127 30 0 1; 301 112 15 35 32 0 0; 58 35 48 133 34 0 1; 416 74 34 85 36 0 1; 443 77 28 77 57 1 3; ]
0500800548[134 36 46 134 27 0 1; 95 39 46 128 30 0 1; 299 112 16 35 32 0 0; 55 35 48 134 34 0 1; 413 75 33 85 36 0 1; 438 73 26 77 37 1 1; 168 86 37 55 51 0 0; ]
0500800549[131 35 47 135 27 0 1; 91 39 46 129 30 0 1; 298 113 16 35 32 0 0; 51 35 48 135 34 0 1; 410 76 32 84 36 0 1; 435 75 26 77 37 0 1; 175 84 37 58 51 0 0; ]
0500800550[128 35 47 136 27 0 1; 159 94 22 57 29 0 1; 88 38 47 129 30 0 1; 296 113 16 35 32 0 0; 48 35 48 136 34 0 1; 407 77 30 83 36 0 1; 432 76 27 77 37 0 1; 181 83 37 59 51 0 0; ]
0500800551[124 35 47 136 27 0 1; 155 97 22 54 29 0 1; 85 37 47 130 30 0 1; 295 114 16 35 32 0 0; 45 35 49 137 34 0 1; 404 78 29 83 36 0 1; 429 77 27 77 37 0 1; 188 84 37 58 51 0 0; ]
0500800552[121 35 47 136 27 0 1; 152 98 23 54 29 0 1; 82 37 48 131 30 0 1; 293 115 15 35 32 0 0; 43 34 49 138 34 0 1; 402 79 27 82 36 0 1; 426 78 27 77 37 0 1; 194 86 38 57 51 0 0; ]
0500800553[118 36 47 136 27 0 1; 149 99 24 55 29 0 1; 79 37 48 132 30 0 1; 292 115 15 35 32 0 0; 40 34 49 139 34 0 1; 396 82 32 82 36 0 1; 423 79 27 77 37 0 1; 201 88 38 55 51 0 0; ]
0500800554[115 37 47 136 27 0 1; 147 99 25 56 29 0 1; 75 37 48 133 30 0 1; 291 116 15 34 32 0 0; 37 33 49 141 34 0 1; 391 83 35 82 36 0 1; 420 80 27 78 37 0 1; 207 89 38 54 51 0 0; ]
0500800555[111 38 48 139 27 0 1; 144 100 24 56 29 0 1; 72 37 48 134 30 0 1; 289 117 15 34 32 0 0; 33 33 50 141 34 0 1; 387 84 38 82 36 0 1; 417 81 28 78 37 0 1; 425 91 26 72 38 1 1; 213 91 38 53 51 0 0; ]
0500800556[108 40 48 135 27 0 1; 141 100 23 55 29 0 1; 68 37 48 135 30 0 1; 288 118 15 33 32 0 0; 29 32 50 142 34 0 1; 383 85 38 82 36 0 1; 414 81 28 78 37 0 1; 422 91 27 73 38 1 1; 220 92 38 52 51 0 0; ]
0500800557[105 38 48 139 27 0 1; 137 100 22 55 29 0 1; 65 37 48 137 30 0 1; 287 119 15 33 32 0 0; 25 31 50 143 34 0 1; 380 84 38 82 36 0 1; 411 82 28 78 37 0 1; 420 91 28 74 38 1 1; 226 93 38 52 51 0 0; ]
0500800558[102 35 48 142 27 0 1; 134 100 22 54 29 0 1; 62 37 48 138 30 0 1; 285 119 16 33 32 0 0; 21 31 51 143 34 0 1; 378 83 38 83 36 0 1; 408 82 28 79 37 0 1; 417 91 28 75 38 1 1; 233 94 38 51 51 0 0; ]
0500800559[100 34 48 145 27 0 1; 131 100 23 54 29 0 1; 59 37 48 139 30 0 1; 284 119 16 33 32 0 0; 17 30 51 144 34 0 1; 376 82 37 83 36 0 1; 404 83 28 80 37 0 1; 415 91 29 76 38 1 1; 240 94 38 51 51 0 0; ]
0500800560[97 32 49 148 27 0 1; 128 100 23 53 29 0 1; 56 36 49 140 30 0 1; 13 30 52 145 34 0 1; 373 81 37 84 36 0 1; 401 83 28 80 37 0 1; 412 91 29 76 38 1 1; 247 94 38 52 51 0 0; ]
0500800561[94 31 49 150 27 0 1; 125 100 23 53 29 0 1; 54 36 49 142 30 0 1; 9 29 52 146 34 0 1; 371 80 36 84 36 0 1; 398 84 28 81 37 0 1; 410 90 29 76 38 1 1; 255 93 38 52 51 0 0; ]
0500800562[91 29 49 152 27 0 1; 122 100 24 52 29 0 1; 51 35 49 143 30 0 1; 5 29 52 146 34 0 1; 369 80 35 85 36 0 1; 395 84 28 82 37 0 1; 408 90 29 76 38 1 1; 263 93 38 52 51 0 0; ]
0500800563[88 28 49 154 27 0 1; 119 100 25 52 29 0 1; 48 35 49 144 30 0 1; 1 28 53 147 34 0 1; 367 80 34 86 36 0 1; 392 84 29 84 37 0 1; 405 90 30 76 38 1 1; 271 92 38 53 51 0 0; ]
0500800564[85 28 50 155 27 0 1; 117 100 26 51 29 0 1; 46 34 49 145 30 0 1; 365 79 33 86 36 0 1; 389 83 29 85 37 0 1; 403 90 30 76 38 0 1; 278 95 38 53 51 0 0; ]
0500800565[82 27 50 155 27 0 1; 114 100 28 51 29 1 1; 43 32 49 147 30 0 1; 364 79 32 87 36 0 1; 387 82 29 86 37 0 1; 401 90 30 76 38 0 1; 285 95 38 53 51 0 0; ]
0500800566[80 27 50 156 27 0 1; 112 100 27 51 29 1 1; 41 31 50 148 30 0 1; 362 79 30 88 36 0 1; 384 82 29 87 37 0 1; 399 90 30 75 38 0 1; 293 95 38 53 51 0 0; ]
0500800567[77 26 50 156 27 0 1; 111 100 27 51 29 1 1; 39 30 50 150 30 0 1; 279 119 15 32 33 1 0; 360 79 29 88 36 0 1; 382 81 29 88 37 0 1; 397 90 30 75 38 0 1; 302 94 38 53 51 0 0; ]
0500800568[74 26 51 156 27 0 1; 109 100 26 51 29 1 1; 36 29 50 151 30 0 1; 278 119 15 32 33 0 0; 354 79 34 89 36 0 1; 379 81 30 89 37 0 1; 395 90 30 74 38 0 1; 310 94 38 53 51 0 0; ]
0500800569[71 25 51 157 27 0 1; 107 100 25 51 29 1 1; 34 29 50 152 30 0 1; 278 119 15 32 33 0 0; 349 80 38 90 36 0 1; 376 81 30 89 37 0 1; 393 90 30 73 38 0 1; 317 94 38 53 51 0 0; ]
0500800570[68 25 51 157 27 0 1; 105 100 25 51 29 1 1; 32 28 50 153 30 0 1; 278 119 15 33 33 0 0; 345 80 40 90 36 0 1; 373 81 30 89 37 0 1; 392 89 29 77 38 1 1; 325 94 38 53 51 0 0; ]
0500800571[65 25 51 157 27 0 1; 103 100 24 51 29 1 1; 30 27 50 154 30 0 1; 278 119 15 33 33 0 0; 344 80 41 90 36 0 1; 370 81 30 89 37 0 1; 390 89 29 80 38 1 1; 332 94 38 53 51 1 0; ]
0500800572[63 23 52 159 27 0 1; 101 100 24 51 29 1 1; 27 26 51 155 30 0 1; 278 119 15 33 33 0 0; 343 80 40 90 36 0 1; 367 81 31 89 37 0 1; ]
0500800573[60 22 52 161 27 0 1; 100 100 23 51 29 1 1; 25 25 51 156 30 0 1; 277 119 15 33 33 0 0; 342 80 37 91 36 0 1; 364 81 31 89 37 0 1; ]
0500800574[57 20 53 163 27 0 1; 98 100 22 51 29 1 1; 22 25 51 157 30 0 1; 277 120 15 33 33 0 0; 342 81 34 91 36 0 1; 361 81 32 89 37 0 1; ]
0500800575[55 19 53 165 27 0 1; 96 100 22 51 29 1 1; 19 24 51 158 30 0 1; 277 120 16 34 33 0 0; 341 81 32 91 36 0 1; 359 81 32 89 37 0 1; ]
0500800576[52 18 54 167 27 0 1; 94 100 21 51 29 1 1; 17 23 52 159 30 0 1; 277 120 16 34 33 0 0; 340 80 30 92 36 0 1; 357 81 32 89 37 0 1; ]
0500800577[49 16 54 169 27 0 1; 92 100 21 51 29 1 1; 14 22 52 160 30 0 1; 276 120 16 34 33 0 0; 339 78 29 93 36 0 1; 357 81 31 90 37 0 1; ]
0500800578[47 15 55 171 27 0 1; 90 100 21 51 29 1 1; 11 22 53 161 30 0 1; 276 120 16 34 33 0 0; 337 76 28 94 36 0 1; 357 80 27 92 37 0 1; ]
0500800579[44 14 55 172 27 0 1; 88 100 21 51 29 1 1; 8 21 54 161 30 0 1; 276 120 16 35 33 0 0; 334 76 28 94 36 0 1; 355 81 27 86 37 0 1; ]
0500800580[41 13 56 174 27 0 1; 86 100 21 51 29 1 1; 5 20 55 162 30 0 1; 275 120 16 35 33 0 0; 331 76 29 94 36 0 1; 352 82 27 83 37 1 1; ]
0500800581[39 12 56 175 27 0 1; 84 100 20 51 29 1 1; 1 19 56 163 30 0 1; 275 120 16 35 33 0 0; 326 77 34 91 36 0 1; 350 82 27 81 37 1 1; ]
0500800582[36 11 57 177 27 0 1; 82 100 20 51 29 1 1; 275 120 16 35 33 0 0; 320 79 39 88 36 0 1; 348 82 27 80 37 1 1; ]
0500800583[34 10 57 178 27 0 1; 80 100 20 51 29 1 1; 275 121 16 35 33 0 0; 317 79 39 89 36 0 1; 346 82 27 82 37 1 1; ]
0500800584[31 9 57 180 27 0 1; 78 100 19 51 29 1 1; 275 121 16 35 33 0 0; 314 79 39 90 36 0 1; 343 82 28 86 37 1 1; ]
0500800585[28 8 58 181 27 0 1; 76 100 19 51 29 1 1; 275 121 16 35 33 0 0; 313 79 39 90 36 0 1; 341 82 28 90 37 1 1; ]
0500800586[26 7 58 182 27 0 1; 72 100 19 51 29 1 1; 275 121 16 35 33 0 0; 312 79 39 91 36 0 1; 339 82 28 92 37 1 1; ]
0500800587[23 7 59 184 27 0 1; 69 100 19 51 29 1 1; 275 121 16 35 33 0 0; 312 79 38 91 36 0 1; 337 82 28 92 37 1 1; ]
0500800588[20 7 59 186 27 0 1; 67 100 19 51 29 1 1; 275 122 16 35 33 0 0; 312 79 35 92 36 0 1; 335 82 28 91 37 1 1; ]
0500800589[17 7 60 187 27 0 1; 66 100 19 51 29 1 1; 275 122 16 35 33 0 0; 312 79 33 93 36 0 1; 333 83 28 90 37 1 1; ]
0500800590[14 6 60 189 27 0 1; 66 100 19 51 29 1 1; 275 122 16 35 33 0 0; 312 79 32 93 36 0 1; 332 83 28 89 37 1 1; ]
0500800591[11 6 61 191 27 0 1; 66 100 19 51 29 1 1; 275 122 16 35 33 0 0; 312 79 32 94 36 0 1; 330 83 28 87 37 1 1; ]
0500800592[8 6 61 193 27 0 1; 275 123 16 35 33 0 0; 310 79 33 94 36 0 1; 329 84 27 84 37 1 1; 48 83 32 67 41 0 2; ]
0500800593[5 5 62 195 27 0 1; 275 123 16 35 33 0 0; 307 79 34 95 36 0 1; 327 84 27 80 37 1 1; 46 83 32 67 41 0 2; ]
0500800594[2 4 62 197 27 0 1; 275 123 16 35 33 0 0; 303 79 35 96 36 0 1; 322 85 29 91 37 1 1; 45 83 32 67 41 0 2; ]
0500800595[275 123 16 35 33 0 0; 299 79 37 96 36 0 1; 319 85 30 92 37 1 1; 44 82 33 67 41 0 2; ]
0500800596[275 123 16 35 33 0 0; 294 79 40 97 36 0 1; 317 86 31 93 37 1 1; 43 82 33 67 41 0 2; ]
0500800597[275 124 16 35 33 0 0; 288 79 43 97 36 0 1; 315 86 32 93 37 1 1; 42 82 33 67 41 0 2; ]
0500800598[275 124 16 35 33 0 0; 288 79 42 98 36 0 1; 314 87 33 93 37 1 1; 41 82 33 67 41 0 2; ]
0500800599[275 124 16 36 33 0 0; 288 79 41 99 36 0 1; 312 87 33 94 37 1 1; 40 82 34 66 41 0 2; ]
0500800600[275 125 16 36 33 0 0; 288 79 39 99 36 0 1; 311 87 33 94 37 1 1; 39 82 34 66 41 0 2; ]
0500800601[275 125 16 36 33 0 0; 288 79 38 100 36 0 1; 309 87 33 95 37 1 1; 39 82 34 66 41 0 2; ]
0500800602[275 126 16 36 33 0 0; 287 80 36 100 36 0 1; 307 87 33 95 37 1 1; 38 83 34 66 41 0 2; ]
0500800603[275 126 16 36 33 0 0; 287 80 33 101 36 0 1; 306 87 33 96 37 1 1; 319 0 91 190 40 0 0; 38 83 35 65 41 0 2; ]
0500800604[275 127 16 36 33 0 0; 286 80 30 101 36 0 1; 304 86 33 97 37 1 1; 319 2 90 187 40 0 0; 37 84 35 64 41 0 2; ]
0500800605[275 127 16 36 33 0 0; 285 81 29 101 36 0 1; 303 86 33 97 37 1 1; 319 5 89 185 40 0 0; 37 84 35 63 41 0 2; ]
0500800606[275 128 16 36 33 0 0; 283 81 31 102 36 0 1; 301 85 33 98 37 1 1; 319 7 88 183 40 0 0; 36 85 35 62 41 0 2; ]
0500800607[278 81 34 102 36 0 1; 300 86 34 99 37 1 1; 319 9 87 180 40 0 0; 36 86 35 62 41 0 2; ]
0500800608[272 82 38 102 36 0 1; 299 86 35 99 37 1 1; 319 12 86 178 40 0 0; 36 86 36 63 41 0 2; ]
0500800609[268 83 42 102 36 0 1; 297 87 36 100 37 1 1; 319 14 85 175 40 0 0; 35 86 36 64 41 0 2; ]
0500800610[265 83 44 102 36 0 1; 295 87 36 100 37 1 1; 319 16 84 173 40 0 0; 35 87 37 65 41 0 2; ]
0500800611[263 84 45 102 36 0 1; 294 88 36 101 37 1 1; 319 19 83 171 40 0 0; 34 87 37 66 41 0 2; ]
0500800612[261 85 46 102 36 0 1; 292 88 36 102 37 1 1; 318 21 82 168 40 0 0; 34 88 37 67 41 0 2; ]
0500800613[262 85 44 103 36 0 1; 290 89 36 102 37 0 1; 318 24 81 166 40 0 0; 34 88 37 68 41 0 2; ]
0500800614[262 86 41 103 36 0 1; 288 89 36 103 37 0 1; 318 26 80 163 40 0 0; 33 89 38 69 41 0 2; ]
0500800615[262 86 39 104 36 0 1; 287 90 36 103 37 0 1; 318 28 78 161 40 0 0; 33 90 38 70 41 0 2; 24 109 19 58 58 1 3; ]
0500800616[262 87 37 104 36 0 1; 285 90 36 104 37 0 1; 318 31 77 159 40 0 0; 33 90 38 70 41 0 2; 22 111 19 58 58 1 3; ]
0500800617[262 88 35 105 36 0 1; 283 91 37 105 37 0 1; 319 34 77 157 40 0 0; 33 91 38 71 41 0 2; 21 112 19 58 58 1 3; ]
0500800618[261 89 33 105 36 0 1; 281 91 37 105 37 0 1; 319 37 76 156 40 0 0; 33 92 38 71 41 0 2; 19 113 19 58 58 1 3; ]
0500800619[259 90 32 105 36 0 1; 278 92 38 106 37 0 1; 320 41 75 155 40 0 0; 33 93 37 72 41 0 2; 18 115 19 58 58 1 3; ]
0500800620[256 91 32 106 36 0 1; 276 92 39 107 37 0 1; 320 44 74 153 40 0 0; 33 94 37 72 41 0 2; 16 116 19 58 58 1 3; ]
0500800621[251 93 35 106 36 0 1; 274 93 41 107 37 0 1; 321 47 74 152 40 0 0; 33 96 37 73 41 0 2; 15 117 18 58 58 1 3; ]
0500800622[245 94 40 106 36 0 1; 273 95 44 107 37 0 1; 321 50 73 151 40 0 0; 33 97 36 73 41 0 2; 13 118 18 58 58 1 3; ]
0500800623[241 96 43 106 36 0 1; 272 97 46 108 37 0 1; 322 54 72 149 40 0 0; 33 99 37 73 41 0 2; 11 120 17 58 58 1 3; ]
0500800624[238 98 45 106 36 0 1; 270 98 46 108 37 0 1; 322 57 72 148 40 0 0; 33 101 37 73 41 0 2; 9 121 16 58 58 1 3; ]
0500800625[236 100 48 106 36 0 1; 269 100 46 108 37 0 1; 309 112 28 93 39 1 1; 322 60 72 147 40 0 0; 33 102 37 73 41 0 2; 8 122 16 58 58 1 3; ]
0500800626[234 102 49 106 36 0 1; 267 102 45 108 37 0 1; 306 113 30 95 39 1 1; 323 63 71 146 40 0 0; 32 104 38 74 41 0 2; 7 123 17 57 58 1 3; ]
0500800627[233 104 50 106 36 0 1; 266 104 42 108 37 0 1; 304 114 32 95 39 0 1; 323 67 71 144 40 0 0; 32 106 38 74 41 0 2; 5 124 17 57 58 1 3; ]
0500800628[233 105 46 108 36 0 1; 264 106 40 108 37 0 1; 301 116 34 96 39 0 1; 324 70 71 143 40 0 0; 32 108 39 74 41 0 2; 4 126 18 57 58 1 3; ]
0500800629[233 107 43 109 36 0 1; 262 108 40 108 37 0 1; 299 118 37 96 39 0 1; 324 73 71 142 40 0 0; 32 109 39 74 41 0 2; 3 127 18 57 58 1 3; ]
0500800630[232 108 41 109 36 0 1; 260 109 40 109 37 0 1; 296 120 39 97 39 0 1; 325 77 71 140 40 0 0; 32 111 39 74 41 0 2; 2 129 19 57 58 1 3; ]
0500800631[231 109 39 110 36 0 1; 258 111 41 109 37 0 1; 294 122 42 96 39 0 1; 325 80 71 139 40 0 0; 31 113 40 74 41 0 2; 0 131 19 57 58 1 3; ]
0500800632[230 111 38 111 36 0 1; 255 113 41 109 37 0 1; 292 125 45 96 39 0 1; 326 83 70 138 40 0 0; 31 115 40 75 41 0 2; ]
0500800633[228 112 38 111 36 0 1; 253 115 42 109 37 0 1; 290 127 47 96 39 0 1; 326 86 70 137 40 0 0; 31 117 41 75 41 0 2; ]
0500800634[226 114 38 111 36 0 1; 250 117 44 109 37 0 1; 289 130 48 95 39 0 1; 327 89 69 135 40 0 0; 31 118 41 75 41 0 2; ]
0500800635[224 116 38 111 36 0 1; 247 119 46 109 37 0 1; 289 131 47 96 39 0 1; 328 92 69 134 40 0 0; 31 120 41 75 41 0 2; ]
0500800636[221 117 40 111 36 0 1; 244 121 48 110 37 0 1; 289 133 46 96 39 0 1; 328 94 69 133 40 0 0; 30 122 42 75 41 0 2; ]
0500800637[215 119 44 111 36 0 1; 244 122 48 111 37 0 1; 289 135 44 97 39 0 1; 329 97 68 132 40 0 0; 30 124 42 75 41 0 2; ]
0500800638[209 121 49 111 36 0 1; 243 124 47 112 37 0 1; 289 136 40 98 39 0 1; 329 100 68 130 40 0 0; 31 126 42 75 41 0 2; ]
0500800639[207 123 52 111 36 0 1; 243 125 46 113 37 0 1; 290 137 36 99 39 0 1; 330 103 67 129 40 0 0; 31 129 42 74 41 0 2; ]
0500800640[206 126 52 111 36 0 1; 242 127 44 114 37 0 1; 290 139 31 100 39 0 1; 331 106 67 128 40 0 0; 32 131 42 73 41 0 2; ]
0500800641[206 128 53 111 36 0 1; 241 128 41 115 37 0 1; 288 141 32 100 39 0 1; 331 109 67 127 40 0 0; 32 133 42 73 41 0 2; ]
0500800642[206 130 53 111 36 0 1; 240 130 39 116 37 0 1; 278 142 41 100 39 0 1; 332 112 66 125 40 0 0; 33 134 42 73 41 0 2; ]
0500800643[206 131 45 113 36 0 1; 239 131 36 116 37 0 1; 275 144 44 101 39 0 1; 333 115 66 124 40 0 0; 33 136 42 73 41 0 2; ]
0500800644[206 132 40 114 36 0 1; 237 133 35 116 37 0 1; 273 146 45 101 39 0 1; 333 118 65 123 40 0 0; 33 137 42 72 41 0 2; ]
0500800645[206 133 38 115 36 0 1; 235 134 36 116 37 0 1; 273 147 45 101 39 0 1; 334 121 65 121 40 0 0; 33 139 42 72 41 0 2; ]
0500800646[205 134 39 116 36 0 1; 233 136 37 116 37 0 1; 273 148 45 101 39 0 1; 334 124 64 120 40 0 0; 33 140 42 73 41 0 2; ]
0500800647[202 135 40 117 36 0 1; 230 137 40 116 37 0 1; 273 150 45 102 39 0 1; 335 125 64 120 40 0 0; 33 140 42 73 41 0 2; ]
0500800648[199 136 42 118 36 0 1; 226 139 43 115 37 0 1; 273 151 45 102 39 0 1; 335 126 64 119 40 0 0; 33 141 42 74 41 0 2; ]
0500800649[194 136 44 119 36 0 1; 222 140 47 115 37 0 1; 272 152 45 102 39 0 1; 336 127 64 119 40 0 0; 33 142 43 74 41 0 2; ]
0500800650[188 137 49 119 36 0 1; 218 142 52 114 37 0 1; 272 152 43 103 39 0 1; 336 128 63 118 40 0 0; 33 143 43 75 41 0 2; ]
0500800651[184 138 51 119 36 0 1; 214 143 58 113 37 0 1; 271 153 39 103 39 0 1; 337 130 63 118 40 0 0; 33 143 43 77 41 0 2; ]
0500800652[181 139 53 119 36 0 1; 214 144 58 113 37 0 1; 270 154 35 103 39 0 1; 337 131 63 117 40 0 0; 32 143 43 78 41 0 2; ]
0500800653[179 140 53 119 36 0 1; 213 144 58 113 37 0 1; 268 154 33 103 39 0 1; 338 132 62 117 40 0 0; 32 144 48 102 41 0 2; ]
0500800654[178 141 54 119 36 0 1; 213 144 47 114 37 0 1; 267 155 33 104 39 0 1; 338 133 62 116 40 0 0; 32 144 48 103 41 0 2; ]
0500800655[178 142 54 119 36 0 1; 213 144 47 115 37 0 1; 265 155 34 104 39 0 1; 338 134 62 116 40 0 0; 32 145 48 104 41 0 2; ]
0500800656[177 143 54 119 36 0 1; 209 145 50 115 37 0 1; 257 156 42 104 39 0 1; 339 135 61 115 40 0 0; 32 145 48 104 41 0 2; ]
0500800657[177 143 54 119 36 0 1; 203 145 56 117 37 0 1; 252 157 48 104 39 0 1; 339 136 61 115 40 0 0; 32 145 47 105 41 0 2; ]
0500800658[177 142 47 122 36 0 1; 200 145 59 118 37 0 1; 248 158 52 104 39 0 1; 340 138 61 114 40 0 0; 32 146 47 105 41 0 2; ]
0500800659[176 141 42 124 36 0 1; 207 142 39 122 37 0 1; 246 158 54 104 39 0 1; 340 139 60 114 40 0 0; 32 146 46 105 41 0 2; ]
0500800660[176 141 39 126 36 0 1; 206 142 41 123 37 0 1; 246 158 53 104 39 0 1; 341 140 60 113 40 0 0; 32 146 46 105 41 0 2; ]
0500800661[175 140 37 126 36 0 1; 203 142 44 123 37 0 1; 246 158 52 105 39 0 1; 341 141 60 113 40 0 0; 32 147 52 104 41 0 2; ]
0500800662[174 140 37 127 36 0 1; 198 142 48 124 37 0 1; 246 157 51 107 39 0 1; 343 142 57 112 40 0 0; 32 147 53 105 41 0 2; ]
0500800663[171 140 39 127 36 0 1; 194 143 52 124 37 0 1; 246 157 49 108 39 0 1; 344 143 55 112 40 0 0; 32 148 54 106 41 0 2; ]
0500800664[164 141 43 126 36 0 1; 190 143 56 124 37 0 1; 246 157 45 109 39 0 1; 345 145 54 111 40 0 0; 32 148 54 107 41 0 2; ]
0500800665[157 142 49 126 36 0 1; 187 144 58 124 37 0 1; 245 157 40 109 39 0 1; 345 146 54 111 40 0 0; 32 148 54 108 41 0 2; ]
0500800666[151 143 53 126 36 0 1; 184 146 60 124 37 0 1; 244 157 36 110 39 0 1; 345 147 54 110 40 0 0; 32 149 55 108 41 0 2; ]
0500800667[148 144 55 126 36 0 1; 183 146 57 125 37 0 1; 243 158 34 110 39 0 1; 345 148 54 109 40 0 0; 32 149 55 106 41 0 2; ]
0500800668[147 145 55 126 36 0 1; 183 146 53 125 37 0 1; 240 158 35 111 39 0 1; 345 149 54 109 40 0 0; 32 149 55 108 41 0 2; ]
0500800669[146 145 55 126 36 0 1; 182 146 49 126 37 0 1; 235 158 39 111 39 0 1; 345 151 54 108 40 0 0; 32 150 56 109 41 0 2; ]
0500800670[146 146 54 126 36 0 1; 182 147 44 128 37 0 1; 230 159 45 111 39 0 1; 344 152 54 108 40 0 0; 31 150 57 111 41 0 2; ]
0500800671[146 146 53 126 36 0 1; 180 147 39 130 37 0 1; 223 159 52 112 39 0 1; 344 153 54 107 40 0 0; 31 150 57 112 41 0 2; ]
0500800672[146 147 50 127 36 0 1; 178 148 37 131 37 0 1; 220 159 55 112 39 0 1; 343 154 54 106 40 0 0; 31 150 58 113 41 0 2; ]
0500800673[145 147 44 127 36 0 1; 174 149 40 131 37 0 1; 221 160 54 112 39 0 1; 342 155 54 106 40 0 0; 30 150 58 113 41 0 2; ]
0500800674[142 147 41 128 36 0 1; 167 151 47 130 37 0 1; 223 160 51 113 39 0 1; 341 157 54 105 40 0 0; 30 151 58 113 41 0 2; ]
0500800675[139 147 39 128 36 0 1; 161 152 52 129 37 0 1; 224 160 48 113 39 0 1; 340 158 54 105 40 0 0; 30 151 58 114 41 0 2; ]
0500800676[135 147 39 129 36 0 1; 157 152 55 129 37 0 1; 223 160 45 114 39 0 1; 338 159 55 104 40 0 0; 29 151 58 114 41 0 2; ]
0500800677[129 147 43 129 36 0 1; 154 152 57 129 37 0 1; 220 160 41 114 39 0 1; 338 159 54 103 40 0 0; 29 151 58 114 41 0 2; ]
0500800678[120 147 51 130 36 0 1; 152 152 58 129 37 0 1; 217 161 40 114 39 0 1; 338 159 54 103 40 0 0; 29 152 58 113 41 0 2; ]
0500800679[114 147 56 131 36 0 1; 150 152 59 129 37 0 1; 214 161 40 115 39 0 1; 338 159 53 102 40 0 0; 28 152 58 113 41 0 2; ]
0500800680[111 147 57 131 36 0 1; 149 152 56 130 37 0 1; 211 161 41 115 39 0 1; 337 159 53 101 40 0 0; 28 152 58 113 41 0 2; ]
0500800681[109 147 58 132 36 0 1; 148 152 51 130 37 0 1; 206 161 42 115 39 0 1; 337 159 52 101 40 0 0; 27 152 57 113 41 0 2; ]
0500800682[108 147 58 132 36 0 1; 146 151 45 131 37 0 1; 202 162 44 116 39 0 1; 336 159 52 100 40 0 0; 27 152 57 112 41 0 2; ]
0500800683[106 147 58 133 36 0 1; 143 151 43 132 37 0 1; 196 162 48 116 39 0 1; 336 159 51 99 40 0 0; 25 152 57 113 41 0 2; ]
0500800684[104 147 58 133 36 0 1; 139 151 42 132 37 0 1; 191 162 52 117 39 0 1; 335 159 51 99 40 0 0; 24 151 58 114 41 0 2; ]
0500800685[102 147 56 134 36 0 1; 135 150 42 133 37 0 1; 185 162 58 117 39 0 1; 334 159 51 98 40 0 0; 22 151 58 114 41 0 2; ]
0500800686[100 147 50 134 36 0 1; 128 150 48 134 37 0 1; 183 162 57 117 39 0 1; 333 159 50 97 40 0 0; 20 150 59 115 41 0 2; ]
0500800687[97 147 42 135 36 0 1; 121 149 57 134 37 0 1; 181 162 56 117 39 0 1; 331 159 50 97 40 0 0; 18 149 59 116 41 0 2; ]
0500800688[94 145 40 136 36 0 1; 115 148 60 135 37 0 1; 179 161 55 117 39 0 1; 329 159 50 96 40 0 0; 16 148 59 116 41 0 2; ]
0500800689[90 144 39 137 36 0 1; 109 148 61 136 37 0 1; 177 161 53 118 39 0 1; 327 159 50 95 40 0 0; 14 147 59 117 41 0 2; ]
0500800690[84 143 39 138 36 0 1; 104 146 61 136 37 0 1; 174 160 51 118 39 0 1; 325 159 49 95 40 0 0; 12 145 59 118 41 0 2; ]
0500800691[78 141 43 138 36 0 1; 100 145 60 137 37 0 1; 171 158 47 119 39 0 1; 322 159 49 94 40 0 0; 10 144 59 118 41 0 2; ]
0500800692[69 139 51 139 36 0 1; 96 143 60 138 37 0 1; 167 156 42 120 39 0 1; 320 157 49 94 40 0 0; 7 142 59 119 41 0 2; ]
0500800693[61 138 56 140 36 0 1; 92 141 59 138 37 0 1; 163 153 40 121 39 0 1; 317 155 48 93 40 0 0; 5 140 59 120 41 0 2; ]
0500800694[55 136 58 141 36 0 1; 88 138 57 139 37 0 1; 158 151 40 121 39 0 1; 315 153 48 93 40 0 0; 2 137 59 120 41 0 2; ]
0500800695[48 134 59 141 36 0 1; 84 136 51 139 37 0 1; 153 149 41 121 39 0 1; 312 150 48 92 40 0 0; 0 135 58 121 41 0 2; ]
0500800696[43 131 59 142 36 0 1; 81 133 45 140 37 0 1; 147 146 43 121 39 0 1; 310 148 47 92 40 0 0; ]
0500800697[37 129 58 143 36 0 1; 74 130 42 141 37 0 1; 140 144 45 121 39 0 1; 307 146 47 92 40 0 0; ]
0500800698[32 126 57 143 36 0 1; 67 127 44 142 37 0 1; 132 141 49 121 39 0 1; 305 144 47 91 40 0 0; ]
0500800699[27 123 56 144 36 0 1; 60 125 47 142 37 0 1; 124 139 54 121 39 0 1; 302 142 46 91 40 0 0; ]
0500800700[22 121 54 145 36 0 1; 53 122 52 143 37 0 1; 116 136 61 121 39 0 1; 300 140 46 90 40 0 0; ]
0500800701[18 117 51 145 36 0 1; 47 119 56 144 37 0 1; 114 132 58 123 39 0 1; 297 138 46 90 40 0 0; ]
0500800702[14 114 47 146 36 0 1; 40 117 60 145 37 0 1; 111 129 55 124 39 0 1; 295 136 45 89 40 0 0; ]
0500800703[7 112 47 146 36 0 1; 34 114 61 146 37 0 1; 107 125 53 126 39 0 1; 292 133 45 89 40 0 0; ]
0500800704[0 109 48 146 36 0 1; 27 111 59 146 37 0 1; 103 122 50 127 39 0 1; 290 131 45 88 40 0 0; ]
0500800705[21 109 56 147 37 0 1; 97 118 47 129 39 0 1; 287 129 44 88 40 0 0; ]
0500800706[14 106 52 148 37 0 1; 91 115 45 130 39 0 1; 285 127 44 88 40 0 0; ]
0500800707[8 103 51 149 37 0 1; 83 112 43 131 39 0 1; 282 125 44 87 40 0 0; ]
0500800708[1 100 51 150 37 0 1; 75 109 42 131 39 0 1; 279 123 44 87 40 0 0; ]
0500800709[68 107 47 132 39 0 1; 276 120 44 87 40 0 0; ]
0500800710[60 104 51 132 39 0 1; 274 118 43 86 40 0 0; ]
0500800711[52 102 55 133 39 0 1; 271 116 43 86 40 0 0; ]
0500800712[44 99 59 133 39 0 1; 268 113 43 85 40 0 0; ]
0500800713[35 97 63 133 39 0 1; 265 111 43 85 40 0 0; ]
0500800714[27 95 66 133 39 0 1; 263 109 43 84 40 0 0; ]
0500800715[19 93 69 133 39 0 1; 260 107 43 84 40 0 0; ]
0500800716[15 88 65 136 39 0 1; 257 105 43 84 40 0 0; ]
0500800717[10 84 61 138 39 0 1; 254 102 43 83 40 0 0; ]
0500800718[4 80 55 140 39 0 1; 252 100 43 83 40 0 0; ]
0500800719[249 98 43 82 40 0 0; ]
0500800720[246 96 42 82 40 0 0; ]
0500800721[243 94 42 81 40 0 0; ]
0500800722[241 93 42 81 40 0 0; ]
0500800723[239 93 41 80 40 0 0; ]
0500800724[237 93 41 80 40 0 0; ]
0500800725[235 93 41 80 40 0 0; ]
0500800726[232 92 40 79 40 0 0; ]
0500800727[230 92 40 79 40 0 0; ]
0500800728[228 91 40 79 40 0 0; ]
0500800729[226 91 40 79 40 0 0; ]
0500800730[224 90 40 79 40 0 0; ]
0500800731[221 90 40 79 40 0 0; ]
0500800732[219 89 40 79 40 0 0; ]
0500800733[217 88 40 79 40 0 0; ]
0500800734[215 87 40 79 40 0 0; ]
0500800735[213 86 40 79 40 0 0; ]
0500800736[211 85 41 79 40 0 0; ]
0500800737[209 85 41 78 40 0 0; ]
0500800738[208 85 41 78 40 0 0; ]
0500800739[206 84 41 77 40 0 0; ]
0500800740[205 84 41 77 40 0 0; ]
0500800741[204 84 40 77 40 0 0; ]
0500800742[203 84 40 76 40 0 0; ]
0500800743[202 83 40 76 40 0 0; ]
0500800744[201 83 40 76 40 0 0; ]
0500800745[200 83 40 76 40 0 0; ]
0500800746[199 82 40 76 40 0 0; ]
0500800747[198 82 39 76 40 0 0; ]
0500800748[197 81 39 76 40 0 0; 191 99 16 34 44 1 0; ]
0500800749[196 80 38 77 40 0 0; 189 98 16 34 44 0 0; ]
0500800750[195 79 38 77 40 0 0; 187 98 16 35 44 0 0; ]
0500800751[194 78 37 77 40 0 0; 185 97 16 35 44 0 0; ]
0500800752[194 78 37 77 40 0 0; 183 96 17 36 44 0 0; ]
0500800753[194 79 37 76 40 0 0; 181 96 17 36 44 0 0; ]
0500800754[193 79 37 76 40 0 0; 179 96 17 36 44 0 0; ]
0500800755[193 79 37 76 40 0 0; 177 95 17 36 44 0 0; ]
0500800756[193 80 36 75 40 0 0; 175 95 17 36 44 0 0; ]
0500800757[192 80 36 75 40 0 0; 173 95 17 36 44 0 0; ]
0500800758[192 80 36 75 40 0 0; 171 96 17 36 44 0 0; ]
0500800759[192 81 36 74 40 0 0; 169 96 17 35 44 0 0; ]
0500800760[191 81 36 74 40 0 0; 168 97 17 34 44 0 0; ]
0500800761[191 81 36 74 40 0 0; 166 97 17 33 44 0 0; ]
0500800762[191 82 36 73 40 0 0; 165 98 17 32 44 0 0; ]
0500800763[190 82 36 73 40 0 0; 163 99 16 31 44 0 0; ]
0500800764[190 82 36 73 40 0 0; 162 99 16 32 44 0 0; ]
0500800765[189 83 36 72 40 0 0; 161 99 16 33 44 0 0; ]
0500800766[189 83 35 72 40 0 0; 160 99 16 33 44 0 0; ]
0500800767[189 85 35 71 40 0 0; 158 99 17 34 44 0 0; ]
0500800768[188 86 35 70 40 0 0; 157 99 17 34 44 0 0; ]
0500800769[188 88 35 69 40 0 0; 156 99 17 35 44 0 0; ]
0500800770[188 89 34 68 40 0 0; 155 99 17 35 44 0 0; ]
0500800771[187 90 34 68 40 0 0; 154 99 17 36 44 0 0; ]
0500800772[187 90 34 67 40 0 0; 150 103 19 37 44 0 0; ]
0500800773[186 91 34 67 40 0 0; 151 101 17 36 44 0 0; ]
0500800774[186 91 34 66 40 0 0; 150 102 17 36 44 0 0; ]
0500800775[185 91 34 66 40 0 0; 149 103 17 37 44 0 0; ]
0500800776[185 91 34 66 40 0 0; 148 103 17 37 44 0 0; ]
0500800777[184 91 34 67 40 0 0; 147 103 17 37 44 0 0; ]
0500800778[184 90 34 67 40 0 0; 146 101 17 38 44 0 0; ]
0500800779[183 89 34 67 40 0 0; 144 100 18 38 44 0 0; ]
0500800780[182 88 34 68 40 0 0; 142 99 19 38 44 0 0; ]
0500800781[181 86 34 69 40 0 0; 140 98 20 38 44 0 0; ]
0500800782[181 86 34 69 40 0 0; 138 98 21 38 44 0 0; ]
0500800783[180 86 34 69 40 0 0; 136 97 22 39 44 0 0; ]
0500800784[179 86 34 70 40 0 0; 133 97 23 40 44 0 0; ]
0500800785[179 85 33 70 40 0 0; 131 96 24 41 44 0 0; ]
0500800786[178 85 33 70 40 0 0; 130 96 24 41 44 0 0; ]
0500800787[177 85 33 70 40 0 0; 130 96 23 41 44 0 0; ]
0500800788[176 85 33 70 40 0 0; 130 96 22 41 44 0 0; ]
0500800789[176 85 33 71 40 0 0; 129 96 20 40 44 0 0; ]
0500800790[175 84 33 71 40 0 0; 129 96 19 39 44 0 0; ]
0500800791[174 84 33 71 40 0 0; 129 96 19 39 44 0 0; ]
0500800792[174 84 33 71 40 0 0; 126 96 20 37 44 0 0; ]
0500800793[173 84 33 71 40 0 0; 125 96 20 37 44 0 0; ]
0500800794[172 83 33 72 40 0 0; 124 96 21 37 44 0 0; ]
0500800795[171 83 32 72 40 0 0; 123 95 21 37 44 0 0; ]
0500800796[171 83 32 72 40 0 0; 121 95 21 37 44 0 0; ]
0500800797[170 85 32 70 40 0 0; 124 97 17 35 44 0 0; ]
0500800798[170 86 32 69 40 0 0; 119 95 21 38 44 0 0; ]
0500800799[169 88 32 67 40 0 0; 117 94 21 38 44 0 0; ]
0500800800[169 89 32 66 40 0 0; 117 96 21 37 44 0 0; ]
0500800801[168 89 32 65 40 0 0; 117 98 20 36 44 0 0; ]
0500800802[168 90 31 64 40 0 0; 117 101 19 34 44 0 0; ]
0500800803[168 90 31 64 40 0 0; 117 102 19 34 44 0 0; ]
0500800804[167 90 31 64 40 0 0; 116 102 19 34 44 0 0; ]
0500800805[167 90 32 64 40 0 0; 115 102 19 34 44 0 0; ]
0500800806[166 90 32 64 40 0 0; 115 102 19 34 44 0 0; ]
0500800807[166 89 32 64 40 0 0; 114 101 19 34 44 0 0; ]
0500800808[165 88 32 65 40 0 0; 113 101 19 34 44 0 0; ]
0500800809[165 87 33 65 40 0 0; 112 100 19 34 44 0 0; ]
0500800810[164 85 33 66 40 0 0; 112 99 19 34 44 0 0; ]
0500800811[164 83 34 67 40 0 0; 111 98 20 34 44 0 0; ]
0500800812[164 83 34 67 40 0 0; 110 96 20 34 44 0 0; ]
0500800813[164 83 33 66 40 0 0; 109 96 19 33 45 0 0; ]
0500800814[164 82 33 66 40 0 0; 109 97 18 35 45 0 0; ]
0500800815[164 82 33 65 40 0 0; 109 97 18 35 45 0 0; ]
0500800816[164 82 32 65 40 0 0; 108 97 18 35 45 0 0; ]
0500800817[164 82 32 65 40 0 0; 108 96 18 35 45 0 0; ]
0500800818[164 82 32 64 40 0 0; 108 96 18 35 45 0 0; ]
0500800819[164 82 31 64 40 0 0; 108 96 18 35 45 0 0; ]
0500800820[164 82 31 64 40 0 0; 108 95 18 35 45 0 0; ]
0500800821[164 82 31 64 40 0 0; 108 95 18 35 45 0 0; ]
0500800822[164 83 31 64 40 0 0; 107 95 18 35 45 0 0; ]
0500800823[164 84 30 63 40 0 0; 107 96 18 35 45 0 0; ]
0500800824[164 85 30 63 40 0 0; 107 96 18 35 45 0 0; ]
0500800825[164 86 30 63 40 0 0; 107 97 18 35 45 0 0; ]
0500800826[164 87 29 63 40 0 0; 107 98 18 35 45 0 0; ]
0500800827[164 87 29 63 40 0 0; 107 99 18 35 45 0 0; ]
0500800828[164 87 29 63 40 0 0; 107 100 18 35 45 0 0; ]
0500800829[164 87 29 63 40 0 0; 106 100 18 35 45 0 0; ]
0500800830[164 87 29 63 40 0 0; 105 100 18 36 45 0 0; ]
0500800831[164 87 29 63 40 0 0; 105 100 18 37 45 0 0; ]
0500800832[164 88 29 63 40 0 0; 104 100 18 37 45 0 0; ]
0500800833[164 88 29 62 40 0 0; 104 100 18 37 45 0 0; ]
0500800834[163 88 28 62 40 0 0; 103 100 19 38 45 0 0; ]
0500800835[163 88 28 62 40 0 0; 103 100 19 38 45 0 0; ]
0500800836[163 89 28 61 40 0 0; 103 99 19 39 45 0 0; ]
0500800837[163 90 28 61 40 0 0; 103 99 19 39 45 0 0; ]
0500800838[163 90 28 60 40 0 0; 102 99 19 40 45 0 0; ]
0500800839[163 91 28 59 40 0 0; 102 99 19 40 45 0 0; ]
0500800840[163 93 28 58 40 0 0; 102 98 19 41 45 0 0; ]
0500800841[163 94 28 57 40 0 0; 102 98 19 41 45 0 0; ]
0500800842[163 92 28 57 40 0 0; 102 97 19 41 45 0 0; ]
0500800843[163 90 28 57 40 0 0; 102 97 19 42 45 0 0; ]
0500800844[163 89 28 58 40 0 0; 102 95 19 42 45 0 0; ]
0500800845[163 88 28 58 40 0 0; 102 94 19 41 45 0 0; ]
0500800846[163 87 28 58 40 0 0; 102 93 19 41 45 0 0; ]
0500800847[163 86 28 58 40 0 0; 102 93 19 40 45 0 0; ]
0500800848[163 86 28 58 40 0 0; 102 93 19 40 45 0 0; ]
0500800849[163 86 28 58 40 0 0; 102 94 19 39 45 0 0; ]
0500800850[163 86 28 58 40 0 0; 102 94 19 38 45 0 0; ]
0500800851[163 87 28 58 40 0 0; 102 94 19 38 45 0 0; ]
0500800852[163 87 28 58 40 0 0; 102 94 19 37 45 0 0; ]
0500800853[163 88 28 57 40 0 0; 102 94 19 37 45 0 0; ]
0500800854[162 88 28 57 40 0 0; 102 94 19 37 45 0 0; ]
0500800855[162 89 28 56 40 0 0; 102 94 19 36 45 0 0; ]
0500800856[162 90 29 56 40 0 0; 102 94 19 36 45 0 0; ]
0500800857[163 89 29 58 40 0 0; 102 94 19 36 45 0 0; ]
0500800858[163 88 28 59 40 0 0; 102 94 19 35 45 0 0; ]
0500800859[163 87 28 60 40 0 0; 102 95 18 36 45 0 0; ]
0500800860[164 87 28 61 40 0 0; 103 95 18 36 45 0 0; ]
0500800861[164 87 28 61 40 0 0; 103 96 18 36 45 0 0; ]
0500800862[165 88 28 60 40 0 0; 104 96 18 36 45 0 0; ]
0500800863[166 89 28 59 40 0 0; 104 97 17 36 45 0 0; ]
0500800864[167 91 28 58 40 0 0; 104 97 17 36 45 0 0; ]
0500800865[168 92 28 57 40 0 0; 105 98 17 36 45 0 0; ]
0500800866[168 93 28 56 40 0 0; 105 98 17 37 45 0 0; ]
0500800867[170 94 28 56 40 0 0; 106 98 17 37 45 0 0; ]
0500800868[171 94 27 56 40 0 0; 106 99 17 37 45 0 0; ]
0500800869[172 94 27 56 40 0 0; 106 99 18 37 45 0 0; ]
0500800870[174 94 27 56 40 0 0; 107 100 18 37 45 0 0; ]
0500800871[175 94 26 57 40 0 0; 107 100 18 37 45 0 0; ]
0500800872[176 96 26 55 40 0 0; 108 101 18 38 45 0 0; ]
0500800873[177 98 26 54 40 0 0; 108 101 19 38 45 0 0; ]
0500800874[178 99 26 53 40 0 0; 108 101 19 39 45 0 0; ]
0500800875[179 100 26 52 40 0 0; 108 102 19 40 45 0 0; ]
0500800876[180 101 26 51 40 0 0; 108 102 19 40 45 0 0; 409 48 96 185 48 0 0; ]
0500800877[181 102 26 50 40 0 0; 108 103 19 41 45 0 0; 400 49 97 186 48 0 0; ]
0500800878[182 103 26 50 40 0 0; 109 103 19 41 45 0 0; 392 51 99 185 48 0 0; ]
0500800879[183 103 26 50 40 0 0; 110 104 19 41 45 0 0; 385 52 101 185 48 0 0; ]
0500800880[184 103 26 50 40 0 0; 111 104 19 41 45 0 0; 377 54 102 184 48 0 0; ]
0500800881[185 104 26 50 40 0 0; 112 105 19 41 45 0 0; 369 55 104 183 48 0 0; ]
0500800882[186 104 26 50 40 0 0; 112 105 18 41 45 0 0; 362 56 105 183 48 0 0; ]
0500800883[187 104 26 50 40 0 0; 112 106 18 41 45 0 0; 354 57 107 183 48 0 0; ]
0500800884[188 104 26 50 40 0 0; 112 106 18 40 45 0 0; 346 57 109 183 48 0 0; ]
0500800885[189 104 26 50 40 0 0; 113 107 18 39 45 0 0; 339 58 110 183 48 0 0; ]
0500800886[190 104 26 50 40 0 0; 113 107 18 38 45 0 0; 331 58 112 183 48 0 0; ]
0500800887[191 105 26 50 40 0 0; 113 108 18 37 45 0 0; 323 58 114 183 48 0 0; ]
0500800888[192 106 25 50 40 0 0; 113 108 18 35 45 0 0; 315 58 115 183 48 0 0; ]
0500800889[193 107 24 50 40 0 0; 113 108 18 35 45 0 0; 308 58 117 184 48 0 0; ]
0500800890[194 107 24 50 40 0 0; 113 109 18 35 45 0 0; 300 59 119 185 48 0 0; ]
0500800891[195 108 24 50 40 0 0; 113 109 18 35 45 0 0; 292 59 120 185 48 0 0; ]
0500800892[196 108 23 50 40 0 0; 113 109 18 35 45 0 0; 285 59 122 186 48 0 0; ]
0500800893[196 108 23 50 40 0 0; 113 110 18 35 45 0 0; 280 61 123 184 48 0 0; ]
0500800894[197 108 23 50 40 0 0; 113 111 18 35 45 0 0; 276 62 124 183 48 0 0; ]
0500800895[197 108 23 50 40 0 0; 113 113 18 35 45 0 0; 273 63 125 182 48 0 0; ]
0500800896[198 108 23 50 40 0 0; 113 113 18 35 45 0 0; 269 63 125 182 48 0 0; ]
0500800897[198 108 23 50 40 0 0; 113 113 18 35 45 0 0; 266 63 124 183 48 0 0; ]
0500800898[198 108 23 49 40 0 0; 112 111 18 34 45 0 0; 264 61 123 185 48 0 0; ]
0500800899[199 107 23 49 40 0 0; 112 110 18 33 45 0 0; 261 59 122 186 48 0 0; ]
0500800900[199 107 23 49 40 0 0; 111 109 18 33 45 0 0; 259 59 120 187 48 0 0; ]
0500800901[199 106 23 48 40 0 0; 111 108 19 34 45 0 0; 258 59 119 187 48 0 0; ]
0500800902[199 106 23 49 40 0 0; 110 106 19 35 45 0 0; 257 59 118 187 48 0 0; ]
0500800903[200 106 23 49 40 0 0; 109 105 19 37 45 0 0; 255 59 116 186 48 0 0; ]
0500800904[200 106 23 49 40 0 0; 108 105 19 37 45 0 0; 254 59 115 185 48 0 0; ]
0500800905[200 106 22 49 40 0 0; 108 105 19 37 45 0 0; 253 59 113 184 48 0 0; ]
0500800906[201 106 22 49 40 0 0; 107 106 19 38 45 0 0; 253 59 112 182 48 0 0; ]
0500800907[201 105 22 49 40 0 0; 106 106 19 38 45 0 0; 253 59 110 180 48 0 0; ]
0500800908[202 105 22 49 40 0 0; 106 106 19 38 45 0 0; 254 59 108 179 48 0 0; ]
0500800909[202 105 22 49 40 0 0; 105 106 19 38 45 0 0; 255 59 106 178 48 0 0; ]
0500800910[202 105 21 49 40 0 0; 105 106 19 38 45 0 0; 255 60 104 177 48 0 0; ]
0500800911[203 105 21 49 40 0 0; 104 106 19 38 45 0 0; 256 60 103 177 48 0 0; ]
0500800912[203 104 21 50 40 0 0; 103 106 19 38 45 0 0; 79 108 16 32 46 1 0; 257 61 102 176 48 0 0; ]
0500800913[203 104 21 50 40 0 0; 103 106 19 37 45 0 0; 81 107 15 33 46 0 0; 257 61 100 175 48 0 0; ]
0500800914[204 103 21 50 40 0 0; 102 106 19 37 45 0 0; 83 106 15 34 46 0 0; 257 62 100 174 48 0 0; ]
0500800915[204 102 20 50 40 0 0; 102 106 19 37 45 0 0; 84 106 15 34 46 0 0; 257 62 99 173 48 0 0; ]
0500800916[204 102 20 50 40 0 0; 101 105 19 36 45 0 0; 86 106 15 34 46 0 0; 257 62 99 172 48 0 0; ]
0500800917[204 102 21 50 40 0 0; 100 105 19 35 45 0 0; 88 106 14 34 46 0 0; 257 63 99 172 48 0 0; ]
0500800918[205 102 22 50 40 0 0; 100 105 19 35 45 0 0; 89 107 13 33 46 0 0; 256 63 99 171 48 0 0; ]
0500800919[205 102 22 50 40 0 0; 100 105 17 33 45 0 0; 91 107 12 33 46 0 0; 256 64 98 170 48 0 0; ]
0500800920[205 102 23 50 40 0 0; 101 105 16 31 45 0 0; 92 108 12 33 46 0 0; 255 64 98 169 48 0 0; ]
0500800921[205 102 23 50 40 0 0; 93 107 15 34 46 0 0; 254 65 98 168 48 0 0; ]
0500800922[205 102 23 50 40 0 0; 95 106 14 34 46 0 0; 253 65 98 168 48 0 0; ]
0500800923[205 102 23 50 40 0 0; 96 106 13 35 46 0 0; 253 65 95 167 48 0 0; ]
0500800924[205 102 24 50 40 0 0; 96 106 14 35 46 0 0; 253 65 92 167 48 0 0; ]
0500800925[205 102 24 50 40 0 0; 97 106 14 35 46 0 0; 253 65 89 166 48 0 0; ]
0500800926[205 102 24 50 40 0 0; 97 107 14 34 46 0 0; 253 65 87 166 48 0 0; ]
0500800927[205 102 24 50 40 0 0; 100 108 12 34 46 0 0; 253 65 85 166 48 0 0; ]
0500800928[205 102 23 50 40 0 0; 100 107 12 34 46 0 0; 253 65 84 165 48 0 0; 49 103 19 39 49 1 0; ]
0500800929[205 102 23 50 40 0 0; 101 107 12 33 46 0 0; 253 65 83 165 48 0 0; 50 103 18 40 49 0 0; 91 108 17 32 52 1 0; ]
0500800930[205 102 23 50 40 0 0; 101 107 12 33 46 0 0; 253 65 82 165 48 0 0; 51 102 18 41 49 0 0; 91 108 17 32 52 1 0; ]
0500800931[205 102 23 50 40 0 0; 101 107 12 33 46 0 0; 253 65 82 164 48 0 0; 52 102 18 41 49 0 0; 91 108 17 32 52 1 0; ]
0500800932[205 102 23 50 40 0 0; 102 107 12 33 46 0 0; 253 65 82 164 48 0 0; 53 102 18 41 49 0 0; 91 108 17 32 52 1 0; ]
0500800933[205 102 23 50 40 0 0; 102 107 12 33 46 0 0; 253 65 82 163 48 0 0; 53 101 18 42 49 0 0; 91 108 17 32 52 1 0; ]
0500800934[205 102 23 50 40 0 0; 102 107 12 33 46 0 0; 253 65 82 163 48 0 0; 54 101 18 42 49 0 0; 91 108 17 32 52 1 0; ]
0500800935[205 102 23 50 40 0 0; 102 107 12 33 46 0 0; 253 65 82 163 48 0 0; 54 101 18 42 49 0 0; 91 108 17 32 52 1 0; ]
0500800936[205 102 23 50 40 0 0; 102 107 13 33 46 0 0; 253 65 82 162 48 0 0; 54 101 18 42 49 0 0; 91 108 17 32 52 1 0; ]
0500800937[205 102 23 50 40 0 0; 102 106 13 33 46 0 0; 253 65 82 162 48 0 0; 54 101 18 42 49 0 0; 91 108 17 32 52 1 0; ]
0500800938[205 102 23 50 40 0 0; 102 106 13 33 46 0 0; 251 65 82 163 48 0 0; 54 101 18 42 49 0 0; 91 108 17 32 52 1 0; ]
0500800939[205 102 23 50 40 0 0; 102 106 13 33 46 0 0; 249 65 82 164 48 0 0; 54 101 18 42 49 0 0; 91 108 17 32 52 1 0; ]
0500800940[205 102 23 50 40 0 0; 101 106 13 33 46 0 0; 249 65 82 164 48 0 0; 53 101 18 42 49 0 0; 91 108 17 32 52 1 0; ]
0500800941[205 102 23 50 40 0 0; 101 106 14 34 46 0 0; 248 65 83 164 48 0 0; 53 101 18 42 49 0 0; 91 108 17 32 52 1 0; ]
0500800942[205 102 23 50 40 0 0; 100 106 14 34 46 0 0; 248 65 83 164 48 0 0; 53 102 18 41 49 0 0; 91 108 17 32 52 1 0; ]
0500800943[205 102 23 50 40 0 0; 100 106 14 34 46 0 0; 248 65 84 164 48 0 0; 52 102 18 41 49 0 0; 91 108 17 32 52 1 0; ]
0500800944[205 102 23 50 40 0 0; 100 105 14 35 46 0 0; 250 65 86 162 48 0 0; 54 101 17 37 49 0 0; 91 108 17 32 52 1 0; ]
0500800945[205 102 23 50 40 0 0; 101 104 14 36 46 0 0; 239 65 66 166 48 0 0; 70 101 19 42 49 0 0; ]
0500800946[205 102 23 50 40 0 0; 101 103 15 38 46 0 0; 236 65 66 166 48 0 0; 71 100 19 41 49 0 0; ]
0500800947[205 102 23 50 40 0 0; 101 103 16 39 46 0 0; 233 65 67 166 48 0 0; 72 100 19 41 49 0 0; ]
0500800948[205 102 23 50 40 0 0; 101 103 16 39 46 0 0; 231 65 67 166 48 0 0; 73 100 19 41 49 0 0; ]
0500800949[205 102 23 50 40 0 0; 101 103 17 38 46 0 0; 229 65 67 165 48 0 0; 75 100 18 41 49 0 0; ]
0500800950[205 102 23 50 40 0 0; 100 103 17 38 46 0 0; 228 65 68 164 48 0 0; 78 100 16 41 49 0 0; 71 102 13 32 53 0 0; ]
0500800951[205 102 23 50 40 0 0; 100 102 17 37 46 0 0; 228 65 69 163 48 0 0; 78 100 17 41 49 0 0; 70 103 13 33 53 0 0; ]
0500800952[205 102 23 50 40 0 0; 99 102 17 37 46 0 0; 227 65 71 162 48 0 0; 79 99 17 41 49 0 0; 69 103 14 33 53 0 0; ]
0500800953[205 102 23 50 40 0 0; 99 102 17 37 46 0 0; 225 65 71 161 48 0 0; 79 99 17 41 49 0 0; 68 103 15 33 53 1 0; ]
0500800954[205 102 23 50 40 0 0; 99 102 17 38 46 0 0; 223 66 71 160 48 0 0; 80 99 16 41 49 0 0; 67 103 16 30 53 1 0; ]
0500800955[205 102 23 50 40 0 0; 98 101 17 38 46 0 0; 221 66 71 159 48 0 0; 81 99 16 41 49 0 0; ]
0500800956[205 102 23 50 40 0 0; 98 101 17 39 46 0 0; 219 66 71 159 48 0 0; 82 98 16 41 49 0 0; ]
0500800957[97 100 16 39 46 0 0; 218 66 71 158 48 0 0; 82 98 16 41 49 0 0; ]
0500800958[97 101 16 39 46 0 0; 216 67 71 157 48 0 0; 83 98 16 41 49 0 0; ]
0500800959[97 101 16 39 46 0 0; 215 67 71 156 48 0 0; 83 98 16 41 49 0 0; ]
0500800960[96 101 15 39 46 0 0; 214 67 71 155 48 0 0; 84 98 16 41 49 0 0; ]
0500800961[96 102 15 39 46 0 0; 214 68 70 155 48 0 0; 84 98 16 41 49 0 0; ]
0500800962[96 102 15 39 46 0 0; 213 68 70 154 48 0 0; 85 98 16 41 49 0 0; ]
0500800963[95 102 15 39 46 0 0; 212 68 69 153 48 0 0; 86 98 16 41 49 0 0; ]
0500800964[95 102 15 39 46 0 0; 212 68 68 152 48 0 0; 86 98 16 41 49 0 0; ]
0500800965[95 102 15 39 46 0 0; 212 69 67 151 48 0 0; 87 98 16 41 49 0 0; ]
0500800966[95 102 15 39 46 0 0; 211 69 66 150 48 0 0; ]
0500800967[94 101 16 40 46 0 0; 211 69 64 150 48 0 0; 51 103 17 33 54 1 0; ]
0500800968[94 101 16 41 46 0 0; 211 69 64 149 48 0 0; 50 103 17 33 54 1 0; ]
0500800969[94 100 17 43 46 0 0; 211 69 64 148 48 0 0; 49 103 17 33 54 1 0; ]
0500800970[94 99 18 44 46 0 0; 211 69 64 147 48 0 0; 49 103 17 33 54 0 0; ]
0500800971[94 99 18 46 46 0 0; 211 69 64 146 48 0 0; 48 103 18 34 54 0 0; ]
0500800972[94 98 19 48 46 0 0; 211 68 64 145 48 0 0; 48 102 18 35 54 0 0; ]
0500800973[94 98 19 48 46 0 0; 211 68 64 145 48 0 0; 47 102 18 35 54 0 0; ]
0500800974[95 98 18 47 46 0 0; 211 68 64 144 48 0 0; 46 101 19 36 54 0 0; ]
0500800975[95 98 18 47 46 0 0; 211 68 64 144 48 0 0; 46 100 19 36 54 0 0; ]
0500800976[95 98 18 47 46 0 0; 211 68 64 143 48 0 0; 45 99 19 35 54 0 0; ]
0500800977[96 98 17 47 46 0 0; 211 68 64 143 48 0 0; 45 98 19 34 54 0 0; ]
0500800978[96 98 17 47 46 0 0; 211 67 64 143 48 0 0; 44 98 19 33 54 0 0; ]
0500800979[96 98 17 47 46 0 0; 211 67 64 143 48 0 0; 43 98 19 32 54 0 0; ]
0500800980[96 98 17 47 46 0 0; 211 67 64 142 48 0 0; 43 98 19 32 54 0 0; ]
0500800981[96 97 17 47 46 0 0; 211 67 64 142 48 0 0; 42 97 19 32 54 0 0; ]
0500800982[96 97 17 47 46 0 0; 211 67 64 142 48 0 0; 42 96 19 32 54 0 0; ]
0500800983[96 96 17 46 46 0 0; 211 66 64 142 48 0 0; 104 91 21 50 50 0 0; 41 96 19 32 54 0 0; ]
0500800984[95 95 17 46 46 0 0; 210 66 64 142 48 0 0; 104 91 21 50 50 0 0; 40 96 19 32 54 0 0; ]
0500800985[95 93 17 46 46 0 0; 209 65 64 141 48 0 0; 104 90 22 50 50 0 0; 39 95 19 32 54 0 0; ]
0500800986[95 92 17 46 46 0 0; 209 65 64 141 48 0 0; 104 90 22 50 50 0 0; 37 95 19 32 54 0 0; ]
0500800987[94 90 17 46 46 0 0; 208 65 64 140 48 0 0; 104 89 22 50 50 0 0; 36 94 19 32 54 0 0; ]
0500800988[93 90 18 47 46 0 0; 207 64 64 140 48 0 0; 104 89 22 50 50 0 0; 35 93 19 32 54 0 0; ]
0500800989[93 90 18 48 46 0 0; 207 64 63 140 48 0 0; 104 88 22 50 50 0 0; 33 92 19 32 54 0 0; ]
0500800990[92 90 18 48 46 0 0; 206 63 63 139 48 0 0; 104 88 22 50 50 0 0; 32 91 19 32 54 0 0; ]
0500800991[91 90 19 49 46 0 0; 205 63 63 139 48 0 0; 104 87 22 50 50 0 0; 30 91 19 32 54 0 0; ]
0500800992[90 89 19 50 46 0 0; 205 62 63 138 48 0 0; 104 87 22 50 50 0 0; 28 90 19 32 54 0 0; ]
0500800993[89 88 19 51 46 0 0; 204 62 63 138 48 0 0; 104 86 22 50 50 0 0; 27 89 19 32 54 0 0; ]
0500800994[88 87 19 52 46 0 0; 203 62 63 137 48 0 0; 104 86 22 50 50 0 0; 25 89 19 32 54 0 0; ]
0500800995[87 86 19 52 46 0 0; 203 61 62 137 48 0 0; 104 85 22 51 50 0 0; 23 88 19 32 54 0 0; ]
0500800996[86 86 19 53 46 0 0; 202 61 62 136 48 0 0; 104 85 21 51 50 0 0; 21 88 19 32 54 0 0; ]
0500800997[84 85 19 54 46 0 0; 201 60 62 136 48 0 0; 104 84 21 51 50 0 0; 19 87 20 32 54 0 0; ]
0500800998[83 85 19 54 46 0 0; 201 60 62 135 48 0 0; 104 84 20 51 50 0 0; 17 87 21 32 54 0 0; ]
0500800999[82 84 19 55 46 0 0; 200 61 61 135 48 0 0; 103 84 20 51 50 0 0; 15 86 21 32 54 0 0; ]
0500801000[81 84 19 56 46 0 0; 199 61 61 134 48 0 0; 102 84 21 51 50 0 0; 13 86 21 32 54 0 0; ]
0500801001[80 83 19 56 46 0 0; 198 61 61 133 48 0 0; 101 84 21 51 50 0 0; 11 87 21 32 54 0 0; ]
0500801002[78 83 19 57 46 0 0; 197 61 60 133 48 0 0; 100 83 21 51 50 0 0; 8 87 21 32 54 0 0; ]
0500801003[76 84 20 56 46 0 0; 196 62 60 132 48 0 0; 99 83 22 51 50 0 0; 5 88 21 32 54 0 0; ]
0500801004[74 84 20 55 46 0 0; 196 62 60 132 48 0 0; 97 83 22 51 50 0 0; 2 88 21 32 54 0 0; ]
0500801005[72 85 20 55 46 0 0; 195 62 59 131 48 0 0; 96 83 22 52 50 0 0; 1 87 21 32 54 0 0; ]
0500801006[70 85 20 55 46 0 0; 194 62 59 130 48 0 0; 94 83 22 52 50 0 0; ]
0500801007[68 85 20 54 46 0 0; 193 62 59 130 48 0 0; 93 83 23 52 50 0 0; ]
0500801008[65 85 20 54 46 0 0; 192 63 58 129 48 0 0; 91 83 23 52 50 0 0; ]
0500801009[63 85 20 54 46 0 0; 192 63 58 129 48 0 0; 89 83 23 53 50 0 0; ]
0500801010[61 86 20 54 46 0 0; 191 63 58 128 48 0 0; 87 83 24 54 50 0 0; ]
0500801011[58 85 20 54 46 0 0; 190 63 57 127 48 0 0; 85 82 24 54 50 0 0; ]
0500801012[56 85 20 55 46 0 0; 189 63 57 127 48 0 0; 82 82 24 55 50 0 0; ]
0500801013[53 84 20 55 46 0 0; 188 63 57 127 48 0 0; 80 82 25 56 50 0 0; ]
0500801014[51 83 20 56 46 0 0; 187 63 57 126 48 0 0; 78 81 25 56 50 0 0; ]
0500801015[48 82 20 57 46 0 0; 186 62 57 126 48 0 0; 76 79 25 56 50 0 0; ]
0500801016[46 81 20 59 46 0 0; 184 62 57 126 48 0 0; 74 78 25 56 50 0 0; ]
0500801017[43 80 20 60 46 0 0; 183 62 57 125 48 0 0; 72 78 25 56 50 0 0; ]
0500801018[41 79 20 60 46 0 0; 182 61 57 125 48 0 0; 70 77 25 57 50 0 0; ]
0500801019[39 78 20 59 46 0 0; 181 61 57 125 48 0 0; 68 77 25 57 50 0 0; ]
0500801020[37 78 20 59 46 0 0; 180 60 57 125 48 0 0; 66 77 25 57 50 0 0; ]
0500801021[35 77 20 59 46 0 0; 179 60 57 124 48 0 0; 64 77 25 57 50 0 0; ]
0500801022[32 77 21 58 46 0 0; 177 60 57 124 48 0 0; 62 77 25 57 50 0 0; ]
0500801023[30 77 21 58 46 0 0; 176 59 57 124 48 0 0; 60 77 25 57 50 0 0; ]
0500801024[27 77 21 58 46 0 0; 175 59 57 124 48 0 0; 59 77 25 57 50 0 0; ]
0500801025[25 77 21 58 46 0 0; 174 59 57 123 48 0 0; 57 77 25 57 50 0 0; ]
0500801026[22 77 21 58 46 0 0; 173 58 58 123 48 0 0; 55 77 25 57 50 0 0; ]
0500801027[19 77 21 58 46 0 0; 172 58 58 123 48 0 0; 53 77 25 57 50 0 0; ]
0500801028[16 77 21 58 46 0 0; 170 58 57 122 48 0 0; 51 77 25 57 50 0 0; ]
0500801029[13 77 22 58 46 0 0; 169 59 57 122 48 0 0; 49 77 25 59 50 0 0; ]
0500801030[10 77 22 58 46 0 0; 168 59 57 122 48 0 0; 46 78 25 60 50 0 0; ]
0500801031[7 78 22 58 46 0 0; 167 60 57 122 48 0 0; 44 79 25 61 50 0 0; ]
0500801032[3 78 22 58 46 0 0; 166 60 57 121 48 0 0; 42 80 25 62 50 0 0; ]
0500801033[1 79 23 59 46 0 0; 165 61 56 121 48 0 0; 40 80 25 62 50 0 0; ]
0500801034[163 62 56 121 48 0 0; 38 80 25 63 50 0 0; ]
0500801035[162 62 56 121 48 0 0; 35 81 25 63 50 0 0; ]
0500801036[161 63 56 120 48 0 0; 33 81 25 63 50 0 0; ]
0500801037[160 63 56 120 48 0 0; 31 81 26 63 50 0 0; ]
0500801038[159 64 55 120 48 0 0; 29 81 26 63 50 0 0; ]
0500801039[157 64 55 119 48 0 0; 27 81 26 63 50 0 0; ]
0500801040[156 65 55 119 48 0 0; 24 81 27 63 50 0 0; ]
0500801041[155 65 55 119 48 0 0; 22 81 27 63 50 0 0; ]
0500801042[154 66 55 119 48 0 0; 20 81 28 63 50 0 0; ]
0500801043[154 64 54 119 48 0 0; 18 81 29 63 50 0 0; ]
0500801044[153 62 54 119 48 0 0; 16 79 28 63 50 0 0; ]
0500801045[153 61 54 119 48 0 0; 15 77 28 64 50 0 0; ]
0500801046[152 59 54 119 48 0 0; 13 76 28 64 50 0 0; ]
0500801047[152 58 54 119 48 0 0; 11 75 28 65 50 0 0; ]
0500801048[151 58 54 119 48 0 0; 10 73 28 65 50 0 0; ]
0500801049[151 57 54 119 48 0 0; 8 72 28 65 50 0 0; ]
0500801050[150 57 54 119 48 0 0; 6 72 28 66 50 0 0; ]
0500801051[150 57 54 118 48 0 0; 4 71 28 66 50 0 0; ]
0500801052[149 57 54 118 48 0 0; 2 70 28 67 50 0 0; ]
0500801053[149 57 54 118 48 0 0; 0 70 28 68 50 0 0; ]
0500801054[148 57 54 117 48 0 0; ]
0500801055[148 57 54 116 48 0 0; ]
0500801056[148 57 54 115 48 0 0; ]
0500801057[147 58 54 115 48 0 0; ]
0500801058[148 58 53 115 48 0 0; ]
0500801059[148 58 52 116 48 0 0; ]
0500801060[149 58 51 116 48 0 0; ]
0500801061[149 58 51 116 48 0 0; ]
0500801062[150 58 50 117 48 0 0; ]
0500801063[150 58 50 117 48 0 0; ]
0500801064[150 58 50 117 48 0 0; ]
0500801065[150 59 50 117 48 0 0; ]
0500801066[150 59 50 117 48 0 0; ]
0500801067[150 60 50 116 48 0 0; ]
0500801068[150 61 51 115 48 0 0; ]
0500801069[150 63 51 114 48 0 0; ]
0500801070[150 64 52 113 48 0 0; ]
0500801071[150 66 53 111 48 0 0; ]
0500801072[149 68 54 110 48 0 0; ]
0500801073[151 70 53 110 48 0 0; ]
0500801074[152 71 51 110 48 0 0; ]
0500801075[153 72 51 111 48 0 0; ]
0500801076[154 72 50 111 48 0 0; ]
0500801077[155 73 49 111 48 0 0; ]
0500801078[155 73 49 112 48 0 0; ]
0500801079[155 73 49 112 48 0 0; ]
0500801080[155 73 48 112 48 0 0; ]
0500801081[155 73 48 112 48 0 0; ]
0500801082[155 72 49 113 48 0 0; ]
0500801083[155 70 49 113 48 0 0; ]
0500801084[155 68 50 113 48 0 0; ]
0500801085[155 66 50 113 48 0 0; ]
0500801086[155 63 51 114 48 0 0; ]
0500801087[155 60 52 114 48 0 0; ]
0500801088[156 61 51 114 48 0 0; ]
0500801089[157 61 50 113 48 0 0; ]
0500801090[158 62 49 113 48 0 0; ]
0500801091[158 62 48 113 48 0 0; ]
0500801092[159 63 48 113 48 0 0; ]
0500801093[160 63 47 113 48 0 0; ]
0500801094[161 64 47 113 48 0 0; ]
0500801095[162 65 47 112 48 0 0; ]
0500801096[162 65 47 112 48 0 0; ]
0500801097[163 66 47 112 48 0 0; ]
0500801098[164 66 47 112 48 0 0; ]
0500801099[164 67 48 112 48 0 0; ]
0500801100[165 67 48 112 48 0 0; ]
0500801101[166 68 48 111 48 0 0; ]
0500801102[166 68 49 111 48 0 0; ]
0500801103[167 68 49 112 48 0 0; ]
0500801104[168 67 49 112 48 0 0; ]
0500801105[169 67 49 113 48 0 0; ]
0500801106[170 66 49 113 48 0 0; ]
0500801107[172 66 48 113 48 0 0; ]
0500801108[173 66 48 114 48 0 0; ]
0500801109[174 66 48 114 48 0 0; ]
0500801110[175 66 48 114 48 0 0; ]
0500801111[176 66 48 114 48 0 0; ]
0500801112[177 66 48 113 48 0 0; ]
0500801113[178 67 48 113 48 0 0; ]
0500801114[179 68 47 112 48 0 0; ]
0500801115[180 69 47 111 48 0 0; ]
0500801116[181 70 47 110 48 0 0; ]
0500801117[182 71 47 109 48 0 0; ]
0500801118[183 71 47 109 48 0 0; ]
0500801119[184 71 47 109 48 0 0; ]
0500801120[184 71 48 109 48 0 0; ]
0500801121[185 71 48 109 48 0 0; ]
0500801122[186 71 48 110 48 0 0; ]
0500801123[186 71 48 110 48 0 0; ]
0500801124[187 71 48 110 48 0 0; ]
0500801125[188 71 49 110 48 0 0; ]
0500801126[188 71 49 110 48 0 0; ]
0500801127[189 71 49 110 48 0 0; ]
0500801128[190 71 49 111 48 0 0; ]
0500801129[190 71 49 111 48 0 0; ]
0500801130[191 71 50 111 48 0 0; ]
0500801131[192 71 50 111 48 0 0; ]
0500801132[192 71 50 111 48 0 0; ]
0500801133[193 71 50 111 48 0 0; ]
0500801134[194 70 50 112 48 0 0; ]
0500801135[195 70 49 112 48 0 0; ]
0500801136[195 70 49 112 48 0 0; ]
0500801137[196 70 49 112 48 0 0; ]
0500801138[197 70 49 112 48 0 0; ]
0500801139[198 70 49 112 48 0 0; ]
0500801140[199 70 49 113 48 0 0; ]
0500801141[200 69 49 113 48 0 0; ]
0500801142[200 69 48 113 48 0 0; ]
0500801143[201 69 48 113 48 0 0; ]
0500801144[202 69 48 113 48 0 0; ]
0500801145[203 69 48 113 48 0 0; ]
0500801146[204 69 48 114 48 0 0; ]
0500801147[204 68 48 114 48 0 0; ]
0500801148[204 69 48 114 48 0 0; ]
0500801149[204 69 49 114 48 0 0; ]
0500801150[203 70 49 114 48 0 0; ]
0500801151[203 70 50 114 48 0 0; ]
0500801152[202 70 50 113 48 0 0; ]
0500801153[202 71 51 113 48 0 0; ]
0500801154[202 71 51 113 48 0 0; ]
0500801155[201 71 51 113 48 0 0; ]
0500801156[201 72 51 113 48 0 0; ]
0500801157[201 72 51 113 48 0 0; ]
0500801158[200 73 51 113 48 0 0; ]
0500801159[200 73 51 113 48 0 0; ]
0500801160[200 73 51 113 48 0 0; ]
0500801161[199 74 51 113 48 0 0; ]
0500801162[199 74 51 113 48 0 0; ]
0500801163[198 74 51 113 48 0 0; ]
0500801164[196 74 50 112 48 0 0; ]
0500801165[195 74 50 112 48 0 0; ]
0500801166[194 74 50 112 48 0 0; ]
0500801167[192 73 50 112 48 0 0; ]
0500801168[191 73 50 112 48 0 0; ]
0500801169[189 72 50 112 48 0 0; ]
0500801170[188 72 49 112 48 0 0; ]
0500801171[187 69 49 113 48 0 0; ]
0500801172[185 66 49 116 48 0 0; ]
0500801173[184 64 49 118 48 0 0; ]
0500801174[183 64 49 118 48 0 0; ]
0500801175[181 64 48 118 48 0 0; ]
0500801176[180 65 48 117 48 0 0; ]
0500801177[178 65 48 115 48 0 0; ]
0500801178[176 65 48 118 48 0 0; ]
0500801179[173 64 49 120 48 0 0; ]
0500801180[170 64 50 122 48 0 0; ]
0500801181[167 63 50 124 48 0 0; ]
0500801182[164 63 51 125 48 0 0; ]
0500801183[160 63 52 126 48 0 0; ]
0500801184[156 63 52 127 48 0 0; ]
0500801185[152 63 53 127 48 0 0; ]
0500801186[148 63 54 127 48 0 0; ]
0500801187[143 63 54 126 48 0 0; ]
0500801188[138 63 55 126 48 0 0; ]
0500801189[133 63 55 125 48 0 0; ]
0500801190[128 63 56 124 48 0 0; ]
0500801191[122 63 56 123 48 0 0; ]
0500801192[116 63 57 121 48 0 0; ]
0500801193[110 63 56 121 48 0 0; ]
0500801194[103 63 56 121 48 0 0; ]
0500801195[97 63 56 121 48 0 0; ]
0500801196[91 63 56 121 48 0 0; ]
0500801197[84 63 56 121 48 0 0; ]
0500801198[78 62 55 121 48 0 0; ]
0500801199[71 62 55 121 48 0 0; ]
0500801200[64 62 55 121 48 0 0; ]
0500801201[58 62 55 121 48 0 0; ]
0500801202[51 62 55 121 48 0 0; ]
0500801203[44 62 56 121 48 0 0; ]
0500801204[37 62 56 121 48 0 0; ]
0500801205[30 61 57 121 48 0 0; ]
0500801206[22 61 58 121 48 0 0; ]
0500801207[15 61 58 121 48 0 0; ]
0500801208[8 61 58 121 48 0 0; ]
0500801209[1 60 58 122 48 0 0; ]
0500801210[]
0500801211[]
0500801212[]
0500801213[]
0500801214[]
0500801215[]
0500801216[]
0500801217[]
0500801218[]
0500801219[]
0500801220[]
0500801221[]
0500801222[]
0500801223[]
0500801224[]
0500801225[]
0500801226[]
0500801227[]
0500801228[]
0500801229[]
0500801230[]
0500801231[]
0500801232[]
0500801233[]
0500801234[]
0500801235[]
0500801236[]
0500801237[]
0500801238[]
0500801239[]
0500801240[]
0500801241[]
0500801242[]
0500801243[]
0500801244[]
0500801245[]
0500801246[]
0500801247[]
0500801248[]
0500801249[]
0500801250[]
0500801251[]
0500801252[]
0500801253[]
0500801254[]
0500801255[]
0500801256[]
0500801257[]
0500801258[]
0500801259[]
0500801260[]
0500801261[]
0500801262[]
0500801263[]
0500801264[]
0500801265[]
0500801266[]
0500801267[]
0500801268[]
0500801269[]
0500801270[]
0500801271[]
0500801272[]
0500801273[]
0500801274[]
0500801275[]
0500801276[]
0500801277[]
0500801278[]
0500801279[]
0500801280[]
0500801281[]
0500801282[]
0500801283[]
0500801284[]
0500801285[]
0500801286[]
0500801287[]
0500801288[]
0500801289[]
0500801290[]
0500801291[]
0500801292[]
0500801293[]
0500801294[]
0500801295[]
0500801296[]
0500801297[]
0500801298[]
0500801299[]
0500801300[]
0500801301[]
0500801302[]
0500801303[436 58 72 118 47 0 0; ]
0500801304[421 58 72 117 47 0 0; ]
0500801305[407 58 72 116 47 0 0; ]
0500801306[393 58 72 113 47 0 0; ]
0500801307[379 58 72 111 47 0 0; ]
0500801308[365 59 72 109 47 0 0; ]
0500801309[352 59 72 109 47 0 0; ]
0500801310[338 59 72 109 47 0 0; ]
0500801311[325 59 71 111 47 0 0; ]
0500801312[313 59 69 111 47 0 0; ]
0500801313[300 59 68 111 47 0 0; ]
0500801314[287 58 67 111 47 0 0; ]
0500801315[275 58 66 111 47 0 0; ]
0500801316[262 57 66 110 47 0 0; ]
0500801317[249 57 66 110 47 0 0; ]
0500801318[237 57 66 110 47 0 0; ]
0500801319[224 56 66 110 47 0 0; ]
0500801320[211 56 66 110 47 0 0; ]
0500801321[199 56 66 110 47 0 0; ]
0500801322[186 55 66 109 47 0 0; ]
0500801323[174 55 66 109 47 0 0; ]
0500801324[161 54 66 109 47 0 0; ]
0500801325[148 54 66 109 47 0 0; ]
0500801326[136 54 65 109 47 0 0; ]
0500801327[124 53 65 109 47 0 0; ]
0500801328[112 53 65 108 47 0 0; ]
0500801329[100 53 65 108 47 0 0; ]
0500801330[88 53 65 108 47 0 0; ]
0500801331[77 52 65 108 47 0 0; ]
0500801332[65 52 65 108 47 0 0; ]
0500801333[53 52 65 107 47 0 0; ]
0500801334[41 52 65 107 47 0 0; ]
0500801335[29 51 66 107 47 0 0; ]
0500801336[17 51 66 107 47 0 0; ]
0500801337[5 51 66 106 47 0 0; ]
0500801338[]
0500801339[]
0500801340[]
0500801341[]
0500801342[]
0500801343[]
0500801344[]
0500801345[]
0500801346[]
0500801347[]
0500801348[]
0500801349[]
0500801350[]
0500801351[]
0500801352[]
0500801353[]
0500801354[]
0500801355[]
0500801356[]
0500801357[]
0500801358[]
0500801359[]
0500801360[]
0500801361[]
0500801362[]
0500801363[]
0500801364[]
0500801365[]
0500801366[]
0500801367[]
0500801368[]
0500801369[]
0500801370[]
0500801371[]
0500801372[]
0500801373[]
0500801374[]
0500801375[]
0500801376[]
0500801377[]
0500801378[]
0500801379[]
0500801380[]
0500801381[]
0500801382[]
0500801383[]
0500801384[]
0500801385[]
0500801386[]
0500801387[]
0500801388[]
0500801389[]
0500801390[]
0500801391[]
0500801392[]
0500801393[]
0500801394[]
