1800000001[]
1800000002[]
1800000003[]
1800000004[]
1800000005[]
1800000006[]
1800000007[]
1800000008[]
1800000009[]
1800000010[]
1800000011[]
1800000012[]
1800000013[]
1800000014[]
1800000015[]
1800000016[]
1800000017[]
1800000018[]
1800000019[]
1800000020[]
1800000021[]
1800000022[]
1800000023[]
1800000024[]
1800000025[]
1800000026[]
1800000027[]
1800000028[]
1800000029[]
1800000030[]
1800000031[]
1800000032[]
1800000033[]
1800000034[]
1800000035[]
1800000036[]
1800000037[]
1800000038[]
1800000039[]
1800000040[]
1800000041[]
1800000042[]
1800000043[]
1800000044[]
1800000045[]
1800000046[]
1800000047[]
1800000048[]
1800000049[]
1800000050[]
1800000051[]
1800000052[]
1800000053[]
1800000054[]
1800000055[]
1800000056[]
1800000057[]
1800000058[]
1800000059[]
1800000060[]
1800000061[]
1800000062[]
1800000063[]
1800000064[]
1800000065[]
1800000066[]
1800000067[]
1800000068[]
1800000069[]
1800000070[]
1800000071[]
1800000072[]
1800000073[]
1800000074[]
1800000075[]
1800000076[]
1800000077[]
1800000078[]
1800000079[]
1800000080[]
1800000081[]
1800000082[]
1800000083[]
1800000084[]
1800000085[]
1800000086[]
1800000087[]
1800000088[]
1800000089[]
1800000090[]
1800000091[]
1800000092[]
1800000093[]
1800000094[]
1800000095[]
1800000096[]
1800000097[]
1800000098[]
1800000099[]
1800000100[]
1800000101[]
1800000102[]
1800000103[]
1800000104[]
1800000105[]
1800000106[]
1800000107[]
1800000108[]
1800000109[]
1800000110[]
1800000111[]
1800000112[]
1800000113[]
1800000114[]
1800000115[]
1800000116[]
1800000117[]
1800000118[]
1800000119[]
1800000120[]
1800000121[]
1800000122[]
1800000123[]
1800000124[]
1800000125[]
1800000126[]
1800000127[]
1800000128[]
1800000129[]
1800000130[]
1800000131[]
1800000132[]
1800000133[]
1800000134[]
1800000135[]
1800000136[]
1800000137[]
1800000138[]
1800000139[]
1800000140[]
1800000141[]
1800000142[]
1800000143[]
1800000144[]
1800000145[]
1800000146[]
1800000147[]
1800000148[]
1800000149[]
1800000150[]
1800000151[]
1800000152[]
1800000153[]
1800000154[]
1800000155[]
1800000156[]
1800000157[]
1800000158[]
1800000159[]
1800000160[]
1800000161[]
1800000162[]
1800000163[]
1800000164[]
1800000165[]
1800000166[]
1800000167[]
1800000168[]
1800000169[]
1800000170[]
1800000171[]
1800000172[]
1800000173[]
1800000174[]
1800000175[]
1800000176[]
1800000177[]
1800000178[]
1800000179[]
1800000180[]
1800000181[]
1800000182[]
1800000183[]
1800000184[]
1800000185[]
1800000186[]
1800000187[]
1800000188[]
1800000189[]
1800000190[]
1800000191[]
1800000192[]
1800000193[]
1800000194[]
1800000195[]
1800000196[]
1800000197[]
1800000198[]
1800000199[]
1800000200[]
1800000201[]
1800000202[]
1800000203[]
1800000204[]
1800000205[]
1800000206[]
1800000207[]
1800000208[]
1800000209[]
1800000210[]
1800000211[]
1800000212[]
1800000213[]
1800000214[]
1800000215[]
1800000216[]
1800000217[]
1800000218[]
1800000219[]
1800000220[]
1800000221[]
1800000222[]
1800000223[]
1800000224[]
1800000225[]
1800000226[]
1800000227[]
1800000228[]
1800000229[]
1800000230[]
1800000231[]
1800000232[]
1800000233[]
1800000234[]
1800000235[]
1800000236[]
1800000237[]
1800000238[]
1800000239[]
1800000240[]
1800000241[]
1800000242[]
1800000243[]
1800000244[]
1800000245[]
1800000246[]
1800000247[]
1800000248[]
1800000249[]
1800000250[]
1800000251[]
1800000252[]
1800000253[]
1800000254[]
1800000255[]
1800000256[]
1800000257[]
1800000258[]
1800000259[]
1800000260[]
1800000261[]
1800000262[]
1800000263[]
1800000264[]
1800000265[]
1800000266[]
1800000267[]
1800000268[]
1800000269[]
1800000270[]
1800000271[]
1800000272[]
1800000273[]
1800000274[]
1800000275[]
1800000276[]
1800000277[]
1800000278[]
1800000279[]
1800000280[]
1800000281[]
1800000282[]
1800000283[]
1800000284[]
1800000285[]
1800000286[]
1800000287[]
1800000288[]
1800000289[]
1800000290[]
1800000291[]
1800000292[]
1800000293[]
1800000294[]
1800000295[]
1800000296[]
1800000297[]
1800000298[]
1800000299[]
1800000300[]
1800000301[]
1800000302[]
1800000303[]
1800000304[]
1800000305[]
1800000306[]
1800000307[]
1800000308[]
1800000309[]
1800000310[426 124 11 32 11 1 3; ]
1800000311[426 123 11 32 11 1 3; ]
1800000312[427 123 11 32 11 1 3; ]
1800000313[427 123 11 33 11 1 3; ]
1800000314[427 122 12 33 11 1 3; ]
1800000315[427 122 12 33 11 1 3; ]
1800000316[428 121 12 33 11 1 3; ]
1800000317[428 121 13 34 11 1 3; ]
1800000318[429 121 13 34 11 1 3; ]
1800000319[429 120 13 34 11 1 3; ]
1800000320[430 120 12 35 11 1 3; ]
1800000321[431 119 12 35 11 1 3; ]
1800000322[432 119 12 35 11 1 3; ]
1800000323[432 118 12 36 11 1 3; ]
1800000324[433 118 12 36 11 1 3; ]
1800000325[433 118 11 36 11 1 3; ]
1800000326[433 118 11 36 11 0 3; ]
1800000327[433 118 11 36 11 1 3; ]
1800000328[]
1800000329[]
1800000330[]
1800000331[]
1800000332[]
1800000333[]
1800000334[]
1800000335[]
1800000336[]
1800000337[]
1800000338[]
1800000339[]
1800000340[]
1800000341[]
1800000342[]
1800000343[]
1800000344[]
1800000345[]
1800000346[]
1800000347[]
1800000348[]
1800000349[]
1800000350[]
1800000351[]
1800000352[]
1800000353[]
1800000354[]
1800000355[]
1800000356[]
1800000357[]
1800000358[]
1800000359[]
1800000360[]
1800000361[]
1800000362[]
1800000363[]
1800000364[]
1800000365[]
1800000366[]
1800000367[]
1800000368[]
1800000369[]
1800000370[]
1800000371[]
1800000372[]
1800000373[]
1800000374[]
1800000375[]
1800000376[]
1800000377[]
1800000378[]
1800000379[]
1800000380[]
1800000381[]
1800000382[]
1800000383[]
1800000384[]
1800000385[]
1800000386[]
1800000387[]
1800000388[]
1800000389[]
1800000390[467 110 15 45 12 1 3; ]
1800000391[467 110 16 49 12 1 3; ]
1800000392[467 110 17 53 12 1 3; ]
1800000393[468 109 20 51 4 1 1; ]
1800000394[468 109 20 51 4 1 1; ]
1800000395[469 109 20 51 4 1 1; ]
1800000396[469 109 21 51 4 1 1; ]
1800000397[469 109 21 51 4 1 1; ]
1800000398[470 109 21 51 4 1 1; ]
1800000399[470 109 22 51 4 1 1; ]
1800000400[470 109 22 52 4 1 1; ]
1800000401[471 109 22 52 4 1 1; ]
1800000402[471 108 23 52 4 1 1; ]
1800000403[471 108 23 52 4 1 1; ]
1800000404[472 108 23 52 4 1 1; ]
1800000405[472 108 24 52 4 1 1; ]
1800000406[472 108 24 52 4 1 1; ]
1800000407[473 108 24 52 4 1 1; ]
1800000408[473 108 25 52 4 1 1; ]
1800000409[474 106 25 54 4 1 1; ]
1800000410[474 105 25 55 4 1 1; ]
1800000411[475 104 25 56 4 1 1; ]
1800000412[476 104 25 56 4 1 1; ]
1800000413[476 104 25 56 4 1 1; ]
1800000414[477 104 25 56 4 1 1; ]
1800000415[477 105 25 55 4 1 1; ]
1800000416[478 105 25 55 4 1 1; ]
1800000417[479 105 25 55 4 1 1; ]
1800000418[479 104 25 56 4 1 1; ]
1800000419[480 105 25 56 4 1 1; ]
1800000420[480 105 25 55 4 1 1; ]
1800000421[481 105 25 55 4 1 1; ]
1800000422[482 106 25 54 4 1 1; ]
1800000423[482 107 25 53 4 1 1; ]
1800000424[483 107 25 53 4 1 1; ]
1800000425[483 107 24 54 4 1 1; ]
1800000426[484 106 24 54 4 1 1; ]
1800000427[485 106 24 54 4 1 1; ]
1800000428[485 106 24 54 4 1 1; ]
1800000429[486 106 24 54 4 1 1; ]
1800000430[486 106 24 54 4 1 1; ]
1800000431[487 106 24 55 4 1 1; ]
1800000432[]
1800000433[]
1800000434[]
1800000435[]
1800000436[]
1800000437[]
1800000438[]
1800000439[]
1800000440[]
1800000441[]
1800000442[]
1800000443[]
1800000444[]
1800000445[]
1800000446[]
1800000447[]
1800000448[]
1800000449[]
1800000450[]
1800000451[]
1800000452[]
1800000453[]
1800000454[]
1800000455[]
1800000456[]
1800000457[466 99 44 77 1 0 0; ]
1800000458[465 99 44 76 1 0 0; ]
1800000459[463 99 44 76 1 0 0; ]
1800000460[462 99 43 76 1 0 0; ]
1800000461[461 99 43 76 1 0 0; ]
1800000462[460 99 43 76 1 0 0; ]
1800000463[459 99 43 76 1 0 0; ]
1800000464[458 99 43 76 1 0 0; ]
1800000465[457 99 42 76 1 0 0; ]
1800000466[456 99 42 76 1 0 0; ]
1800000467[455 99 42 76 1 0 0; ]
1800000468[454 99 42 76 1 0 0; ]
1800000469[453 99 42 77 1 0 0; ]
1800000470[452 99 41 77 1 0 0; ]
1800000471[450 99 41 77 1 0 0; ]
1800000472[449 100 41 77 1 0 0; ]
1800000473[448 100 41 77 1 0 0; ]
1800000474[447 100 41 77 1 0 0; ]
1800000475[446 100 40 77 1 0 0; ]
1800000476[445 100 40 77 1 0 0; ]
1800000477[444 100 40 76 1 0 0; ]
1800000478[443 100 40 76 1 0 0; ]
1800000479[442 100 39 76 1 0 0; ]
1800000480[441 101 39 76 1 0 0; ]
1800000481[440 101 39 76 1 0 0; ]
1800000482[440 101 39 76 1 0 0; ]
1800000483[439 101 38 76 1 0 0; ]
1800000484[438 101 38 76 1 0 0; ]
1800000485[437 101 38 76 1 0 0; ]
1800000486[436 102 38 75 1 0 0; ]
1800000487[435 102 37 75 1 0 0; ]
1800000488[434 102 37 75 1 0 0; ]
1800000489[433 102 37 75 1 0 0; ]
1800000490[432 102 37 75 1 0 0; ]
1800000491[432 102 37 75 1 0 0; ]
1800000492[431 101 37 74 1 0 0; ]
1800000493[431 101 37 74 1 0 0; ]
1800000494[430 101 37 74 1 0 0; ]
1800000495[430 101 37 74 1 0 0; ]
1800000496[429 101 36 73 1 0 0; ]
1800000497[429 100 36 73 1 0 0; ]
1800000498[428 100 36 73 1 0 0; ]
1800000499[428 100 36 72 1 0 0; ]
1800000500[427 100 36 72 1 0 0; ]
1800000501[427 99 36 72 1 0 0; ]
1800000502[426 99 36 72 1 0 0; ]
1800000503[426 99 36 71 1 0 0; ]
1800000504[425 99 36 71 1 0 0; ]
1800000505[425 99 36 71 1 0 0; ]
1800000506[424 99 36 70 1 0 0; ]
1800000507[424 99 36 70 1 0 0; ]
1800000508[423 100 36 70 1 0 0; ]
1800000509[423 100 36 69 1 0 0; ]
1800000510[422 100 36 69 1 0 0; ]
1800000511[422 100 36 69 1 0 0; ]
1800000512[421 101 36 68 1 0 0; ]
1800000513[421 101 37 68 1 0 0; ]
1800000514[420 101 37 68 1 0 0; ]
1800000515[420 101 37 68 1 0 0; ]
1800000516[419 101 37 67 1 0 0; ]
1800000517[419 102 37 67 1 0 0; ]
1800000518[418 102 37 67 1 0 0; ]
1800000519[418 102 37 66 1 0 0; ]
1800000520[416 102 37 66 1 0 0; ]
1800000521[415 102 37 66 1 0 0; ]
1800000522[414 102 37 67 1 0 0; ]
1800000523[412 102 37 67 1 0 0; ]
1800000524[411 103 37 67 1 0 0; 464 113 20 45 6 1 1; ]
1800000525[410 103 37 67 1 0 0; 464 113 20 45 6 1 1; ]
1800000526[409 103 38 67 1 0 0; 465 113 20 45 6 1 1; ]
1800000527[407 103 38 67 1 0 0; 465 112 20 46 6 1 1; ]
1800000528[406 103 38 67 1 0 0; 465 112 20 46 6 1 1; ]
1800000529[405 103 38 67 1 0 0; 466 112 20 46 6 1 1; ]
1800000530[404 103 38 67 1 0 0; 466 111 20 46 6 1 1; ]
1800000531[402 103 38 68 1 0 0; 466 111 20 47 6 1 1; ]
1800000532[401 103 38 68 1 0 0; 467 111 20 47 6 1 1; ]
1800000533[400 104 38 68 1 0 0; 467 111 19 46 6 1 1; ]
1800000534[398 104 38 68 1 0 0; 468 111 18 46 6 1 1; ]
1800000535[397 103 38 68 1 0 0; 468 111 18 45 6 1 1; ]
1800000536[396 103 38 67 1 0 0; 469 111 17 44 6 1 1; ]
1800000537[395 103 37 67 1 0 0; 470 111 17 44 6 1 1; ]
1800000538[394 103 37 67 1 0 0; 470 111 16 43 6 1 1; ]
1800000539[393 103 36 66 1 0 0; 471 111 15 43 6 1 1; ]
1800000540[392 102 36 66 1 0 0; 471 111 15 43 13 1 1; ]
1800000541[391 102 36 66 1 0 0; 471 111 16 43 13 1 1; ]
1800000542[390 102 35 66 1 0 0; 471 111 16 44 13 1 1; ]
1800000543[389 102 35 65 1 0 0; 471 111 16 44 13 1 1; ]
1800000544[388 102 34 65 1 0 0; 471 111 16 45 13 1 1; ]
1800000545[387 101 34 65 1 0 0; 472 111 16 45 13 1 1; ]
1800000546[386 101 33 65 1 0 0; 472 111 16 45 13 1 1; ]
1800000547[385 101 33 64 1 0 0; ]
1800000548[384 101 33 64 1 0 0; ]
1800000549[382 100 32 64 1 0 0; ]
1800000550[382 100 32 64 1 0 0; ]
1800000551[381 100 32 65 1 0 0; ]
1800000552[380 100 33 65 1 0 0; ]
1800000553[379 101 33 65 1 0 0; ]
1800000554[378 101 33 65 1 0 0; ]
1800000555[377 102 33 65 1 0 0; ]
1800000556[376 102 33 65 1 0 0; ]
1800000557[375 102 33 64 1 0 0; ]
1800000558[374 102 33 64 1 0 0; ]
1800000559[373 103 33 64 1 0 0; ]
1800000560[372 103 33 64 1 0 0; ]
1800000561[372 103 33 64 1 0 0; ]
1800000562[371 103 34 63 1 0 0; ]
1800000563[370 103 34 63 1 0 0; ]
1800000564[369 103 34 63 1 0 0; ]
1800000565[369 103 34 63 1 0 0; ]
1800000566[369 103 33 63 1 0 0; ]
1800000567[369 103 33 63 1 0 0; ]
1800000568[369 103 33 63 1 0 0; ]
1800000569[369 102 33 62 1 0 0; ]
1800000570[369 101 33 62 1 0 0; ]
1800000571[369 100 32 61 1 0 0; ]
1800000572[369 100 32 61 1 0 0; ]
1800000573[369 100 32 60 1 0 0; ]
1800000574[369 100 32 60 1 0 0; ]
1800000575[369 101 32 59 1 0 0; ]
1800000576[369 101 32 59 1 0 0; ]
1800000577[369 102 32 58 1 0 0; ]
1800000578[369 104 32 58 1 0 0; ]
1800000579[369 105 32 57 1 0 0; ]
1800000580[369 106 31 57 1 0 0; ]
1800000581[369 106 31 58 1 0 0; ]
1800000582[369 106 31 58 1 0 0; ]
1800000583[369 107 30 58 1 0 0; ]
1800000584[369 107 30 58 1 0 0; ]
1800000585[369 107 30 58 1 0 0; ]
1800000586[369 108 29 58 1 0 0; ]
1800000587[370 108 29 59 1 0 0; ]
1800000588[370 108 29 59 1 0 0; ]
1800000589[370 109 28 59 1 0 0; ]
1800000590[370 109 28 59 1 0 0; ]
1800000591[370 109 28 59 1 0 0; ]
1800000592[370 110 28 59 1 0 0; ]
1800000593[370 110 27 60 1 0 0; ]
1800000594[370 110 27 60 1 0 0; ]
1800000595[370 110 27 59 1 0 0; ]
1800000596[371 111 27 59 1 0 0; ]
1800000597[371 111 27 58 1 0 0; ]
1800000598[371 111 27 58 1 0 0; ]
1800000599[371 111 27 57 1 0 0; ]
1800000600[371 111 27 57 1 0 0; ]
1800000601[371 111 27 56 1 0 0; ]
1800000602[372 111 27 56 1 0 0; ]
1800000603[372 112 27 55 1 0 0; ]
1800000604[372 112 27 55 1 0 0; ]
1800000605[372 112 27 54 1 0 0; ]
1800000606[372 112 27 54 1 0 0; ]
1800000607[372 112 27 53 1 0 0; ]
1800000608[372 112 27 53 1 0 0; ]
1800000609[373 113 27 52 1 0 0; ]
1800000610[373 113 27 52 1 0 0; ]
1800000611[373 113 26 52 1 0 0; ]
1800000612[373 113 26 52 1 0 0; ]
1800000613[373 113 26 52 1 0 0; ]
1800000614[374 113 25 52 1 0 0; ]
1800000615[374 113 25 52 1 0 0; ]
1800000616[374 113 25 52 1 0 0; ]
1800000617[374 113 24 52 1 0 0; ]
1800000618[374 113 24 51 1 0 0; ]
1800000619[375 113 24 51 1 1 0; ]
1800000620[375 113 24 51 1 1 0; ]
1800000621[375 113 23 51 1 1 0; ]
1800000622[375 113 23 51 1 1 0; ]
1800000623[375 113 23 51 1 1 0; ]
1800000624[376 113 22 51 1 1 0; ]
1800000625[375 113 23 51 1 1 0; ]
1800000626[375 113 23 52 1 1 0; ]
1800000627[375 113 24 52 1 1 0; ]
1800000628[374 113 24 52 1 1 0; ]
1800000629[374 113 24 52 1 1 0; ]
1800000630[373 113 25 52 1 1 0; ]
1800000631[373 113 25 52 1 1 0; ]
1800000632[373 113 25 52 1 1 0; ]
1800000633[372 113 25 52 1 1 0; ]
1800000634[372 113 24 52 1 1 0; ]
1800000635[371 113 24 51 1 1 0; ]
1800000636[371 114 24 50 1 1 0; ]
1800000637[370 114 23 49 1 1 0; ]
1800000638[370 115 23 48 1 1 0; ]
1800000639[370 115 22 47 1 1 0; ]
1800000640[369 115 22 47 1 1 0; ]
1800000641[368 115 22 47 1 1 0; ]
1800000642[367 115 22 47 1 1 0; ]
1800000643[366 115 22 47 1 1 0; ]
1800000644[365 115 22 47 1 1 0; ]
1800000645[364 115 22 47 1 1 0; ]
1800000646[363 115 22 47 1 1 0; ]
1800000647[363 116 22 47 1 1 0; ]
1800000648[362 116 22 47 1 1 0; ]
1800000649[361 116 22 47 1 1 0; ]
1800000650[360 116 22 47 1 1 0; ]
1800000651[359 116 22 47 1 1 0; ]
1800000652[358 116 22 47 1 1 0; ]
1800000653[357 116 22 47 1 1 0; ]
1800000654[357 116 22 47 1 1 0; ]
1800000655[356 116 22 46 1 1 0; ]
1800000656[356 116 21 46 1 1 0; ]
1800000657[355 116 20 45 1 1 0; ]
1800000658[355 116 20 45 1 1 0; ]
1800000659[354 116 20 45 1 1 0; ]
1800000660[354 116 20 44 1 1 0; ]
1800000661[353 116 20 44 1 1 0; ]
1800000662[352 116 20 44 1 1 0; ]
1800000663[351 116 20 44 1 1 0; ]
1800000664[350 116 20 43 1 1 0; ]
1800000665[350 116 20 43 1 1 0; ]
1800000666[349 116 20 44 1 1 0; ]
1800000667[]
1800000668[]
1800000669[]
1800000670[]
1800000671[]
1800000672[]
1800000673[]
1800000674[]
1800000675[]
1800000676[]
1800000677[]
1800000678[]
1800000679[]
1800000680[]
1800000681[]
1800000682[]
1800000683[]
1800000684[]
1800000685[]
1800000686[]
1800000687[]
1800000688[]
1800000689[]
1800000690[]
1800000691[]
1800000692[]
1800000693[]
1800000694[]
1800000695[]
1800000696[]
1800000697[]
1800000698[]
1800000699[]
1800000700[]
1800000701[]
1800000702[]
1800000703[]
1800000704[]
1800000705[]
1800000706[]
1800000707[]
1800000708[]
1800000709[]
1800000710[]
1800000711[]
1800000712[]
1800000713[]
1800000714[]
1800000715[]
1800000716[]
1800000717[]
1800000718[]
1800000719[]
1800000720[]
1800000721[]
1800000722[]
1800000723[]
1800000724[]
1800000725[]
1800000726[]
1800000727[]
1800000728[]
1800000729[]
1800000730[]
1800000731[]
1800000732[]
1800000733[]
1800000734[]
1800000735[]
1800000736[]
1800000737[]
1800000738[]
1800000739[]
1800000740[]
1800000741[]
1800000742[]
1800000743[]
1800000744[]
1800000745[]
1800000746[]
1800000747[]
1800000748[]
1800000749[]
1800000750[]
1800000751[]
1800000752[]
1800000753[]
1800000754[]
1800000755[]
1800000756[]
1800000757[]
1800000758[]
1800000759[]
1800000760[]
1800000761[]
1800000762[]
1800000763[]
1800000764[]
1800000765[]
1800000766[]
1800000767[]
1800000768[]
1800000769[]
1800000770[]
1800000771[]
1800000772[]
1800000773[]
1800000774[]
1800000775[]
1800000776[]
1800000777[]
1800000778[]
1800000779[]
1800000780[]
1800000781[]
1800000782[]
1800000783[]
1800000784[]
1800000785[]
1800000786[]
1800000787[]
1800000788[]
1800000789[]
1800000790[]
1800000791[]
1800000792[]
1800000793[]
1800000794[]
1800000795[]
1800000796[]
1800000797[]
1800000798[]
1800000799[]
1800000800[]
1800000801[]
1800000802[]
1800000803[]
1800000804[]
1800000805[]
1800000806[]
1800000807[]
1800000808[]
1800000809[]
1800000810[]
1800000811[]
1800000812[]
1800000813[]
1800000814[]
1800000815[]
1800000816[]
1800000817[]
1800000818[]
1800000819[]
1800000820[]
1800000821[]
1800000822[]
1800000823[]
1800000824[]
1800000825[]
1800000826[]
1800000827[]
1800000828[]
1800000829[]
1800000830[]
1800000831[]
1800000832[]
1800000833[]
1800000834[]
1800000835[]
1800000836[]
1800000837[]
1800000838[]
1800000839[]
1800000840[]
1800000841[]
1800000842[]
1800000843[]
1800000844[]
1800000845[]
1800000846[]
1800000847[]
1800000848[]
1800000849[]
1800000850[]
1800000851[]
1800000852[]
1800000853[]
1800000854[]
1800000855[]
1800000856[]
1800000857[]
1800000858[]
1800000859[]
1800000860[]
1800000861[]
1800000862[]
1800000863[]
1800000864[]
1800000865[]
1800000866[]
1800000867[]
1800000868[]
1800000869[]
1800000870[]
1800000871[]
1800000872[]
1800000873[]
1800000874[]
1800000875[]
1800000876[]
1800000877[]
1800000878[]
1800000879[]
1800000880[]
1800000881[]
1800000882[]
1800000883[]
1800000884[]
1800000885[]
1800000886[]
1800000887[]
1800000888[]
1800000889[]
1800000890[]
1800000891[]
1800000892[]
1800000893[]
1800000894[]
1800000895[]
1800000896[]
1800000897[]
1800000898[]
1800000899[]
1800000900[]
1800000901[]
1800000902[]
1800000903[]
1800000904[]
1800000905[]
1800000906[]
1800000907[]
1800000908[]
1800000909[]
1800000910[]
1800000911[]
1800000912[]
1800000913[]
1800000914[]
1800000915[]
1800000916[]
1800000917[]
1800000918[]
1800000919[]
1800000920[]
1800000921[]
1800000922[]
1800000923[]
1800000924[]
1800000925[]
1800000926[]
1800000927[]
1800000928[]
1800000929[]
1800000930[]
1800000931[]
1800000932[]
1800000933[]
1800000934[]
1800000935[]
1800000936[]
1800000937[]
1800000938[]
1800000939[]
1800000940[]
1800000941[]
1800000942[]
1800000943[]
1800000944[]
1800000945[]
1800000946[]
1800000947[]
1800000948[]
1800000949[]
1800000950[]
1800000951[]
1800000952[]
1800000953[]
1800000954[]
1800000955[]
1800000956[]
1800000957[]
1800000958[]
1800000959[]
1800000960[]
1800000961[]
1800000962[]
1800000963[]
1800000964[]
1800000965[]
1800000966[]
1800000967[]
1800000968[]
1800000969[]
1800000970[]
1800000971[]
1800000972[]
1800000973[]
1800000974[]
1800000975[]
1800000976[]
1800000977[]
1800000978[]
1800000979[]
1800000980[]
1800000981[]
1800000982[]
1800000983[]
1800000984[]
1800000985[]
1800000986[]
1800000987[]
1800000988[]
1800000989[]
1800000990[]
1800000991[]
1800000992[]
1800000993[]
1800000994[]
1800000995[]
1800000996[]
1800000997[]
1800000998[]
1800000999[]
1800001000[]
1800001001[]
1800001002[]
1800001003[]
1800001004[]
1800001005[]
1800001006[]
1800001007[]
1800001008[]
1800001009[]
1800001010[]
1800001011[]
1800001012[]
1800001013[]
1800001014[]
1800001015[]
1800001016[]
1800001017[]
1800001018[]
1800001019[]
1800001020[]
1800001021[]
1800001022[]
1800001023[]
1800001024[]
1800001025[]
1800001026[]
1800001027[]
1800001028[]
1800001029[]
1800001030[]
1800001031[]
1800001032[]
1800001033[]
1800001034[]
1800001035[]
1800001036[]
1800001037[]
1800001038[]
1800001039[]
1800001040[]
1800001041[]
1800001042[]
1800001043[]
1800001044[]
1800001045[]
1800001046[]
1800001047[]
1800001048[]
1800001049[]
1800001050[]
1800001051[]
1800001052[]
1800001053[]
1800001054[]
1800001055[]
1800001056[]
1800001057[]
1800001058[]
1800001059[]
1800001060[]
1800001061[]
1800001062[]
1800001063[]
1800001064[]
1800001065[]
1800001066[]
1800001067[]
1800001068[]
1800001069[]
1800001070[]
1800001071[]
1800001072[]
1800001073[]
1800001074[]
1800001075[]
1800001076[]
1800001077[]
1800001078[]
1800001079[]
1800001080[]
1800001081[]
1800001082[]
1800001083[]
1800001084[]
1800001085[]
1800001086[]
1800001087[]
1800001088[]
1800001089[]
1800001090[]
1800001091[]
1800001092[]
1800001093[]
1800001094[]
1800001095[]
1800001096[]
1800001097[]
1800001098[]
1800001099[]
1800001100[]
1800001101[]
1800001102[]
1800001103[]
1800001104[]
1800001105[]
1800001106[]
1800001107[]
1800001108[]
1800001109[]
1800001110[]
1800001111[]
1800001112[]
1800001113[]
1800001114[]
1800001115[]
1800001116[]
1800001117[]
1800001118[]
1800001119[]
1800001120[]
1800001121[]
1800001122[]
1800001123[]
1800001124[]
1800001125[]
1800001126[]
1800001127[]
1800001128[]
1800001129[]
1800001130[]
1800001131[]
1800001132[]
1800001133[]
1800001134[]
1800001135[]
1800001136[]
1800001137[]
1800001138[]
1800001139[]
1800001140[]
1800001141[]
1800001142[]
1800001143[]
1800001144[]
1800001145[]
1800001146[]
1800001147[]
1800001148[]
1800001149[]
1800001150[]
1800001151[]
1800001152[]
1800001153[]
1800001154[]
1800001155[]
1800001156[]
1800001157[]
1800001158[]
1800001159[]
1800001160[]
1800001161[]
1800001162[]
1800001163[]
1800001164[]
1800001165[]
1800001166[]
1800001167[]
1800001168[]
1800001169[]
1800001170[]
1800001171[]
1800001172[]
1800001173[]
1800001174[]
1800001175[]
1800001176[]
1800001177[]
1800001178[]
1800001179[]
1800001180[]
1800001181[]
1800001182[]
1800001183[]
1800001184[]
1800001185[]
1800001186[]
1800001187[]
1800001188[]
1800001189[]
1800001190[]
1800001191[]
1800001192[]
1800001193[]
1800001194[]
1800001195[]
1800001196[]
1800001197[]
1800001198[]
1800001199[]
1800001200[]
1800001201[]
1800001202[]
1800001203[]
1800001204[]
1800001205[]
1800001206[]
1800001207[]
1800001208[]
1800001209[]
1800001210[]
1800001211[]
1800001212[]
1800001213[]
1800001214[]
1800001215[]
1800001216[]
1800001217[]
1800001218[]
1800001219[]
1800001220[]
1800001221[]
1800001222[]
1800001223[]
1800001224[]
1800001225[]
1800001226[]
1800001227[]
1800001228[]
1800001229[]
1800001230[]
1800001231[]
1800001232[]
1800001233[]
1800001234[]
1800001235[]
1800001236[]
1800001237[]
1800001238[]
1800001239[]
1800001240[]
1800001241[]
1800001242[]
1800001243[]
1800001244[]
1800001245[]
1800001246[]
1800001247[]
1800001248[]
1800001249[]
1800001250[]
1800001251[]
1800001252[]
1800001253[]
1800001254[]
1800001255[]
1800001256[]
1800001257[]
1800001258[]
1800001259[]
1800001260[]
1800001261[]
1800001262[]
1800001263[]
1800001264[]
1800001265[]
1800001266[]
1800001267[]
1800001268[]
1800001269[]
1800001270[]
1800001271[]
1800001272[]
1800001273[]
1800001274[]
1800001275[]
1800001276[]
1800001277[]
1800001278[]
1800001279[]
1800001280[]
1800001281[]
1800001282[]
1800001283[]
1800001284[]
1800001285[]
1800001286[]
1800001287[]
1800001288[]
1800001289[]
1800001290[]
1800001291[]
1800001292[]
1800001293[]
1800001294[]
1800001295[]
1800001296[]
1800001297[]
1800001298[]
1800001299[]
1800001300[]
1800001301[]
1800001302[]
1800001303[]
1800001304[]
1800001305[]
1800001306[]
1800001307[]
1800001308[]
1800001309[]
1800001310[]
1800001311[]
1800001312[]
1800001313[]
1800001314[]
1800001315[]
1800001316[]
1800001317[]
1800001318[]
1800001319[]
1800001320[]
1800001321[]
1800001322[]
1800001323[]
1800001324[]
1800001325[]
1800001326[]
1800001327[]
1800001328[]
1800001329[]
1800001330[]
1800001331[]
1800001332[]
1800001333[]
1800001334[]
1800001335[]
1800001336[]
1800001337[]
1800001338[]
1800001339[]
1800001340[]
1800001341[]
1800001342[]
1800001343[]
1800001344[]
1800001345[]
1800001346[]
1800001347[]
1800001348[]
1800001349[]
1800001350[]
1800001351[]
1800001352[]
1800001353[]
1800001354[]
1800001355[]
1800001356[]
1800001357[]
1800001358[]
1800001359[]
1800001360[]
1800001361[]
1800001362[]
1800001363[]
1800001364[]
1800001365[]
1800001366[]
1800001367[]
1800001368[]
1800001369[]
1800001370[]
1800001371[]
1800001372[]
1800001373[]
1800001374[]
1800001375[]
1800001376[]
1800001377[]
1800001378[]
1800001379[]
1800001380[]
1800001381[]
1800001382[]
1800001383[]
1800001384[]
1800001385[]
1800001386[]
1800001387[]
1800001388[]
1800001389[]
1800001390[]
1800001391[]
1800001392[]
1800001393[]
1800001394[]
1800001395[]
1800001396[]
1800001397[]
1800001398[]
1800001399[]
1800001400[]
1800001401[]
1800001402[]
1800001403[]
1800001404[]
1800001405[]
1800001406[]
1800001407[]
1800001408[]
1800001409[]
1800001410[]
1800001411[]
1800001412[]
1800001413[]
1800001414[]
1800001415[]
1800001416[]
1800001417[]
1800001418[]
1800001419[]
1800001420[]
1800001421[]
1800001422[]
1800001423[]
1800001424[]
1800001425[]
1800001426[]
1800001427[]
1800001428[]
1800001429[]
1800001430[]
1800001431[]
1800001432[]
1800001433[]
1800001434[]
1800001435[]
1800001436[]
1800001437[]
1800001438[]
1800001439[]
1800001440[]
1800001441[]
1800001442[]
1800001443[]
1800001444[]
1800001445[]
1800001446[]
1800001447[]
1800001448[]
1800001449[]
1800001450[]
1800001451[]
1800001452[]
1800001453[]
1800001454[]
1800001455[]
1800001456[]
1800001457[]
1800001458[]
1800001459[]
1800001460[99 50 51 180 16 1 3; ]
1800001461[99 49 53 181 16 1 3; ]
1800001462[99 48 55 182 16 1 3; ]
1800001463[98 47 57 183 16 1 3; ]
1800001464[98 46 58 184 16 1 3; ]
1800001465[97 46 59 185 16 1 3; ]
1800001466[97 45 59 186 16 1 3; ]
1800001467[96 44 59 187 16 1 3; ]
1800001468[96 43 59 187 16 1 3; ]
1800001469[96 42 59 188 16 1 3; ]
1800001470[95 41 59 189 16 1 3; ]
1800001471[95 40 58 190 16 1 3; ]
1800001472[93 36 63 190 3 1 1; ]
1800001473[92 35 63 190 3 1 1; ]
1800001474[90 34 64 190 3 1 1; ]
1800001475[89 34 64 190 3 1 1; ]
1800001476[88 34 65 190 3 1 1; ]
1800001477[86 34 66 191 3 1 1; ]
1800001478[84 34 66 193 3 1 1; ]
1800001479[82 34 67 195 3 1 1; ]
1800001480[79 35 68 198 3 1 1; ]
1800001481[76 34 69 201 3 1 1; ]
1800001482[71 32 70 205 3 1 1; ]
1800001483[66 29 72 209 3 1 1; ]
1800001484[61 28 73 211 3 1 1; ]
1800001485[57 28 74 213 3 1 1; ]
1800001486[53 27 76 215 3 1 1; ]
1800001487[49 26 77 217 3 1 1; ]
1800001488[45 25 78 220 3 1 1; ]
1800001489[41 24 80 222 3 1 1; ]
1800001490[37 22 81 225 3 0 1; ]
1800001491[32 21 82 228 3 0 1; ]
1800001492[28 19 84 231 3 0 1; ]
1800001493[24 17 85 234 3 0 1; ]
1800001494[19 15 87 238 3 0 1; ]
1800001495[15 13 88 241 3 0 1; ]
1800001496[10 11 90 245 3 0 1; ]
1800001497[6 8 92 249 3 0 1; ]
1800001498[2 5 93 253 3 0 1; ]
1800001499[]
1800001500[]
1800001501[]
1800001502[]
1800001503[]
1800001504[]
1800001505[]
1800001506[]
1800001507[]
1800001508[]
1800001509[]
1800001510[]
1800001511[]
1800001512[]
1800001513[]
1800001514[]
1800001515[]
1800001516[]
1800001517[]
1800001518[]
1800001519[]
1800001520[]
1800001521[]
1800001522[]
1800001523[]
1800001524[]
1800001525[]
1800001526[]
1800001527[]
1800001528[]
1800001529[]
1800001530[]
1800001531[]
1800001532[]
1800001533[]
1800001534[]
1800001535[]
1800001536[]
1800001537[]
1800001538[]
1800001539[]
1800001540[]
1800001541[]
1800001542[]
1800001543[]
1800001544[]
1800001545[]
1800001546[]
1800001547[]
1800001548[]
1800001549[]
1800001550[]
1800001551[]
1800001552[]
1800001553[]
1800001554[]
1800001555[]
1800001556[]
1800001557[]
1800001558[]
1800001559[]
1800001560[]
1800001561[]
1800001562[]
1800001563[]
1800001564[]
1800001565[]
1800001566[]
1800001567[]
1800001568[]
1800001569[]
1800001570[]
1800001571[]
1800001572[]
1800001573[]
1800001574[]
1800001575[]
1800001576[]
1800001577[]
1800001578[]
1800001579[]
1800001580[]
1800001581[]
1800001582[]
1800001583[]
1800001584[]
1800001585[]
1800001586[]
1800001587[]
1800001588[]
1800001589[]
1800001590[]
1800001591[]
1800001592[]
1800001593[]
1800001594[]
1800001595[]
1800001596[]
1800001597[]
1800001598[]
1800001599[]
1800001600[]
1800001601[]
1800001602[]
1800001603[]
1800001604[]
1800001605[]
1800001606[]
1800001607[]
1800001608[]
1800001609[]
1800001610[]
1800001611[]
1800001612[]
1800001613[]
1800001614[]
1800001615[]
1800001616[]
1800001617[]
1800001618[]
1800001619[]
1800001620[]
1800001621[]
1800001622[]
1800001623[]
1800001624[]
1800001625[]
1800001626[]
1800001627[]
1800001628[]
1800001629[]
1800001630[]
1800001631[]
1800001632[]
1800001633[]
1800001634[]
1800001635[]
1800001636[]
1800001637[]
1800001638[]
1800001639[]
1800001640[]
1800001641[]
1800001642[]
1800001643[]
1800001644[]
1800001645[]
1800001646[]
1800001647[]
1800001648[]
1800001649[]
1800001650[]
1800001651[]
1800001652[]
1800001653[]
1800001654[]
1800001655[]
1800001656[]
1800001657[]
1800001658[]
1800001659[]
1800001660[]
1800001661[]
1800001662[]
1800001663[]
1800001664[]
1800001665[]
1800001666[]
1800001667[]
1800001668[]
1800001669[]
1800001670[]
1800001671[]
1800001672[]
1800001673[]
1800001674[]
1800001675[]
1800001676[]
1800001677[]
1800001678[]
1800001679[]
1800001680[]
1800001681[]
1800001682[]
1800001683[]
1800001684[]
1800001685[]
1800001686[]
1800001687[]
1800001688[]
1800001689[]
1800001690[]
1800001691[]
1800001692[]
1800001693[]
1800001694[]
1800001695[]
1800001696[]
1800001697[]
1800001698[]
1800001699[]
1800001700[]
1800001701[]
1800001702[]
1800001703[]
1800001704[]
1800001705[]
1800001706[]
1800001707[]
1800001708[]
1800001709[]
1800001710[]
1800001711[]
1800001712[]
1800001713[]
1800001714[]
1800001715[]
1800001716[]
1800001717[]
1800001718[]
1800001719[]
1800001720[]
1800001721[]
1800001722[]
1800001723[]
1800001724[]
1800001725[]
1800001726[]
1800001727[]
1800001728[]
1800001729[]
1800001730[]
1800001731[]
1800001732[]
1800001733[]
1800001734[]
1800001735[]
1800001736[]
1800001737[]
1800001738[]
1800001739[]
1800001740[]
1800001741[]
1800001742[]
1800001743[]
1800001744[]
1800001745[]
1800001746[]
1800001747[]
1800001748[]
1800001749[]
1800001750[]
1800001751[]
1800001752[]
1800001753[]
1800001754[]
1800001755[]
1800001756[]
1800001757[]
1800001758[]
1800001759[]
1800001760[]
1800001761[]
1800001762[]
1800001763[]
1800001764[]
1800001765[]
1800001766[]
1800001767[]
1800001768[]
1800001769[]
1800001770[]
1800001771[]
1800001772[]
1800001773[]
1800001774[]
1800001775[]
1800001776[]
1800001777[]
1800001778[]
1800001779[]
1800001780[]
1800001781[]
1800001782[]
1800001783[]
1800001784[]
1800001785[]
1800001786[]
1800001787[]
1800001788[]
1800001789[]
1800001790[]
1800001791[]
1800001792[]
1800001793[]
1800001794[]
1800001795[]
1800001796[]
1800001797[]
1800001798[]
1800001799[]
1800001800[]
1800001801[]
1800001802[]
1800001803[]
1800001804[]
1800001805[]
1800001806[]
1800001807[]
1800001808[]
1800001809[]
1800001810[]
1800001811[]
1800001812[]
1800001813[]
1800001814[]
1800001815[]
1800001816[]
1800001817[]
1800001818[]
1800001819[]
1800001820[]
1800001821[]
1800001822[]
1800001823[]
1800001824[]
1800001825[]
1800001826[]
1800001827[]
1800001828[]
1800001829[]
1800001830[]
1800001831[]
1800001832[]
1800001833[]
1800001834[]
1800001835[]
1800001836[]
1800001837[]
1800001838[]
1800001839[]
1800001840[]
1800001841[]
1800001842[]
1800001843[]
1800001844[]
1800001845[]
1800001846[]
1800001847[]
1800001848[]
1800001849[]
1800001850[]
1800001851[]
1800001852[]
1800001853[]
1800001854[]
1800001855[]
1800001856[]
1800001857[]
1800001858[]
1800001859[]
1800001860[]
1800001861[]
1800001862[]
1800001863[]
1800001864[]
1800001865[]
1800001866[]
1800001867[]
1800001868[]
1800001869[]
1800001870[]
1800001871[]
1800001872[]
1800001873[]
1800001874[]
1800001875[]
1800001876[]
1800001877[]
1800001878[]
1800001879[]
1800001880[]
1800001881[]
1800001882[]
1800001883[]
1800001884[]
1800001885[]
1800001886[]
1800001887[]
1800001888[]
1800001889[]
1800001890[]
1800001891[]
1800001892[]
1800001893[]
1800001894[]
1800001895[]
1800001896[]
1800001897[]
1800001898[]
1800001899[]
1800001900[]
1800001901[]
1800001902[]
1800001903[]
1800001904[]
1800001905[]
1800001906[]
1800001907[]
1800001908[]
1800001909[]
1800001910[]
1800001911[]
1800001912[]
1800001913[]
1800001914[]
1800001915[]
1800001916[]
1800001917[]
1800001918[]
1800001919[]
1800001920[]
1800001921[]
1800001922[]
1800001923[]
1800001924[]
1800001925[]
1800001926[]
1800001927[]
1800001928[]
1800001929[]
1800001930[]
1800001931[]
1800001932[]
1800001933[]
1800001934[]
1800001935[]
1800001936[]
1800001937[]
1800001938[]
1800001939[]
1800001940[]
1800001941[]
1800001942[]
1800001943[]
1800001944[]
1800001945[]
1800001946[]
1800001947[]
1800001948[]
1800001949[]
1800001950[]
1800001951[]
1800001952[]
1800001953[]
1800001954[]
1800001955[]
1800001956[]
1800001957[]
1800001958[]
1800001959[]
1800001960[]
1800001961[]
1800001962[]
1800001963[]
1800001964[]
1800001965[]
1800001966[]
1800001967[]
1800001968[]
1800001969[]
1800001970[]
1800001971[]
1800001972[]
1800001973[]
1800001974[]
1800001975[]
1800001976[]
1800001977[]
1800001978[]
1800001979[]
1800001980[]
1800001981[]
1800001982[]
1800001983[]
1800001984[]
1800001985[]
1800001986[]
1800001987[]
1800001988[]
1800001989[]
1800001990[]
1800001991[]
1800001992[]
1800001993[]
1800001994[]
1800001995[]
1800001996[]
1800001997[]
1800001998[]
1800001999[]
1800002000[]
1800002001[]
1800002002[]
1800002003[]
1800002004[]
1800002005[]
1800002006[]
1800002007[]
1800002008[]
1800002009[]
1800002010[]
1800002011[]
1800002012[]
1800002013[]
1800002014[]
1800002015[]
1800002016[]
1800002017[]
1800002018[]
1800002019[]
1800002020[]
1800002021[]
1800002022[]
1800002023[]
1800002024[]
1800002025[]
1800002026[]
1800002027[]
1800002028[]
1800002029[]
1800002030[]
1800002031[]
1800002032[]
1800002033[]
1800002034[]
1800002035[]
1800002036[]
1800002037[]
1800002038[]
1800002039[]
1800002040[]
1800002041[]
1800002042[]
1800002043[]
1800002044[]
1800002045[]
1800002046[]
1800002047[]
1800002048[]
1800002049[]
1800002050[]
1800002051[]
1800002052[]
1800002053[]
1800002054[]
1800002055[]
1800002056[]
1800002057[]
1800002058[]
1800002059[]
1800002060[]
1800002061[]
1800002062[]
1800002063[]
1800002064[]
1800002065[]
1800002066[]
1800002067[]
1800002068[]
1800002069[]
1800002070[]
1800002071[]
1800002072[]
1800002073[]
1800002074[]
1800002075[]
1800002076[]
1800002077[]
1800002078[]
1800002079[]
1800002080[]
1800002081[]
1800002082[]
1800002083[]
1800002084[]
1800002085[]
1800002086[]
1800002087[]
1800002088[]
1800002089[]
1800002090[]
1800002091[]
1800002092[]
1800002093[]
1800002094[]
1800002095[]
1800002096[]
1800002097[]
1800002098[]
1800002099[]
1800002100[]
1800002101[]
1800002102[]
1800002103[]
1800002104[]
1800002105[]
1800002106[]
1800002107[]
1800002108[]
1800002109[]
1800002110[]
1800002111[]
1800002112[]
1800002113[]
1800002114[]
1800002115[]
1800002116[]
1800002117[]
1800002118[]
1800002119[]
1800002120[]
1800002121[]
1800002122[]
1800002123[]
1800002124[]
1800002125[]
1800002126[]
1800002127[]
1800002128[]
1800002129[]
1800002130[]
1800002131[]
1800002132[]
1800002133[]
1800002134[]
1800002135[]
1800002136[]
1800002137[]
1800002138[]
1800002139[]
1800002140[]
1800002141[]
1800002142[]
1800002143[]
1800002144[]
1800002145[]
1800002146[]
1800002147[]
1800002148[]
1800002149[]
1800002150[]
1800002151[]
1800002152[]
1800002153[]
1800002154[]
1800002155[]
1800002156[]
1800002157[]
1800002158[]
1800002159[]
1800002160[]
1800002161[]
1800002162[]
1800002163[]
1800002164[]
1800002165[]
1800002166[]
1800002167[]
1800002168[]
1800002169[]
1800002170[]
1800002171[]
1800002172[]
1800002173[]
1800002174[]
1800002175[]
1800002176[]
1800002177[]
1800002178[]
1800002179[]
1800002180[]
1800002181[]
1800002182[]
1800002183[]
1800002184[]
1800002185[]
1800002186[]
1800002187[]
1800002188[]
1800002189[]
1800002190[]
1800002191[]
1800002192[]
1800002193[]
1800002194[]
1800002195[]
1800002196[]
1800002197[]
1800002198[]
1800002199[]
1800002200[]
1800002201[]
1800002202[]
1800002203[]
1800002204[]
1800002205[]
1800002206[]
1800002207[]
1800002208[]
1800002209[]
1800002210[]
1800002211[]
1800002212[]
1800002213[]
1800002214[]
1800002215[]
1800002216[]
1800002217[]
1800002218[]
1800002219[]
1800002220[]
1800002221[]
1800002222[]
1800002223[]
1800002224[]
1800002225[]
1800002226[]
1800002227[]
1800002228[]
1800002229[]
1800002230[]
1800002231[]
1800002232[]
1800002233[]
1800002234[]
1800002235[]
1800002236[]
1800002237[]
1800002238[]
1800002239[]
1800002240[]
1800002241[]
1800002242[]
1800002243[]
1800002244[]
1800002245[]
1800002246[]
1800002247[]
1800002248[]
1800002249[]
1800002250[]
1800002251[]
1800002252[]
1800002253[]
1800002254[]
1800002255[]
1800002256[]
1800002257[]
1800002258[]
1800002259[]
1800002260[]
1800002261[]
1800002262[]
1800002263[]
1800002264[]
1800002265[]
1800002266[]
1800002267[]
1800002268[]
1800002269[]
1800002270[]
1800002271[]
1800002272[]
1800002273[]
1800002274[]
1800002275[]
1800002276[]
1800002277[]
1800002278[]
1800002279[]
1800002280[]
1800002281[]
1800002282[]
1800002283[]
1800002284[]
1800002285[]
1800002286[]
1800002287[]
1800002288[]
1800002289[]
1800002290[]
1800002291[]
1800002292[]
1800002293[]
1800002294[]
1800002295[]
1800002296[]
1800002297[]
1800002298[]
1800002299[]
1800002300[]
1800002301[]
1800002302[]
1800002303[]
1800002304[]
1800002305[]
1800002306[]
1800002307[]
1800002308[]
1800002309[]
1800002310[]
1800002311[]
1800002312[]
1800002313[]
1800002314[]
1800002315[]
1800002316[]
1800002317[]
1800002318[]
1800002319[]
1800002320[]
1800002321[]
1800002322[]
1800002323[]
1800002324[]
1800002325[]
1800002326[]
1800002327[]
1800002328[]
1800002329[]
1800002330[]
1800002331[]
1800002332[]
1800002333[]
1800002334[]
1800002335[]
1800002336[]
1800002337[]
1800002338[]
1800002339[]
1800002340[]
1800002341[]
1800002342[]
1800002343[]
1800002344[]
1800002345[]
1800002346[]
1800002347[]
1800002348[]
1800002349[]
1800002350[]
1800002351[]
1800002352[]
1800002353[]
1800002354[]
1800002355[]
1800002356[]
1800002357[]
1800002358[]
1800002359[]
1800002360[]
1800002361[]
1800002362[]
1800002363[]
1800002364[]
1800002365[]
1800002366[]
1800002367[]
1800002368[]
1800002369[]
1800002370[]
1800002371[]
1800002372[]
1800002373[]
1800002374[]
1800002375[]
1800002376[]
1800002377[]
1800002378[]
1800002379[]
1800002380[]
1800002381[]
1800002382[]
1800002383[]
1800002384[]
1800002385[]
1800002386[]
1800002387[]
1800002388[]
1800002389[]
1800002390[]
1800002391[]
1800002392[]
1800002393[]
1800002394[]
1800002395[]
1800002396[]
1800002397[]
1800002398[]
1800002399[]
1800002400[]
1800002401[]
1800002402[]
1800002403[]
1800002404[]
1800002405[]
1800002406[]
1800002407[]
1800002408[]
1800002409[]
1800002410[]
1800002411[]
1800002412[]
1800002413[]
1800002414[]
1800002415[]
1800002416[]
1800002417[]
1800002418[]
1800002419[]
1800002420[]
1800002421[]
1800002422[]
1800002423[]
1800002424[]
1800002425[]
1800002426[]
1800002427[]
1800002428[]
1800002429[]
1800002430[]
1800002431[]
1800002432[]
1800002433[]
1800002434[]
1800002435[]
1800002436[]
1800002437[]
1800002438[]
1800002439[]
1800002440[]
1800002441[]
1800002442[]
1800002443[]
1800002444[]
1800002445[]
1800002446[]
1800002447[]
1800002448[]
1800002449[]
1800002450[]
1800002451[]
1800002452[]
1800002453[]
1800002454[]
1800002455[]
1800002456[]
1800002457[]
1800002458[]
1800002459[]
1800002460[]
1800002461[]
1800002462[]
1800002463[]
1800002464[]
1800002465[]
1800002466[]
1800002467[]
1800002468[]
1800002469[]
1800002470[]
1800002471[]
1800002472[]
1800002473[]
1800002474[]
1800002475[]
1800002476[]
1800002477[]
1800002478[]
1800002479[]
1800002480[]
1800002481[]
1800002482[]
