1800100001[354 117 12 31 0 0 1; ]
1800100002[354 119 13 31 0 0 1; ]
1800100003[354 120 13 32 0 0 1; ]
1800100004[353 124 13 32 0 0 1; ]
1800100005[352 127 13 32 0 0 1; ]
1800100006[351 130 13 32 0 0 1; ]
1800100007[351 132 13 32 0 0 1; ]
1800100008[350 133 13 32 0 0 1; ]
1800100009[350 133 13 32 0 0 1; ]
1800100010[350 131 13 33 0 0 1; ]
1800100011[350 130 13 33 0 0 1; ]
1800100012[350 128 13 33 0 0 1; ]
1800100013[350 125 13 33 0 0 1; ]
1800100014[351 122 13 33 0 0 1; ]
1800100015[351 118 13 33 0 0 1; ]
1800100016[350 116 12 33 0 0 1; ]
1800100017[350 115 12 33 0 0 1; ]
1800100018[350 113 12 33 0 0 1; ]
1800100019[350 111 12 33 0 0 1; ]
1800100020[350 110 12 33 0 0 1; ]
1800100021[350 109 12 33 0 0 1; ]
1800100022[350 108 12 33 0 0 1; ]
1800100023[350 108 12 33 0 0 1; ]
1800100024[350 108 12 33 0 0 1; ]
1800100025[350 108 12 33 0 0 1; ]
1800100026[349 108 12 33 0 0 1; ]
1800100027[349 108 12 33 0 0 1; ]
1800100028[349 108 12 33 0 0 1; ]
1800100029[349 108 12 33 0 0 1; ]
1800100030[349 110 12 33 0 0 1; ]
1800100031[349 112 12 33 0 0 1; ]
1800100032[348 114 13 33 0 0 1; ]
1800100033[347 114 13 33 0 0 1; ]
1800100034[348 114 13 33 0 0 1; ]
1800100035[348 113 13 34 0 0 1; ]
1800100036[348 110 13 34 0 0 1; ]
1800100037[348 106 13 34 0 0 1; ]
1800100038[348 104 13 34 0 0 1; ]
1800100039[348 102 13 35 0 0 1; ]
1800100040[348 99 13 35 0 0 1; ]
1800100041[347 96 13 35 0 0 1; ]
1800100042[347 92 14 35 0 0 1; ]
1800100043[347 90 14 35 0 0 1; ]
1800100044[347 89 14 36 0 0 1; ]
1800100045[347 88 14 36 0 0 1; ]
1800100046[347 88 14 36 0 0 1; ]
1800100047[346 88 14 36 0 0 1; ]
1800100048[345 90 14 36 0 0 1; ]
1800100049[345 92 14 36 0 0 1; ]
1800100050[345 96 14 36 0 0 1; ]
1800100051[345 99 15 37 0 0 1; ]
1800100052[344 102 15 37 0 0 1; ]
1800100053[344 104 15 37 0 0 1; ]
1800100054[344 105 15 36 0 0 1; ]
1800100055[344 106 15 37 0 0 1; ]
1800100056[344 106 15 37 0 0 1; ]
1800100057[343 108 15 37 0 0 1; ]
1800100058[343 109 14 37 0 0 1; ]
1800100059[343 111 14 37 0 0 1; ]
1800100060[343 114 14 37 0 0 1; ]
1800100061[344 117 14 37 0 0 1; ]
1800100062[343 119 14 37 0 0 1; ]
1800100063[343 120 15 38 0 0 1; ]
1800100064[342 120 15 38 0 0 1; ]
1800100065[342 120 15 39 0 0 1; ]
1800100066[342 117 16 39 0 0 1; ]
1800100067[342 111 16 39 0 0 1; ]
1800100068[342 105 16 40 0 0 1; ]
1800100069[342 101 16 40 0 0 1; ]
1800100070[342 98 17 41 0 0 1; ]
1800100071[342 96 17 41 0 0 1; ]
1800100072[343 98 17 42 0 0 1; ]
1800100073[343 101 18 42 0 0 1; ]
1800100074[344 105 18 43 0 0 1; ]
1800100075[345 110 18 43 0 0 1; ]
1800100076[346 114 19 43 0 0 1; ]
1800100077[347 114 19 43 0 0 1; ]
1800100078[348 114 19 44 0 0 1; ]
1800100079[349 114 19 44 0 0 1; ]
1800100080[351 112 19 44 0 0 1; ]
1800100081[353 109 19 44 0 0 1; ]
1800100082[355 106 19 44 0 0 1; ]
1800100083[356 103 19 44 0 0 1; ]
1800100084[]
1800100085[358 96 17 49 1 0 1; ]
1800100086[359 94 17 49 1 0 1; ]
1800100087[361 93 18 49 1 0 1; ]
1800100088[362 92 18 49 1 0 1; ]
1800100089[363 92 18 49 1 0 1; ]
1800100090[365 93 18 50 1 0 1; ]
1800100091[366 96 18 50 1 0 1; ]
1800100092[368 99 17 50 1 0 1; ]
1800100093[370 103 17 50 1 0 1; ]
1800100094[371 106 17 50 1 0 1; ]
1800100095[372 108 17 50 1 0 1; ]
1800100096[374 108 17 50 1 0 1; ]
1800100097[376 106 18 50 1 0 1; ]
1800100098[378 104 18 50 1 0 1; ]
1800100099[380 102 18 51 1 0 1; ]
1800100100[381 100 18 51 1 0 1; ]
1800100101[383 98 18 51 1 0 1; ]
1800100102[385 97 18 51 1 0 1; ]
1800100103[387 97 18 52 1 0 1; ]
1800100104[388 97 18 52 1 0 1; ]
1800100105[390 98 19 53 1 0 1; ]
1800100106[392 100 19 53 1 0 1; ]
1800100107[394 102 19 53 1 0 1; ]
1800100108[396 103 19 54 1 0 1; ]
1800100109[399 102 19 54 1 0 1; ]
1800100110[401 101 19 54 1 0 1; ]
1800100111[403 99 19 55 1 0 1; ]
1800100112[406 97 20 55 1 0 1; ]
1800100113[408 96 20 56 1 0 1; ]
1800100114[410 96 20 56 1 0 1; ]
1800100115[411 95 20 56 1 0 1; ]
1800100116[413 94 22 57 1 0 1; ]
1800100117[415 94 23 58 1 0 1; ]
1800100118[418 93 22 59 1 0 1; ]
1800100119[421 93 22 60 1 0 1; ]
1800100120[423 92 22 60 1 0 1; ]
1800100121[426 91 22 61 1 0 1; ]
1800100122[428 92 22 62 1 0 1; ]
1800100123[431 92 22 63 1 0 1; ]
1800100124[433 94 23 64 1 0 1; ]
1800100125[435 98 24 64 1 0 1; ]
1800100126[438 101 23 65 1 0 1; ]
1800100127[442 101 23 66 1 0 1; ]
1800100128[444 100 23 67 1 0 1; ]
1800100129[447 98 23 68 1 0 1; ]
1800100130[450 94 24 69 1 0 1; ]
1800100131[453 89 24 68 1 0 1; ]
1800100132[456 86 24 68 1 0 1; ]
1800100133[458 86 25 70 1 0 1; ]
1800100134[461 85 25 72 1 0 1; ]
1800100135[464 86 25 73 1 0 1; ]
1800100136[468 87 25 74 1 0 1; ]
1800100137[471 88 25 75 1 0 1; ]
1800100138[475 88 25 75 1 0 1; ]
1800100139[478 88 25 76 1 0 1; ]
1800100140[482 87 25 77 1 0 1; ]
1800100141[485 86 25 78 1 0 1; ]
1800100142[]
1800100143[]
1800100144[]
1800100145[]
1800100146[]
1800100147[]
1800100148[]
1800100149[]
1800100150[]
1800100151[]
1800100152[]
1800100153[]
1800100154[]
1800100155[]
1800100156[]
1800100157[]
1800100158[]
1800100159[]
1800100160[]
1800100161[]
1800100162[]
1800100163[]
1800100164[]
1800100165[]
1800100166[]
1800100167[]
1800100168[]
1800100169[]
1800100170[]
1800100171[]
1800100172[]
1800100173[]
1800100174[]
1800100175[]
1800100176[]
1800100177[]
1800100178[]
1800100179[]
1800100180[]
1800100181[]
1800100182[]
1800100183[]
1800100184[]
1800100185[]
1800100186[]
1800100187[]
1800100188[]
1800100189[]
1800100190[]
1800100191[]
1800100192[]
1800100193[]
1800100194[]
1800100195[]
1800100196[]
1800100197[]
1800100198[]
1800100199[]
1800100200[]
1800100201[]
1800100202[]
1800100203[]
1800100204[]
1800100205[]
1800100206[]
1800100207[]
1800100208[]
1800100209[]
1800100210[]
1800100211[]
1800100212[]
1800100213[]
1800100214[]
1800100215[]
1800100216[]
1800100217[]
1800100218[]
1800100219[]
1800100220[]
1800100221[]
1800100222[]
1800100223[]
1800100224[]
1800100225[]
1800100226[]
1800100227[]
1800100228[]
1800100229[]
1800100230[]
1800100231[]
1800100232[]
1800100233[]
1800100234[]
1800100235[]
1800100236[]
1800100237[]
1800100238[]
1800100239[]
1800100240[]
1800100241[]
1800100242[]
1800100243[]
1800100244[]
1800100245[]
1800100246[]
1800100247[]
1800100248[]
1800100249[]
1800100250[]
1800100251[]
1800100252[]
1800100253[]
1800100254[]
1800100255[]
1800100256[]
1800100257[]
1800100258[]
1800100259[]
1800100260[]
1800100261[]
1800100262[]
1800100263[]
1800100264[]
1800100265[]
1800100266[]
1800100267[]
1800100268[]
1800100269[]
1800100270[]
1800100271[]
1800100272[]
1800100273[]
1800100274[]
1800100275[]
1800100276[]
1800100277[]
1800100278[]
1800100279[]
1800100280[]
1800100281[]
1800100282[]
1800100283[]
1800100284[]
1800100285[]
1800100286[]
1800100287[]
1800100288[]
1800100289[]
1800100290[]
1800100291[]
1800100292[]
1800100293[]
1800100294[]
1800100295[]
1800100296[]
1800100297[]
1800100298[]
1800100299[]
1800100300[]
1800100301[]
1800100302[]
1800100303[]
1800100304[]
1800100305[]
1800100306[]
1800100307[]
1800100308[]
1800100309[]
1800100310[]
1800100311[]
1800100312[]
1800100313[]
1800100314[]
1800100315[]
1800100316[]
1800100317[]
1800100318[]
1800100319[]
1800100320[]
1800100321[]
1800100322[]
1800100323[]
1800100324[]
1800100325[]
1800100326[]
1800100327[]
1800100328[]
1800100329[]
1800100330[]
1800100331[]
1800100332[]
1800100333[]
1800100334[]
1800100335[]
1800100336[]
1800100337[]
1800100338[]
1800100339[]
1800100340[]
1800100341[]
1800100342[]
1800100343[]
1800100344[]
1800100345[]
1800100346[]
1800100347[]
1800100348[]
1800100349[]
1800100350[]
1800100351[]
1800100352[]
1800100353[]
1800100354[]
1800100355[]
1800100356[]
1800100357[]
1800100358[]
1800100359[]
1800100360[]
1800100361[]
1800100362[]
1800100363[]
1800100364[]
1800100365[]
1800100366[]
1800100367[]
1800100368[]
1800100369[]
1800100370[]
1800100371[]
1800100372[]
1800100373[]
1800100374[]
1800100375[]
1800100376[]
1800100377[]
1800100378[]
1800100379[]
1800100380[]
1800100381[]
1800100382[]
1800100383[]
1800100384[]
1800100385[]
1800100386[]
1800100387[]
1800100388[]
1800100389[]
1800100390[]
1800100391[]
1800100392[]
1800100393[]
1800100394[]
1800100395[]
1800100396[]
1800100397[]
1800100398[]
1800100399[]
1800100400[]
1800100401[]
1800100402[]
1800100403[]
1800100404[]
1800100405[]
1800100406[]
1800100407[]
1800100408[]
1800100409[]
1800100410[]
1800100411[]
1800100412[]
1800100413[]
1800100414[]
1800100415[]
1800100416[]
1800100417[]
1800100418[]
1800100419[]
1800100420[]
1800100421[]
1800100422[]
1800100423[]
1800100424[]
1800100425[]
1800100426[]
1800100427[]
1800100428[]
1800100429[]
1800100430[]
1800100431[]
1800100432[]
1800100433[]
1800100434[]
1800100435[]
1800100436[]
1800100437[]
1800100438[]
1800100439[]
1800100440[]
1800100441[]
1800100442[]
1800100443[]
1800100444[]
1800100445[]
1800100446[]
1800100447[]
1800100448[]
1800100449[]
1800100450[]
1800100451[]
1800100452[]
1800100453[]
1800100454[]
1800100455[]
1800100456[]
1800100457[]
1800100458[]
1800100459[]
1800100460[]
1800100461[]
1800100462[]
1800100463[]
1800100464[]
1800100465[]
1800100466[]
1800100467[]
1800100468[]
1800100469[]
1800100470[]
1800100471[]
1800100472[]
1800100473[]
1800100474[]
1800100475[]
1800100476[]
1800100477[]
1800100478[]
1800100479[]
1800100480[]
1800100481[]
1800100482[]
1800100483[]
1800100484[]
1800100485[]
1800100486[]
1800100487[]
1800100488[]
1800100489[]
1800100490[]
1800100491[]
1800100492[]
1800100493[]
1800100494[]
1800100495[]
1800100496[]
1800100497[]
1800100498[]
1800100499[]
1800100500[]
1800100501[]
1800100502[]
1800100503[]
1800100504[]
1800100505[]
1800100506[]
1800100507[]
1800100508[]
1800100509[]
1800100510[]
1800100511[]
1800100512[]
1800100513[]
1800100514[]
1800100515[]
1800100516[]
1800100517[]
1800100518[]
1800100519[]
1800100520[]
1800100521[]
1800100522[]
1800100523[]
1800100524[]
1800100525[]
1800100526[]
1800100527[]
1800100528[]
1800100529[]
1800100530[]
1800100531[]
1800100532[]
1800100533[]
1800100534[]
1800100535[]
1800100536[]
1800100537[]
1800100538[]
1800100539[]
1800100540[]
1800100541[]
1800100542[]
1800100543[]
1800100544[]
1800100545[]
1800100546[]
1800100547[]
1800100548[]
1800100549[]
1800100550[]
1800100551[]
1800100552[]
1800100553[]
1800100554[]
1800100555[]
1800100556[]
1800100557[]
1800100558[]
1800100559[]
1800100560[]
1800100561[]
1800100562[]
1800100563[]
1800100564[]
1800100565[]
1800100566[]
1800100567[]
1800100568[]
1800100569[]
1800100570[]
1800100571[]
1800100572[]
1800100573[]
1800100574[]
1800100575[]
1800100576[]
1800100577[]
1800100578[]
1800100579[]
1800100580[]
1800100581[]
1800100582[]
1800100583[]
1800100584[]
1800100585[]
1800100586[]
1800100587[]
1800100588[]
1800100589[]
1800100590[]
1800100591[]
1800100592[]
1800100593[]
1800100594[]
1800100595[]
1800100596[]
1800100597[]
1800100598[]
1800100599[]
1800100600[]
1800100601[]
1800100602[]
1800100603[]
1800100604[]
1800100605[]
1800100606[]
1800100607[]
1800100608[]
1800100609[]
1800100610[]
1800100611[]
1800100612[]
1800100613[]
1800100614[]
1800100615[]
1800100616[]
1800100617[]
1800100618[]
1800100619[]
1800100620[]
1800100621[]
1800100622[]
1800100623[]
1800100624[]
1800100625[]
1800100626[]
1800100627[]
1800100628[]
1800100629[]
1800100630[]
1800100631[]
1800100632[]
1800100633[]
1800100634[]
1800100635[]
1800100636[]
1800100637[]
1800100638[]
1800100639[]
1800100640[]
1800100641[]
1800100642[]
1800100643[]
1800100644[]
1800100645[]
1800100646[]
1800100647[]
1800100648[]
1800100649[]
1800100650[]
1800100651[]
1800100652[]
1800100653[]
1800100654[]
1800100655[]
1800100656[]
1800100657[]
1800100658[]
1800100659[]
1800100660[]
1800100661[]
1800100662[]
1800100663[]
1800100664[]
1800100665[]
1800100666[]
1800100667[]
1800100668[]
1800100669[]
1800100670[]
1800100671[]
1800100672[]
1800100673[]
1800100674[]
1800100675[]
1800100676[]
1800100677[]
1800100678[]
1800100679[]
1800100680[]
1800100681[]
1800100682[]
1800100683[]
1800100684[]
1800100685[]
1800100686[444 141 16 46 2 1 1; ]
1800100687[444 141 17 43 2 1 1; ]
1800100688[445 141 18 41 2 1 1; ]
1800100689[445 142 18 40 2 1 1; ]
1800100690[446 142 17 39 2 1 1; ]
1800100691[447 143 16 39 2 1 1; ]
1800100692[447 143 16 40 2 1 1; ]
1800100693[448 144 16 41 2 1 1; ]
1800100694[448 145 16 43 2 1 1; ]
1800100695[449 145 16 43 2 1 1; ]
1800100696[450 145 16 42 2 1 1; ]
1800100697[450 146 16 40 2 1 1; ]
1800100698[450 146 16 39 2 1 1; ]
1800100699[451 144 15 40 39 1 3; ]
1800100700[452 144 15 38 39 1 3; ]
1800100701[452 143 15 36 39 1 3; ]
1800100702[453 143 15 34 39 1 3; ]
1800100703[453 142 15 32 39 1 3; ]
1800100704[]
1800100705[]
1800100706[]
1800100707[]
1800100708[]
1800100709[]
1800100710[]
1800100711[]
1800100712[]
1800100713[]
1800100714[]
1800100715[]
1800100716[]
1800100717[]
1800100718[]
1800100719[]
1800100720[]
1800100721[]
1800100722[455 135 13 37 40 1 3; ]
1800100723[456 134 14 38 40 1 3; ]
1800100724[457 133 14 39 40 1 3; ]
1800100725[457 132 15 41 40 1 3; ]
1800100726[458 131 15 42 40 1 3; ]
1800100727[458 130 16 43 40 1 3; ]
1800100728[458 128 15 51 3 1 1; ]
1800100729[459 127 16 51 3 1 1; ]
1800100730[460 126 18 51 3 1 1; ]
1800100731[461 126 19 51 3 1 1; ]
1800100732[462 127 18 52 3 1 1; ]
1800100733[463 130 20 51 3 1 1; ]
1800100734[463 133 20 52 3 1 1; ]
1800100735[464 136 21 52 3 1 1; ]
1800100736[464 138 21 52 3 1 1; ]
1800100737[465 139 20 52 3 1 1; ]
1800100738[467 140 20 52 3 1 1; ]
1800100739[468 139 19 52 3 1 1; ]
1800100740[470 138 17 53 3 1 1; ]
1800100741[471 138 16 53 3 1 1; ]
1800100742[472 138 15 53 3 1 1; ]
1800100743[473 138 15 53 3 1 1; ]
1800100744[475 138 15 53 3 1 1; ]
1800100745[472 137 17 47 41 1 3; ]
1800100746[473 136 16 45 41 1 3; ]
1800100747[475 136 15 44 41 1 3; ]
1800100748[]
1800100749[]
1800100750[]
1800100751[]
1800100752[]
1800100753[]
1800100754[]
1800100755[]
1800100756[]
1800100757[]
1800100758[]
1800100759[474 132 15 49 42 1 3; ]
1800100760[475 132 18 52 42 1 3; ]
1800100761[476 132 21 56 42 1 3; ]
1800100762[477 132 24 59 42 1 3; ]
1800100763[477 130 22 62 4 1 1; ]
1800100764[477 128 24 63 4 1 1; ]
1800100765[477 126 26 64 4 1 1; ]
1800100766[478 124 27 66 4 1 1; ]
1800100767[478 121 28 67 4 1 1; ]
1800100768[480 119 29 68 4 1 1; ]
1800100769[]
1800100770[]
1800100771[]
1800100772[]
1800100773[]
1800100774[]
1800100775[]
1800100776[]
1800100777[]
1800100778[]
1800100779[]
1800100780[]
1800100781[]
1800100782[]
1800100783[]
1800100784[]
1800100785[]
1800100786[]
1800100787[]
1800100788[]
1800100789[]
1800100790[]
1800100791[]
1800100792[]
1800100793[]
1800100794[]
1800100795[]
1800100796[]
1800100797[]
1800100798[]
1800100799[]
1800100800[]
1800100801[]
1800100802[]
1800100803[]
1800100804[]
1800100805[]
1800100806[]
1800100807[]
1800100808[]
1800100809[]
1800100810[]
1800100811[]
1800100812[]
1800100813[]
1800100814[]
1800100815[]
1800100816[]
1800100817[]
1800100818[]
1800100819[]
1800100820[]
1800100821[]
1800100822[]
1800100823[]
1800100824[]
1800100825[]
1800100826[]
1800100827[]
1800100828[]
1800100829[]
1800100830[]
1800100831[]
1800100832[]
1800100833[]
1800100834[]
1800100835[]
1800100836[]
1800100837[]
1800100838[]
1800100839[]
1800100840[]
1800100841[]
1800100842[]
1800100843[]
1800100844[]
1800100845[]
1800100846[]
1800100847[]
1800100848[]
1800100849[]
1800100850[]
1800100851[]
1800100852[]
1800100853[]
1800100854[]
1800100855[]
1800100856[]
1800100857[]
1800100858[]
1800100859[]
1800100860[]
1800100861[]
1800100862[]
1800100863[]
1800100864[]
1800100865[]
1800100866[]
1800100867[]
1800100868[]
1800100869[]
1800100870[]
1800100871[]
1800100872[]
1800100873[]
1800100874[]
1800100875[]
1800100876[]
1800100877[]
1800100878[]
1800100879[]
1800100880[]
1800100881[]
1800100882[]
1800100883[]
1800100884[]
1800100885[]
1800100886[]
1800100887[]
1800100888[]
1800100889[]
1800100890[]
1800100891[]
1800100892[]
1800100893[]
1800100894[]
1800100895[]
1800100896[]
1800100897[]
1800100898[]
1800100899[]
1800100900[]
1800100901[]
1800100902[]
1800100903[]
1800100904[]
1800100905[]
1800100906[]
1800100907[]
1800100908[]
1800100909[]
1800100910[]
1800100911[]
1800100912[]
1800100913[]
1800100914[]
1800100915[]
1800100916[]
1800100917[]
1800100918[]
1800100919[]
1800100920[]
1800100921[]
1800100922[]
1800100923[]
1800100924[]
1800100925[]
1800100926[]
1800100927[]
1800100928[]
1800100929[]
1800100930[]
1800100931[]
1800100932[]
1800100933[]
1800100934[]
1800100935[]
1800100936[]
1800100937[]
1800100938[]
1800100939[]
1800100940[]
1800100941[]
1800100942[]
1800100943[]
1800100944[]
1800100945[]
1800100946[]
1800100947[]
1800100948[]
1800100949[]
1800100950[]
1800100951[]
1800100952[]
1800100953[]
1800100954[]
1800100955[]
1800100956[]
1800100957[]
1800100958[]
1800100959[]
1800100960[]
1800100961[]
1800100962[]
1800100963[]
1800100964[]
1800100965[]
1800100966[]
1800100967[]
1800100968[]
1800100969[]
1800100970[]
1800100971[]
1800100972[]
1800100973[]
1800100974[]
1800100975[]
1800100976[]
1800100977[]
1800100978[]
1800100979[]
1800100980[]
1800100981[]
1800100982[]
1800100983[]
1800100984[]
1800100985[]
1800100986[]
1800100987[]
1800100988[]
1800100989[]
1800100990[]
1800100991[]
1800100992[]
1800100993[]
1800100994[]
1800100995[]
1800100996[]
1800100997[]
1800100998[]
1800100999[]
1800101000[]
1800101001[]
1800101002[]
1800101003[]
1800101004[]
1800101005[]
1800101006[]
1800101007[]
1800101008[]
1800101009[]
1800101010[]
1800101011[]
1800101012[]
1800101013[]
1800101014[]
1800101015[]
1800101016[]
1800101017[]
1800101018[]
1800101019[]
1800101020[]
1800101021[]
1800101022[]
1800101023[]
1800101024[]
1800101025[]
1800101026[]
1800101027[]
1800101028[]
1800101029[]
1800101030[]
1800101031[]
1800101032[]
1800101033[]
1800101034[]
1800101035[]
1800101036[]
1800101037[]
1800101038[]
1800101039[]
1800101040[]
1800101041[]
1800101042[]
1800101043[]
1800101044[]
1800101045[]
1800101046[]
1800101047[]
1800101048[]
1800101049[]
1800101050[]
1800101051[]
1800101052[]
1800101053[]
1800101054[]
1800101055[]
1800101056[]
1800101057[]
1800101058[]
1800101059[]
1800101060[]
1800101061[]
1800101062[]
1800101063[]
1800101064[]
1800101065[]
1800101066[]
1800101067[]
1800101068[]
1800101069[]
1800101070[]
1800101071[]
1800101072[]
1800101073[]
1800101074[]
1800101075[]
1800101076[]
1800101077[]
1800101078[]
1800101079[]
1800101080[]
1800101081[]
1800101082[]
1800101083[]
1800101084[]
1800101085[]
1800101086[]
1800101087[]
1800101088[]
1800101089[]
1800101090[]
1800101091[]
1800101092[]
1800101093[]
1800101094[]
1800101095[]
1800101096[]
1800101097[]
1800101098[]
1800101099[]
1800101100[]
1800101101[]
1800101102[]
1800101103[]
1800101104[]
1800101105[]
1800101106[]
1800101107[]
1800101108[]
1800101109[]
1800101110[]
1800101111[]
1800101112[]
1800101113[]
1800101114[]
1800101115[]
1800101116[]
1800101117[]
1800101118[]
1800101119[]
1800101120[]
1800101121[]
1800101122[]
1800101123[]
1800101124[]
1800101125[]
1800101126[]
1800101127[]
1800101128[]
1800101129[]
1800101130[]
1800101131[]
1800101132[]
1800101133[]
1800101134[]
1800101135[]
1800101136[]
1800101137[]
1800101138[]
1800101139[]
1800101140[]
1800101141[]
1800101142[]
1800101143[]
1800101144[]
1800101145[]
1800101146[]
1800101147[]
1800101148[]
1800101149[]
1800101150[]
1800101151[]
1800101152[]
1800101153[]
1800101154[]
1800101155[]
1800101156[]
1800101157[]
1800101158[]
1800101159[]
1800101160[]
1800101161[]
1800101162[]
1800101163[]
1800101164[]
1800101165[]
1800101166[]
1800101167[]
1800101168[]
1800101169[]
1800101170[]
1800101171[]
1800101172[]
1800101173[]
1800101174[]
1800101175[]
1800101176[]
1800101177[]
1800101178[]
1800101179[]
1800101180[]
1800101181[]
1800101182[]
1800101183[]
1800101184[]
1800101185[]
1800101186[]
1800101187[]
1800101188[]
1800101189[]
1800101190[]
1800101191[]
1800101192[]
1800101193[]
1800101194[]
1800101195[]
1800101196[]
1800101197[]
1800101198[]
1800101199[]
1800101200[]
1800101201[]
1800101202[]
1800101203[]
1800101204[]
1800101205[]
1800101206[]
1800101207[]
1800101208[]
1800101209[]
1800101210[]
1800101211[]
1800101212[]
1800101213[]
1800101214[]
1800101215[]
1800101216[]
1800101217[]
1800101218[]
1800101219[]
1800101220[]
1800101221[]
1800101222[]
1800101223[]
1800101224[]
1800101225[]
1800101226[]
1800101227[]
1800101228[]
1800101229[]
1800101230[]
1800101231[]
1800101232[]
1800101233[]
1800101234[]
1800101235[]
1800101236[]
1800101237[]
1800101238[]
1800101239[]
1800101240[]
1800101241[]
1800101242[]
1800101243[]
1800101244[]
1800101245[]
1800101246[]
1800101247[]
1800101248[]
1800101249[]
1800101250[]
1800101251[]
1800101252[]
1800101253[]
1800101254[]
1800101255[]
1800101256[]
1800101257[]
1800101258[]
1800101259[]
1800101260[]
1800101261[]
1800101262[]
1800101263[]
1800101264[]
1800101265[]
1800101266[]
1800101267[]
1800101268[]
1800101269[]
1800101270[]
1800101271[]
1800101272[]
1800101273[]
1800101274[]
1800101275[]
1800101276[]
1800101277[]
1800101278[]
1800101279[]
1800101280[]
1800101281[]
1800101282[]
1800101283[]
1800101284[]
1800101285[]
1800101286[]
1800101287[]
1800101288[]
1800101289[]
1800101290[]
1800101291[]
1800101292[]
1800101293[]
1800101294[]
1800101295[]
1800101296[]
1800101297[]
1800101298[]
1800101299[]
1800101300[]
1800101301[]
1800101302[]
1800101303[]
1800101304[]
1800101305[]
1800101306[]
1800101307[]
1800101308[]
1800101309[]
1800101310[]
1800101311[]
1800101312[]
1800101313[]
1800101314[]
1800101315[]
1800101316[]
1800101317[]
1800101318[]
1800101319[]
1800101320[]
1800101321[]
1800101322[]
1800101323[]
1800101324[]
1800101325[]
1800101326[]
1800101327[]
1800101328[]
1800101329[]
1800101330[]
1800101331[]
1800101332[]
1800101333[]
1800101334[]
1800101335[]
1800101336[]
1800101337[]
1800101338[]
1800101339[]
1800101340[]
1800101341[]
1800101342[]
1800101343[]
1800101344[]
1800101345[]
1800101346[]
1800101347[]
1800101348[]
1800101349[]
1800101350[]
1800101351[]
1800101352[]
1800101353[]
1800101354[]
1800101355[]
1800101356[]
1800101357[]
1800101358[]
1800101359[]
1800101360[]
1800101361[]
1800101362[]
1800101363[]
1800101364[]
1800101365[]
1800101366[]
1800101367[]
1800101368[]
1800101369[]
1800101370[]
1800101371[]
1800101372[]
1800101373[480 50 14 38 6 1 1; ]
1800101374[476 54 14 38 6 1 1; ]
1800101375[473 57 14 38 6 1 1; ]
1800101376[471 59 14 38 6 1 1; ]
1800101377[469 63 14 38 6 1 1; ]
1800101378[466 67 14 38 6 1 1; ]
1800101379[464 72 14 38 6 1 1; ]
1800101380[461 76 14 38 6 1 1; ]
1800101381[458 79 14 38 6 1 1; ]
1800101382[455 81 14 38 6 1 1; ]
1800101383[452 82 14 38 6 1 1; ]
1800101384[449 83 14 38 6 1 1; 482 82 29 38 9 1 -1; ]
1800101385[446 84 14 38 6 1 1; 478 81 29 38 9 1 -1; ]
1800101386[443 83 14 38 6 1 1; 476 80 29 38 9 1 -1; ]
1800101387[441 81 14 38 6 1 1; 474 80 29 38 9 1 -1; ]
1800101388[439 79 14 38 6 1 1; 472 80 28 38 9 1 -1; ]
1800101389[437 80 14 38 6 1 1; 471 79 28 38 9 1 -1; ]
1800101390[434 80 14 38 6 1 1; 469 79 28 38 9 1 -1; ]
1800101391[431 79 14 38 6 1 1; 466 78 28 38 9 1 -1; ]
1800101392[428 78 14 38 6 1 1; 463 76 28 38 9 1 -1; ]
1800101393[426 75 14 38 6 1 1; 461 73 28 38 9 1 -1; ]
1800101394[424 70 14 38 6 1 1; 460 69 28 38 9 1 -1; ]
1800101395[422 67 14 38 6 1 1; 458 63 28 38 9 1 -1; ]
1800101396[420 65 14 38 6 1 1; 454 61 28 38 9 1 -1; ]
1800101397[417 65 14 38 6 1 1; 452 61 28 38 9 1 -1; ]
1800101398[413 66 14 38 6 1 1; 451 62 27 38 9 1 -1; ]
1800101399[409 68 14 38 6 1 1; 447 65 26 38 9 1 -1; ]
1800101400[406 70 14 38 6 1 1; 443 70 26 38 9 1 -1; ]
1800101401[402 77 14 38 6 1 1; 440 75 26 38 9 1 -1; ]
1800101402[398 82 14 38 6 1 1; 436 80 26 38 9 1 -1; ]
1800101403[394 85 14 38 6 1 1; 433 82 26 38 9 1 -1; ]
1800101404[391 87 14 38 6 1 1; 431 86 26 38 9 1 -1; ]
1800101405[388 88 14 38 6 1 1; 428 87 26 38 9 1 -1; ]
1800101406[385 88 14 38 6 1 1; 425 87 26 38 9 1 -1; ]
1800101407[382 87 14 38 6 1 1; 422 86 25 38 9 1 -1; ]
1800101408[379 86 14 38 6 1 1; 418 83 24 35 9 1 -1; ]
1800101409[376 86 14 38 6 1 1; 415 80 24 33 9 1 -1; ]
1800101410[412 76 24 32 9 1 -1; ]
1800101411[409 73 24 31 9 1 -1; ]
1800101412[405 69 24 31 9 1 -1; ]
1800101413[402 65 24 31 9 1 -1; ]
1800101414[398 61 23 32 9 1 -1; ]
1800101415[395 60 23 32 9 1 -1; ]
1800101416[391 60 23 32 9 1 -1; ]
1800101417[388 62 24 32 9 1 -1; ]
1800101418[384 64 24 31 9 1 -1; ]
1800101419[380 66 24 31 9 1 -1; ]
1800101420[376 68 24 31 9 1 -1; ]
1800101421[372 70 24 31 9 1 -1; ]
1800101422[368 72 24 31 9 1 -1; ]
1800101423[364 72 24 31 9 1 -1; ]
1800101424[361 72 24 31 9 1 -1; ]
1800101425[357 71 24 31 9 1 -1; ]
1800101426[353 71 24 31 9 1 -1; ]
1800101427[348 71 24 31 9 1 -1; ]
1800101428[344 71 24 31 9 1 -1; ]
1800101429[340 71 24 31 9 1 -1; ]
1800101430[336 73 24 31 9 1 -1; ]
1800101431[331 76 24 31 9 1 -1; ]
1800101432[327 79 24 31 9 1 -1; ]
1800101433[322 81 24 31 9 1 -1; ]
1800101434[319 80 24 32 9 1 -1; ]
1800101435[315 78 24 34 9 1 -1; ]
1800101436[312 76 25 35 9 1 -1; ]
1800101437[308 74 25 36 9 1 -1; ]
1800101438[305 71 24 35 9 1 -1; ]
1800101439[299 70 26 39 10 1 2; ]
1800101440[295 70 26 40 10 1 2; ]
1800101441[291 71 27 40 10 1 2; ]
1800101442[286 72 27 41 10 1 2; ]
1800101443[282 75 27 41 10 1 2; ]
1800101444[278 79 27 42 10 1 2; ]
1800101445[273 84 27 42 10 1 2; ]
1800101446[269 89 28 42 10 1 2; ]
1800101447[264 91 28 43 10 1 2; ]
1800101448[260 91 28 43 10 1 2; ]
1800101449[256 90 28 43 10 1 2; ]
1800101450[251 88 28 43 10 1 2; ]
1800101451[247 86 29 43 10 1 2; ]
1800101452[243 82 29 43 10 1 2; 491 76 20 45 43 1 -1; ]
1800101453[238 76 29 43 10 1 2; 489 73 20 45 43 1 -1; ]
1800101454[234 68 29 43 10 1 2; 486 71 20 45 43 1 -1; ]
1800101455[230 66 29 44 10 1 2; 484 68 20 45 43 1 -1; ]
1800101456[225 66 30 44 10 1 2; 482 65 20 45 43 1 -1; ]
1800101457[221 70 30 45 10 0 2; ]
1800101458[217 73 30 45 10 0 2; ]
1800101459[212 79 30 46 10 0 2; ]
1800101460[207 85 30 46 10 0 2; ]
1800101461[202 88 30 47 10 0 2; ]
1800101462[199 88 30 47 10 0 2; ]
1800101463[196 88 31 48 10 0 2; ]
1800101464[191 86 31 48 10 0 2; ]
1800101465[187 84 31 49 10 0 2; ]
1800101466[182 82 31 49 10 0 2; ]
1800101467[178 80 31 50 10 0 2; ]
1800101468[174 77 31 50 10 0 2; ]
1800101469[171 75 32 51 10 0 2; ]
1800101470[167 73 32 51 10 0 2; ]
1800101471[163 72 32 51 10 0 2; ]
1800101472[160 72 32 51 10 0 2; ]
1800101473[157 71 33 51 10 0 2; ]
1800101474[101 73 16 43 7 1 1; 154 72 33 52 10 0 2; ]
1800101475[96 74 16 43 7 1 1; 151 72 33 53 10 0 2; ]
1800101476[93 76 16 44 7 1 1; 148 73 34 54 10 0 2; ]
1800101477[91 78 16 45 7 1 1; 145 75 34 54 10 0 2; ]
1800101478[87 79 17 45 7 1 1; 143 78 34 53 10 0 2; ]
1800101479[85 84 17 46 7 1 1; 140 82 35 51 10 0 2; ]
1800101480[82 90 17 47 7 1 1; 138 88 35 53 10 0 2; ]
1800101481[80 93 17 47 7 1 1; 136 92 35 54 10 0 2; ]
1800101482[78 95 17 47 7 1 1; 134 94 35 52 10 0 2; ]
1800101483[76 96 17 47 7 1 1; 133 95 36 50 10 0 2; 400 95 13 44 44 1 3; ]
1800101484[74 95 17 47 7 1 1; 130 90 36 55 10 0 2; 399 94 14 44 44 1 3; ]
1800101485[72 92 17 47 7 1 1; 128 88 37 55 10 0 2; 398 91 15 44 44 1 3; ]
1800101486[70 88 17 47 7 1 1; 126 85 38 55 10 0 2; 397 88 16 44 44 1 3; ]
1800101487[68 84 18 47 7 1 1; 125 81 39 55 10 0 2; 397 85 16 45 44 1 3; ]
1800101488[65 79 18 47 7 1 1; 122 74 39 56 10 0 2; 396 80 17 45 44 1 3; ]
1800101489[63 73 19 47 7 1 1; 120 67 40 56 10 0 2; 395 75 18 46 44 1 3; ]
1800101490[60 67 19 47 7 1 1; 119 63 40 56 10 0 2; 394 68 19 48 44 1 3; ]
1800101491[58 64 19 47 7 1 1; 117 63 41 56 10 0 2; 393 61 19 49 44 1 3; ]
1800101492[55 65 19 47 7 1 1; 114 64 41 56 10 0 2; ]
1800101493[53 67 19 47 7 1 1; 112 66 41 57 10 0 2; ]
1800101494[51 72 19 47 7 1 1; 110 70 41 57 10 0 2; ]
1800101495[49 78 19 47 7 1 1; 109 74 41 57 10 0 2; ]
1800101496[47 81 19 47 7 1 1; 108 77 41 57 10 0 2; ]
1800101497[45 83 19 47 7 1 1; 106 79 40 58 10 0 2; ]
1800101498[43 82 19 46 7 1 1; 105 80 40 58 10 0 2; ]
1800101499[41 82 19 46 7 1 1; 104 81 40 58 10 0 2; 288 114 25 34 13 1 2; ]
1800101500[39 81 19 46 7 1 1; 103 78 41 58 10 0 2; 287 111 25 34 13 1 2; ]
1800101501[37 81 19 46 7 1 1; 101 75 41 59 10 0 2; 287 108 25 33 13 1 2; ]
1800101502[34 79 19 46 7 1 1; 99 72 42 59 10 0 2; 286 106 25 33 13 1 2; ]
1800101503[32 77 19 46 7 1 1; 97 70 42 60 10 0 2; 286 105 25 33 13 1 2; ]
1800101504[30 75 19 47 7 1 1; 95 70 43 60 10 0 2; 286 105 25 33 13 1 2; ]
1800101505[28 75 19 47 7 1 1; 94 70 43 61 10 0 2; 285 105 25 33 13 1 2; 378 73 21 50 45 1 3; ]
1800101506[26 75 19 47 7 1 1; 93 70 43 61 10 0 2; 285 105 25 33 13 1 2; 378 73 20 50 45 1 3; ]
1800101507[24 75 19 47 7 1 1; 92 70 44 61 10 0 2; 285 105 25 34 13 1 2; 377 73 20 50 45 1 3; ]
1800101508[23 75 19 47 7 1 1; 91 71 44 62 10 0 2; 285 105 25 34 13 1 2; 376 74 20 50 45 1 3; ]
1800101509[90 71 44 62 10 0 2; 285 105 25 34 13 1 2; 375 74 20 50 45 1 3; ]
1800101510[89 72 44 62 10 0 2; 284 104 25 34 13 1 2; 411 85 28 50 19 1 2; 374 74 20 50 45 1 3; ]
1800101511[87 72 44 62 10 0 2; 284 104 25 35 13 1 2; 411 84 31 49 19 1 2; 373 74 20 50 45 1 3; ]
1800101512[86 71 44 62 10 0 2; 284 104 25 35 13 1 2; 411 84 33 48 19 1 2; 373 74 19 49 45 1 3; ]
1800101513[84 70 44 62 10 0 2; 284 104 25 35 13 1 2; 373 72 20 56 17 1 1; 411 83 34 48 19 1 2; ]
1800101514[83 68 44 63 10 0 2; 283 104 25 36 13 1 2; 373 71 20 56 17 1 1; 413 82 34 46 19 1 2; ]
1800101515[81 68 45 60 10 0 2; 283 104 25 36 13 1 2; 373 70 20 56 17 1 1; 415 81 33 46 19 1 2; ]
1800101516[80 68 46 61 10 0 2; 283 104 25 36 13 1 2; 373 70 20 56 17 1 1; 417 80 33 48 19 1 2; ]
1800101517[78 68 46 62 10 0 2; 283 105 25 37 13 1 2; 373 70 20 56 17 1 1; 419 79 32 50 19 1 2; ]
1800101518[76 68 47 63 10 0 2; 282 105 25 37 13 1 2; 373 70 20 56 17 1 1; 421 80 32 49 19 1 2; ]
1800101519[74 68 48 64 10 0 2; 282 106 25 38 13 1 2; 373 71 20 56 17 1 1; 422 82 31 48 19 1 2; ]
1800101520[73 68 48 64 10 0 2; 282 107 25 39 13 1 2; 373 72 20 56 17 1 1; 424 84 31 46 19 1 2; ]
1800101521[71 69 49 65 10 0 2; 282 108 26 40 13 1 2; 373 73 20 56 17 1 1; 425 85 30 46 19 1 2; ]
1800101522[69 69 50 65 10 0 2; 281 109 26 40 13 1 2; 426 85 30 46 19 1 2; ]
1800101523[68 69 50 65 10 0 2; 281 110 26 41 13 1 2; 427 85 29 48 19 1 2; ]
1800101524[66 70 51 65 10 0 2; 281 111 26 42 13 1 2; 427 85 28 50 19 1 2; ]
1800101525[64 70 52 66 10 0 2; 281 112 26 42 13 1 2; ]
1800101526[62 70 52 66 10 0 2; 281 113 26 42 13 1 2; ]
1800101527[61 71 53 66 10 0 2; 280 114 26 42 13 1 2; ]
1800101528[59 71 54 66 10 0 2; 280 114 26 41 13 1 2; 368 74 17 52 46 1 3; ]
1800101529[57 72 54 66 10 0 2; 280 115 25 39 13 1 2; 367 71 17 55 46 1 3; ]
1800101530[56 68 55 68 10 0 2; 280 111 26 42 13 1 2; 367 69 17 57 46 1 3; ]
1800101531[54 66 55 69 10 0 2; 279 109 26 44 13 1 2; 367 68 17 57 46 1 3; ]
1800101532[53 66 56 70 10 0 2; 279 108 26 45 13 1 2; 366 68 18 57 46 1 3; ]
1800101533[51 65 56 71 10 0 2; 279 108 27 46 13 1 2; 366 68 18 56 46 1 3; ]
1800101534[49 67 56 72 10 0 2; 279 112 28 45 13 1 2; 366 70 18 54 46 1 3; ]
1800101535[47 71 57 72 10 0 2; 279 118 28 45 13 1 2; ]
1800101536[45 76 57 73 10 0 2; 279 121 28 45 13 1 2; ]
1800101537[44 79 58 73 10 0 2; 279 125 27 45 13 1 2; ]
1800101538[42 81 58 73 10 0 2; 279 127 27 46 13 1 2; ]
1800101539[41 83 58 73 10 0 2; 279 129 27 46 13 1 2; ]
1800101540[40 85 59 73 10 0 2; 279 129 27 46 13 1 2; ]
1800101541[38 85 59 73 10 0 2; 279 129 28 46 13 1 2; ]
1800101542[37 85 60 73 10 0 2; 279 130 28 46 13 1 2; 362 91 18 52 47 1 3; ]
1800101543[35 83 60 73 10 0 2; 279 130 28 46 13 1 2; 362 89 18 54 47 1 3; ]
1800101544[34 80 60 73 10 0 2; 280 129 28 46 13 1 2; 362 87 19 56 47 1 3; ]
1800101545[31 78 62 74 10 0 2; 280 127 28 46 13 1 2; 361 85 20 58 47 1 3; ]
1800101546[29 77 63 75 10 0 2; 280 126 28 46 13 1 2; 361 83 20 60 47 1 3; ]
1800101547[27 77 64 76 10 0 2; 281 125 28 46 13 1 2; 453 94 28 55 20 1 2; 361 81 21 62 47 1 3; ]
1800101548[24 78 66 77 10 0 2; 281 125 28 46 13 1 2; 363 84 22 65 18 1 1; 455 98 29 55 20 1 2; ]
1800101549[22 79 67 78 10 0 2; 281 126 28 47 13 1 2; 363 85 23 65 18 1 1; 456 100 30 56 20 1 2; ]
1800101550[20 80 68 78 10 0 2; 281 127 29 48 13 1 2; 363 86 23 66 18 1 1; 457 102 30 56 20 1 2; ]
1800101551[17 81 70 79 10 0 2; 281 129 29 48 13 1 2; 363 87 24 66 18 1 1; 459 103 31 56 20 1 2; ]
1800101552[15 81 71 80 10 0 2; 281 131 30 49 13 1 2; 363 88 24 67 18 1 1; 460 103 32 57 20 1 2; ]
1800101553[12 82 72 80 10 0 2; 281 132 30 49 13 1 2; 363 89 26 70 18 1 1; 462 102 32 57 20 1 2; ]
1800101554[10 82 74 81 10 0 2; 283 134 31 48 13 1 2; 363 90 27 72 18 1 1; 465 103 32 57 20 1 2; ]
1800101555[8 82 75 82 10 0 2; 284 136 31 47 13 1 2; 364 89 27 70 18 1 1; 468 105 32 57 20 1 2; ]
1800101556[5 83 76 82 10 0 2; 284 136 32 47 13 1 2; 366 88 26 69 18 1 1; 471 105 32 57 20 1 2; ]
1800101557[3 83 78 83 10 0 2; 284 136 33 48 13 1 2; 367 87 27 72 18 1 1; 472 105 32 57 20 1 2; ]
1800101558[1 83 79 83 10 0 2; 283 135 35 50 13 1 2; 368 86 27 76 18 1 1; 473 104 34 57 20 1 2; ]
1800101559[281 135 36 53 13 1 2; 368 85 27 76 18 1 1; 474 103 35 57 20 1 2; ]
1800101560[282 135 36 51 13 1 2; 369 84 28 77 18 1 1; 476 102 35 58 20 1 2; ]
1800101561[283 134 36 50 13 1 2; 370 84 28 77 18 1 1; ]
1800101562[283 133 37 50 13 1 2; 371 83 29 75 18 1 1; 132 153 13 40 48 1 3; ]
1800101563[284 132 37 49 13 1 2; 371 83 30 72 18 1 1; 133 149 13 39 48 1 3; ]
1800101564[284 131 37 50 13 1 2; 372 78 31 76 18 1 1; 133 145 13 39 48 1 3; ]
1800101565[285 129 37 51 13 1 2; 373 74 31 79 18 1 1; 134 143 14 39 48 1 3; ]
1800101566[285 127 37 52 13 1 2; 374 71 31 81 18 1 1; 134 142 14 39 48 1 3; ]
1800101567[286 125 37 53 13 1 2; 376 69 32 83 18 1 1; 133 142 14 39 48 1 3; ]
1800101568[286 124 37 54 13 1 2; 377 69 31 83 18 1 1; 132 143 15 40 48 1 3; ]
1800101569[287 124 38 54 13 1 2; 378 70 31 84 18 1 1; 131 143 15 40 48 1 3; ]
1800101570[288 124 38 54 13 1 2; 379 71 31 84 18 1 1; 131 144 15 41 48 1 3; ]
1800101571[289 126 38 54 13 1 2; 381 72 31 84 18 1 1; 131 144 15 41 48 1 3; ]
1800101572[290 128 38 54 13 1 2; 382 73 31 85 18 1 1; 130 145 16 42 48 1 3; ]
1800101573[291 130 38 54 13 1 2; 384 73 31 85 18 1 1; 130 146 16 42 48 1 3; ]
1800101574[293 131 38 54 13 1 2; 385 74 31 86 18 1 1; 130 147 16 43 48 1 3; ]
1800101575[294 132 38 55 13 1 2; 387 74 32 87 18 1 1; 130 148 16 43 48 1 3; ]
1800101576[295 133 37 55 13 1 2; 389 75 32 87 18 1 1; 130 149 16 44 48 1 3; ]
1800101577[296 133 37 56 13 1 2; 391 75 32 88 18 1 1; 130 150 16 45 48 1 3; ]
1800101578[297 132 37 56 13 1 2; 392 75 32 89 18 1 1; 129 147 18 45 48 1 3; ]
1800101579[299 131 36 56 13 1 2; 396 72 31 90 18 1 1; 128 145 19 45 48 1 3; ]
1800101580[300 130 36 56 13 1 2; 399 69 31 91 18 1 1; 128 143 20 45 48 1 3; ]
1800101581[301 129 35 57 13 1 2; 401 67 31 92 18 1 1; 127 142 21 45 48 1 3; ]
1800101582[302 128 35 57 13 1 2; 403 65 31 94 18 1 1; 127 141 21 45 48 1 3; ]
1800101583[304 128 34 58 13 1 2; 404 64 31 95 18 1 1; 126 140 21 44 48 1 3; ]
1800101584[305 127 34 58 13 1 2; 405 63 32 96 18 1 1; 126 140 21 44 48 1 3; ]
1800101585[306 127 33 58 13 1 2; 408 62 33 97 18 1 1; 125 139 21 44 48 1 3; ]
1800101586[307 128 33 58 13 1 2; 410 62 33 98 18 1 1; 123 134 24 35 22 1 0; ]
1800101587[308 129 32 58 13 1 2; 412 63 32 100 18 1 1; 124 137 24 37 22 1 0; ]
1800101588[310 131 32 57 13 1 2; 414 64 32 102 18 1 1; 124 139 24 38 22 1 0; ]
1800101589[311 134 32 56 13 1 2; 416 66 32 104 18 1 1; 123 141 24 38 22 1 0; ]
1800101590[312 138 32 56 13 1 2; 418 68 33 105 18 1 1; 122 144 24 39 22 1 0; ]
1800101591[312 140 32 56 13 1 2; 420 71 33 105 18 1 1; 122 147 25 39 22 1 0; ]
1800101592[313 142 32 56 13 1 2; 422 73 33 105 18 1 1; 123 148 25 40 22 1 0; ]
1800101593[313 142 32 56 13 1 2; 424 73 33 107 18 1 1; 121 148 25 40 22 1 0; ]
1800101594[314 140 32 56 13 1 2; 426 70 34 107 18 1 1; 120 146 25 40 22 1 0; ]
1800101595[314 136 31 58 13 1 2; 428 66 34 107 18 1 1; 118 143 26 40 22 1 0; ]
1800101596[315 132 30 60 13 1 2; 430 62 35 109 18 1 1; 117 139 26 41 22 1 0; ]
1800101597[315 130 30 60 13 1 2; 432 58 35 113 18 1 1; 116 135 27 41 22 1 0; ]
1800101598[315 129 30 60 13 1 2; 434 54 35 115 18 1 1; 115 132 27 42 22 1 0; ]
1800101599[315 129 30 60 13 1 2; 436 52 36 117 18 1 1; 113 130 27 43 22 1 0; ]
1800101600[316 129 29 59 13 1 2; 438 49 36 119 18 1 1; 111 129 28 43 22 1 0; ]
1800101601[316 129 29 59 13 1 2; 440 49 36 120 18 1 1; 109 130 28 44 22 1 0; ]
1800101602[316 131 29 60 13 1 2; 444 51 36 121 18 1 1; 108 132 29 45 22 1 0; ]
1800101603[316 135 29 61 13 1 2; 447 55 36 121 18 1 1; 107 135 29 46 22 1 0; ]
1800101604[316 140 29 62 13 1 2; 448 59 36 122 18 1 1; 105 138 29 48 22 1 0; ]
1800101605[316 142 29 63 13 1 2; 448 61 37 122 18 1 1; 102 140 29 49 22 1 0; ]
1800101606[316 142 30 64 13 1 2; 449 62 37 124 18 1 1; 100 142 29 50 22 1 0; ]
1800101607[315 142 31 65 13 1 2; 451 62 37 126 18 1 1; 98 143 29 51 22 1 0; ]
1800101608[315 142 32 65 13 1 2; 454 62 37 129 18 1 1; 95 143 29 52 22 1 0; ]
1800101609[315 142 33 66 13 1 2; 457 59 38 131 18 0 1; 93 142 30 53 22 1 0; ]
1800101610[314 141 34 67 13 1 2; 460 56 40 135 18 0 1; 92 141 30 54 22 1 0; ]
1800101611[314 141 34 67 13 1 2; 463 53 41 138 18 0 1; 91 140 31 56 22 1 0; ]
1800101612[314 141 34 68 13 1 2; 466 49 41 142 18 0 1; 88 139 31 57 22 1 0; ]
1800101613[314 140 34 68 13 1 2; 469 46 42 145 18 0 1; 84 138 32 58 22 1 0; ]
1800101614[315 140 35 68 13 1 2; 83 136 31 59 22 1 0; ]
1800101615[315 139 35 68 13 1 2; 82 133 31 60 22 1 0; ]
1800101616[315 139 35 68 13 1 2; 80 132 31 61 22 1 0; ]
1800101617[315 138 35 69 13 1 2; 78 131 32 62 22 1 0; ]
1800101618[316 138 35 69 13 1 2; 76 130 32 64 22 1 0; ]
1800101619[316 138 35 70 13 1 2; 74 128 33 65 22 0 0; ]
1800101620[317 139 35 70 13 1 2; 72 127 34 66 22 0 0; ]
1800101621[319 139 35 69 13 1 2; 70 126 34 67 22 0 0; ]
1800101622[320 138 33 67 13 1 2; 67 125 35 68 22 0 0; ]
1800101623[321 136 31 66 13 1 2; 65 124 35 70 22 0 0; ]
1800101624[322 135 30 67 13 1 2; 63 123 36 70 22 0 0; ]
1800101625[322 134 30 69 13 1 2; 61 122 36 70 22 0 0; ]
1800101626[322 137 32 71 13 1 2; 59 122 36 70 22 0 0; ]
1800101627[321 140 33 73 13 1 2; 56 123 37 71 22 0 0; ]
1800101628[322 143 33 74 13 1 2; 53 126 37 73 22 0 0; ]
1800101629[322 146 32 75 13 1 2; 50 129 37 76 22 0 0; ]
1800101630[323 149 32 76 13 1 2; 48 131 37 78 22 0 0; ]
1800101631[324 150 32 77 13 1 2; 45 133 38 81 22 0 0; ]
1800101632[324 149 33 76 13 1 2; 42 130 38 81 22 0 0; ]
1800101633[325 146 35 74 13 1 2; 39 127 39 81 22 0 0; ]
1800101634[326 142 35 69 13 1 2; 36 123 40 81 22 0 0; ]
1800101635[326 141 35 68 13 1 2; 33 119 40 83 22 0 0; ]
1800101636[327 139 35 68 13 1 2; 30 115 41 86 22 0 0; ]
1800101637[327 136 35 69 13 1 2; 27 111 42 89 22 0 0; ]
1800101638[327 134 35 71 13 1 2; 23 108 43 92 22 0 0; 247 177 17 34 25 1 1; ]
1800101639[328 134 36 72 13 1 2; 20 107 43 95 22 0 0; 247 178 17 36 25 1 1; ]
1800101640[328 135 36 72 13 1 2; 17 107 44 97 22 0 0; 247 180 18 37 25 1 1; ]
1800101641[329 139 36 73 13 0 2; 14 108 45 98 22 0 0; 248 184 18 38 25 1 1; ]
1800101642[329 143 37 73 13 0 2; 11 109 45 100 22 0 0; 248 188 18 39 25 1 1; ]
1800101643[330 144 37 74 13 0 2; 7 110 46 102 22 0 0; 247 190 19 40 25 1 1; ]
1800101644[330 145 38 74 13 0 2; 2 111 47 104 22 0 0; 246 192 19 41 25 1 1; ]
1800101645[331 146 38 75 13 0 2; 247 192 19 42 25 1 1; ]
1800101646[331 146 39 76 13 0 2; 248 192 19 42 25 1 1; ]
1800101647[332 146 39 77 13 0 2; 249 192 20 43 25 1 1; 59 198 19 37 27 1 1; ]
1800101648[333 145 40 78 13 0 2; 249 191 20 43 25 1 1; 59 198 19 37 27 1 1; ]
1800101649[333 145 41 79 13 0 2; 249 190 20 43 25 1 1; 59 197 19 38 27 1 1; 22 194 27 37 29 1 2; ]
1800101650[334 144 41 80 13 0 2; 250 189 21 44 25 1 1; 58 197 19 39 27 1 1; 20 192 27 38 29 1 2; ]
1800101651[334 144 42 81 13 0 2; 250 188 21 44 25 1 1; 57 196 19 39 27 1 1; 19 192 27 39 29 1 2; ]
1800101652[335 144 43 82 13 0 2; 250 187 21 44 25 1 1; 57 196 19 40 27 1 1; 18 192 27 40 29 1 2; ]
1800101653[337 145 43 83 13 0 2; 250 186 22 44 25 1 1; 56 196 19 41 27 1 1; 16 192 27 41 29 1 2; ]
1800101654[338 147 44 84 13 0 2; 250 190 22 44 25 1 1; 56 197 19 41 27 1 1; 15 194 28 42 29 1 2; ]
1800101655[340 148 44 85 13 0 2; 250 194 22 44 25 1 1; 56 198 19 42 27 1 1; 14 196 28 43 29 1 2; ]
1800101656[]
1800101657[342 153 44 84 14 0 2; 248 195 24 47 26 1 1; 54 201 21 46 28 1 1; 12 198 29 47 30 1 2; 174 206 15 38 31 1 1; ]
1800101658[343 153 45 86 14 0 2; 250 198 23 48 26 1 1; 54 203 21 45 28 1 1; 11 198 30 47 30 1 2; 175 206 15 38 31 1 1; ]
1800101659[344 153 46 88 14 0 2; 250 199 22 48 26 1 1; 53 204 21 45 28 1 1; 9 199 30 48 30 1 2; 175 206 15 38 31 1 1; ]
1800101660[345 153 46 90 14 0 2; 251 198 21 49 26 1 1; 53 205 22 45 28 1 1; 8 199 30 49 30 1 2; 175 206 15 39 31 1 1; ]
1800101661[346 153 47 92 14 0 2; 251 197 21 50 26 1 1; 53 205 22 46 28 1 1; 6 199 30 49 30 1 2; 174 207 17 40 31 0 1; ]
1800101662[347 153 48 94 14 0 2; 251 199 21 50 26 1 1; 52 206 22 47 28 1 1; 5 200 31 50 30 1 2; 173 207 19 41 31 0 1; ]
1800101663[251 198 20 51 26 1 1; 52 206 22 48 28 1 1; 3 200 31 50 30 1 2; 172 208 20 42 31 0 1; 348 153 24 96 37 0 1; 369 159 29 91 38 0 1; ]
1800101664[251 199 21 52 26 0 1; 52 206 22 50 28 1 1; 2 200 31 50 30 1 2; 173 208 20 42 31 0 1; 349 154 26 98 37 0 1; 370 160 29 92 38 0 1; ]
1800101665[251 200 22 52 26 0 1; 51 206 22 51 28 1 1; 1 201 32 50 30 1 2; 174 209 20 43 31 0 1; 349 154 27 101 37 0 1; 372 161 29 94 38 0 1; ]
1800101666[252 201 22 53 26 0 1; 51 207 22 52 28 1 1; 0 202 32 50 30 0 2; 174 210 20 43 31 0 1; 350 155 28 103 37 0 1; 374 162 29 96 38 0 1; ]
1800101667[252 202 22 54 26 0 1; 50 207 22 53 28 1 1; 174 211 20 45 31 0 1; 350 155 28 104 37 0 1; 376 163 29 97 38 0 1; ]
1800101668[252 204 22 55 26 0 1; 49 208 22 53 28 1 1; 174 212 21 46 31 0 1; 352 157 29 106 37 0 1; 378 164 29 98 38 0 1; ]
1800101669[253 206 21 56 26 0 1; 49 209 22 54 28 1 1; 174 214 22 46 31 0 1; 353 161 29 107 37 0 1; 380 166 30 100 38 0 1; ]
1800101670[253 208 21 57 26 0 1; 49 211 21 55 28 1 1; 174 216 23 46 31 0 1; 355 164 29 108 37 0 1; 382 168 30 101 38 0 1; ]
1800101671[254 210 21 58 26 0 1; 49 213 21 55 28 1 1; 174 218 24 45 31 0 1; 356 165 29 109 37 0 1; 384 170 31 102 38 0 1; ]
1800101672[255 212 21 60 26 0 1; 49 215 21 56 28 1 1; 174 219 26 47 31 0 1; 357 164 29 110 37 0 1; 387 172 31 103 38 0 1; ]
1800101673[255 211 21 59 26 0 1; 48 214 22 54 28 0 1; 174 217 26 47 31 0 1; 358 162 30 112 37 0 1; 389 172 31 104 38 0 1; ]
1800101674[256 209 22 58 26 0 1; 47 211 22 54 28 0 1; 174 215 25 47 31 0 1; 359 159 31 113 37 0 1; 391 171 31 105 38 0 1; ]
1800101675[257 205 22 60 26 0 1; 47 206 23 54 28 0 1; 175 212 25 47 31 0 1; 360 157 31 114 37 0 1; 394 167 31 106 38 0 1; ]
1800101676[258 201 23 61 26 0 1; 48 206 23 53 28 0 1; 177 210 25 47 31 0 1; 361 155 32 115 37 0 1; 396 163 31 107 38 0 1; ]
1800101677[258 198 23 61 26 0 1; 47 204 23 55 28 0 1; 178 206 25 48 31 0 1; 362 153 32 116 37 0 1; 398 160 30 107 38 0 1; ]
1800101678[259 195 24 61 26 0 1; 47 200 24 57 28 0 1; 179 202 24 52 31 0 1; 363 151 33 116 37 0 1; 401 157 29 108 38 0 1; ]
1800101679[260 193 25 61 26 0 1; 47 196 24 60 28 0 1; 179 198 24 55 31 0 1; 363 150 34 118 37 0 1; 402 155 30 110 38 0 1; ]
1800101680[260 193 25 61 26 0 1; 47 194 24 61 28 0 1; 180 196 24 57 31 0 1; 363 149 35 120 37 0 1; 403 154 30 112 38 0 1; ]
1800101681[261 193 25 61 26 0 1; 47 194 24 61 28 0 1; 180 196 24 57 31 0 1; 363 148 36 121 37 0 1; 405 154 31 114 38 0 1; ]
1800101682[261 194 25 61 26 0 1; 47 194 24 60 28 0 1; 180 197 25 56 31 0 1; 363 148 37 122 37 0 1; 406 154 32 115 38 0 1; ]
1800101683[262 195 25 61 26 0 1; 48 195 24 60 28 0 1; 180 198 25 55 31 0 1; 364 149 38 123 37 0 1; 408 155 33 117 38 0 1; ]
1800101684[263 196 26 61 26 0 1; 48 196 24 60 28 0 1; 181 199 26 54 31 0 1; 365 151 38 124 37 0 1; 410 157 34 118 38 0 1; ]
1800101685[263 198 26 61 26 0 1; 49 198 23 59 28 0 1; 182 201 25 53 31 0 1; 368 153 38 125 37 0 1; 412 159 35 119 38 0 1; ]
1800101686[264 202 27 61 26 0 1; 50 202 23 58 28 0 1; 184 205 24 50 31 0 1; 371 155 39 126 37 0 1; 414 160 36 120 38 0 1; ]
1800101687[264 206 28 61 26 0 1; 50 207 23 56 28 0 1; 187 210 22 46 31 0 1; 373 157 39 127 37 0 1; 417 161 37 121 38 0 1; ]
1800101688[266 205 27 62 26 0 1; 50 207 24 58 28 0 1; 187 209 22 47 31 0 1; 376 158 39 129 37 0 1; 419 162 39 122 38 0 1; ]
1800101689[267 204 26 63 26 0 1; 51 207 25 59 28 0 1; 188 209 23 48 31 0 1; 377 158 40 130 37 0 1; 422 163 40 122 38 0 1; ]
1800101690[268 203 25 64 26 0 1; 52 207 24 59 28 0 1; 188 209 24 48 31 0 1; 379 158 40 132 37 0 1; 425 163 42 123 38 0 1; ]
1800101691[270 202 25 65 26 0 1; 53 206 23 60 28 0 1; 189 208 24 49 31 0 1; 381 157 41 134 37 0 1; 427 163 44 124 38 0 1; ]
1800101692[271 201 25 66 26 0 1; 53 206 23 60 28 0 1; 189 208 25 49 31 0 1; 382 156 41 136 37 0 1; 431 164 45 124 38 0 1; ]
1800101693[273 200 26 67 26 0 1; 54 205 23 61 28 0 1; 190 207 25 49 31 0 1; 384 155 42 138 37 0 1; 434 164 47 125 38 0 1; ]
1800101694[274 198 27 68 26 0 1; 55 202 24 61 28 0 1; 190 207 25 49 31 0 1; 385 155 42 138 37 0 1; 437 164 47 125 38 0 1; ]
1800101695[393 153 32 140 15 0 1; 443 160 44 127 16 0 1; 275 197 27 69 26 0 1; 55 199 24 61 28 0 1; 191 202 25 53 31 0 1; ]
1800101696[395 149 32 141 15 0 1; 446 158 43 129 16 0 1; 277 195 28 70 26 0 1; 56 196 24 61 28 0 1; 192 199 25 53 31 0 1; ]
1800101697[398 146 33 142 15 0 1; 449 156 43 130 16 0 1; 279 192 28 71 26 0 1; 58 193 24 62 28 0 1; 193 197 25 53 31 0 1; ]
1800101698[401 143 33 144 15 0 1; 453 153 43 131 16 0 1; 280 190 29 72 26 0 1; 59 191 24 63 28 0 1; 194 196 25 53 31 0 1; ]
1800101699[404 142 33 147 15 0 1; 457 151 43 131 16 0 1; 282 188 29 73 26 0 1; 60 190 24 63 28 0 1; 195 194 25 53 31 0 1; ]
1800101700[406 142 33 148 15 0 1; 462 151 44 131 16 0 1; 283 187 29 74 26 0 1; 60 190 25 63 28 0 1; 196 194 24 53 31 0 1; ]
1800101701[408 142 33 149 15 0 1; 466 151 44 131 16 0 1; 284 185 30 74 26 0 1; 59 191 25 63 28 0 1; 197 193 24 53 31 0 1; ]
1800101702[410 142 33 149 15 0 1; 465 151 45 131 16 0 1; 285 185 30 75 26 0 1; 59 191 25 62 28 0 1; 198 193 23 52 31 0 1; ]
1800101703[410 142 33 150 15 0 1; 465 152 45 131 16 0 1; 285 185 29 75 26 0 1; 59 191 25 62 28 0 1; 198 193 23 52 31 0 1; ]
1800101704[410 142 34 150 15 0 1; 465 152 45 131 16 0 1; 286 185 28 75 26 0 1; 59 191 25 62 28 0 1; 198 193 23 53 31 0 1; ]
1800101705[410 142 34 150 15 0 1; 465 152 45 131 16 0 1; 286 185 28 75 26 0 1; 59 191 26 62 28 0 1; 198 193 24 53 31 0 1; ]
1800101706[410 142 34 150 15 0 1; 465 152 45 131 16 0 1; 286 185 28 75 26 0 1; 59 191 26 62 28 0 1; 198 193 24 53 31 0 1; ]
1800101707[410 142 34 150 15 0 1; 465 152 44 131 16 0 1; 286 185 27 75 26 0 1; 60 191 27 63 28 0 1; 198 193 24 53 31 0 1; ]
1800101708[410 142 34 150 15 0 1; 465 152 44 131 16 0 1; 286 185 27 75 26 0 1; 60 191 27 63 28 0 1; 198 193 24 53 31 0 1; ]
1800101709[409 142 34 150 15 0 1; 466 152 43 131 16 0 1; 286 185 27 75 26 0 1; 61 191 28 63 28 0 1; 198 193 24 53 31 0 1; ]
1800101710[409 142 35 150 15 0 1; 466 152 42 130 16 0 1; 286 185 27 75 26 0 1; 61 191 28 63 28 0 1; 198 193 25 54 31 0 1; ]
1800101711[409 142 35 150 15 0 1; 466 151 43 131 16 0 1; 286 185 27 74 26 0 1; 60 191 28 63 28 0 1; 198 193 25 54 31 0 1; ]
1800101712[408 141 36 150 15 0 1; 466 151 44 132 16 0 1; 286 185 28 74 26 0 1; 59 191 28 62 28 0 1; 198 193 25 54 31 0 1; ]
1800101713[408 141 36 150 15 0 1; 466 151 44 132 16 0 1; 285 185 29 74 26 0 1; 59 191 26 61 28 0 1; 197 193 25 54 31 0 1; ]
1800101714[408 141 36 150 15 0 1; 466 151 44 133 16 0 1; 285 185 29 74 26 0 1; 60 191 25 61 28 0 1; 197 193 26 54 31 0 1; ]
1800101715[411 140 32 152 15 0 1; 465 150 44 134 16 0 1; 286 186 26 75 26 0 1; 61 190 23 66 28 0 1; 198 194 26 54 31 0 1; ]
1800101716[324 166 31 84 26 0 1; 97 169 27 70 28 0 1; 220 174 32 55 31 0 1; ]
1800101717[328 160 32 83 26 0 1; 99 166 31 70 28 0 1; 219 168 36 55 31 0 1; ]
1800101718[332 155 32 84 26 0 1; 103 160 29 70 28 0 1; 222 163 35 55 31 0 1; ]
1800101719[336 150 31 85 26 0 1; 107 154 28 71 28 0 1; 226 158 34 56 31 0 1; ]
1800101720[340 145 31 85 26 0 1; 111 148 27 71 28 0 1; 229 153 34 57 31 0 1; ]
1800101721[344 140 31 86 26 0 1; 114 142 27 71 28 0 1; 232 147 34 57 31 0 1; ]
1800101722[348 134 31 87 26 0 1; 118 136 27 72 28 0 1; 235 140 33 57 31 0 1; ]
1800101723[352 129 32 87 26 0 1; 121 130 26 72 28 0 1; 238 133 33 56 31 0 1; ]
1800101724[355 124 32 88 26 0 1; 123 124 26 73 28 0 1; 241 127 33 57 31 0 1; ]
1800101725[359 120 33 89 26 0 1; 126 119 26 74 28 0 1; 243 122 33 58 31 0 1; ]
1800101726[363 116 34 90 26 0 1; 127 114 28 74 28 0 1; 246 119 33 61 31 0 1; ]
1800101727[366 114 35 93 26 0 1; 129 112 32 74 28 0 1; 248 117 33 63 31 0 1; ]
1800101728[366 113 39 95 26 0 1; 132 112 36 75 28 0 1; 251 117 33 64 31 0 1; ]
1800101729[366 112 44 96 26 0 1; 134 113 39 76 28 0 1; 253 117 34 64 31 0 1; ]
1800101730[369 113 45 96 26 0 1; 137 115 40 76 28 0 1; 256 119 34 63 31 0 1; ]
1800101731[373 117 46 96 26 0 1; 139 117 40 76 28 0 1; 258 122 35 61 31 0 1; ]
1800101732[379 121 46 96 26 0 1; 142 120 40 77 28 0 1; 261 127 36 58 31 0 1; ]
1800101733[382 119 49 97 26 0 1; 146 117 37 77 28 0 1; 263 124 36 63 31 0 1; ]
1800101734[385 117 51 98 26 0 1; 150 113 35 78 28 0 1; 265 121 36 65 31 0 1; ]
1800101735[388 114 52 99 26 0 1; 154 110 34 78 28 0 1; 267 117 36 65 31 0 1; ]
1800101736[392 110 52 101 26 0 1; 157 106 33 79 28 0 1; 269 113 36 64 31 0 1; ]
1800101737[397 105 51 103 26 0 1; 161 101 34 79 28 0 1; 271 108 36 65 31 0 1; ]
1800101738[404 99 47 105 26 0 1; 165 96 35 80 28 0 1; 273 103 36 66 31 0 1; ]
1800101739[410 93 44 107 26 0 1; 168 92 36 80 28 0 1; 275 97 36 67 31 0 1; ]
1800101740[416 88 42 110 26 0 1; 171 88 37 81 28 0 1; 277 94 36 69 31 0 1; ]
1800101741[421 84 41 113 26 0 1; 172 85 38 82 28 0 1; 279 91 36 70 31 0 1; ]
1800101742[425 80 41 118 26 0 1; 174 82 39 83 28 0 1; 282 89 36 71 31 0 1; ]
1800101743[429 77 41 123 26 0 1; 175 80 39 84 28 0 1; 284 88 36 72 31 0 1; ]
1800101744[434 76 40 125 26 0 1; 176 79 40 85 28 0 1; 286 87 35 73 31 0 1; ]
1800101745[438 79 40 122 26 0 1; 179 80 39 85 28 0 1; 287 89 35 76 31 0 1; ]
1800101746[442 82 39 120 26 0 1; 182 83 37 84 28 0 1; 289 91 35 77 31 0 1; ]
1800101747[446 82 38 121 26 0 1; 185 87 35 84 28 0 1; 290 92 35 73 31 0 1; ]
1800101748[450 84 40 121 26 0 1; 187 88 34 84 28 0 1; 291 92 36 72 31 0 1; 117 113 16 43 32 1 1; 68 96 23 67 33 0 1; ]
1800101749[453 85 42 122 26 0 1; 189 88 33 84 28 0 1; 292 93 37 72 31 0 1; 117 112 16 44 32 1 1; 69 96 23 67 33 0 1; ]
1800101750[457 83 44 125 26 0 1; 191 88 32 85 28 0 1; 293 93 37 72 31 0 1; 117 112 16 45 32 1 1; 69 96 24 67 33 0 1; ]
1800101751[461 81 45 129 26 0 1; 193 88 32 85 28 0 1; 295 93 38 72 31 0 1; 118 111 16 46 32 0 1; 70 96 24 67 33 0 1; ]
1800101752[194 87 34 86 28 0 1; 296 92 39 72 31 0 1; 118 111 16 46 32 0 1; 71 96 24 67 33 0 1; ]
1800101753[195 86 39 88 28 0 1; 297 91 39 73 31 0 1; 119 111 16 46 32 0 1; 72 96 24 67 33 0 1; ]
1800101754[196 85 44 90 28 0 1; 298 90 40 73 31 0 1; 121 111 16 44 32 0 1; 72 96 25 67 33 0 1; ]
1800101755[197 84 46 91 28 0 1; 299 88 41 74 31 0 1; 122 111 16 43 32 0 1; 73 96 25 67 33 0 1; ]
1800101756[199 83 45 93 28 0 1; 300 87 41 75 31 0 1; 123 111 16 43 32 0 1; 74 96 25 67 33 0 1; ]
1800101757[201 83 43 94 28 0 1; 301 86 42 76 31 0 1; 124 111 16 43 32 1 1; 75 96 25 67 33 0 1; ]
1800101758[204 82 41 95 28 0 1; 302 86 43 77 31 0 1; 125 111 16 43 32 1 1; 75 96 25 67 33 0 1; ]
1800101759[206 82 40 96 28 0 1; 303 86 43 77 31 0 1; 125 111 16 43 32 1 1; 76 95 24 67 33 0 1; ]
1800101760[209 82 39 96 28 0 1; 304 86 44 78 31 0 1; 125 112 16 43 32 1 1; 77 95 24 67 33 0 1; ]
1800101761[212 82 39 97 28 0 1; 305 86 45 78 31 0 1; 125 112 16 43 32 1 1; 78 95 24 67 33 0 1; ]
1800101762[216 81 38 98 28 0 1; 306 87 45 78 31 0 1; 78 95 24 67 33 0 1; ]
1800101763[217 81 42 98 28 0 1; 309 87 43 79 31 0 1; 79 95 23 67 33 0 1; ]
1800101764[219 81 45 99 28 0 1; 311 87 41 79 31 0 1; 79 95 24 67 33 0 1; ]
1800101765[221 80 48 100 28 0 1; 314 86 40 80 31 0 1; 80 95 26 67 33 0 1; ]
1800101766[223 80 48 100 28 0 1; 316 85 39 81 31 0 1; 80 95 30 67 33 0 1; ]
1800101767[225 79 48 101 28 0 1; 318 84 39 82 31 0 1; 80 95 32 67 33 0 1; ]
1800101768[227 78 48 103 28 0 1; 320 83 38 83 31 0 1; 80 95 32 67 33 0 1; ]
1800101769[229 78 48 104 28 0 1; 322 82 38 84 31 0 1; 80 94 32 67 33 0 1; ]
1800101770[231 77 48 105 28 0 1; 323 81 38 86 31 0 1; 81 94 31 67 33 0 1; ]
1800101771[233 75 47 106 28 0 1; 325 79 39 87 31 0 1; 81 92 30 67 33 0 1; ]
1800101772[234 73 47 108 28 0 1; 326 76 41 90 31 0 1; 82 91 30 68 33 0 1; ]
1800101773[236 71 46 109 28 0 1; 327 74 44 92 31 0 1; 83 89 29 70 33 0 1; ]
1800101774[238 69 45 110 28 0 1; 328 72 46 93 31 0 1; 84 86 28 71 33 0 1; ]
1800101775[240 68 44 111 28 0 1; 327 71 47 94 31 0 1; 85 86 27 72 33 0 1; ]
1800101776[242 68 43 111 28 0 1; 327 70 49 94 31 0 1; 84 86 28 72 33 0 1; ]
1800101777[244 68 41 112 28 0 1; 326 69 50 94 31 0 1; 82 86 30 71 33 0 1; ]
1800101778[246 66 47 115 28 0 1; 326 68 51 96 31 0 1; 80 86 33 70 33 0 1; ]
1800101779[249 65 52 116 28 0 1; 327 67 52 97 31 0 1; 81 87 33 71 33 0 1; ]
1800101780[251 67 55 117 28 0 1; 328 69 53 99 31 0 1; 82 88 32 72 33 0 1; ]
1800101781[253 70 56 118 28 0 1; 330 71 54 100 31 0 1; 82 88 32 72 33 0 1; ]
1800101782[255 70 55 122 28 0 1; 332 74 55 102 31 0 1; 83 89 32 73 33 0 1; ]
1800101783[256 70 53 127 28 0 1; 335 75 55 103 31 0 1; 84 90 32 74 33 0 1; ]
1800101784[257 70 52 128 28 0 1; 337 75 56 104 31 0 1; 85 90 32 75 33 0 1; ]
1800101785[259 70 51 128 28 0 1; 339 75 56 105 31 0 1; 85 90 32 76 33 0 1; ]
1800101786[264 70 51 129 28 0 1; 342 74 56 106 31 0 1; 86 90 32 77 33 0 1; ]
1800101787[270 70 50 129 28 0 1; 345 74 55 107 31 0 1; 87 90 32 78 33 0 1; ]
1800101788[274 69 53 130 28 0 1; 348 74 55 108 31 0 1; 88 90 32 79 33 0 1; ]
1800101789[277 69 57 131 28 0 1; 352 74 54 109 31 0 1; 88 90 32 80 33 0 1; ]
1800101790[281 68 59 133 28 0 1; 356 74 54 110 31 0 1; 89 90 33 81 33 0 1; ]
1800101791[284 67 61 134 28 0 1; 361 73 53 110 31 0 1; 90 89 33 82 33 0 1; ]
1800101792[286 66 62 136 28 0 1; 366 73 51 111 31 0 1; 91 89 34 83 33 0 1; ]
1800101793[290 66 63 142 28 0 1; 370 72 51 116 31 0 1; 91 88 35 85 33 0 1; ]
1800101794[294 66 63 146 28 0 1; 373 72 52 118 31 0 1; 93 90 34 86 33 0 1; ]
1800101795[298 68 62 148 28 0 1; 376 75 52 119 31 0 1; 95 92 34 87 33 0 1; ]
1800101796[302 70 61 149 28 0 1; 379 79 54 119 31 0 1; 96 94 33 87 33 0 1; ]
1800101797[306 72 62 150 28 0 1; 382 81 55 119 31 0 1; 97 95 33 86 33 0 1; ]
1800101798[310 73 62 152 28 0 1; 385 82 56 118 31 0 1; 99 95 33 86 33 0 1; ]
1800101799[314 71 61 155 28 0 1; 388 79 58 120 31 0 1; 100 95 33 86 33 0 1; ]
1800101800[318 67 60 158 28 0 1; 391 75 60 123 31 0 1; 101 93 33 89 33 0 1; ]
1800101801[324 63 59 161 28 0 1; 393 72 63 129 31 0 1; 101 89 33 91 33 0 1; ]
1800101802[330 59 59 166 28 0 1; 395 68 66 133 31 0 1; 102 86 33 91 33 0 1; ]
1800101803[336 54 59 170 28 0 1; 398 65 69 133 31 0 1; 103 83 34 92 33 0 1; ]
1800101804[341 50 59 173 28 0 1; 401 62 73 132 31 0 1; 103 80 35 92 33 0 1; ]
1800101805[345 46 63 174 28 0 1; 404 59 77 133 31 0 1; 104 77 36 92 33 0 1; ]
1800101806[349 42 74 176 28 0 1; 408 56 79 134 31 0 1; 104 74 37 92 33 0 1; ]
1800101807[352 39 87 177 28 0 1; 418 53 76 133 31 0 1; 104 71 39 92 33 0 1; ]
1800101808[359 34 81 181 28 0 1; 417 50 83 136 31 0 1; 104 68 41 92 33 0 1; ]
1800101809[367 31 77 186 28 0 1; 420 49 82 138 31 0 1; 106 66 41 95 33 0 1; ]
1800101810[376 30 76 190 28 0 1; 427 49 81 141 31 1 1; 108 65 42 97 33 0 1; ]
1800101811[386 29 76 194 28 0 1; 111 65 42 100 33 0 1; ]
1800101812[397 28 75 198 28 0 1; 114 69 41 99 33 0 1; ]
1800101813[409 27 75 201 28 0 1; 117 69 41 100 33 0 1; ]
1800101814[421 27 75 205 28 0 1; 120 69 41 101 33 0 1; ]
1800101815[431 27 79 208 28 0 1; 125 69 40 103 33 0 1; ]
1800101816[129 69 38 105 33 0 1; ]
1800101817[132 69 38 106 33 0 1; ]
1800101818[135 67 39 107 33 0 1; ]
1800101819[138 65 39 107 33 0 1; ]
1800101820[141 63 40 108 33 0 1; ]
1800101821[143 62 41 110 33 0 1; ]
1800101822[145 60 43 112 33 0 1; ]
1800101823[147 60 45 114 33 0 1; ]
1800101824[152 59 43 116 33 0 1; ]
1800101825[156 59 42 118 33 0 1; ]
1800101826[160 59 42 120 33 0 1; ]
1800101827[165 59 41 121 33 0 1; ]
1800101828[169 60 42 122 33 0 1; ]
1800101829[172 62 43 123 33 0 1; ]
1800101830[176 63 45 124 33 0 1; ]
1800101831[179 64 47 125 33 0 1; ]
1800101832[182 64 49 127 33 0 1; ]
1800101833[184 64 52 130 33 0 1; ]
1800101834[187 64 55 133 33 0 1; ]
1800101835[190 64 56 136 33 0 1; ]
1800101836[194 64 55 139 33 0 1; ]
1800101837[200 61 55 142 33 0 1; ]
1800101838[207 59 53 145 33 0 1; ]
1800101839[215 59 53 147 33 0 1; ]
1800101840[222 59 54 149 33 0 1; ]
1800101841[229 60 54 151 33 0 1; ]
1800101842[235 60 55 153 33 0 1; ]
1800101843[240 58 56 155 33 0 1; ]
1800101844[245 55 57 157 33 0 1; ]
1800101845[251 52 63 160 33 0 1; ]
1800101846[256 48 67 162 33 0 1; ]
1800101847[261 45 65 164 33 0 1; ]
1800101848[266 41 64 167 33 0 1; ]
1800101849[272 38 65 170 33 0 1; ]
1800101850[279 35 66 173 33 0 1; ]
1800101851[287 32 65 178 33 0 1; ]
1800101852[298 28 65 183 33 0 1; ]
1800101853[309 25 63 190 33 0 1; ]
1800101854[314 31 66 191 33 0 1; ]
1800101855[320 35 69 193 33 0 1; ]
1800101856[327 38 72 195 33 0 1; ]
1800101857[334 39 76 198 33 0 1; ]
1800101858[342 39 79 202 33 0 1; ]
1800101859[351 38 83 208 33 0 1; ]
1800101860[361 38 87 215 33 0 1; ]
1800101861[371 37 88 220 33 0 1; ]
1800101862[383 35 88 225 33 0 1; ]
1800101863[396 33 88 230 33 0 1; ]
1800101864[410 31 87 237 33 0 1; ]
1800101865[]
1800101866[]
1800101867[]
1800101868[]
1800101869[]
1800101870[]
1800101871[]
1800101872[483 116 19 58 52 1 3; ]
1800101873[483 113 19 55 52 1 3; ]
1800101874[]
1800101875[]
1800101876[]
1800101877[]
1800101878[]
1800101879[]
1800101880[]
1800101881[]
1800101882[]
1800101883[]
1800101884[]
1800101885[]
1800101886[]
1800101887[]
1800101888[]
1800101889[]
1800101890[]
1800101891[]
1800101892[]
1800101893[]
1800101894[]
1800101895[]
1800101896[]
1800101897[]
1800101898[]
1800101899[]
1800101900[]
1800101901[]
1800101902[]
1800101903[]
1800101904[]
1800101905[]
1800101906[]
1800101907[274 70 60 57 34 1 0; ]
1800101908[267 73 62 58 34 1 0; ]
1800101909[259 74 64 59 34 1 0; ]
1800101910[250 72 65 63 34 1 0; ]
1800101911[241 69 65 66 34 1 0; ]
1800101912[232 69 66 64 34 0 0; ]
1800101913[223 69 66 63 34 0 0; ]
1800101914[214 69 67 62 34 0 0; ]
1800101915[203 69 68 62 34 0 0; ]
1800101916[193 69 69 63 34 0 0; ]
1800101917[182 68 70 65 34 0 0; ]
1800101918[171 67 71 66 34 0 0; ]
1800101919[159 66 71 67 34 0 0; ]
1800101920[147 67 72 67 34 0 0; ]
1800101921[135 68 73 66 34 0 0; ]
1800101922[123 70 74 65 34 0 0; ]
1800101923[110 67 75 68 34 0 0; ]
1800101924[97 66 76 69 34 0 0; ]
1800101925[83 65 77 70 34 0 0; ]
1800101926[68 66 77 69 34 0 0; ]
1800101927[53 66 78 68 34 0 0; ]
1800101928[36 66 79 69 34 0 0; ]
1800101929[19 65 79 70 34 0 0; ]
1800101930[1 64 80 71 34 0 0; ]
1800101931[]
1800101932[]
1800101933[]
1800101934[]
1800101935[]
1800101936[]
1800101937[]
1800101938[]
1800101939[]
1800101940[]
1800101941[]
1800101942[]
1800101943[]
1800101944[]
1800101945[]
1800101946[]
1800101947[]
1800101948[]
1800101949[]
1800101950[]
1800101951[]
1800101952[]
1800101953[]
1800101954[]
1800101955[]
1800101956[]
1800101957[]
1800101958[]
1800101959[]
1800101960[]
1800101961[]
1800101962[]
1800101963[]
1800101964[]
1800101965[]
1800101966[]
1800101967[]
1800101968[]
1800101969[]
1800101970[]
1800101971[]
1800101972[]
1800101973[]
1800101974[]
1800101975[]
1800101976[473 51 18 46 53 1 3; ]
1800101977[468 49 18 46 53 1 3; ]
1800101978[463 48 18 46 53 1 3; ]
1800101979[459 47 18 45 53 1 3; ]
1800101980[456 46 18 45 53 1 3; ]
1800101981[452 44 18 45 53 1 3; ]
1800101982[450 43 18 45 53 1 3; ]
1800101983[447 42 18 45 53 1 3; ]
1800101984[446 40 18 45 53 1 3; ]
1800101985[444 39 18 45 53 1 3; ]
1800101986[442 38 18 44 53 1 3; ]
1800101987[441 37 19 44 53 1 3; ]
1800101988[440 35 19 44 53 1 3; ]
1800101989[439 34 20 44 53 1 3; ]
1800101990[439 33 21 44 53 1 3; ]
1800101991[441 33 20 43 53 1 3; ]
1800101992[444 33 19 42 53 1 3; ]
1800101993[446 33 18 42 53 1 3; ]
1800101994[449 33 18 41 53 1 3; ]
1800101995[452 33 17 41 53 1 3; ]
1800101996[455 33 17 41 53 1 3; ]
1800101997[459 33 17 41 53 1 3; ]
1800101998[462 33 17 41 53 1 3; ]
1800101999[466 32 17 42 53 1 3; ]
1800102000[470 30 17 42 53 1 3; ]
1800102001[475 29 17 44 53 1 3; ]
1800102002[479 27 17 45 53 1 3; ]
1800102003[484 25 17 46 53 1 3; ]
1800102004[489 23 17 48 53 1 3; ]
1800102005[]
1800102006[]
1800102007[]
1800102008[]
1800102009[]
1800102010[]
1800102011[]
1800102012[]
1800102013[]
1800102014[]
1800102015[]
1800102016[]
1800102017[]
1800102018[]
1800102019[]
1800102020[]
1800102021[]
1800102022[]
1800102023[]
1800102024[]
1800102025[]
1800102026[]
1800102027[]
1800102028[]
1800102029[]
1800102030[]
1800102031[]
1800102032[6 21 77 213 35 1 2; ]
1800102033[21 25 77 213 35 1 2; ]
1800102034[47 23 68 195 54 1 -1; ]
1800102035[72 23 67 194 54 1 -1; ]
1800102036[97 23 66 193 54 1 -1; ]
1800102037[122 22 65 192 54 1 -1; ]
1800102038[148 22 64 191 54 1 -1; ]
1800102039[173 22 63 190 54 1 -1; ]
1800102040[198 22 62 189 54 1 -1; ]
1800102041[223 21 61 188 54 1 -1; ]
1800102042[]
1800102043[]
1800102044[]
1800102045[297 36 27 62 55 1 3; ]
1800102046[296 35 28 65 55 1 3; ]
1800102047[295 34 29 68 55 1 3; ]
1800102048[294 33 29 70 55 1 3; ]
1800102049[293 32 29 71 55 1 3; ]
1800102050[291 31 29 71 55 1 3; ]
1800102051[289 31 28 71 55 1 3; ]
1800102052[287 30 28 72 55 1 3; ]
1800102053[285 29 27 72 55 1 3; ]
1800102054[283 27 27 72 55 1 3; ]
1800102055[280 25 27 73 55 1 3; ]
1800102056[278 23 27 73 55 1 3; ]
1800102057[275 22 27 73 55 1 3; ]
1800102058[271 22 27 72 55 1 3; ]
1800102059[266 22 27 69 55 1 3; ]
1800102060[260 23 27 66 55 1 3; ]
1800102061[256 22 28 68 55 1 3; ]
1800102062[251 21 28 70 55 1 3; ]
1800102063[245 20 28 72 55 1 3; ]
1800102064[239 19 29 73 55 1 3; ]
1800102065[233 18 29 74 55 1 3; ]
1800102066[226 17 29 75 55 1 3; ]
1800102067[219 16 30 75 55 1 3; ]
1800102068[212 16 30 75 55 1 3; ]
1800102069[204 15 31 75 55 1 3; ]
1800102070[195 14 31 75 55 1 3; ]
1800102071[186 14 31 75 55 1 3; ]
1800102072[176 13 32 74 55 1 3; ]
1800102073[166 13 32 73 55 1 3; ]
1800102074[156 12 33 73 55 1 3; ]
1800102075[145 12 33 71 55 1 3; ]
1800102076[134 12 32 72 55 1 3; ]
1800102077[123 13 32 73 55 1 3; ]
1800102078[111 13 31 73 55 1 3; ]
1800102079[98 14 30 74 55 1 3; ]
1800102080[85 14 30 74 55 1 3; ]
1800102081[71 14 29 74 55 1 3; ]
1800102082[57 14 29 74 55 1 3; ]
1800102083[42 14 29 74 55 1 3; ]
1800102084[27 14 29 74 55 1 3; ]
1800102085[11 14 29 74 55 1 3; ]
1800102086[]
1800102087[]
1800102088[]
1800102089[]
1800102090[]
1800102091[]
1800102092[]
1800102093[]
1800102094[]
1800102095[]
1800102096[]
1800102097[]
1800102098[]
1800102099[]
1800102100[]
1800102101[]
1800102102[]
1800102103[]
1800102104[]
1800102105[]
1800102106[]
1800102107[]
1800102108[]
1800102109[]
1800102110[]
1800102111[]
1800102112[]
1800102113[]
1800102114[]
1800102115[]
1800102116[]
1800102117[]
1800102118[]
1800102119[]
1800102120[]
1800102121[]
1800102122[]
1800102123[]
1800102124[]
1800102125[]
1800102126[]
1800102127[]
1800102128[]
1800102129[]
1800102130[]
1800102131[]
1800102132[]
1800102133[]
1800102134[]
1800102135[]
1800102136[]
1800102137[]
1800102138[]
1800102139[]
1800102140[]
1800102141[]
1800102142[]
1800102143[]
1800102144[]
1800102145[]
1800102146[]
1800102147[]
1800102148[]
1800102149[]
1800102150[]
1800102151[]
1800102152[]
1800102153[]
1800102154[]
1800102155[]
1800102156[]
1800102157[]
1800102158[]
1800102159[]
1800102160[]
1800102161[]
1800102162[]
1800102163[]
1800102164[]
1800102165[]
1800102166[]
1800102167[]
1800102168[]
1800102169[]
1800102170[]
1800102171[]
1800102172[]
1800102173[]
1800102174[]
1800102175[]
1800102176[]
1800102177[]
1800102178[]
1800102179[]
1800102180[]
1800102181[]
1800102182[]
1800102183[]
1800102184[]
1800102185[]
1800102186[]
1800102187[]
1800102188[]
1800102189[]
1800102190[]
1800102191[]
1800102192[]
1800102193[]
1800102194[]
1800102195[]
1800102196[]
1800102197[]
1800102198[]
1800102199[]
1800102200[]
1800102201[]
1800102202[]
1800102203[]
1800102204[]
1800102205[]
1800102206[]
1800102207[]
1800102208[]
1800102209[]
1800102210[]
1800102211[]
1800102212[]
1800102213[]
1800102214[]
1800102215[]
1800102216[]
1800102217[]
1800102218[]
1800102219[]
1800102220[]
1800102221[]
1800102222[]
1800102223[]
1800102224[]
1800102225[]
1800102226[]
1800102227[]
1800102228[]
1800102229[]
1800102230[]
1800102231[]
1800102232[]
1800102233[]
1800102234[]
1800102235[]
1800102236[]
1800102237[]
1800102238[]
1800102239[]
1800102240[]
1800102241[]
1800102242[]
1800102243[]
1800102244[]
1800102245[]
1800102246[]
1800102247[]
1800102248[]
1800102249[]
1800102250[]
1800102251[]
1800102252[]
1800102253[]
1800102254[]
1800102255[]
1800102256[]
1800102257[]
1800102258[]
1800102259[]
1800102260[]
1800102261[]
1800102262[]
1800102263[]
1800102264[]
1800102265[]
1800102266[]
1800102267[]
1800102268[]
1800102269[]
1800102270[]
1800102271[]
1800102272[]
1800102273[]
1800102274[]
1800102275[]
1800102276[]
1800102277[]
1800102278[]
1800102279[]
1800102280[]
1800102281[]
1800102282[]
1800102283[]
1800102284[]
1800102285[]
1800102286[]
1800102287[]
1800102288[]
1800102289[]
1800102290[]
1800102291[]
1800102292[]
1800102293[]
1800102294[]
1800102295[]
1800102296[]
1800102297[]
1800102298[]
1800102299[]
1800102300[]
1800102301[]
1800102302[]
1800102303[]
1800102304[]
1800102305[]
1800102306[]
1800102307[]
1800102308[]
1800102309[]
1800102310[]
1800102311[]
1800102312[]
1800102313[]
1800102314[]
1800102315[]
1800102316[]
1800102317[]
1800102318[]
1800102319[]
1800102320[]
1800102321[]
1800102322[]
1800102323[]
1800102324[]
1800102325[]
1800102326[]
1800102327[]
1800102328[]
1800102329[]
1800102330[]
1800102331[]
1800102332[]
1800102333[]
1800102334[]
1800102335[]
1800102336[]
1800102337[]
1800102338[]
1800102339[]
1800102340[]
1800102341[]
1800102342[]
1800102343[]
1800102344[]
1800102345[]
1800102346[]
1800102347[]
1800102348[]
1800102349[]
1800102350[]
1800102351[]
1800102352[]
1800102353[]
1800102354[]
1800102355[]
1800102356[]
1800102357[]
1800102358[]
1800102359[]
1800102360[]
1800102361[]
1800102362[]
1800102363[]
1800102364[]
1800102365[]
1800102366[]
1800102367[]
1800102368[]
1800102369[]
1800102370[]
1800102371[]
1800102372[]
1800102373[]
1800102374[]
1800102375[]
1800102376[]
1800102377[]
1800102378[]
1800102379[]
1800102380[]
1800102381[]
1800102382[]
1800102383[]
1800102384[]
1800102385[]
1800102386[]
1800102387[]
1800102388[]
1800102389[]
1800102390[]
1800102391[]
1800102392[]
1800102393[]
1800102394[]
1800102395[]
1800102396[]
1800102397[]
1800102398[]
1800102399[]
1800102400[]
1800102401[]
1800102402[]
1800102403[]
1800102404[8 76 33 90 36 0 1; ]
1800102405[17 76 33 91 36 1 1; ]
1800102406[27 77 32 91 36 1 1; ]
1800102407[36 76 32 91 36 1 1; ]
1800102408[46 76 32 91 36 1 1; ]
1800102409[]
1800102410[]
1800102411[]
1800102412[]
1800102413[]
1800102414[]
1800102415[]
1800102416[]
1800102417[]
