0800000001[]
0800000002[]
0800000003[]
0800000004[]
0800000005[]
0800000006[]
0800000007[]
0800000008[]
0800000009[]
0800000010[]
0800000011[]
0800000012[]
0800000013[]
0800000014[]
0800000015[]
0800000016[]
0800000017[]
0800000018[]
0800000019[]
0800000020[]
0800000021[]
0800000022[]
0800000023[]
0800000024[]
0800000025[]
0800000026[]
0800000027[]
0800000028[]
0800000029[]
0800000030[]
0800000031[]
0800000032[]
0800000033[]
0800000034[]
0800000035[]
0800000036[]
0800000037[]
0800000038[]
0800000039[]
0800000040[]
0800000041[]
0800000042[]
0800000043[]
0800000044[]
0800000045[]
0800000046[]
0800000047[]
0800000048[]
0800000049[]
0800000050[]
0800000051[]
0800000052[]
0800000053[]
0800000054[]
0800000055[]
0800000056[]
0800000057[]
0800000058[]
0800000059[]
0800000060[]
0800000061[]
0800000062[]
0800000063[]
0800000064[]
0800000065[]
0800000066[]
0800000067[]
0800000068[]
0800000069[]
0800000070[]
0800000071[]
0800000072[]
0800000073[]
0800000074[]
0800000075[]
0800000076[]
0800000077[]
0800000078[]
0800000079[]
0800000080[]
0800000081[]
0800000082[]
0800000083[]
0800000084[]
0800000085[]
0800000086[]
0800000087[]
0800000088[]
0800000089[]
0800000090[]
0800000091[]
0800000092[]
0800000093[]
0800000094[]
0800000095[]
0800000096[]
0800000097[]
0800000098[]
0800000099[]
0800000100[]
0800000101[]
0800000102[]
0800000103[]
0800000104[]
0800000105[]
0800000106[]
0800000107[]
0800000108[]
0800000109[]
0800000110[]
0800000111[]
0800000112[]
0800000113[]
0800000114[]
0800000115[]
0800000116[]
0800000117[]
0800000118[]
0800000119[]
0800000120[]
0800000121[]
0800000122[]
0800000123[]
0800000124[]
0800000125[]
0800000126[]
0800000127[]
0800000128[]
0800000129[]
0800000130[]
0800000131[]
0800000132[]
0800000133[]
0800000134[]
0800000135[]
0800000136[]
0800000137[]
0800000138[]
0800000139[]
0800000140[]
0800000141[]
0800000142[]
0800000143[]
0800000144[]
0800000145[]
0800000146[]
0800000147[]
0800000148[]
0800000149[]
0800000150[]
0800000151[]
0800000152[]
0800000153[]
0800000154[]
0800000155[]
0800000156[]
0800000157[]
0800000158[]
0800000159[]
0800000160[]
0800000161[]
0800000162[]
0800000163[]
0800000164[]
0800000165[]
0800000166[]
0800000167[]
0800000168[]
0800000169[]
0800000170[]
0800000171[]
0800000172[]
0800000173[]
0800000174[]
0800000175[]
0800000176[]
0800000177[]
0800000178[]
0800000179[]
0800000180[]
0800000181[]
0800000182[]
0800000183[]
0800000184[]
0800000185[]
0800000186[]
0800000187[]
0800000188[]
0800000189[]
0800000190[]
0800000191[]
0800000192[]
0800000193[]
0800000194[]
0800000195[]
0800000196[]
0800000197[]
0800000198[]
0800000199[]
0800000200[]
0800000201[]
0800000202[]
0800000203[]
0800000204[]
0800000205[]
0800000206[]
0800000207[]
0800000208[]
0800000209[]
0800000210[]
0800000211[]
0800000212[]
0800000213[]
0800000214[]
0800000215[]
0800000216[]
0800000217[]
0800000218[]
0800000219[]
0800000220[]
0800000221[]
0800000222[]
0800000223[]
0800000224[]
0800000225[]
0800000226[]
0800000227[]
0800000228[]
0800000229[]
0800000230[]
0800000231[]
0800000232[]
0800000233[]
0800000234[]
0800000235[]
0800000236[]
0800000237[]
0800000238[]
0800000239[]
0800000240[]
0800000241[]
0800000242[]
0800000243[]
0800000244[]
0800000245[]
0800000246[]
0800000247[]
0800000248[]
0800000249[]
0800000250[]
0800000251[]
0800000252[]
0800000253[]
0800000254[]
0800000255[]
0800000256[]
0800000257[]
0800000258[]
0800000259[]
0800000260[]
0800000261[]
0800000262[]
0800000263[]
0800000264[]
0800000265[]
0800000266[]
0800000267[]
0800000268[]
0800000269[]
0800000270[]
0800000271[]
0800000272[]
0800000273[]
0800000274[]
0800000275[]
0800000276[]
0800000277[]
0800000278[]
0800000279[]
0800000280[]
0800000281[]
0800000282[]
0800000283[]
0800000284[]
0800000285[]
0800000286[]
0800000287[]
0800000288[]
0800000289[]
0800000290[]
0800000291[]
0800000292[]
0800000293[]
0800000294[]
0800000295[]
0800000296[]
0800000297[]
0800000298[]
0800000299[]
0800000300[]
0800000301[]
0800000302[]
0800000303[]
0800000304[]
0800000305[]
0800000306[]
0800000307[]
0800000308[]
0800000309[]
0800000310[]
0800000311[]
0800000312[]
0800000313[]
0800000314[]
0800000315[]
0800000316[]
0800000317[]
0800000318[]
0800000319[]
0800000320[]
0800000321[]
0800000322[]
0800000323[]
0800000324[]
0800000325[]
0800000326[]
0800000327[]
0800000328[]
0800000329[]
0800000330[]
0800000331[]
0800000332[]
0800000333[]
0800000334[]
0800000335[]
0800000336[]
0800000337[]
0800000338[]
0800000339[]
0800000340[]
0800000341[]
0800000342[]
0800000343[]
0800000344[]
0800000345[]
0800000346[]
0800000347[]
0800000348[]
0800000349[]
0800000350[]
0800000351[]
0800000352[]
0800000353[]
0800000354[489 118 17 36 39 0 3; ]
0800000355[480 118 17 36 39 0 3; ]
0800000356[470 116 17 34 39 0 3; ]
0800000357[461 113 17 32 39 0 3; ]
0800000358[]
0800000359[]
0800000360[]
0800000361[]
0800000362[]
0800000363[]
0800000364[]
0800000365[]
0800000366[]
0800000367[]
0800000368[]
0800000369[]
0800000370[]
0800000371[445 104 18 34 40 1 3; ]
0800000372[437 104 18 35 40 1 3; ]
0800000373[429 104 18 37 40 1 3; ]
0800000374[]
0800000375[]
0800000376[]
0800000377[]
0800000378[]
0800000379[]
0800000380[]
0800000381[]
0800000382[]
0800000383[]
0800000384[]
0800000385[]
0800000386[]
0800000387[]
0800000388[]
0800000389[]
0800000390[]
0800000391[]
0800000392[]
0800000393[]
0800000394[]
0800000395[]
0800000396[]
0800000397[]
0800000398[]
0800000399[]
0800000400[]
0800000401[]
0800000402[]
0800000403[]
0800000404[]
0800000405[]
0800000406[]
0800000407[]
0800000408[]
0800000409[]
0800000410[]
0800000411[]
0800000412[]
0800000413[]
0800000414[]
0800000415[]
0800000416[]
0800000417[]
0800000418[]
0800000419[]
0800000420[]
0800000421[]
0800000422[]
0800000423[]
0800000424[]
0800000425[]
0800000426[]
0800000427[]
0800000428[]
0800000429[]
0800000430[]
0800000431[]
0800000432[]
0800000433[]
0800000434[]
0800000435[]
0800000436[]
0800000437[]
0800000438[]
0800000439[]
0800000440[]
0800000441[]
0800000442[]
0800000443[]
0800000444[]
0800000445[]
0800000446[]
0800000447[]
0800000448[]
0800000449[]
0800000450[]
0800000451[]
0800000452[]
0800000453[]
0800000454[]
0800000455[31 71 17 45 41 0 -1; ]
0800000456[28 71 22 44 41 0 -1; ]
0800000457[25 72 26 44 41 1 -1; ]
0800000458[21 72 28 43 41 1 -1; ]
0800000459[18 73 28 43 41 1 -1; ]
0800000460[15 75 28 42 41 1 -1; ]
0800000461[12 76 28 41 41 1 -1; ]
0800000462[46 78 18 41 48 1 3; ]
0800000463[42 78 18 41 48 1 3; ]
0800000464[38 78 17 41 48 1 3; ]
0800000465[35 78 17 41 48 1 3; ]
0800000466[31 78 17 41 48 1 3; ]
0800000467[28 78 17 41 48 1 3; ]
0800000468[24 78 17 40 48 1 3; ]
0800000469[21 78 17 40 48 1 3; ]
0800000470[18 78 17 39 48 1 3; ]
0800000471[14 78 17 40 48 1 3; ]
0800000472[10 78 17 40 48 1 3; ]
0800000473[5 78 17 41 48 1 3; ]
0800000474[]
0800000475[]
0800000476[]
0800000477[]
0800000478[]
0800000479[]
0800000480[]
0800000481[]
0800000482[]
0800000483[]
0800000484[]
0800000485[]
0800000486[]
0800000487[]
0800000488[]
0800000489[]
0800000490[]
0800000491[]
0800000492[]
0800000493[]
0800000494[]
0800000495[]
0800000496[]
0800000497[]
0800000498[]
0800000499[]
0800000500[]
0800000501[]
0800000502[]
0800000503[]
0800000504[]
0800000505[]
0800000506[]
0800000507[]
0800000508[]
0800000509[]
0800000510[]
0800000511[]
0800000512[]
0800000513[]
0800000514[]
0800000515[]
0800000516[]
0800000517[]
0800000518[]
0800000519[]
0800000520[279 73 28 45 1 1 0; ]
0800000521[279 73 28 45 1 1 0; ]
0800000522[279 73 28 45 1 1 0; ]
0800000523[279 73 28 45 1 1 0; ]
0800000524[279 73 28 45 1 1 0; ]
0800000525[279 73 29 45 1 1 0; ]
0800000526[280 73 29 46 1 1 0; ]
0800000527[280 73 29 47 1 1 0; ]
0800000528[280 73 30 48 1 1 0; ]
0800000529[280 73 31 49 1 1 0; ]
0800000530[281 77 28 46 1 1 0; ]
0800000531[281 78 29 49 1 1 0; ]
0800000532[281 78 29 51 1 1 0; ]
0800000533[281 79 30 52 1 1 0; ]
0800000534[282 79 30 52 1 1 0; ]
0800000535[282 79 30 52 1 1 0; ]
0800000536[283 79 30 52 1 0 0; ]
0800000537[283 79 30 52 1 0 0; ]
0800000538[283 80 30 52 1 0 0; ]
0800000539[284 81 30 51 1 0 0; ]
0800000540[284 82 30 50 1 0 0; ]
0800000541[285 84 30 49 1 0 0; ]
0800000542[286 85 30 49 1 0 0; ]
0800000543[287 84 30 49 1 0 0; ]
0800000544[288 81 29 52 1 0 0; ]
0800000545[289 76 28 54 1 0 0; ]
0800000546[290 74 29 56 1 0 0; ]
0800000547[291 72 30 56 1 0 0; ]
0800000548[292 72 30 56 1 0 0; ]
0800000549[293 73 30 56 1 0 0; ]
0800000550[295 75 30 55 1 0 0; ]
0800000551[297 77 30 54 1 0 0; ]
0800000552[299 79 30 55 1 0 0; ]
0800000553[301 81 30 56 1 0 0; ]
0800000554[303 82 30 57 1 0 0; ]
0800000555[305 83 29 56 1 0 0; ]
0800000556[308 84 29 54 1 0 0; ]
0800000557[311 84 29 53 1 0 0; ]
0800000558[313 84 29 53 1 0 0; ]
0800000559[316 85 28 53 1 0 0; ]
0800000560[320 85 28 53 1 0 0; ]
0800000561[323 85 27 54 1 0 0; ]
0800000562[326 85 27 55 1 0 0; ]
0800000563[330 85 26 55 1 0 0; ]
0800000564[333 85 26 56 1 0 0; ]
0800000565[336 85 26 56 1 0 0; ]
0800000566[340 86 26 56 1 0 0; ]
0800000567[343 88 26 57 1 0 0; ]
0800000568[346 89 26 57 1 0 0; ]
0800000569[349 90 26 57 1 0 0; ]
0800000570[352 89 26 56 1 0 0; ]
0800000571[356 87 27 55 1 0 0; ]
0800000572[359 86 28 54 1 0 0; ]
0800000573[362 86 29 54 1 0 0; ]
0800000574[365 86 30 54 1 0 0; ]
0800000575[368 86 32 55 1 0 0; ]
0800000576[372 91 30 56 1 0 0; ]
0800000577[376 93 28 57 1 0 0; ]
0800000578[380 93 27 57 1 0 0; ]
0800000579[384 93 26 57 1 0 0; ]
0800000580[389 92 26 57 1 0 0; ]
0800000581[393 92 26 57 1 0 0; ]
0800000582[396 93 26 57 1 0 0; ]
0800000583[400 95 26 56 1 0 0; ]
0800000584[403 97 27 54 1 0 0; ]
0800000585[406 100 27 53 1 0 0; ]
0800000586[409 102 28 52 1 0 0; ]
0800000587[412 103 29 51 1 0 0; ]
0800000588[415 103 29 52 1 0 0; ]
0800000589[418 104 29 52 1 0 0; ]
0800000590[422 104 29 52 1 0 0; ]
0800000591[425 104 29 52 1 0 0; ]
0800000592[428 104 29 52 1 0 0; ]
0800000593[431 104 29 53 1 0 0; ]
0800000594[435 104 30 53 1 0 0; ]
0800000595[438 103 31 55 1 0 0; ]
0800000596[441 101 32 57 1 0 0; ]
0800000597[444 100 33 58 1 0 0; ]
0800000598[448 99 34 59 1 0 0; ]
0800000599[451 98 35 60 1 0 0; ]
0800000600[454 99 34 59 1 0 0; ]
0800000601[458 102 32 56 1 0 0; ]
0800000602[461 105 30 53 1 0 0; ]
0800000603[465 98 33 59 1 0 0; ]
0800000604[468 98 33 59 1 0 0; ]
0800000605[471 98 33 59 1 0 0; ]
0800000606[474 98 33 59 1 0 0; ]
0800000607[477 98 33 59 1 0 0; ]
0800000608[]
0800000609[]
0800000610[]
0800000611[]
0800000612[]
0800000613[]
0800000614[]
0800000615[]
0800000616[]
0800000617[]
0800000618[]
0800000619[]
0800000620[]
0800000621[]
0800000622[]
0800000623[]
0800000624[]
0800000625[]
0800000626[]
0800000627[]
0800000628[]
0800000629[]
0800000630[]
0800000631[]
0800000632[]
0800000633[]
0800000634[]
0800000635[]
0800000636[]
0800000637[]
0800000638[]
0800000639[]
0800000640[]
0800000641[]
0800000642[]
0800000643[]
0800000644[]
0800000645[]
0800000646[]
0800000647[]
0800000648[]
0800000649[]
0800000650[]
0800000651[]
0800000652[]
0800000653[]
0800000654[]
0800000655[]
0800000656[]
0800000657[]
0800000658[]
0800000659[]
0800000660[]
0800000661[]
0800000662[]
0800000663[]
0800000664[]
0800000665[]
0800000666[]
0800000667[]
0800000668[]
0800000669[]
0800000670[]
0800000671[]
0800000672[]
0800000673[]
0800000674[]
0800000675[]
0800000676[]
0800000677[]
0800000678[]
0800000679[]
0800000680[]
0800000681[]
0800000682[]
0800000683[]
0800000684[]
0800000685[]
0800000686[]
0800000687[]
0800000688[]
0800000689[]
0800000690[]
0800000691[]
0800000692[]
0800000693[]
0800000694[]
0800000695[]
0800000696[]
0800000697[]
0800000698[]
0800000699[]
0800000700[]
0800000701[]
0800000702[]
0800000703[]
0800000704[]
0800000705[]
0800000706[]
0800000707[]
0800000708[]
0800000709[]
0800000710[]
0800000711[]
0800000712[]
0800000713[]
0800000714[]
0800000715[]
0800000716[]
0800000717[]
0800000718[]
0800000719[]
0800000720[]
0800000721[]
0800000722[]
0800000723[]
0800000724[]
0800000725[]
0800000726[]
0800000727[]
0800000728[]
0800000729[]
0800000730[]
0800000731[]
0800000732[]
0800000733[]
0800000734[]
0800000735[]
0800000736[]
0800000737[]
0800000738[]
0800000739[]
0800000740[]
0800000741[]
0800000742[]
0800000743[]
0800000744[]
0800000745[]
0800000746[]
0800000747[]
0800000748[]
0800000749[]
0800000750[]
0800000751[]
0800000752[]
0800000753[]
0800000754[]
0800000755[]
0800000756[]
0800000757[]
0800000758[]
0800000759[]
0800000760[]
0800000761[]
0800000762[]
0800000763[]
0800000764[]
0800000765[]
0800000766[]
0800000767[]
0800000768[]
0800000769[]
0800000770[]
0800000771[]
0800000772[]
0800000773[]
0800000774[]
0800000775[]
0800000776[]
0800000777[]
0800000778[]
0800000779[]
0800000780[]
0800000781[]
0800000782[]
0800000783[]
0800000784[]
0800000785[]
0800000786[]
0800000787[]
0800000788[]
0800000789[]
0800000790[]
0800000791[]
0800000792[]
0800000793[]
0800000794[]
0800000795[]
0800000796[]
0800000797[]
0800000798[]
0800000799[]
0800000800[]
0800000801[]
0800000802[]
0800000803[]
0800000804[]
0800000805[]
0800000806[]
0800000807[]
0800000808[]
0800000809[]
0800000810[]
0800000811[]
0800000812[]
0800000813[]
0800000814[]
0800000815[]
0800000816[]
0800000817[]
0800000818[]
0800000819[]
0800000820[]
0800000821[]
0800000822[]
0800000823[]
0800000824[]
0800000825[]
0800000826[]
0800000827[]
0800000828[]
0800000829[]
0800000830[]
0800000831[]
0800000832[]
0800000833[]
0800000834[]
0800000835[]
0800000836[]
0800000837[]
0800000838[]
0800000839[]
0800000840[]
0800000841[]
0800000842[]
0800000843[]
0800000844[]
0800000845[]
0800000846[]
0800000847[]
0800000848[]
0800000849[]
0800000850[]
0800000851[]
0800000852[]
0800000853[]
0800000854[]
0800000855[]
0800000856[]
0800000857[]
0800000858[]
0800000859[]
0800000860[]
0800000861[]
0800000862[]
0800000863[]
0800000864[]
0800000865[]
0800000866[]
0800000867[]
0800000868[]
0800000869[]
0800000870[]
0800000871[]
0800000872[]
0800000873[]
0800000874[]
0800000875[]
0800000876[]
0800000877[]
0800000878[]
0800000879[]
0800000880[]
0800000881[]
0800000882[]
0800000883[]
0800000884[]
0800000885[]
0800000886[]
0800000887[]
0800000888[]
0800000889[]
0800000890[]
0800000891[]
0800000892[]
0800000893[]
0800000894[]
0800000895[]
0800000896[]
0800000897[]
0800000898[]
0800000899[]
0800000900[]
0800000901[]
0800000902[]
0800000903[]
0800000904[]
0800000905[]
0800000906[]
0800000907[]
0800000908[]
0800000909[]
0800000910[]
0800000911[]
0800000912[]
0800000913[]
0800000914[]
0800000915[]
0800000916[]
0800000917[]
0800000918[]
0800000919[]
0800000920[]
0800000921[]
0800000922[]
0800000923[]
0800000924[]
0800000925[]
0800000926[]
0800000927[]
0800000928[]
0800000929[]
0800000930[]
0800000931[]
0800000932[]
0800000933[]
0800000934[]
0800000935[]
0800000936[]
0800000937[]
0800000938[]
0800000939[]
0800000940[]
0800000941[]
0800000942[]
0800000943[]
0800000944[]
0800000945[]
0800000946[]
0800000947[]
0800000948[]
0800000949[]
0800000950[]
0800000951[]
0800000952[]
0800000953[]
0800000954[]
0800000955[]
0800000956[]
0800000957[]
0800000958[]
0800000959[]
0800000960[]
0800000961[]
0800000962[]
0800000963[]
0800000964[]
0800000965[]
0800000966[]
0800000967[]
0800000968[]
0800000969[]
0800000970[]
0800000971[]
0800000972[]
0800000973[]
0800000974[]
0800000975[]
0800000976[]
0800000977[]
0800000978[]
0800000979[]
0800000980[]
0800000981[]
0800000982[]
0800000983[]
0800000984[]
0800000985[]
0800000986[]
0800000987[]
0800000988[]
0800000989[]
0800000990[]
0800000991[]
0800000992[]
0800000993[]
0800000994[]
0800000995[]
0800000996[]
0800000997[]
0800000998[]
0800000999[]
0800001000[]
0800001001[]
0800001002[]
0800001003[]
0800001004[]
0800001005[]
0800001006[]
0800001007[]
0800001008[]
0800001009[]
0800001010[]
0800001011[]
0800001012[]
0800001013[]
0800001014[]
0800001015[]
0800001016[]
0800001017[]
0800001018[]
0800001019[]
0800001020[]
0800001021[]
0800001022[]
0800001023[]
0800001024[]
0800001025[]
0800001026[]
0800001027[]
0800001028[]
0800001029[]
0800001030[]
0800001031[]
0800001032[]
0800001033[]
0800001034[]
0800001035[]
0800001036[]
0800001037[]
0800001038[]
0800001039[]
0800001040[]
0800001041[]
0800001042[]
0800001043[]
0800001044[]
0800001045[]
0800001046[]
0800001047[]
0800001048[]
0800001049[]
0800001050[]
0800001051[]
0800001052[]
0800001053[]
0800001054[]
0800001055[]
0800001056[]
0800001057[]
0800001058[]
0800001059[]
0800001060[]
0800001061[]
0800001062[]
0800001063[]
0800001064[]
0800001065[]
0800001066[]
0800001067[382 106 21 55 50 1 3; ]
0800001068[382 106 21 55 50 1 3; ]
0800001069[382 107 21 55 50 1 3; ]
0800001070[381 108 20 55 50 1 3; ]
0800001071[381 108 20 55 50 1 3; ]
0800001072[381 109 20 55 50 1 3; ]
0800001073[380 109 20 55 50 1 3; ]
0800001074[376 112 25 52 8 1 1; ]
0800001075[376 112 25 53 8 1 1; ]
0800001076[376 113 25 54 8 1 1; ]
0800001077[376 114 25 55 8 1 1; ]
0800001078[376 114 25 55 8 1 1; ]
0800001079[376 114 25 56 8 1 1; ]
0800001080[376 114 26 56 8 1 1; ]
0800001081[376 114 22 51 8 1 1; ]
0800001082[376 114 19 47 8 1 1; ]
0800001083[376 114 20 49 8 1 1; ]
0800001084[376 114 26 56 8 1 1; ]
0800001085[376 114 26 56 8 1 1; ]
0800001086[376 114 26 56 8 1 1; ]
0800001087[376 115 25 55 8 1 1; 357 112 19 50 52 1 3; ]
0800001088[377 116 24 53 8 1 1; 357 114 19 50 52 1 3; ]
0800001089[378 118 23 52 8 1 1; 358 115 20 50 52 1 3; ]
0800001090[359 116 20 50 52 1 3; ]
0800001091[359 116 20 50 52 1 3; ]
0800001092[360 117 20 50 52 1 3; ]
0800001093[361 117 20 50 52 1 3; ]
0800001094[361 117 20 50 52 1 3; ]
0800001095[362 117 20 50 52 1 3; ]
0800001096[363 117 20 50 52 1 3; ]
0800001097[363 116 20 51 52 1 3; ]
0800001098[10 85 41 122 9 1 2; 364 116 20 51 52 1 3; ]
0800001099[10 85 41 122 9 1 2; 364 116 21 52 52 1 3; ]
0800001100[10 85 41 122 9 1 2; 365 116 21 52 52 1 3; ]
0800001101[10 85 40 122 9 1 2; 366 115 21 52 52 1 3; ]
0800001102[10 85 39 122 9 1 2; 366 115 21 52 52 1 3; ]
0800001103[10 85 40 122 9 1 2; 368 114 21 52 52 1 3; ]
0800001104[10 85 41 122 9 1 2; 369 114 21 52 52 1 3; 475 115 25 65 54 1 3; ]
0800001105[10 85 43 122 9 1 2; 371 113 21 52 52 1 3; 476 115 25 65 54 1 3; ]
0800001106[10 85 44 122 9 1 2; 372 112 22 52 52 1 3; 478 115 25 65 54 1 3; ]
0800001107[10 85 44 122 9 1 2; 373 112 22 52 52 1 3; 481 115 25 65 54 1 3; ]
0800001108[10 85 44 122 9 1 2; 377 112 21 52 52 1 3; 483 115 25 65 54 1 3; ]
0800001109[378 112 21 52 52 1 3; ]
0800001110[379 112 21 52 52 1 3; ]
0800001111[]
0800001112[]
0800001113[]
0800001114[]
0800001115[]
0800001116[]
0800001117[]
0800001118[]
0800001119[]
0800001120[]
0800001121[]
0800001122[]
0800001123[]
0800001124[]
0800001125[]
0800001126[]
0800001127[]
0800001128[]
0800001129[]
0800001130[]
0800001131[]
0800001132[]
0800001133[]
0800001134[]
0800001135[]
0800001136[]
0800001137[]
0800001138[]
0800001139[]
0800001140[]
0800001141[]
0800001142[]
0800001143[]
0800001144[]
0800001145[475 95 25 58 55 1 3; ]
0800001146[477 95 24 58 55 1 3; ]
0800001147[479 95 24 57 55 1 3; ]
0800001148[481 95 23 57 55 1 3; ]
0800001149[482 95 23 56 55 1 3; ]
0800001150[483 95 23 56 55 1 3; ]
0800001151[484 94 23 55 55 1 3; ]
0800001152[484 94 23 55 55 1 3; ]
0800001153[485 93 23 54 55 1 3; ]
0800001154[485 92 23 54 55 1 3; ]
0800001155[486 91 23 54 55 1 3; ]
0800001156[486 89 23 55 55 1 3; ]
0800001157[487 88 23 55 55 1 3; ]
0800001158[488 86 22 56 55 1 3; ]
0800001159[486 84 24 58 10 1 1; ]
0800001160[]
0800001161[]
0800001162[]
0800001163[]
0800001164[]
0800001165[]
0800001166[]
0800001167[]
0800001168[]
0800001169[]
0800001170[]
0800001171[]
0800001172[]
0800001173[]
0800001174[]
0800001175[]
0800001176[]
0800001177[]
0800001178[]
0800001179[]
0800001180[]
0800001181[]
0800001182[]
0800001183[]
0800001184[]
0800001185[]
0800001186[]
0800001187[]
0800001188[]
0800001189[]
0800001190[]
0800001191[]
0800001192[484 104 26 65 10 0 1; ]
0800001193[482 104 27 65 10 0 1; ]
0800001194[481 103 27 65 10 0 1; ]
0800001195[479 102 28 65 10 0 1; ]
0800001196[478 101 29 65 10 0 1; ]
0800001197[477 99 29 65 10 0 1; ]
0800001198[475 98 30 65 10 0 1; ]
0800001199[474 97 30 65 10 0 1; ]
0800001200[473 96 31 65 10 0 1; ]
0800001201[472 95 31 65 10 0 1; ]
0800001202[471 94 31 65 10 0 1; ]
0800001203[469 94 32 65 10 0 1; ]
0800001204[468 95 31 66 10 0 1; ]
0800001205[467 97 31 66 10 0 1; ]
0800001206[465 99 31 66 10 0 1; ]
0800001207[464 102 31 67 10 0 1; 402 104 22 57 58 1 3; ]
0800001208[463 104 31 68 10 0 1; 401 106 22 57 58 1 3; ]
0800001209[462 105 31 69 10 0 1; 400 109 22 57 58 1 3; ]
0800001210[460 106 31 71 10 0 1; 400 110 22 57 58 1 3; ]
0800001211[459 106 31 72 10 0 1; 399 111 22 57 58 1 3; ]
0800001212[458 106 31 72 10 0 1; 399 111 21 57 58 1 3; ]
0800001213[456 106 31 72 10 0 1; 399 110 21 56 58 1 3; ]
0800001214[455 105 31 72 10 0 1; 399 110 21 56 58 1 3; ]
0800001215[454 105 31 71 10 0 1; 398 109 21 56 58 1 3; ]
0800001216[452 104 30 69 10 0 1; 398 109 21 56 58 1 3; ]
0800001217[451 103 30 69 10 0 1; 398 109 21 56 58 1 3; ]
0800001218[450 101 30 69 10 0 1; ]
0800001219[450 100 30 70 10 0 1; ]
0800001220[449 98 30 72 10 0 1; ]
0800001221[448 96 30 73 10 0 1; ]
0800001222[448 95 30 74 10 0 1; ]
0800001223[448 95 30 74 10 0 1; ]
0800001224[448 95 30 74 10 0 1; ]
0800001225[448 95 30 74 10 0 1; ]
0800001226[449 95 30 74 10 0 1; ]
0800001227[449 95 30 73 10 0 1; ]
0800001228[450 95 30 73 10 0 1; ]
0800001229[451 95 30 72 10 0 1; ]
0800001230[451 96 30 72 10 0 1; ]
0800001231[451 96 31 72 10 0 1; ]
0800001232[451 95 31 72 10 0 1; ]
0800001233[451 94 31 73 10 0 1; ]
0800001234[451 93 31 73 10 0 1; ]
0800001235[451 92 31 74 10 0 1; ]
0800001236[452 91 31 75 10 0 1; ]
0800001237[452 91 32 76 10 0 1; ]
0800001238[452 90 32 77 10 0 1; ]
0800001239[452 90 32 77 10 0 1; ]
0800001240[452 90 33 78 10 0 1; ]
0800001241[452 90 33 79 10 0 1; ]
0800001242[452 89 33 80 10 0 1; ]
0800001243[452 89 34 81 10 0 1; 442 99 19 54 60 1 3; ]
0800001244[452 89 34 82 10 0 1; 444 98 19 55 60 1 3; ]
0800001245[452 89 35 82 10 0 1; 446 97 20 56 60 1 3; ]
0800001246[451 88 36 83 10 0 1; 448 96 21 56 60 1 3; ]
0800001247[449 87 38 84 10 0 1; ]
0800001248[452 85 35 84 10 0 1; ]
0800001249[454 83 33 84 10 0 1; ]
0800001250[456 82 31 84 10 0 1; ]
0800001251[457 80 31 84 10 0 1; ]
0800001252[457 79 31 84 10 0 1; ]
0800001253[456 77 31 84 10 0 1; ]
0800001254[456 76 31 84 10 0 1; ]
0800001255[456 75 31 84 10 0 1; ]
0800001256[456 74 31 83 10 0 1; ]
0800001257[456 73 31 83 10 0 1; ]
0800001258[455 72 31 83 10 0 1; 473 83 29 61 12 1 0; ]
0800001259[455 71 32 82 10 0 1; 475 80 31 61 12 1 0; ]
0800001260[454 70 32 82 10 0 1; 476 78 32 62 12 1 0; ]
0800001261[453 69 33 82 10 0 1; ]
0800001262[453 68 32 83 10 0 1; ]
0800001263[454 67 32 86 10 0 1; ]
0800001264[454 67 32 88 10 0 1; ]
0800001265[454 66 31 90 10 0 1; ]
0800001266[455 67 31 90 10 0 1; ]
0800001267[455 67 31 91 10 0 1; ]
0800001268[456 68 31 92 10 0 1; ]
0800001269[456 70 31 92 10 0 1; ]
0800001270[457 71 31 93 10 0 1; ]
0800001271[457 73 30 93 10 0 1; ]
0800001272[458 74 30 93 10 0 1; ]
0800001273[458 75 30 93 10 0 1; ]
0800001274[454 76 34 92 10 0 1; ]
0800001275[455 75 33 94 10 0 1; 435 81 21 55 61 1 3; ]
0800001276[455 74 32 95 10 0 1; 434 81 21 55 61 1 3; ]
0800001277[456 74 32 96 10 0 1; 434 81 21 54 61 1 3; ]
0800001278[456 73 31 97 10 0 1; 433 81 21 54 61 1 3; ]
0800001279[456 73 31 98 10 0 1; 433 81 21 54 61 1 3; ]
0800001280[456 72 31 98 10 0 1; 432 81 21 54 61 1 3; ]
0800001281[456 71 31 99 10 0 1; 431 81 21 54 61 1 3; ]
0800001282[456 71 30 99 10 0 1; 431 81 21 54 61 1 3; ]
0800001283[456 70 30 99 10 0 1; 430 81 21 54 61 1 3; ]
0800001284[457 69 30 99 10 0 1; 430 81 21 54 61 1 3; ]
0800001285[457 69 30 99 10 0 1; 429 81 21 53 61 1 3; ]
0800001286[456 68 31 100 10 0 1; 428 80 22 51 61 1 3; ]
0800001287[456 68 31 100 10 0 1; 428 80 22 50 61 1 3; ]
0800001288[456 68 33 100 10 0 1; 427 80 22 50 61 1 3; ]
0800001289[455 68 34 101 10 0 1; 426 80 22 49 61 1 3; ]
0800001290[455 66 34 103 10 0 1; 426 80 22 49 61 1 3; ]
0800001291[455 65 34 105 10 0 1; 425 80 21 49 61 1 3; ]
0800001292[455 65 34 106 10 0 1; 425 80 21 50 61 1 3; ]
0800001293[456 65 34 107 10 0 1; 424 80 21 51 61 1 3; ]
0800001294[456 66 33 108 10 0 1; 424 79 20 52 61 1 3; ]
0800001295[456 67 33 108 10 0 1; 424 79 20 52 61 1 3; ]
0800001296[456 68 33 109 10 0 1; 423 81 21 52 61 1 3; ]
0800001297[456 69 33 109 10 0 1; 423 83 21 52 61 1 3; ]
0800001298[456 69 33 110 10 0 1; 422 84 21 52 61 1 3; ]
0800001299[457 70 33 110 10 0 1; 422 85 22 52 61 1 3; ]
0800001300[456 70 33 111 10 0 1; 422 85 22 52 61 1 3; ]
0800001301[456 69 33 111 10 0 1; 421 85 22 53 61 1 3; ]
0800001302[456 69 34 111 10 0 1; 421 85 22 53 61 1 3; ]
0800001303[456 69 34 111 10 0 1; 421 85 22 53 61 1 3; ]
0800001304[455 69 35 112 10 0 1; 420 85 22 53 61 1 3; ]
0800001305[455 68 35 112 10 0 1; 420 85 22 54 61 1 3; ]
0800001306[455 68 36 114 10 0 1; 420 85 22 54 61 1 3; ]
0800001307[455 68 36 116 10 0 1; 419 85 22 55 61 1 3; ]
0800001308[455 67 36 118 10 0 1; 419 85 22 55 61 1 3; ]
0800001309[455 67 37 120 10 0 1; 419 85 22 55 61 1 3; ]
0800001310[455 66 38 122 10 0 1; 418 85 22 56 61 1 3; ]
0800001311[455 66 38 124 10 0 1; 418 85 22 56 61 1 3; ]
0800001312[456 67 38 125 10 0 1; 417 86 22 56 61 1 3; ]
0800001313[456 67 39 126 10 0 1; 417 87 22 57 61 1 3; ]
0800001314[457 68 39 127 10 0 1; 416 88 22 57 61 1 3; ]
0800001315[457 68 39 128 10 0 1; 415 89 22 57 61 1 3; ]
0800001316[457 69 39 128 10 0 1; 415 90 23 57 61 1 3; ]
0800001317[457 70 40 129 10 0 1; 414 92 23 58 61 1 3; ]
0800001318[458 71 40 130 10 0 1; 413 94 23 58 61 1 3; ]
0800001319[458 72 40 131 10 0 1; 412 96 24 58 61 1 3; ]
0800001320[458 74 41 131 10 0 1; ]
0800001321[458 75 41 132 10 0 1; ]
0800001322[458 78 41 132 10 0 1; ]
0800001323[457 81 41 132 10 0 1; ]
0800001324[457 83 42 133 10 0 1; ]
0800001325[457 83 43 133 10 0 1; ]
0800001326[457 81 43 134 10 0 1; ]
0800001327[457 80 43 134 10 0 1; ]
0800001328[458 78 43 134 10 0 1; ]
0800001329[458 76 43 135 10 0 1; ]
0800001330[458 74 43 136 10 0 1; ]
0800001331[458 72 44 137 10 0 1; ]
0800001332[459 70 44 139 10 0 1; ]
0800001333[459 69 45 140 10 0 1; ]
0800001334[459 67 46 142 10 0 1; ]
0800001335[459 65 46 143 10 0 1; ]
0800001336[459 64 48 145 10 0 1; ]
0800001337[459 62 49 147 10 0 1; ]
0800001338[459 60 50 150 10 0 1; ]
0800001339[459 59 52 152 10 0 1; ]
0800001340[]
0800001341[]
0800001342[]
0800001343[]
0800001344[]
0800001345[44 103 21 56 16 1 1; ]
0800001346[42 105 21 54 16 1 1; ]
0800001347[41 107 21 52 16 1 1; ]
0800001348[39 108 21 51 16 1 1; ]
0800001349[37 109 21 51 16 1 1; ]
0800001350[35 108 21 51 16 1 1; ]
0800001351[33 108 21 51 16 1 1; ]
0800001352[30 107 21 52 16 1 1; ]
0800001353[28 107 21 53 16 0 1; ]
0800001354[25 106 21 54 16 0 1; ]
0800001355[23 105 21 54 16 1 1; ]
0800001356[20 104 21 55 16 1 1; ]
0800001357[18 104 21 56 16 1 1; ]
0800001358[15 103 21 56 16 1 1; ]
0800001359[12 103 21 56 16 1 1; ]
0800001360[8 102 22 57 16 1 1; ]
0800001361[5 102 22 57 16 1 1; ]
0800001362[2 102 23 57 16 1 1; ]
0800001363[]
0800001364[]
0800001365[]
0800001366[]
0800001367[]
0800001368[]
0800001369[]
0800001370[]
0800001371[]
0800001372[]
0800001373[]
0800001374[]
0800001375[]
0800001376[]
0800001377[]
0800001378[]
0800001379[]
0800001380[]
0800001381[]
0800001382[]
0800001383[]
0800001384[]
0800001385[]
0800001386[]
0800001387[]
0800001388[]
0800001389[]
0800001390[]
0800001391[]
0800001392[]
0800001393[]
0800001394[]
0800001395[]
0800001396[]
0800001397[431 71 80 193 17 1 1; ]
0800001398[429 72 80 193 17 1 1; ]
0800001399[427 73 81 193 17 0 1; ]
0800001400[426 74 81 194 17 0 1; ]
0800001401[424 75 82 194 17 0 1; ]
0800001402[423 76 83 194 17 0 1; ]
0800001403[423 76 84 194 17 0 1; ]
0800001404[423 76 85 194 17 0 1; ]
0800001405[422 76 85 194 17 0 1; ]
0800001406[422 76 86 194 17 0 1; ]
0800001407[422 76 86 194 17 0 1; ]
0800001408[422 75 86 194 17 0 1; ]
0800001409[422 75 86 194 17 0 1; ]
0800001410[424 74 86 194 17 0 1; ]
0800001411[424 77 83 193 17 0 1; ]
0800001412[424 72 81 198 17 0 1; ]
0800001413[299 72 86 202 17 0 1; 261 65 64 164 18 0 1; 373 60 84 219 19 0 1; ]
0800001414[289 72 86 205 17 0 1; 252 64 63 165 18 0 1; 363 59 84 220 19 0 1; ]
0800001415[279 71 86 208 17 0 1; 241 63 61 166 18 0 1; 352 58 85 221 19 0 1; ]
0800001416[268 71 87 209 17 0 1; 230 62 60 166 18 0 1; 341 57 85 221 19 0 1; ]
0800001417[257 70 87 211 17 0 1; 219 61 59 167 18 0 1; 329 57 85 222 19 0 1; ]
0800001418[246 69 88 212 17 0 1; 207 60 59 168 18 0 1; 318 56 86 223 19 0 1; ]
0800001419[235 68 88 213 17 0 1; 195 60 58 169 18 0 1; 306 55 86 224 19 0 1; ]
0800001420[224 67 89 213 17 0 1; 182 59 62 170 18 0 1; 293 55 86 225 19 0 1; ]
0800001421[213 67 89 214 17 0 1; 169 58 63 171 18 0 1; 281 55 87 226 19 0 1; ]
0800001422[201 66 90 215 17 0 1; 155 57 63 172 18 0 1; 268 54 87 227 19 0 1; ]
0800001423[189 65 90 216 17 0 1; 140 56 64 173 18 0 1; 255 54 88 228 19 0 1; ]
0800001424[176 64 90 217 17 0 1; 125 55 65 174 18 0 1; 242 54 88 229 19 0 1; ]
0800001425[162 63 90 218 17 0 1; 110 54 65 174 18 0 1; 228 53 89 230 19 0 1; ]
0800001426[148 62 90 220 17 0 1; 94 54 66 175 18 0 1; 214 53 90 231 19 0 1; ]
0800001427[131 61 90 222 17 0 1; 78 53 67 176 18 0 1; 200 53 90 232 19 0 1; ]
0800001428[115 60 90 225 17 0 1; 62 52 67 177 18 0 1; 185 53 91 233 19 0 1; ]
0800001429[98 60 89 227 17 0 1; 45 51 68 178 18 0 1; 169 53 92 235 19 0 1; ]
0800001430[80 59 89 229 17 0 1; 27 50 69 179 18 0 1; 154 53 92 236 19 0 1; ]
0800001431[62 58 89 231 17 0 1; 9 49 69 180 18 0 1; 138 54 93 238 19 0 1; ]
0800001432[44 58 90 233 17 0 1; 122 54 94 239 19 0 1; ]
0800001433[25 57 90 235 17 0 1; 106 54 95 241 19 0 1; ]
0800001434[5 57 91 237 17 0 1; 90 54 96 242 19 0 1; ]
0800001435[73 55 97 244 19 0 1; ]
0800001436[]
0800001437[]
0800001438[]
0800001439[]
0800001440[]
0800001441[]
0800001442[]
0800001443[]
0800001444[]
0800001445[]
0800001446[]
0800001447[]
0800001448[]
0800001449[]
0800001450[]
0800001451[]
0800001452[]
0800001453[]
0800001454[]
0800001455[]
0800001456[]
0800001457[]
0800001458[]
0800001459[]
0800001460[]
0800001461[]
0800001462[]
0800001463[]
0800001464[]
0800001465[]
0800001466[]
0800001467[]
0800001468[]
0800001469[]
0800001470[]
0800001471[]
0800001472[]
0800001473[]
0800001474[]
0800001475[]
0800001476[]
0800001477[]
0800001478[]
0800001479[]
0800001480[]
0800001481[]
0800001482[]
0800001483[]
0800001484[]
0800001485[]
0800001486[]
0800001487[]
0800001488[]
0800001489[]
0800001490[]
0800001491[]
0800001492[]
0800001493[]
0800001494[]
0800001495[]
0800001496[]
0800001497[]
0800001498[]
0800001499[]
0800001500[]
0800001501[]
0800001502[]
0800001503[]
0800001504[]
0800001505[]
0800001506[]
0800001507[]
0800001508[]
0800001509[]
0800001510[]
0800001511[]
0800001512[]
0800001513[]
0800001514[]
0800001515[]
0800001516[]
0800001517[]
0800001518[]
0800001519[]
0800001520[]
0800001521[]
0800001522[]
0800001523[]
0800001524[]
0800001525[]
0800001526[]
0800001527[]
0800001528[]
0800001529[]
0800001530[]
0800001531[]
0800001532[]
0800001533[]
0800001534[]
0800001535[]
0800001536[]
0800001537[]
0800001538[]
0800001539[]
0800001540[]
0800001541[]
0800001542[]
0800001543[]
0800001544[]
0800001545[]
0800001546[]
0800001547[]
0800001548[]
0800001549[]
0800001550[]
0800001551[]
0800001552[]
0800001553[]
0800001554[]
0800001555[]
0800001556[]
0800001557[]
0800001558[]
0800001559[]
0800001560[]
0800001561[]
0800001562[]
0800001563[]
0800001564[]
0800001565[]
0800001566[]
0800001567[]
0800001568[]
0800001569[]
0800001570[]
0800001571[]
0800001572[]
0800001573[]
0800001574[]
0800001575[]
0800001576[]
0800001577[]
0800001578[]
0800001579[]
0800001580[]
0800001581[]
0800001582[]
0800001583[]
0800001584[]
0800001585[]
0800001586[]
0800001587[]
0800001588[]
0800001589[]
0800001590[]
0800001591[]
0800001592[]
0800001593[]
0800001594[]
0800001595[]
0800001596[]
0800001597[]
0800001598[]
0800001599[]
0800001600[]
0800001601[]
0800001602[]
0800001603[]
0800001604[486 105 22 47 63 1 3; ]
0800001605[474 102 21 46 63 1 3; ]
0800001606[462 99 21 46 63 1 3; ]
0800001607[476 101 23 46 20 0 1; 445 96 20 46 63 1 3; ]
0800001608[463 99 24 47 20 0 1; 435 95 20 48 63 1 3; ]
0800001609[450 99 24 48 20 0 1; 424 95 20 48 63 1 3; ]
0800001610[438 99 24 47 20 0 1; 475 91 30 71 22 0 0; 411 96 21 48 63 1 3; ]
0800001611[426 100 24 47 20 0 1; 463 91 29 71 22 0 0; 482 111 20 41 23 1 -1; 397 98 22 49 63 1 3; ]
0800001612[412 100 26 46 20 0 1; 452 91 29 71 22 0 0; 470 110 20 41 23 1 -1; ]
0800001613[403 100 24 46 20 0 1; 441 91 29 71 22 0 0; 458 109 20 41 23 1 -1; ]
0800001614[392 100 24 46 20 0 1; 430 91 29 70 22 0 0; 447 108 21 41 23 1 -1; ]
0800001615[382 99 24 46 20 0 1; 420 90 29 70 22 0 0; 436 107 21 42 23 1 -1; ]
0800001616[371 98 24 47 20 0 1; 409 90 29 70 22 0 0; 426 106 22 42 23 1 -1; ]
0800001617[361 96 24 47 20 0 1; 399 90 29 70 22 0 0; 416 106 22 42 23 1 -1; ]
0800001618[351 94 24 48 20 0 1; 390 89 30 70 22 0 0; 407 105 23 42 23 1 -1; ]
0800001619[342 93 23 48 20 0 1; 381 88 31 71 22 0 0; 398 104 24 42 23 1 -1; ]
0800001620[334 92 23 48 20 0 1; 372 87 32 72 22 0 0; 389 103 24 42 23 1 -1; ]
0800001621[327 91 23 48 20 0 1; 364 86 33 73 22 0 0; 381 103 25 43 23 1 -1; ]
0800001622[320 91 23 48 20 0 1; 356 85 34 73 22 0 0; 374 103 26 43 23 1 -1; ]
0800001623[314 92 23 48 20 0 1; 350 85 35 74 22 0 0; 369 102 26 43 23 1 -1; ]
0800001624[308 92 22 48 20 0 1; 345 85 34 73 22 0 0; 364 102 26 43 23 0 -1; ]
0800001625[303 92 22 47 20 0 1; 341 85 34 72 22 0 0; 359 102 25 43 23 0 -1; ]
0800001626[297 92 21 47 20 0 1; 336 86 33 71 22 0 0; 355 102 25 44 23 0 -1; ]
0800001627[293 93 21 46 20 0 1; 332 86 32 70 22 0 0; 351 102 24 44 23 0 -1; ]
0800001628[289 93 20 46 20 0 1; 328 87 30 69 22 0 0; 347 102 23 44 23 0 -1; ]
0800001629[286 94 20 45 20 0 1; 325 87 29 68 22 0 0; 344 102 23 44 23 0 -1; ]
0800001630[282 94 20 45 20 0 1; 323 87 29 67 22 0 0; 342 102 23 45 23 0 -1; ]
0800001631[279 94 20 45 20 0 1; 312 101 20 44 21 0 1; 321 87 28 66 22 0 0; 340 102 22 45 23 0 -1; ]
0800001632[276 94 20 45 20 0 1; 309 101 20 44 21 0 1; 319 87 28 66 22 0 0; 338 102 22 45 23 0 -1; ]
0800001633[274 94 21 45 20 0 1; 306 101 20 45 21 0 1; 318 87 28 66 22 0 0; 337 102 23 45 23 0 -1; ]
0800001634[272 94 21 45 20 0 1; 303 101 20 45 21 0 1; 317 87 28 66 22 0 0; 336 102 23 45 23 0 -1; ]
0800001635[270 94 21 45 20 0 1; 301 100 20 45 21 0 1; 316 87 29 66 22 0 0; 335 102 23 46 23 0 -1; ]
0800001636[270 94 22 46 20 0 1; 299 100 20 45 21 0 1; 315 87 29 66 22 0 0; 334 102 23 46 23 0 -1; ]
0800001637[269 94 22 46 20 0 1; 298 100 22 46 21 0 1; 314 86 29 65 22 0 0; 333 102 24 46 23 0 -1; ]
0800001638[268 94 23 46 20 0 1; 296 100 23 46 21 0 1; 314 86 29 65 22 0 0; 332 102 25 46 23 0 -1; ]
0800001639[268 94 23 46 20 0 1; 295 100 24 46 21 0 1; 314 86 29 65 22 0 0; 332 102 25 47 23 0 -1; ]
0800001640[268 94 24 46 20 0 1; 294 99 24 46 21 0 1; 314 86 29 65 22 0 0; 332 102 26 47 23 0 -1; ]
0800001641[267 94 24 46 20 0 1; 293 99 24 46 21 0 1; 314 86 29 65 22 0 0; 331 102 27 47 23 0 -1; ]
0800001642[268 94 24 46 20 0 1; 293 99 23 47 21 0 1; 315 86 29 65 22 0 0; 332 102 27 47 23 0 -1; ]
0800001643[268 94 24 46 20 0 1; 292 99 23 47 21 0 1; 316 86 30 65 22 0 0; 332 102 27 47 23 0 -1; ]
0800001644[268 94 24 46 20 0 1; 292 98 23 47 21 0 1; 317 86 30 65 22 0 0; 333 102 26 46 23 0 -1; ]
0800001645[269 94 24 46 20 0 1; 291 98 22 47 21 0 1; 318 86 30 65 22 0 0; 334 103 26 46 23 0 -1; ]
0800001646[269 94 24 46 20 0 1; 291 98 22 48 21 0 1; 319 86 30 65 22 0 0; 335 103 25 45 23 0 -1; ]
0800001647[270 94 25 46 20 0 1; 290 98 22 48 21 0 1; 321 86 30 65 22 0 0; 337 103 25 45 23 0 -1; ]
0800001648[270 94 25 46 20 0 1; 290 98 21 48 21 0 1; 322 86 30 65 22 0 0; 338 103 24 44 23 0 -1; ]
0800001649[270 94 25 46 20 0 1; 289 97 21 48 21 0 1; 324 86 30 65 22 0 0; 340 103 24 44 23 1 -1; ]
0800001650[271 93 24 46 20 0 1; 289 97 21 48 21 0 1; 325 86 30 65 22 0 0; 341 103 23 43 23 1 -1; ]
0800001651[271 92 24 47 20 0 1; 288 97 21 49 21 0 1; 326 86 30 65 22 0 0; 342 103 23 43 23 1 -1; ]
0800001652[271 91 23 48 20 0 1; 287 97 21 49 21 0 1; 328 87 30 64 22 0 0; 343 104 22 43 23 1 -1; ]
0800001653[272 91 22 49 20 0 1; 287 96 21 49 21 0 1; 329 87 30 64 22 0 0; 344 104 22 43 23 1 -1; ]
0800001654[273 91 22 48 20 0 1; 286 96 21 49 21 0 1; 330 87 30 64 22 0 0; 345 104 22 43 23 1 -1; ]
0800001655[274 91 21 48 20 0 1; 286 96 20 49 21 0 1; 332 87 30 64 22 0 0; 345 104 22 43 23 1 -1; ]
0800001656[274 92 21 48 20 0 1; 285 96 20 50 21 0 1; 333 88 30 64 22 0 0; 346 104 22 43 23 1 -1; ]
0800001657[274 92 21 48 20 0 1; 284 96 20 50 21 0 1; 334 88 30 64 22 0 0; 347 105 22 43 23 1 -1; ]
0800001658[274 93 21 48 20 0 1; 284 95 20 50 21 0 1; 336 88 31 64 22 0 0; ]
0800001659[274 93 21 48 20 0 1; 283 95 20 50 21 0 1; 337 89 31 64 22 0 0; ]
0800001660[274 94 21 48 20 0 1; 283 95 20 51 21 0 1; 339 89 31 63 22 0 0; ]
0800001661[274 94 21 48 20 1 1; 282 95 20 51 21 0 1; 341 90 31 63 22 0 0; ]
0800001662[274 95 21 48 20 1 1; 281 95 20 51 21 0 1; 342 91 31 63 22 0 0; ]
0800001663[280 95 20 51 21 0 1; 344 91 31 63 22 0 0; ]
0800001664[279 95 20 51 21 0 1; 346 92 31 63 22 0 0; ]
0800001665[278 96 20 50 21 0 1; 348 93 31 63 22 0 0; ]
0800001666[277 96 21 50 21 0 1; 351 93 31 62 22 0 0; ]
0800001667[275 97 21 50 21 0 1; 352 94 32 62 22 0 0; ]
0800001668[274 97 21 50 21 0 1; 353 94 32 62 22 0 0; ]
0800001669[272 98 21 50 21 1 1; 354 95 32 62 22 0 0; 344 109 24 47 24 1 -1; ]
0800001670[271 98 21 50 21 1 1; 354 95 32 62 22 0 0; 344 109 24 47 24 1 -1; ]
0800001671[269 99 21 49 21 1 1; 355 96 32 62 22 0 0; 343 110 24 47 24 1 -1; ]
0800001672[268 99 21 49 21 1 1; 355 96 32 61 22 0 0; 342 110 25 47 24 1 -1; ]
0800001673[266 100 22 49 21 1 1; 355 97 32 61 22 0 0; 341 110 25 47 24 1 -1; ]
0800001674[264 100 22 49 21 1 1; 356 97 32 61 22 0 0; 341 110 25 47 24 1 -1; 267 98 23 50 44 1 1; ]
0800001675[262 100 22 49 21 1 1; 356 97 32 61 22 0 0; 340 110 25 47 24 0 -1; 266 98 23 50 44 1 1; ]
0800001676[261 101 22 49 21 1 1; 356 98 32 61 22 0 0; 339 111 25 47 24 0 -1; 264 99 23 51 44 1 1; ]
0800001677[259 101 22 49 21 1 1; 357 98 32 61 22 0 0; 338 111 25 47 24 0 -1; 263 99 23 51 44 1 1; ]
0800001678[257 102 22 48 21 1 1; 357 98 32 61 22 0 0; 337 111 25 47 24 0 -1; 262 99 23 51 44 1 1; ]
0800001679[255 102 22 48 21 1 1; 358 99 32 61 22 0 0; 336 112 25 47 24 0 -1; 261 100 23 51 44 1 1; ]
0800001680[252 102 22 48 21 1 1; 358 99 32 61 22 0 0; 335 112 25 47 24 0 -1; 259 100 23 50 44 1 1; ]
0800001681[250 103 22 48 21 1 1; 359 99 32 60 22 0 0; 334 113 25 47 24 0 -1; 258 101 24 50 44 1 1; ]
0800001682[248 103 22 48 21 1 1; 359 99 32 60 22 0 0; 333 114 25 47 24 0 -1; 257 102 24 49 44 1 1; ]
0800001683[246 104 22 48 21 1 1; 360 100 32 60 22 0 0; 332 115 25 47 24 0 -1; 256 104 24 48 44 0 1; ]
0800001684[243 104 22 48 21 1 1; 360 100 32 60 22 0 0; 331 116 24 47 24 0 -1; 255 105 24 47 44 0 1; ]
0800001685[243 104 19 43 21 1 1; 361 100 32 60 22 0 0; 330 117 24 47 24 0 -1; 254 106 24 47 44 0 1; ]
0800001686[241 104 19 43 21 1 1; 361 100 32 60 22 0 0; 329 117 24 47 24 0 -1; 253 106 24 47 44 0 1; ]
0800001687[239 104 19 43 21 1 1; 362 100 32 60 22 0 0; 328 118 24 48 24 0 -1; 252 106 24 47 44 0 1; ]
0800001688[237 104 19 43 21 1 1; 363 101 32 60 22 0 0; 327 117 24 47 24 0 -1; 251 105 24 48 44 0 1; ]
0800001689[235 104 19 43 21 1 1; 363 101 32 60 22 0 0; 326 117 24 47 24 0 -1; 249 104 24 49 44 0 1; ]
0800001690[364 101 32 60 22 0 0; 325 116 24 47 24 0 -1; 248 104 24 50 44 0 1; ]
0800001691[365 101 32 60 22 0 0; 324 115 24 47 24 0 -1; 246 103 24 51 44 0 1; ]
0800001692[365 101 32 60 22 0 0; 323 114 24 47 24 0 -1; 245 102 24 51 44 0 1; ]
0800001693[366 101 32 60 22 0 0; 322 113 24 47 24 0 -1; 244 101 24 52 44 0 1; ]
0800001694[366 101 32 60 22 0 0; 321 111 24 47 24 0 -1; 242 100 24 52 44 0 1; ]
0800001695[367 99 32 60 22 0 0; 320 110 25 47 24 0 -1; 241 99 24 52 44 0 1; ]
0800001696[369 95 32 60 22 1 0; 319 108 25 47 24 0 -1; 240 97 24 52 44 0 1; ]
0800001697[370 90 32 60 22 1 0; 318 105 25 47 24 0 -1; 238 96 24 52 44 0 1; ]
0800001698[372 88 31 60 22 1 0; 317 103 25 47 24 0 -1; 237 94 24 52 44 0 1; ]
0800001699[374 88 31 60 22 1 0; 316 100 26 47 24 0 -1; 236 93 24 52 44 0 1; ]
0800001700[376 89 31 59 22 1 0; 315 101 26 46 24 0 -1; 235 92 24 52 44 0 1; ]
0800001701[378 91 30 59 22 1 0; 314 102 26 46 24 0 -1; 234 91 24 52 44 0 1; ]
0800001702[381 93 29 59 22 1 0; 313 105 26 46 24 0 -1; 233 92 24 52 44 0 1; ]
0800001703[384 97 29 58 22 1 0; 313 108 26 46 24 0 -1; 232 94 24 52 44 0 1; ]
0800001704[387 101 28 58 22 1 0; 312 112 27 46 24 0 -1; 231 97 24 52 44 0 1; ]
0800001705[390 101 27 58 22 1 0; 312 113 27 46 24 0 -1; 231 100 24 51 44 0 1; ]
0800001706[392 101 26 58 22 1 0; 311 113 27 46 24 0 -1; 230 102 24 51 44 0 1; ]
0800001707[394 101 25 58 22 1 0; 311 113 26 46 24 0 -1; 229 103 24 51 44 0 1; ]
0800001708[397 101 25 58 22 1 0; 311 112 26 47 24 0 -1; 229 103 24 51 44 0 1; ]
0800001709[311 111 26 47 24 0 -1; 228 103 25 51 44 0 1; ]
0800001710[311 110 26 48 24 0 -1; 228 102 25 51 44 0 1; ]
0800001711[311 109 26 48 24 0 -1; 227 102 25 51 44 0 1; ]
0800001712[311 109 25 49 24 0 -1; 227 100 25 51 44 0 1; ]
0800001713[311 108 25 49 24 0 -1; 226 99 25 51 44 0 1; ]
0800001714[311 109 26 49 24 0 -1; 226 99 25 51 44 0 1; ]
0800001715[311 109 26 48 24 0 -1; 226 100 25 52 44 0 1; ]
0800001716[311 109 26 47 24 0 -1; 226 100 26 53 44 0 1; ]
0800001717[311 110 26 47 24 0 -1; 226 101 26 54 44 0 1; ]
0800001718[311 112 27 47 24 0 -1; 226 102 26 54 44 0 1; ]
0800001719[311 115 27 48 24 0 -1; 225 103 26 55 44 0 1; ]
0800001720[311 117 27 49 24 0 -1; 225 104 26 56 44 0 1; ]
0800001721[311 118 27 50 24 0 -1; 225 106 26 56 44 0 1; ]
0800001722[311 118 27 50 24 0 -1; 224 107 26 57 44 0 1; ]
0800001723[311 118 28 51 24 0 -1; 224 108 26 57 44 0 1; ]
0800001724[311 118 28 51 24 0 -1; 223 107 27 57 44 0 1; ]
0800001725[312 118 28 51 24 0 -1; 223 107 27 56 44 0 1; ]
0800001726[312 118 28 51 24 0 -1; 222 106 28 56 44 0 1; ]
0800001727[312 118 28 51 24 0 -1; 222 105 28 56 44 0 1; ]
0800001728[312 118 28 52 24 0 -1; 222 105 28 56 44 0 1; ]
0800001729[312 118 28 52 24 0 -1; 224 106 27 56 44 0 1; ]
0800001730[312 118 28 51 24 0 -1; 225 106 27 56 44 0 1; ]
0800001731[312 118 28 51 24 0 -1; 226 107 26 56 44 0 1; ]
0800001732[312 118 28 51 24 0 -1; 225 107 26 56 44 0 1; ]
0800001733[312 118 28 51 24 0 -1; 224 108 26 56 44 0 1; ]
0800001734[312 118 28 50 24 0 -1; 223 108 25 55 44 0 1; ]
0800001735[312 118 28 50 24 0 -1; 222 109 25 55 44 0 1; ]
0800001736[312 118 28 50 24 0 -1; 221 108 25 55 44 0 1; ]
0800001737[312 118 28 50 24 0 -1; 220 108 25 55 44 0 1; ]
0800001738[312 117 28 50 24 0 -1; 220 107 25 55 44 0 1; ]
0800001739[311 116 28 50 24 0 -1; 219 106 26 55 44 0 1; ]
0800001740[311 115 28 50 24 0 -1; 219 105 26 55 44 0 1; ]
0800001741[311 113 28 50 24 0 -1; 218 103 26 55 44 0 1; ]
0800001742[311 112 28 51 24 0 -1; 218 101 26 55 44 0 1; ]
0800001743[310 110 28 51 24 0 -1; 217 99 27 55 44 0 1; ]
0800001744[310 109 28 51 24 0 -1; 216 97 27 55 44 0 1; ]
0800001745[310 107 28 52 24 0 -1; 216 95 27 56 44 0 1; ]
0800001746[309 106 28 53 24 0 -1; 215 94 27 56 44 0 1; ]
0800001747[309 104 28 53 24 0 -1; 214 92 28 56 44 0 1; ]
0800001748[309 103 28 54 24 0 -1; 213 91 28 56 44 0 1; ]
0800001749[308 102 28 54 24 0 -1; 213 90 28 56 44 0 1; ]
0800001750[307 101 29 54 24 0 -1; 212 90 28 56 44 0 1; ]
0800001751[307 101 29 55 24 0 -1; 211 89 28 56 44 0 1; ]
0800001752[306 100 29 55 24 0 -1; 211 89 28 56 44 0 1; ]
0800001753[306 99 29 55 24 0 -1; 210 89 28 56 44 0 1; ]
0800001754[305 99 29 55 24 0 -1; 209 89 28 56 44 0 1; ]
0800001755[304 98 29 55 24 0 -1; 208 90 28 56 44 0 1; ]
0800001756[303 98 29 55 24 0 -1; 208 91 28 56 44 0 1; ]
0800001757[302 98 29 55 24 0 -1; 207 91 28 56 44 0 1; ]
0800001758[302 98 29 55 24 0 -1; 206 91 28 56 44 0 1; ]
0800001759[301 99 30 55 24 0 -1; 205 91 28 56 44 0 1; ]
0800001760[301 100 30 55 24 0 -1; 205 91 28 57 44 0 1; ]
0800001761[300 102 31 55 24 0 -1; 204 91 28 58 44 0 1; ]
0800001762[300 103 31 56 24 0 -1; 203 91 28 58 44 0 1; ]
0800001763[299 103 31 56 24 0 -1; 203 91 28 59 44 0 1; ]
0800001764[299 103 32 56 24 0 -1; 202 91 28 60 44 0 1; ]
0800001765[298 102 32 56 24 0 -1; 201 91 28 60 44 0 1; ]
0800001766[298 101 32 56 24 0 -1; 200 91 28 60 44 0 1; ]
0800001767[297 100 33 56 24 0 -1; 199 90 28 60 44 0 1; ]
0800001768[297 98 33 56 24 0 -1; 198 89 28 60 44 0 1; ]
0800001769[296 97 34 56 24 0 -1; 197 89 28 60 44 0 1; ]
0800001770[296 97 34 56 24 0 -1; 197 89 28 60 44 0 1; ]
0800001771[295 96 34 56 24 0 -1; 196 89 27 60 44 0 1; ]
0800001772[294 97 34 56 24 0 -1; 196 90 26 60 44 0 1; ]
0800001773[293 98 33 56 24 0 -1; 195 91 26 60 44 0 1; ]
0800001774[291 99 33 57 24 0 -1; 192 91 28 60 44 0 1; ]
0800001775[290 100 32 57 24 0 -1; 187 91 31 62 44 0 1; ]
0800001776[288 101 32 58 24 0 -1; 185 91 31 63 44 0 1; ]
0800001777[286 103 31 58 24 0 -1; 182 91 31 65 44 0 1; ]
0800001778[285 103 31 59 24 0 -1; 180 91 31 67 44 0 1; ]
0800001779[283 104 31 59 24 0 -1; 179 91 31 67 44 0 1; ]
0800001780[282 104 31 59 24 0 -1; 178 90 31 67 44 0 1; ]
0800001781[281 104 31 59 24 0 -1; 177 90 31 66 44 0 1; ]
0800001782[280 104 31 58 24 0 -1; 176 90 31 66 44 0 1; ]
0800001783[279 103 31 58 24 0 -1; 176 90 31 65 44 0 1; ]
0800001784[278 103 32 58 24 0 -1; 175 90 31 64 44 0 1; ]
0800001785[277 103 32 57 24 0 -1; 175 90 31 63 44 0 1; ]
0800001786[276 102 33 57 24 0 -1; 174 90 31 63 44 0 1; ]
0800001787[275 102 33 57 24 0 -1; 173 90 31 63 44 0 1; ]
0800001788[274 101 33 58 24 0 -1; 172 90 31 63 44 0 1; 127 82 28 65 65 1 3; ]
0800001789[273 100 33 58 24 0 -1; 170 90 32 63 44 0 1; 127 81 28 66 65 1 3; ]
0800001790[272 99 33 58 24 0 -1; 169 89 32 63 44 0 1; 127 81 28 66 65 1 3; ]
0800001791[271 99 34 58 24 0 -1; 167 89 33 63 44 0 1; 127 81 28 66 65 1 3; ]
0800001792[270 98 34 59 24 0 -1; 165 89 34 64 44 0 1; 127 80 29 67 65 1 3; ]
0800001793[269 97 34 59 24 0 -1; 164 89 34 64 44 0 1; 127 80 29 67 65 1 3; ]
0800001794[268 96 34 59 24 0 -1; 163 88 34 64 44 0 1; 127 80 29 67 65 1 3; ]
0800001795[267 96 34 60 24 0 -1; 161 88 34 65 44 0 1; 127 79 29 68 65 1 3; ]
0800001796[266 96 34 60 24 0 -1; 160 87 34 66 44 0 1; 127 79 29 68 65 1 3; ]
0800001797[265 96 34 61 24 0 -1; 159 87 34 67 44 0 1; 127 79 30 68 65 1 3; ]
0800001798[264 96 34 61 24 0 -1; 158 87 34 68 44 0 1; 127 78 30 69 65 1 3; ]
0800001799[264 96 34 61 24 0 -1; 157 86 34 69 44 0 1; 127 78 30 69 65 1 3; ]
0800001800[263 97 35 62 24 0 -1; 156 85 34 70 44 0 1; 127 78 30 69 65 1 3; ]
0800001801[262 99 35 62 24 0 -1; 126 78 32 69 25 1 3; 155 85 34 71 44 0 1; ]
0800001802[261 100 35 63 24 0 -1; 126 78 30 70 25 1 3; 154 86 34 71 44 0 1; ]
0800001803[260 101 35 63 24 0 -1; 127 79 29 72 25 1 3; 153 88 34 70 44 0 1; ]
0800001804[260 102 35 64 24 0 -1; 127 79 29 73 25 1 3; 152 90 33 69 44 0 1; ]
0800001805[259 102 35 64 24 0 -1; 127 79 29 74 25 1 3; 151 93 33 67 44 0 1; ]
0800001806[258 102 35 64 24 0 -1; 127 80 30 74 25 1 3; 150 95 33 67 44 0 1; ]
0800001807[257 102 35 64 24 0 -1; 127 80 33 75 25 1 3; 149 96 33 66 44 0 1; ]
0800001808[257 103 35 64 24 0 -1; 127 80 36 76 25 1 3; 148 96 33 66 44 0 1; ]
0800001809[256 103 35 64 24 0 -1; 127 80 37 76 25 1 3; 147 96 33 67 44 0 1; ]
0800001810[255 103 35 64 24 0 -1; 127 80 35 76 25 1 3; 146 96 33 67 44 0 1; ]
0800001811[254 103 35 64 24 0 -1; 127 81 33 75 25 1 3; 145 96 32 67 44 0 1; 108 88 28 73 66 1 3; ]
0800001812[254 103 35 64 24 0 -1; 127 81 33 75 25 1 3; 145 96 32 68 44 0 1; 107 88 28 73 66 1 3; ]
0800001813[253 103 35 64 24 0 -1; 127 81 33 74 25 1 3; 144 96 32 68 44 0 1; 106 88 28 73 66 1 3; ]
0800001814[253 103 35 64 24 0 -1; 127 81 34 74 25 1 3; 143 96 32 68 44 0 1; 105 88 29 73 66 1 3; ]
0800001815[252 103 35 64 24 0 -1; 128 81 35 73 25 1 3; 143 95 32 68 44 0 1; 105 88 29 73 66 1 3; ]
0800001816[252 103 35 64 24 0 -1; 128 81 37 72 25 1 3; 142 95 32 69 44 0 1; 104 88 29 73 66 1 3; ]
0800001817[252 103 36 64 24 0 -1; 128 81 38 72 25 1 3; 142 95 32 69 44 0 1; 103 88 30 73 66 1 3; ]
0800001818[252 102 36 64 24 0 -1; 129 80 38 72 25 1 3; 141 95 32 69 44 0 1; 103 88 30 73 66 1 3; ]
0800001819[251 102 36 64 24 0 -1; 129 79 37 73 25 1 3; 141 95 32 70 44 0 1; 102 88 30 73 66 1 3; ]
0800001820[251 102 36 64 24 0 -1; 131 78 37 74 25 1 3; 140 94 32 70 44 0 1; 101 88 31 73 66 1 3; ]
0800001821[251 102 36 64 24 0 -1; 132 77 37 76 25 1 3; 140 94 33 70 44 0 1; 101 88 31 73 66 1 3; ]
0800001822[251 101 36 64 24 0 -1; 134 76 37 77 25 1 3; 140 94 33 70 44 0 1; 100 88 32 73 66 1 3; ]
0800001823[251 101 36 64 24 0 -1; 135 75 37 77 25 1 3; 98 88 35 74 26 1 1; 139 93 33 71 44 0 1; ]
0800001824[250 101 36 65 24 0 -1; 136 75 37 77 25 1 3; 97 88 35 75 26 1 1; 139 93 33 71 44 0 1; ]
0800001825[250 100 36 65 24 0 -1; 137 75 37 77 25 1 3; 97 87 35 75 26 1 1; 139 93 33 71 44 0 1; ]
0800001826[250 100 36 65 24 0 -1; 139 75 37 77 25 1 3; 97 87 35 75 26 1 1; 138 92 33 72 44 0 1; ]
0800001827[250 99 37 65 24 0 -1; 140 75 37 77 25 1 3; 97 87 35 75 26 1 1; 138 92 33 72 44 0 1; ]
0800001828[250 99 37 65 24 0 -1; 141 75 38 77 25 1 3; 97 86 35 75 26 1 1; 138 91 34 72 44 0 1; ]
0800001829[250 98 37 65 24 0 -1; 143 75 38 77 25 1 3; 97 86 35 75 26 1 1; 138 91 34 73 44 0 1; ]
0800001830[250 97 37 66 24 0 -1; 144 75 39 77 25 1 3; 97 85 35 75 26 1 1; 138 90 34 73 44 0 1; ]
0800001831[249 97 37 66 24 0 -1; 146 75 39 77 25 1 3; 97 85 35 75 26 1 1; 138 89 34 73 44 0 1; ]
0800001832[249 96 38 66 24 0 -1; 149 74 36 78 25 1 3; 97 84 35 75 26 1 1; 138 87 33 73 44 0 1; ]
0800001833[249 95 38 66 24 0 -1; 151 73 34 79 25 1 3; 97 83 35 74 26 1 1; 138 86 33 73 44 0 1; ]
0800001834[249 94 38 66 24 0 -1; 153 72 32 80 25 1 3; 96 83 35 74 26 1 1; 138 85 33 73 44 0 1; ]
0800001835[249 94 38 67 24 0 -1; 155 71 32 80 25 1 3; 96 82 35 74 26 1 1; 138 85 33 73 44 0 1; ]
0800001836[249 93 38 67 24 0 -1; 155 71 32 81 25 1 3; 96 82 35 74 26 1 1; 138 85 33 73 44 0 1; ]
0800001837[249 92 39 67 24 0 -1; 156 70 32 82 25 1 3; 96 82 35 74 26 1 1; 138 85 33 73 44 0 1; ]
0800001838[249 91 39 68 24 0 -1; 156 70 33 82 25 1 3; 96 82 35 74 26 1 1; 138 86 34 73 44 0 1; ]
0800001839[249 90 39 68 24 0 -1; 157 70 33 82 25 1 3; 96 82 35 74 26 1 1; 138 86 34 73 44 0 1; ]
0800001840[249 90 39 68 24 0 -1; 158 70 34 83 25 1 3; 96 82 36 74 26 1 1; 138 86 35 73 44 0 1; ]
0800001841[250 91 39 68 24 0 -1; 158 70 35 83 25 1 3; 96 82 36 74 26 1 1; 138 87 35 74 44 0 1; ]
0800001842[250 91 39 68 24 0 -1; 159 70 36 83 25 1 3; 96 82 36 74 26 1 1; 138 87 35 74 44 0 1; ]
0800001843[250 91 39 68 24 0 -1; 160 71 37 83 25 1 3; 95 82 36 74 26 1 1; 138 87 35 74 44 0 1; ]
0800001844[251 92 39 69 24 0 -1; 161 71 38 83 25 1 3; 95 82 36 74 26 1 1; 137 87 35 74 44 0 1; ]
0800001845[251 92 39 69 24 0 -1; 162 72 39 83 25 1 3; 95 82 37 74 26 1 1; 137 88 35 74 44 0 1; ]
0800001846[251 92 39 69 24 0 -1; 163 72 40 83 25 1 3; 95 82 37 74 26 1 1; 136 88 35 74 44 0 1; ]
0800001847[251 92 39 69 24 0 -1; 164 73 40 84 25 1 3; 95 83 37 75 26 1 1; 136 88 35 74 44 0 1; ]
0800001848[252 93 39 69 24 0 -1; 165 73 40 84 25 1 3; 95 83 37 75 26 1 1; 136 88 35 74 44 0 1; ]
0800001849[252 93 39 69 24 0 -1; 166 73 40 84 25 1 3; 95 83 38 75 26 0 1; 136 89 35 74 44 0 1; ]
0800001850[252 93 39 69 24 0 -1; 168 74 40 84 25 1 3; 95 84 38 76 26 0 1; 136 89 35 74 44 0 1; ]
0800001851[252 93 39 69 24 0 -1; 169 74 40 84 25 1 3; 95 84 38 76 26 0 1; 137 89 35 74 44 0 1; ]
0800001852[253 94 39 69 24 0 -1; 171 74 40 84 25 1 3; 95 85 39 76 26 0 1; 137 89 35 74 44 0 1; ]
0800001853[253 94 39 69 24 0 -1; 172 74 40 84 25 1 3; 94 86 39 77 26 0 1; 137 90 35 74 44 0 1; ]
0800001854[253 94 39 70 24 0 -1; 174 74 40 84 25 1 3; 95 86 39 77 26 0 1; 137 90 35 74 44 0 1; ]
0800001855[254 94 39 70 24 0 -1; 176 75 40 84 25 1 3; 96 86 38 77 26 0 1; 137 90 35 74 44 0 1; ]
0800001856[254 95 39 70 24 0 -1; 178 75 40 85 25 1 3; 96 86 38 77 26 0 1; 138 90 35 74 44 0 1; ]
0800001857[254 95 39 70 24 0 -1; 180 75 40 85 25 1 3; 97 86 38 77 26 0 1; 138 91 35 74 44 0 1; ]
0800001858[254 95 39 70 24 0 -1; 182 75 40 85 25 1 3; 97 86 37 77 26 0 1; 138 91 35 74 44 0 1; ]
0800001859[255 95 39 70 24 0 -1; 184 75 40 85 25 1 3; 98 85 37 77 26 0 1; 138 91 35 75 44 0 1; ]
0800001860[255 95 39 70 24 0 -1; 186 75 40 85 25 1 3; 98 85 37 78 26 0 1; 139 90 36 75 44 0 1; ]
0800001861[255 95 39 70 24 0 -1; 188 75 40 85 25 1 3; 99 85 37 78 26 0 1; 139 90 36 75 44 0 1; ]
0800001862[256 96 39 70 24 0 -1; 191 75 39 85 25 1 3; 99 85 37 78 26 0 1; 139 90 36 75 44 0 1; ]
0800001863[256 96 39 70 24 0 -1; 194 75 38 85 25 1 3; 99 85 36 79 26 0 1; 140 90 36 76 44 0 1; ]
0800001864[256 96 38 70 24 0 -1; 197 75 38 85 25 1 3; 99 85 36 79 26 0 1; 140 90 36 76 44 0 1; ]
0800001865[256 96 38 70 24 0 -1; 200 75 37 85 25 1 3; 100 84 36 79 26 0 1; 140 89 37 76 44 0 1; ]
0800001866[257 96 38 70 24 0 -1; 202 75 36 85 25 1 3; 100 84 36 80 26 0 1; 140 89 37 77 44 0 1; ]
0800001867[257 96 38 70 24 0 -1; 204 75 36 85 25 1 3; 100 84 36 80 26 0 1; 141 89 37 77 44 0 1; ]
0800001868[257 96 38 70 24 0 -1; 206 75 35 85 25 1 3; 100 84 36 80 26 0 1; 141 88 37 77 44 0 1; ]
0800001869[258 96 38 70 24 0 -1; 208 75 35 85 25 1 3; 100 83 36 81 26 0 1; 141 88 37 78 44 0 1; ]
0800001870[258 96 38 70 24 0 -1; 208 75 35 85 25 1 3; 100 83 36 81 26 0 1; 141 88 38 78 44 0 1; ]
0800001871[258 96 38 70 24 0 -1; 209 75 35 85 25 1 3; 100 82 36 82 26 0 1; 141 87 38 79 44 0 1; ]
0800001872[258 96 38 70 24 0 -1; 99 81 36 83 26 0 1; 141 87 38 79 44 0 1; ]
0800001873[259 95 38 70 24 0 -1; 99 80 36 85 26 0 1; 141 87 38 79 44 0 1; ]
0800001874[259 95 38 70 24 0 -1; 99 79 37 86 26 0 1; 141 86 38 80 44 0 1; ]
0800001875[259 95 38 70 24 0 -1; 99 78 37 87 26 0 1; 140 86 38 80 44 0 1; ]
0800001876[259 94 38 70 24 0 -1; 98 77 37 87 26 0 1; 140 86 38 80 44 0 1; 476 76 35 87 67 1 3; ]
0800001877[259 94 38 70 24 0 -1; 98 76 37 88 26 0 1; 139 85 38 81 44 0 1; 476 76 34 86 67 1 3; ]
0800001878[259 94 38 70 24 0 -1; 98 76 37 88 26 0 1; 139 85 38 81 44 0 1; 475 76 33 85 67 1 3; ]
0800001879[258 93 38 70 24 0 -1; 97 75 38 88 26 0 1; 138 84 38 82 44 0 1; 473 76 33 83 67 1 3; ]
0800001880[258 93 38 70 24 0 -1; 97 75 38 88 26 0 1; 138 84 38 82 44 0 1; 471 76 33 82 67 1 3; ]
0800001881[258 92 38 70 24 0 -1; 96 75 38 88 26 0 1; 137 83 38 82 44 0 1; 469 76 32 81 67 1 3; ]
0800001882[257 92 38 70 24 0 -1; 95 75 39 88 26 0 1; 136 83 38 83 44 0 1; 466 76 32 80 67 1 3; ]
0800001883[257 91 38 71 24 0 -1; 94 74 39 88 26 0 1; 457 75 38 90 28 1 1; 136 82 38 83 44 0 1; ]
0800001884[256 90 38 71 24 0 -1; 93 74 39 88 26 0 1; 455 74 38 90 28 1 1; 135 82 38 84 44 0 1; ]
0800001885[255 88 38 72 24 0 -1; 92 74 39 89 26 0 1; 452 73 38 90 28 1 1; 134 81 38 84 44 0 1; ]
0800001886[254 87 38 72 24 0 -1; 90 73 39 89 26 0 1; 450 72 38 90 28 1 1; 133 80 38 85 44 0 1; ]
0800001887[253 87 38 72 24 0 -1; 88 72 38 90 26 0 1; 447 71 38 90 28 1 1; 131 78 39 85 44 0 1; ]
0800001888[252 86 38 73 24 0 -1; 86 71 38 91 26 0 1; 444 70 38 90 28 1 1; 129 77 39 86 44 0 1; ]
0800001889[251 86 38 73 24 0 -1; 84 70 37 92 26 0 1; 442 69 38 90 28 1 1; 127 75 40 87 44 0 1; ]
0800001890[250 86 38 73 24 0 -1; 82 70 37 93 26 0 1; 439 69 38 90 28 1 1; 124 74 41 87 44 0 1; ]
0800001891[249 86 38 73 24 0 -1; 79 69 36 94 26 0 1; 239 60 29 83 27 1 1; 436 69 38 90 28 1 1; 123 74 41 87 44 0 1; ]
0800001892[248 86 38 73 24 0 -1; 77 68 36 95 26 0 1; 239 60 30 86 27 1 1; 434 69 35 87 28 1 1; 121 74 41 88 44 0 1; ]
0800001893[246 86 38 73 24 0 -1; 75 68 36 95 26 0 1; 240 60 30 89 27 1 1; 432 69 33 85 28 1 1; 120 74 41 88 44 0 1; ]
0800001894[245 86 38 73 24 0 -1; 72 67 35 96 26 0 1; 240 60 30 90 27 1 1; 118 75 41 88 44 0 1; ]
0800001895[243 87 38 73 24 0 -1; 70 67 35 96 26 0 1; 240 61 30 92 27 1 1; 117 76 41 88 44 0 1; ]
0800001896[242 88 38 73 24 0 -1; 68 67 35 96 26 0 1; 241 61 31 93 27 1 1; 116 76 41 88 44 0 1; ]
0800001897[240 88 38 73 24 0 -1; 66 68 36 96 26 0 1; 241 62 31 93 27 1 1; 114 77 41 88 44 0 1; ]
0800001898[239 89 38 73 24 0 -1; 64 69 36 95 26 0 1; 241 63 31 92 27 1 1; 113 77 41 88 44 0 1; ]
0800001899[237 89 38 73 24 0 -1; 62 70 36 95 26 0 1; 242 64 31 91 27 1 1; 112 77 41 88 44 0 1; ]
0800001900[236 90 38 73 24 0 -1; 60 72 37 95 26 0 1; 242 66 32 90 27 1 1; 111 77 41 88 44 0 1; ]
0800001901[235 90 39 73 24 0 -1; 57 73 37 94 26 0 1; 243 66 32 89 27 1 1; 109 78 41 88 44 0 1; ]
0800001902[233 91 39 73 24 0 -1; 55 73 38 94 26 0 1; 244 66 32 89 27 1 1; 108 78 41 88 44 0 1; ]
0800001903[232 91 39 74 24 0 -1; 53 74 38 94 26 0 1; 244 66 32 89 27 1 1; 389 73 33 91 29 1 1; 107 78 41 88 44 0 1; ]
0800001904[231 91 39 74 24 0 -1; 51 74 39 94 26 0 1; 245 66 33 89 27 1 1; 385 73 33 91 29 1 1; 106 78 41 88 44 0 1; ]
0800001905[230 90 39 74 24 0 -1; 49 74 40 94 26 0 1; 246 66 33 89 27 1 1; 382 73 34 91 29 1 1; 105 78 41 88 44 0 1; ]
0800001906[229 90 39 74 24 0 -1; 47 74 41 94 26 0 1; 247 66 33 89 27 1 1; 378 73 34 91 29 1 1; 104 78 41 88 44 0 1; ]
0800001907[228 89 39 74 24 0 -1; 45 73 42 94 26 0 1; 248 66 34 89 27 1 1; 375 73 35 91 29 1 1; 103 78 41 88 44 0 1; ]
0800001908[227 89 39 74 24 0 -1; 42 73 43 94 26 0 1; 249 66 34 89 27 1 1; 372 72 36 91 29 1 1; 102 78 41 88 44 0 1; ]
0800001909[226 89 39 74 24 0 -1; 40 73 44 94 26 0 1; 250 66 34 90 27 1 1; 369 72 37 91 29 1 1; 101 78 41 87 44 0 1; ]
0800001910[225 88 40 74 24 0 -1; 38 73 46 94 26 0 1; 251 66 34 90 27 1 1; 366 72 38 92 29 1 1; 100 78 41 87 44 0 1; ]
0800001911[225 88 40 74 24 0 -1; 36 73 47 95 26 0 1; 252 66 35 90 27 1 1; 363 71 39 92 29 1 1; 99 78 41 87 44 0 1; ]
0800001912[224 88 40 75 24 0 -1; 34 73 47 95 26 0 1; 253 66 35 90 27 1 1; 360 71 40 92 29 1 1; 98 78 41 87 44 0 1; ]
0800001913[224 88 39 75 24 0 -1; 33 72 47 95 26 0 1; 254 66 35 90 27 1 1; 357 71 41 93 29 1 1; 97 78 41 87 44 0 1; ]
0800001914[224 88 39 75 24 0 -1; 32 72 47 95 26 0 1; 255 66 36 90 27 1 1; 355 70 41 93 29 1 1; 96 78 41 87 44 0 1; ]
0800001915[224 88 39 75 24 0 -1; 31 72 48 96 26 0 1; 256 66 36 91 27 1 1; 352 70 41 93 29 1 1; 95 78 41 88 44 0 1; ]
0800001916[223 88 39 76 24 0 -1; 30 72 48 96 26 0 1; 257 66 36 91 27 1 1; 349 70 41 94 29 1 1; 93 78 42 89 44 0 1; ]
0800001917[223 88 39 76 24 0 -1; 29 71 48 96 26 0 1; 259 66 37 92 27 1 1; 347 70 40 94 29 1 1; 92 77 43 90 44 0 1; ]
0800001918[223 88 39 76 24 0 -1; 28 71 48 97 26 0 1; 260 66 37 93 27 1 1; 344 69 39 94 29 1 1; 91 77 43 92 44 0 1; ]
0800001919[222 88 39 77 24 0 -1; 27 71 48 97 26 0 1; 261 66 38 93 27 1 1; 342 69 38 94 29 1 1; 90 76 44 93 44 0 1; ]
0800001920[222 88 39 77 24 0 -1; 26 71 48 97 26 0 1; 263 66 38 94 27 1 1; 339 69 36 95 29 1 1; 89 76 45 94 44 0 1; ]
0800001921[221 88 39 77 24 0 -1; 25 70 48 98 26 0 1; 264 65 38 95 27 1 1; 337 68 35 95 29 1 1; 88 75 46 94 44 0 1; ]
0800001922[221 88 40 78 24 0 -1; 24 70 48 98 26 0 1; 266 65 39 95 27 1 1; 333 68 36 95 29 1 1; 86 75 47 95 44 0 1; ]
0800001923[220 88 41 78 24 0 -1; 23 70 48 98 26 0 1; 268 65 39 96 27 1 1; 329 68 38 96 29 1 1; 85 74 47 96 44 0 1; ]
0800001924[219 88 42 79 24 0 -1; 22 70 48 99 26 0 1; 269 65 40 97 27 1 1; 325 68 40 96 29 1 1; 84 74 48 97 44 0 1; ]
0800001925[218 88 43 79 24 0 -1; 21 70 48 99 26 0 1; 271 64 40 98 27 1 1; 321 67 42 96 29 1 1; 83 74 48 97 44 0 1; ]
0800001926[218 88 43 79 24 0 -1; 20 69 48 99 26 0 1; 273 64 41 98 27 1 1; 317 67 43 96 29 1 1; 82 73 48 98 44 0 1; ]
0800001927[217 88 43 79 24 0 -1; 19 69 49 100 26 0 1; 275 64 41 99 27 1 1; 315 67 44 97 29 1 1; 81 73 49 98 44 0 1; ]
0800001928[217 88 43 80 24 0 -1; 17 69 49 100 26 0 1; 276 63 41 100 27 1 1; 313 67 42 97 29 1 1; 80 73 49 99 44 0 1; ]
0800001929[217 88 43 80 24 0 -1; 16 69 49 100 26 0 1; 278 63 42 100 27 1 1; 312 66 39 97 29 1 1; 79 73 49 99 44 0 1; ]
0800001930[217 88 43 80 24 0 -1; 15 69 49 101 26 0 1; 280 62 42 101 27 1 1; 311 66 36 97 29 1 1; 78 73 49 100 44 0 1; ]
0800001931[217 88 43 80 24 0 -1; 14 68 49 101 26 0 1; 282 62 43 101 27 1 1; 310 66 35 98 29 1 1; 78 73 49 100 44 0 1; ]
0800001932[216 88 43 80 24 0 -1; 13 68 49 102 26 0 1; 284 62 43 102 27 1 1; 308 65 35 98 29 1 1; 77 72 49 101 44 0 1; ]
0800001933[216 88 43 80 24 0 -1; 12 68 49 102 26 0 1; 286 62 43 102 27 1 1; 305 65 35 98 29 1 1; 76 72 49 101 44 0 1; ]
0800001934[216 88 43 80 24 0 -1; 11 68 49 102 26 0 1; 288 61 43 102 27 1 1; 301 65 36 98 29 1 1; 75 72 50 102 44 0 1; ]
0800001935[216 88 43 80 24 0 -1; 10 67 49 103 26 0 1; 290 61 43 102 27 1 1; 74 72 50 102 44 0 1; ]
0800001936[216 88 43 80 24 0 -1; 9 67 49 103 26 0 1; 292 61 43 102 27 1 1; 74 72 50 103 44 0 1; ]
0800001937[216 88 44 80 24 0 -1; 8 67 49 104 26 0 1; 294 61 43 102 27 1 1; 73 72 50 103 44 0 1; ]
0800001938[215 88 44 80 24 0 -1; 7 67 49 104 26 0 1; 296 62 43 102 27 1 1; 72 72 50 103 44 0 1; ]
0800001939[215 88 44 80 24 0 -1; 6 68 50 105 26 0 1; 298 62 43 102 27 1 1; 72 72 50 104 44 0 1; 282 65 38 100 45 1 1; ]
0800001940[215 88 44 81 24 0 -1; 5 68 50 105 26 0 1; 301 62 43 102 27 1 1; 71 72 50 104 44 0 1; 278 65 38 100 45 1 1; ]
0800001941[214 88 44 81 24 0 -1; 5 68 51 106 26 0 1; 303 62 43 102 27 1 1; 70 72 50 104 44 0 1; 275 65 38 100 45 1 1; ]
0800001942[214 88 44 81 24 0 -1; 4 69 51 106 26 0 1; 305 62 43 102 27 1 1; 70 72 50 105 44 0 1; 271 65 39 100 45 1 1; ]
0800001943[214 88 45 82 24 0 -1; 3 69 52 107 26 0 1; 308 63 43 102 27 1 1; 69 72 50 105 44 0 1; 268 65 39 100 45 1 1; ]
0800001944[213 88 45 82 24 0 -1; 2 70 52 107 26 0 1; 310 63 43 102 27 1 1; 69 72 50 105 44 0 1; 264 65 39 101 45 1 1; ]
0800001945[213 88 45 82 24 0 -1; 2 70 52 108 26 0 1; 312 63 43 101 27 1 1; 68 73 50 105 44 0 1; 261 65 39 101 45 1 1; ]
0800001946[212 88 46 83 24 0 -1; 1 70 53 108 26 0 1; 315 64 42 101 27 1 1; 67 73 50 106 44 0 1; 257 65 39 101 45 1 1; ]
0800001947[212 88 46 83 24 0 -1; 0 71 53 109 26 0 1; 317 64 42 101 27 1 1; 67 73 50 106 44 0 1; 254 65 39 101 45 1 1; ]
0800001948[211 88 47 84 24 0 -1; 0 71 53 109 26 0 1; 320 65 42 100 27 1 1; 66 73 50 106 44 0 1; 251 65 40 101 45 1 1; ]
0800001949[211 88 47 84 24 0 -1; 322 65 41 100 27 1 1; 66 74 50 107 44 0 1; 248 65 40 101 45 1 1; ]
0800001950[210 88 48 85 24 0 -1; 324 66 42 100 27 1 1; 65 74 51 107 44 0 1; 246 65 40 102 45 1 1; ]
0800001951[210 88 48 85 24 0 -1; 326 67 42 100 27 1 1; 64 74 51 107 44 0 1; 243 66 41 102 45 1 1; ]
0800001952[209 88 49 86 24 0 -1; 328 67 42 100 27 1 1; 64 75 51 108 44 0 1; 241 66 41 102 45 1 1; ]
0800001953[209 88 49 87 24 0 -1; 330 68 43 100 27 1 1; 63 76 51 108 44 0 1; 238 66 41 102 45 1 1; ]
0800001954[209 88 49 87 24 0 -1; 332 68 43 101 27 1 1; 63 77 51 109 44 0 1; 236 66 42 102 45 1 1; ]
0800001955[209 88 49 88 24 0 -1; 334 69 43 101 27 1 1; 62 78 51 110 44 0 1; 233 67 42 103 45 1 1; ]
0800001956[209 89 49 89 24 0 -1; 336 69 43 102 27 1 1; 62 80 51 111 44 0 1; 230 67 42 104 45 1 1; ]
0800001957[209 89 50 89 24 0 -1; 338 69 43 102 27 1 1; 61 81 51 111 44 0 1; 227 67 42 105 45 1 1; ]
0800001958[209 90 50 90 24 0 -1; 340 69 43 104 27 1 1; 60 82 52 112 44 0 1; 224 68 42 106 45 1 1; ]
0800001959[209 90 50 91 24 0 -1; 343 70 43 106 27 1 1; 60 83 52 112 44 0 1; 221 68 42 107 45 1 1; ]
0800001960[209 91 50 92 24 0 -1; 345 70 42 109 27 1 1; 59 83 52 112 44 0 1; 218 69 42 106 45 1 1; ]
0800001961[209 91 50 92 24 0 -1; 348 70 42 110 27 1 1; 59 83 52 112 44 0 1; 215 69 40 105 45 1 1; ]
0800001962[209 92 50 93 24 0 -1; 354 70 42 107 27 1 1; 58 83 52 112 44 0 1; 212 70 37 104 45 1 1; ]
0800001963[209 92 50 94 24 0 -1; 359 70 42 104 27 1 1; 58 84 53 112 44 0 1; 209 70 36 103 45 1 1; ]
0800001964[209 93 50 94 24 0 -1; 359 71 42 108 27 1 1; 57 84 53 112 44 0 1; 205 70 36 104 45 1 1; ]
0800001965[209 93 50 94 24 0 -1; 359 71 42 112 27 1 1; 57 84 53 112 44 0 1; 202 70 37 105 45 1 1; ]
0800001966[209 93 50 95 24 0 -1; 362 72 41 109 27 1 1; 56 84 53 112 44 0 1; 199 70 38 107 45 1 1; ]
0800001967[209 93 50 95 24 0 -1; 366 72 41 107 27 1 1; 56 84 54 112 44 0 1; 198 70 38 108 45 1 1; ]
0800001968[209 93 50 95 24 0 -1; 368 73 42 107 27 1 1; 55 84 54 112 44 0 1; 195 70 37 108 45 1 1; ]
0800001969[209 93 50 95 24 0 -1; 369 73 45 108 27 1 1; 55 84 53 112 44 0 1; 191 70 36 108 45 1 1; ]
0800001970[209 93 50 95 24 0 -1; 371 73 48 109 27 1 1; 55 84 53 112 44 0 1; ]
0800001971[209 93 50 95 24 0 -1; 373 74 50 109 27 1 1; 55 84 53 112 44 0 1; ]
0800001972[209 93 50 95 24 0 -1; 375 74 50 109 27 1 1; 54 84 53 112 44 0 1; ]
0800001973[210 93 50 95 24 0 -1; 378 73 50 109 27 1 1; 54 84 52 112 44 0 1; ]
0800001974[210 93 50 95 24 0 -1; 381 73 49 109 27 1 1; 54 84 52 112 44 0 1; ]
0800001975[210 93 50 95 24 0 -1; 384 73 49 109 27 1 1; 54 84 52 112 44 0 1; ]
0800001976[210 93 50 95 24 0 -1; 388 72 48 109 27 1 1; 54 84 52 113 44 0 1; ]
0800001977[210 93 51 95 24 0 -1; 391 71 47 109 27 1 1; 54 83 51 113 44 0 1; ]
0800001978[210 93 51 95 24 0 -1; 396 71 45 109 27 1 1; 53 83 51 113 44 0 1; ]
0800001979[211 93 51 95 24 0 -1; 400 70 42 109 27 1 1; 53 83 51 113 44 0 1; ]
0800001980[211 92 51 95 24 0 -1; 403 70 40 109 27 1 1; 53 80 51 116 44 0 1; ]
0800001981[211 92 51 95 24 0 -1; 406 70 38 109 27 1 1; 140 68 44 108 30 1 1; 53 78 52 119 44 0 1; ]
0800001982[211 92 51 95 24 0 -1; 140 67 43 109 30 1 1; 53 78 53 119 44 0 1; ]
0800001983[212 92 51 95 24 0 -1; 139 67 43 109 30 1 1; 53 78 53 119 44 0 1; ]
0800001984[212 91 51 95 24 0 -1; 137 66 42 110 30 1 1; 53 78 54 119 44 0 1; ]
0800001985[212 91 51 96 24 0 -1; 135 65 42 111 30 1 1; 53 78 55 119 44 0 1; ]
0800001986[213 91 51 96 24 0 -1; 132 65 42 112 30 1 1; 53 78 56 119 44 0 1; ]
0800001987[213 90 51 96 24 0 -1; 130 64 42 113 30 1 1; 53 78 56 119 44 0 1; ]
0800001988[213 90 51 97 24 0 -1; 126 64 44 113 30 1 1; 52 78 56 119 44 0 1; ]
0800001989[214 89 51 97 24 0 -1; 120 63 48 114 30 1 1; 52 78 56 120 44 0 1; ]
0800001990[214 89 51 98 24 0 -1; 114 62 51 115 30 1 1; 51 77 56 120 44 0 1; ]
0800001991[215 88 51 99 24 0 -1; 110 62 53 116 30 1 1; 51 77 56 120 44 0 1; ]
0800001992[215 88 51 99 24 0 -1; 107 61 53 117 30 1 1; 50 77 55 120 44 0 1; ]
0800001993[216 87 51 100 24 0 -1; 104 60 52 117 30 1 1; 49 77 55 120 44 0 1; ]
0800001994[216 87 51 100 24 0 -1; 102 60 49 118 30 1 1; 48 77 54 120 44 0 1; ]
0800001995[217 87 51 100 24 0 -1; 99 59 45 119 30 1 1; 47 77 54 121 44 0 1; ]
0800001996[218 86 52 101 24 0 -1; 96 58 45 120 30 1 1; 47 72 53 125 44 0 1; ]
0800001997[219 86 52 101 24 0 -1; 93 57 46 120 30 1 1; 47 68 53 129 44 0 1; ]
0800001998[220 85 52 102 24 0 -1; 89 55 46 120 30 1 1; 47 68 53 129 44 0 1; ]
0800001999[221 85 52 102 24 0 -1; 85 53 47 121 30 1 1; 47 69 52 128 44 0 1; 475 56 35 109 68 1 3; ]
0800002000[222 85 52 102 24 0 -1; 81 52 48 121 30 1 1; 47 69 52 127 44 0 1; ]
0800002001[223 84 52 103 24 0 -1; 78 50 49 121 30 1 1; 47 70 52 127 44 0 1; ]
0800002002[225 84 53 103 24 0 -1; 74 50 50 122 30 1 1; 47 69 52 128 44 0 1; ]
0800002003[226 83 53 104 24 0 -1; 71 49 52 122 30 1 1; 48 67 52 130 44 0 1; ]
0800002004[228 83 53 104 24 0 -1; 68 49 56 123 30 1 1; 48 65 53 132 44 0 1; ]
0800002005[229 83 53 104 24 0 -1; 65 49 60 124 30 1 1; 49 64 53 132 44 0 1; ]
0800002006[231 82 54 105 24 0 -1; 63 49 60 125 30 1 1; 49 64 53 132 44 0 1; ]
0800002007[233 82 54 105 24 0 -1; 50 65 54 132 44 0 1; ]
0800002008[235 81 54 106 24 0 -1; 51 66 54 131 44 0 1; ]
0800002009[236 81 55 106 24 0 -1; 51 66 55 131 44 0 1; ]
0800002010[238 80 55 106 24 0 -1; 53 66 56 131 44 0 1; ]
0800002011[239 80 55 107 24 0 -1; 54 66 57 132 44 0 1; ]
0800002012[241 80 55 107 24 0 -1; 56 66 58 133 44 0 1; ]
0800002013[242 80 55 108 24 0 -1; 57 66 59 134 44 0 1; ]
0800002014[244 80 56 108 24 0 -1; 59 66 60 135 44 0 1; ]
0800002015[247 80 56 108 24 0 -1; 61 66 60 136 44 0 1; ]
0800002016[249 80 56 109 24 0 -1; 63 66 61 137 44 0 1; 47 49 50 132 46 1 1; ]
0800002017[252 81 56 109 24 0 -1; 64 66 62 139 44 0 1; 47 49 50 132 46 1 1; ]
0800002018[255 81 56 109 24 0 -1; 66 66 62 141 44 0 1; 47 49 50 132 46 1 1; ]
0800002019[257 81 57 110 24 0 -1; 68 66 63 143 44 0 1; 46 49 50 132 46 1 1; ]
0800002020[260 81 57 110 24 0 -1; 70 66 63 145 44 0 1; 46 49 50 132 46 1 1; ]
0800002021[264 81 57 110 24 0 -1; 72 66 64 148 44 0 1; 45 49 50 132 46 1 1; ]
0800002022[267 82 57 111 24 0 -1; 74 66 64 151 44 0 1; 44 49 50 132 46 1 1; ]
0800002023[270 82 57 111 24 0 -1; 75 65 64 154 44 0 1; 43 49 52 132 46 1 1; ]
0800002024[273 82 58 111 24 0 -1; 77 65 65 156 44 0 1; 41 49 54 133 46 1 1; ]
0800002025[276 82 58 112 24 0 -1; 79 65 65 159 44 0 1; 39 50 55 133 46 1 1; ]
0800002026[279 83 58 112 24 0 -1; 80 65 65 161 44 0 1; 37 50 57 134 46 1 1; ]
0800002027[282 83 58 112 24 0 -1; 82 65 65 163 44 0 1; 36 50 57 134 46 1 1; ]
0800002028[285 83 59 113 24 0 -1; 83 65 65 165 44 0 1; 34 50 57 135 46 1 1; ]
0800002029[288 84 59 113 24 0 -1; 85 65 66 166 44 0 1; 33 51 56 135 46 1 1; ]
0800002030[291 85 60 113 24 0 -1; 86 65 66 168 44 0 1; 31 51 55 135 46 1 1; ]
0800002031[294 85 60 114 24 0 -1; 88 65 66 170 44 0 1; 29 51 53 136 46 1 1; ]
0800002032[297 86 61 114 24 0 -1; 89 65 66 171 44 0 1; 27 52 52 136 46 1 1; ]
0800002033[300 87 61 114 24 0 -1; 91 65 66 173 44 0 1; 26 52 52 136 46 1 1; ]
0800002034[303 88 62 114 24 0 -1; 92 65 67 174 44 0 1; 24 53 53 136 46 1 1; ]
0800002035[306 89 62 115 24 0 -1; 94 65 67 175 44 0 1; 23 55 54 136 46 1 1; ]
0800002036[309 90 63 115 24 0 -1; 96 65 67 177 44 0 1; 22 57 56 135 46 1 1; ]
0800002037[312 91 63 115 24 0 -1; 98 65 67 178 44 0 1; 20 59 58 134 46 1 1; ]
0800002038[316 92 64 115 24 0 -1; 99 65 68 179 44 0 1; 19 62 62 133 46 1 1; ]
0800002039[319 94 64 116 24 0 -1; 101 65 68 180 44 0 1; 18 65 65 131 46 1 1; ]
0800002040[322 95 65 116 24 0 -1; 104 65 68 180 44 0 1; ]
0800002041[325 95 65 116 24 0 -1; 106 65 68 181 44 0 1; ]
0800002042[328 96 66 117 24 0 -1; 108 65 69 182 44 0 1; ]
0800002043[331 96 66 118 24 0 -1; 110 65 69 183 44 0 1; ]
0800002044[334 97 66 118 24 0 -1; 113 65 69 184 44 0 1; ]
0800002045[337 97 67 119 24 0 -1; 115 65 69 185 44 0 1; ]
0800002046[340 97 67 119 24 0 -1; 118 65 70 185 44 0 1; ]
0800002047[344 98 67 120 24 0 -1; 120 65 70 186 44 0 1; ]
0800002048[347 98 67 121 24 0 -1; 123 65 70 186 44 0 1; ]
0800002049[350 98 68 121 24 0 -1; 126 65 71 187 44 0 1; ]
0800002050[353 98 68 122 24 0 -1; 129 65 71 187 44 0 1; ]
0800002051[357 99 68 122 24 0 -1; 131 65 71 187 44 0 1; ]
0800002052[360 99 68 123 24 0 -1; 132 65 72 188 44 0 1; ]
0800002053[363 99 69 123 24 0 -1; 133 65 72 189 44 0 1; ]
0800002054[366 99 69 124 24 0 -1; 134 65 73 191 44 0 1; ]
0800002055[370 99 69 125 24 0 -1; 134 65 74 193 44 0 1; ]
0800002056[373 99 69 125 24 0 -1; 135 64 74 196 44 0 1; ]
0800002057[377 99 69 126 24 0 -1; 135 64 75 198 44 0 1; ]
0800002058[380 98 70 126 24 0 -1; 136 63 76 201 44 0 1; ]
0800002059[384 98 70 127 24 0 -1; 136 63 77 204 44 0 1; ]
0800002060[387 98 70 127 24 0 -1; 136 62 78 206 44 0 1; ]
0800002061[391 98 70 128 24 0 -1; 137 61 79 209 44 0 1; ]
0800002062[394 97 70 128 24 0 -1; 137 61 80 211 44 0 1; ]
0800002063[398 97 70 129 24 0 -1; 138 60 80 213 44 0 1; ]
0800002064[402 97 70 130 24 0 -1; 138 59 81 215 44 0 1; ]
0800002065[405 96 71 130 24 0 -1; 139 58 82 216 44 0 1; ]
0800002066[409 96 71 131 24 0 -1; 140 57 83 216 44 0 1; ]
0800002067[413 95 71 131 24 0 -1; 141 56 83 217 44 0 1; ]
0800002068[417 94 71 132 24 0 -1; 143 55 84 217 44 0 1; ]
0800002069[421 94 71 132 24 0 -1; 144 54 84 218 44 0 1; ]
0800002070[424 93 71 133 24 0 -1; 145 53 85 218 44 0 1; ]
0800002071[427 91 72 135 24 0 -1; 146 52 86 219 44 0 1; ]
0800002072[430 88 73 137 24 0 -1; 145 50 87 220 44 0 1; ]
0800002073[432 86 74 139 24 0 -1; 145 49 88 222 44 0 1; ]
0800002074[434 83 74 141 24 0 -1; 145 47 90 225 44 0 1; ]
0800002075[145 45 92 228 44 0 1; ]
0800002076[144 44 95 231 44 0 1; ]
0800002077[143 42 98 235 44 0 1; ]
0800002078[142 40 102 240 44 0 1; ]
0800002079[141 38 104 244 44 0 1; ]
0800002080[139 36 104 247 44 0 1; ]
0800002081[137 34 104 249 44 0 1; ]
0800002082[135 33 104 252 44 0 1; ]
0800002083[132 31 103 254 44 0 1; ]
0800002084[129 30 103 256 44 0 1; ]
0800002085[126 28 103 258 44 0 1; ]
0800002086[122 27 103 260 44 0 1; ]
0800002087[118 25 102 262 44 0 1; ]
0800002088[115 24 102 265 44 0 1; ]
0800002089[111 23 102 267 44 0 1; ]
0800002090[106 22 102 270 44 0 1; ]
0800002091[101 21 102 273 44 0 1; ]
0800002092[95 19 102 276 44 0 1; ]
0800002093[89 18 103 279 44 0 1; ]
0800002094[]
0800002095[]
0800002096[]
0800002097[]
0800002098[]
0800002099[]
0800002100[424 73 84 157 24 0 -1; ]
0800002101[423 73 85 159 24 0 -1; ]
0800002102[422 73 86 160 24 0 -1; ]
0800002103[420 73 87 161 24 0 -1; ]
0800002104[419 73 87 162 24 0 -1; ]
0800002105[417 73 88 163 24 0 -1; ]
0800002106[416 73 89 164 24 0 -1; ]
0800002107[414 73 90 166 24 0 -1; ]
0800002108[412 73 90 167 24 0 -1; ]
0800002109[411 73 91 168 24 0 -1; ]
0800002110[409 73 92 169 24 0 -1; ]
0800002111[407 73 92 170 24 0 -1; ]
0800002112[405 73 93 172 24 0 -1; ]
0800002113[403 73 93 173 24 0 -1; ]
0800002114[402 73 94 174 24 0 -1; ]
0800002115[400 73 95 175 24 0 -1; ]
0800002116[398 73 95 176 24 0 -1; ]
0800002117[396 73 96 178 24 0 -1; ]
0800002118[394 73 96 179 24 0 -1; ]
0800002119[392 73 97 180 24 0 -1; ]
0800002120[389 73 97 181 24 0 -1; ]
0800002121[387 73 97 182 24 0 -1; ]
0800002122[385 73 98 184 24 0 -1; ]
0800002123[383 73 98 185 24 0 -1; ]
0800002124[380 73 99 186 24 0 -1; ]
0800002125[378 73 99 187 24 0 -1; ]
0800002126[376 73 100 188 24 0 -1; ]
0800002127[373 73 100 190 24 0 -1; ]
0800002128[371 73 100 191 24 0 -1; ]
0800002129[368 73 101 192 24 0 -1; ]
0800002130[366 73 101 193 24 0 -1; ]
0800002131[362 73 101 194 24 0 -1; ]
0800002132[358 73 102 196 24 0 -1; ]
0800002133[353 73 103 197 24 0 -1; ]
0800002134[348 72 103 198 24 0 -1; ]
0800002135[344 72 104 200 24 0 -1; ]
0800002136[338 72 105 201 24 0 -1; ]
0800002137[333 72 105 202 24 0 -1; ]
0800002138[328 71 106 204 24 0 -1; ]
0800002139[322 71 107 205 24 0 -1; ]
0800002140[316 71 107 206 24 0 -1; ]
0800002141[310 70 108 208 24 0 -1; ]
0800002142[304 70 109 209 24 0 -1; ]
0800002143[297 69 109 211 24 0 -1; ]
0800002144[291 69 110 212 24 0 -1; ]
0800002145[284 68 111 214 24 0 -1; ]
0800002146[277 68 112 215 24 0 -1; ]
0800002147[270 67 112 217 24 0 -1; ]
0800002148[263 67 113 218 24 0 -1; ]
0800002149[255 66 114 220 24 0 -1; ]
0800002150[248 65 115 221 24 0 -1; ]
0800002151[239 64 115 223 24 0 -1; ]
0800002152[231 63 116 224 24 0 -1; ]
0800002153[222 62 117 226 24 0 -1; ]
0800002154[213 61 118 228 24 0 -1; ]
0800002155[204 59 119 229 24 0 -1; ]
0800002156[194 58 119 231 24 0 -1; ]
0800002157[185 57 120 233 24 0 -1; ]
0800002158[175 55 121 234 24 0 -1; ]
0800002159[165 54 122 236 24 0 -1; ]
0800002160[155 52 123 238 24 0 -1; ]
0800002161[141 52 126 239 24 0 -1; ]
0800002162[128 51 129 241 24 0 -1; ]
0800002163[115 50 131 243 24 0 -1; ]
0800002164[101 49 133 245 24 0 -1; ]
0800002165[90 48 133 247 24 0 -1; ]
0800002166[78 46 134 249 24 0 -1; ]
0800002167[65 45 134 251 24 0 -1; ]
0800002168[51 43 135 253 24 0 -1; ]
0800002169[37 42 136 256 24 0 -1; ]
0800002170[23 40 137 258 24 0 -1; ]
0800002171[]
0800002172[]
0800002173[]
0800002174[]
0800002175[]
0800002176[]
0800002177[]
0800002178[]
0800002179[]
0800002180[]
0800002181[]
0800002182[]
0800002183[]
0800002184[]
0800002185[]
0800002186[]
0800002187[]
0800002188[]
0800002189[]
0800002190[]
0800002191[]
0800002192[]
0800002193[]
0800002194[]
0800002195[]
0800002196[]
0800002197[]
0800002198[]
0800002199[]
0800002200[]
0800002201[]
0800002202[]
0800002203[]
0800002204[]
0800002205[]
0800002206[]
0800002207[]
0800002208[]
0800002209[]
0800002210[]
0800002211[]
0800002212[]
0800002213[]
0800002214[]
0800002215[]
0800002216[]
0800002217[]
0800002218[466 46 35 96 70 1 3; ]
0800002219[453 46 35 96 70 1 3; ]
0800002220[441 46 35 95 70 1 3; ]
0800002221[428 45 36 94 70 1 3; ]
0800002222[415 45 36 93 70 1 3; ]
0800002223[402 44 36 91 70 1 3; ]
0800002224[388 44 36 91 70 1 3; ]
0800002225[375 44 36 91 70 1 3; ]
0800002226[362 44 35 91 70 1 3; ]
0800002227[349 44 35 91 70 1 3; ]
0800002228[336 44 35 91 70 1 3; ]
0800002229[323 44 35 90 70 1 3; ]
0800002230[310 44 35 90 70 1 3; ]
0800002231[297 44 34 90 70 1 3; ]
0800002232[284 44 34 90 70 1 3; ]
0800002233[270 44 34 90 70 1 3; ]
0800002234[433 5 74 239 33 1 1; 258 44 34 89 70 1 3; ]
0800002235[419 4 75 240 33 1 1; 245 44 34 89 70 1 3; ]
0800002236[404 4 76 240 33 1 1; 232 44 33 89 70 1 3; ]
0800002237[390 3 77 241 33 1 1; 219 44 33 89 70 1 3; ]
0800002238[375 3 78 242 33 1 1; 205 44 33 89 70 1 3; ]
0800002239[361 2 79 243 33 1 1; 188 43 33 89 70 1 3; ]
0800002240[346 2 80 244 33 1 1; 169 41 33 89 70 1 3; ]
0800002241[332 1 81 244 33 1 1; 154 39 32 90 70 1 3; ]
0800002242[317 1 82 245 33 1 1; 147 39 32 90 70 1 3; ]
0800002243[303 1 83 246 33 1 1; ]
0800002244[289 0 84 247 33 1 1; ]
0800002245[274 0 85 248 33 1 1; ]
0800002246[]
0800002247[]
0800002248[]
0800002249[]
0800002250[]
0800002251[]
0800002252[]
0800002253[]
0800002254[]
0800002255[]
0800002256[]
0800002257[]
0800002258[]
0800002259[]
0800002260[]
0800002261[]
0800002262[]
0800002263[]
0800002264[]
0800002265[]
0800002266[]
0800002267[]
0800002268[]
0800002269[]
0800002270[]
0800002271[]
0800002272[]
0800002273[]
0800002274[]
0800002275[]
0800002276[]
0800002277[]
0800002278[]
0800002279[]
0800002280[]
0800002281[]
0800002282[]
0800002283[]
0800002284[]
0800002285[]
0800002286[]
0800002287[]
0800002288[]
0800002289[]
0800002290[]
0800002291[]
0800002292[]
0800002293[]
0800002294[]
0800002295[]
0800002296[]
0800002297[]
0800002298[]
0800002299[]
0800002300[]
0800002301[]
0800002302[]
0800002303[]
0800002304[]
0800002305[]
0800002306[]
0800002307[]
0800002308[]
0800002309[]
0800002310[]
0800002311[]
0800002312[]
0800002313[]
0800002314[]
0800002315[]
0800002316[]
0800002317[]
0800002318[]
0800002319[]
0800002320[]
0800002321[]
0800002322[]
0800002323[]
0800002324[]
0800002325[]
0800002326[]
0800002327[]
0800002328[]
0800002329[]
0800002330[]
0800002331[]
0800002332[]
0800002333[]
0800002334[]
0800002335[]
0800002336[]
0800002337[]
0800002338[]
0800002339[]
0800002340[]
0800002341[]
0800002342[]
0800002343[]
0800002344[]
0800002345[]
0800002346[]
0800002347[]
0800002348[]
0800002349[]
0800002350[]
0800002351[]
0800002352[]
0800002353[]
0800002354[]
0800002355[]
0800002356[]
0800002357[]
0800002358[]
0800002359[]
0800002360[]
0800002361[]
0800002362[]
0800002363[]
0800002364[339 52 46 126 71 1 3; ]
0800002365[339 52 46 126 71 1 3; ]
0800002366[339 52 46 126 71 1 3; ]
0800002367[339 52 46 126 71 1 3; ]
0800002368[339 52 46 126 71 1 3; ]
0800002369[329 50 61 171 35 1 1; ]
0800002370[328 50 62 171 35 1 1; ]
0800002371[326 50 62 172 35 1 1; ]
0800002372[325 50 63 172 35 1 1; ]
0800002373[323 50 64 172 35 1 1; ]
0800002374[322 50 64 172 35 1 1; ]
0800002375[320 50 65 173 35 1 1; ]
0800002376[318 50 65 173 35 1 1; ]
0800002377[317 50 66 173 35 1 1; ]
0800002378[315 50 66 173 35 1 1; ]
0800002379[314 50 67 174 35 1 1; ]
0800002380[312 50 68 174 35 1 1; ]
0800002381[311 50 68 174 35 1 1; ]
0800002382[]
0800002383[]
0800002384[]
0800002385[]
0800002386[]
0800002387[]
0800002388[]
0800002389[]
0800002390[]
0800002391[]
0800002392[]
0800002393[]
0800002394[]
0800002395[296 47 68 173 36 1 1; ]
0800002396[294 46 70 176 36 1 1; ]
0800002397[291 46 72 178 36 1 1; ]
0800002398[289 45 74 181 36 1 1; ]
0800002399[286 45 75 183 36 1 1; ]
0800002400[284 44 76 185 36 1 1; ]
0800002401[282 44 77 187 36 0 1; ]
0800002402[279 43 78 188 36 0 1; ]
0800002403[277 43 78 188 36 0 1; ]
0800002404[275 42 79 188 36 0 1; ]
0800002405[274 42 79 188 36 0 1; 226 61 60 154 37 1 1; ]
0800002406[272 41 79 188 36 0 1; 226 60 61 154 37 1 1; ]
0800002407[271 41 79 188 36 0 1; 226 60 61 155 37 1 1; ]
0800002408[269 40 79 188 36 0 1; 226 60 62 155 37 1 1; ]
0800002409[267 40 79 188 36 0 1; 226 60 62 155 37 1 1; ]
0800002410[266 39 79 188 36 0 1; 226 59 63 155 37 1 1; ]
0800002411[264 39 79 188 36 0 1; 226 59 64 156 37 1 1; ]
0800002412[261 38 79 189 36 0 1; 227 59 65 156 37 1 1; ]
0800002413[258 38 79 190 36 0 1; 227 59 66 156 37 1 1; ]
0800002414[255 37 80 191 36 0 1; 227 58 68 156 37 1 1; ]
0800002415[252 37 81 193 36 0 1; 227 58 70 157 37 1 1; ]
0800002416[249 36 82 195 36 0 1; ]
0800002417[245 36 83 197 36 0 1; ]
0800002418[242 36 84 198 36 0 1; ]
0800002419[239 35 84 200 36 0 1; ]
0800002420[236 35 85 201 36 0 1; ]
0800002421[233 34 86 202 36 0 1; ]
0800002422[231 34 87 204 36 0 1; ]
0800002423[228 33 88 205 36 0 1; ]
0800002424[225 33 89 206 36 0 1; ]
0800002425[222 32 89 207 36 0 1; ]
0800002426[220 32 89 208 36 0 1; ]
0800002427[218 31 89 209 36 0 1; 257 56 75 159 47 1 1; ]
0800002428[216 31 90 210 36 0 1; 258 56 74 159 47 1 1; ]
0800002429[213 30 90 211 36 0 1; 259 56 73 159 47 1 1; ]
0800002430[211 30 90 212 36 0 1; 260 56 71 159 47 1 1; ]
0800002431[209 29 90 213 36 0 1; 262 55 70 159 47 1 1; ]
0800002432[207 29 90 214 36 0 1; 266 55 69 159 47 1 1; ]
0800002433[205 28 90 215 36 0 1; 271 55 69 160 47 0 1; ]
0800002434[203 28 91 216 36 0 1; 277 55 68 160 47 0 1; ]
0800002435[201 27 91 218 36 0 1; 280 55 68 160 47 0 1; ]
0800002436[199 27 91 219 36 0 1; 281 55 69 160 47 0 1; ]
0800002437[198 26 92 220 36 0 1; 281 55 73 160 47 0 1; ]
0800002438[196 26 92 221 36 0 1; 282 54 78 160 47 0 1; ]
0800002439[194 25 92 222 36 0 1; 282 54 82 160 47 0 1; ]
0800002440[193 25 93 223 36 0 1; 282 54 86 160 47 0 1; ]
0800002441[191 24 93 224 36 0 1; 283 54 87 160 47 0 1; ]
0800002442[190 24 94 225 36 0 1; 286 54 86 160 47 0 1; ]
0800002443[188 23 95 226 36 0 1; 292 54 82 160 47 0 1; ]
0800002444[187 23 96 227 36 0 1; 298 54 77 160 47 0 1; ]
0800002445[186 22 98 228 36 0 1; 305 53 72 160 47 0 1; ]
0800002446[184 22 99 229 36 0 1; 311 53 69 160 47 0 1; ]
0800002447[183 21 101 230 36 0 1; 315 53 67 160 47 0 1; ]
0800002448[182 21 104 231 36 0 1; 317 53 68 160 47 0 1; ]
0800002449[181 20 106 232 36 0 1; 318 53 70 160 47 0 1; ]
0800002450[179 20 109 233 36 0 1; 319 53 73 160 47 0 1; ]
0800002451[178 19 111 234 36 0 1; 320 52 75 160 47 0 1; ]
0800002452[177 19 114 236 36 0 1; 321 52 77 160 47 0 1; ]
0800002453[176 18 117 237 36 0 1; 323 52 78 159 47 0 1; ]
0800002454[175 18 120 238 36 0 1; 325 52 78 159 47 0 1; ]
0800002455[174 17 123 239 36 0 1; 328 52 78 159 47 0 1; ]
0800002456[178 17 122 240 36 0 1; 332 52 78 159 47 0 1; ]
0800002457[182 17 121 241 36 0 1; 336 51 78 159 47 0 1; ]
0800002458[186 16 121 242 36 0 1; 341 51 78 159 47 0 1; ]
0800002459[189 16 120 243 36 0 1; 346 51 77 159 47 0 1; ]
0800002460[193 15 120 244 36 0 1; 352 51 77 159 47 0 1; ]
0800002461[196 15 120 245 36 0 1; 357 51 76 159 47 0 1; ]
0800002462[199 14 120 246 36 0 1; 357 51 79 159 47 0 1; ]
0800002463[202 14 120 247 36 0 1; 358 51 80 159 47 0 1; ]
0800002464[205 14 120 248 36 0 1; 358 51 81 159 47 0 1; ]
0800002465[208 13 120 250 36 0 1; 358 51 81 159 47 0 1; ]
0800002466[210 13 121 251 36 0 1; 361 51 79 159 47 0 1; ]
0800002467[213 12 123 252 36 0 1; 367 51 75 159 47 0 1; ]
0800002468[222 12 118 253 36 0 1; 375 51 70 159 47 0 1; ]
0800002469[235 11 112 254 36 0 1; 381 51 68 159 47 0 1; ]
0800002470[248 11 108 255 36 0 1; 385 51 69 159 47 0 1; ]
0800002471[263 10 106 256 36 0 1; 389 51 69 159 47 0 1; ]
0800002472[275 10 104 257 36 0 1; 392 51 70 159 47 0 1; ]
0800002473[280 10 103 258 36 0 1; 395 51 72 159 47 0 1; ]
0800002474[280 9 109 259 36 0 1; 398 51 73 159 47 0 1; ]
0800002475[280 9 122 260 36 0 1; 401 51 74 159 47 0 1; ]
0800002476[279 8 135 261 36 0 1; 405 51 75 159 47 0 1; ]
0800002477[279 8 140 263 36 0 1; 408 51 75 159 47 0 1; ]
0800002478[282 7 138 264 36 0 1; 413 51 75 159 47 0 1; ]
0800002479[290 7 133 265 36 0 1; 418 51 74 159 47 0 1; ]
0800002480[301 7 126 266 36 0 1; 423 51 73 159 47 0 1; ]
0800002481[314 6 118 267 36 0 1; 428 51 73 160 47 0 1; ]
0800002482[328 6 112 268 36 0 1; 433 51 72 160 47 0 1; 45 42 39 91 73 1 3; ]
0800002483[341 5 107 269 36 0 1; 437 51 72 160 47 0 1; 51 42 39 91 73 1 3; ]
0800002484[353 5 104 270 36 0 1; 57 42 39 91 73 1 3; ]
0800002485[366 4 102 271 36 0 1; 63 42 38 90 73 1 3; ]
0800002486[367 3 113 274 36 0 1; 69 42 38 90 73 1 3; ]
0800002487[368 2 121 277 36 0 1; 74 43 38 89 73 1 3; ]
0800002488[80 43 38 89 73 1 3; ]
0800002489[86 43 37 88 73 1 3; ]
0800002490[92 43 37 88 73 1 3; ]
0800002491[98 43 37 88 73 1 3; ]
0800002492[104 43 37 87 73 1 3; ]
0800002493[110 44 36 86 73 1 3; ]
0800002494[116 44 36 86 73 1 3; ]
0800002495[122 44 36 85 73 1 3; ]
0800002496[128 44 35 85 73 1 3; ]
0800002497[133 44 35 85 73 1 3; ]
0800002498[139 44 35 85 73 1 3; ]
0800002499[145 45 35 85 73 1 3; ]
0800002500[150 45 35 86 73 1 3; ]
0800002501[155 45 36 86 73 1 3; ]
0800002502[161 45 36 86 73 1 3; ]
0800002503[166 46 36 88 73 1 3; ]
0800002504[172 46 37 89 73 1 3; ]
0800002505[177 46 37 90 73 1 3; ]
0800002506[182 47 37 91 73 1 3; ]
0800002507[187 47 38 91 73 1 3; 221 47 29 88 74 1 3; ]
0800002508[191 47 38 91 73 1 3; 225 48 29 86 74 1 3; ]
0800002509[196 47 38 91 73 1 3; 229 49 29 84 74 1 3; ]
0800002510[200 47 37 91 73 1 3; 233 50 29 82 74 1 3; ]
0800002511[204 47 37 91 73 1 3; 237 51 29 81 74 1 3; ]
0800002512[208 47 37 91 73 1 3; 240 51 29 80 74 1 3; ]
0800002513[212 47 37 91 73 1 3; 244 52 29 80 74 1 3; ]
0800002514[216 47 37 91 73 1 3; 248 51 29 81 74 1 3; ]
0800002515[220 47 36 91 73 1 3; 252 50 30 82 74 1 3; ]
0800002516[223 47 36 91 73 1 3; 255 50 30 82 74 1 3; ]
0800002517[226 47 35 91 73 1 3; 258 49 30 83 74 1 3; ]
0800002518[229 47 35 91 73 1 3; 261 49 30 83 74 1 3; ]
0800002519[232 47 34 91 73 1 3; 264 49 30 84 74 1 3; ]
0800002520[234 47 34 91 73 1 3; 267 48 30 84 74 1 3; ]
0800002521[237 48 33 90 73 1 3; 269 48 30 84 74 1 3; ]
0800002522[239 48 33 90 73 1 3; 271 48 30 84 74 1 3; ]
0800002523[241 49 32 89 73 1 3; 273 48 30 84 74 0 3; ]
0800002524[243 49 31 89 73 1 3; 275 49 30 84 74 0 3; ]
0800002525[245 50 31 88 73 1 3; 276 49 30 83 74 0 3; ]
0800002526[246 51 30 87 73 1 3; 278 50 30 83 74 0 3; ]
0800002527[248 52 29 87 73 1 3; 279 50 29 82 74 0 3; ]
0800002528[280 51 29 82 74 0 3; ]
0800002529[280 51 29 82 74 0 3; ]
0800002530[281 51 29 82 74 0 3; ]
0800002531[282 51 29 81 74 0 3; ]
0800002532[282 51 29 81 74 0 3; ]
0800002533[283 52 29 81 74 0 3; ]
0800002534[284 52 29 80 74 0 3; ]
0800002535[286 53 29 79 74 0 3; ]
0800002536[287 54 28 78 74 0 3; ]
0800002537[288 55 28 76 74 0 3; ]
0800002538[289 55 28 76 74 0 3; ]
0800002539[289 55 28 76 74 0 3; ]
0800002540[290 54 28 77 74 0 3; ]
0800002541[290 54 29 78 74 0 3; ]
0800002542[290 53 29 79 74 0 3; ]
0800002543[290 53 29 79 74 0 3; ]
0800002544[290 53 29 79 74 0 3; ]
0800002545[290 53 29 79 74 0 3; ]
0800002546[290 53 29 79 74 0 3; ]
