0800100001[]
0800100002[]
0800100003[]
0800100004[]
0800100005[]
0800100006[]
0800100007[]
0800100008[]
0800100009[]
0800100010[]
0800100011[]
0800100012[]
0800100013[]
0800100014[]
0800100015[]
0800100016[]
0800100017[]
0800100018[]
0800100019[]
0800100020[]
0800100021[]
0800100022[]
0800100023[]
0800100024[]
0800100025[]
0800100026[]
0800100027[]
0800100028[]
0800100029[]
0800100030[]
0800100031[]
0800100032[]
0800100033[]
0800100034[]
0800100035[]
0800100036[]
0800100037[]
0800100038[]
0800100039[]
0800100040[]
0800100041[]
0800100042[]
0800100043[]
0800100044[]
0800100045[]
0800100046[]
0800100047[]
0800100048[]
0800100049[]
0800100050[]
0800100051[]
0800100052[]
0800100053[]
0800100054[]
0800100055[]
0800100056[]
0800100057[]
0800100058[]
0800100059[]
0800100060[]
0800100061[]
0800100062[]
0800100063[]
0800100064[]
0800100065[]
0800100066[]
0800100067[]
0800100068[]
0800100069[]
0800100070[]
0800100071[]
0800100072[]
0800100073[]
0800100074[]
0800100075[]
0800100076[]
0800100077[]
0800100078[]
0800100079[]
0800100080[]
0800100081[]
0800100082[]
0800100083[]
0800100084[]
0800100085[]
0800100086[]
0800100087[]
0800100088[]
0800100089[]
0800100090[]
0800100091[]
0800100092[]
0800100093[]
0800100094[]
0800100095[]
0800100096[]
0800100097[]
0800100098[]
0800100099[]
0800100100[]
0800100101[]
0800100102[]
0800100103[]
0800100104[]
0800100105[]
0800100106[]
0800100107[]
0800100108[]
0800100109[]
0800100110[]
0800100111[]
0800100112[]
0800100113[]
0800100114[]
0800100115[]
0800100116[]
0800100117[]
0800100118[]
0800100119[]
0800100120[]
0800100121[]
0800100122[]
0800100123[]
0800100124[]
0800100125[]
0800100126[]
0800100127[]
0800100128[290 118 14 30 7 0 0; ]
0800100129[290 116 15 31 7 0 0; ]
0800100130[290 114 15 30 7 0 0; ]
0800100131[]
0800100132[290 111 16 34 7 0 0; ]
0800100133[290 111 16 35 7 0 0; ]
0800100134[290 112 15 33 7 0 0; ]
0800100135[291 114 14 30 7 0 0; ]
0800100136[291 115 14 30 7 0 0; ]
0800100137[291 115 14 30 7 0 0; ]
0800100138[291 116 14 30 7 0 0; ]
0800100139[291 116 14 30 7 0 0; ]
0800100140[292 115 14 30 7 0 0; ]
0800100141[292 114 14 31 7 0 0; ]
0800100142[292 113 14 32 7 0 0; ]
0800100143[292 113 15 33 7 0 0; ]
0800100144[292 113 15 32 7 0 0; ]
0800100145[292 113 15 32 7 0 0; ]
0800100146[292 114 15 31 7 0 0; ]
0800100147[292 116 15 31 7 0 0; ]
0800100148[292 117 15 32 7 0 0; ]
0800100149[292 118 15 32 7 0 0; ]
0800100150[292 118 15 32 7 0 0; ]
0800100151[292 118 16 32 7 0 0; ]
0800100152[292 118 16 32 7 0 0; ]
0800100153[292 117 16 32 7 0 0; ]
0800100154[293 116 16 32 7 0 0; ]
0800100155[292 117 16 32 7 0 0; ]
0800100156[292 119 16 32 7 0 0; ]
0800100157[292 120 16 33 7 0 0; ]
0800100158[292 119 17 33 7 0 0; ]
0800100159[292 119 17 33 7 0 0; ]
0800100160[292 119 17 33 7 0 0; ]
0800100161[292 120 17 33 7 0 0; ]
0800100162[292 117 18 34 7 0 0; ]
0800100163[292 115 18 35 7 0 0; ]
0800100164[292 115 19 36 7 0 0; ]
0800100165[292 115 19 36 7 0 0; ]
0800100166[292 114 19 37 7 0 0; ]
0800100167[292 115 20 37 7 0 0; ]
0800100168[293 115 20 38 7 0 0; ]
0800100169[293 115 20 38 7 0 0; ]
0800100170[294 115 20 38 7 0 0; ]
0800100171[295 116 20 38 7 0 0; ]
0800100172[295 116 20 38 7 0 0; ]
0800100173[295 116 20 38 7 0 0; ]
0800100174[296 116 19 39 7 0 0; ]
0800100175[283 120 15 30 6 1 2; 296 116 19 39 7 0 0; ]
0800100176[296 117 19 39 7 0 0; 284 120 15 30 54 1 1; ]
0800100177[297 116 19 39 7 0 0; 285 120 15 31 54 1 1; ]
0800100178[298 115 19 39 7 0 0; 286 120 15 32 54 1 1; ]
0800100179[299 115 19 39 7 0 0; 286 120 16 32 54 1 1; ]
0800100180[299 115 19 39 7 0 0; 287 119 17 32 54 1 1; ]
0800100181[300 114 19 39 7 0 0; 287 119 18 33 54 1 1; ]
0800100182[301 114 19 39 7 0 0; 288 119 18 33 54 1 1; ]
0800100183[302 114 19 39 7 0 0; 289 119 17 33 54 1 1; ]
0800100184[303 114 19 39 7 0 0; 290 119 17 34 54 0 1; ]
0800100185[303 114 19 39 7 0 0; 291 120 16 34 54 0 1; ]
0800100186[304 116 19 40 7 0 0; 292 120 16 35 54 0 1; ]
0800100187[304 117 19 42 7 0 0; 330 117 14 30 14 1 0; 293 122 17 35 54 0 1; ]
0800100188[304 117 19 42 7 0 0; 330 119 14 30 14 1 0; 296 123 16 35 54 0 1; ]
0800100189[304 117 19 42 7 0 0; 330 119 14 30 14 1 0; 297 123 16 35 54 1 1; ]
0800100190[305 118 19 42 7 0 0; 330 119 14 30 14 1 0; 298 124 15 35 54 1 1; ]
0800100191[305 118 19 42 7 0 0; 329 119 14 31 14 1 0; 298 124 15 35 54 1 1; ]
0800100192[304 117 19 42 7 0 0; 329 119 15 31 14 1 0; ]
0800100193[304 116 19 42 7 0 0; 328 118 15 31 14 1 0; ]
0800100194[304 113 19 42 7 0 0; 328 117 15 31 14 1 0; ]
0800100195[304 110 19 43 7 0 0; 327 115 14 31 14 1 0; ]
0800100196[303 110 19 43 7 0 0; 326 113 14 31 14 1 0; ]
0800100197[303 110 19 43 7 0 0; 325 113 15 31 14 1 0; ]
0800100198[303 110 19 43 7 0 0; 325 112 16 31 14 1 0; ]
0800100199[302 110 19 43 7 0 0; 324 112 16 31 14 1 0; ]
0800100200[302 110 19 44 7 0 0; 324 113 17 31 14 1 0; ]
0800100201[301 110 19 44 7 0 0; 323 114 17 32 14 1 0; ]
0800100202[301 111 19 44 7 0 0; 322 115 17 32 14 1 0; ]
0800100203[300 112 19 44 7 0 0; 322 115 17 32 14 1 0; ]
0800100204[300 112 19 45 7 0 0; 321 115 17 32 14 1 0; ]
0800100205[300 112 19 45 7 0 0; 321 115 17 33 14 1 0; ]
0800100206[300 112 19 45 7 0 0; 320 115 17 34 14 1 0; ]
0800100207[300 110 19 47 7 0 0; 319 114 17 35 14 1 0; ]
0800100208[299 109 20 49 7 0 0; 319 113 17 36 14 1 0; ]
0800100209[298 108 20 51 7 0 0; 318 113 17 37 14 1 0; ]
0800100210[298 107 21 52 7 0 0; 318 112 17 38 14 1 0; ]
0800100211[298 107 20 53 7 0 0; 317 110 17 39 14 1 0; ]
0800100212[298 107 20 54 7 0 0; 277 115 10 30 10 1 1; 317 111 17 40 14 1 0; ]
0800100213[298 108 20 54 7 0 0; 278 115 10 33 10 1 1; 317 111 17 40 14 1 0; ]
0800100214[298 108 20 55 7 0 0; 278 115 10 36 10 1 1; 317 112 17 40 14 1 0; ]
0800100215[298 108 20 55 7 0 0; 278 116 11 37 10 1 1; 317 112 17 40 14 1 0; ]
0800100216[298 109 22 55 7 0 0; 277 118 12 38 10 1 1; 317 113 17 40 14 1 0; ]
0800100217[298 109 22 55 7 0 0; 279 117 13 39 10 1 1; 318 114 17 40 14 1 0; ]
0800100218[298 110 22 55 7 0 0; 279 118 14 39 10 1 1; 318 115 17 40 14 1 0; ]
0800100219[299 111 22 55 7 0 0; 279 119 15 39 10 1 1; 318 115 17 40 14 1 0; ]
0800100220[300 111 21 55 7 0 0; 279 120 16 39 10 1 1; 318 115 17 40 14 1 0; ]
0800100221[301 112 19 55 7 0 0; 279 123 18 38 10 1 1; 318 115 17 40 14 1 0; ]
0800100222[301 112 21 56 7 0 0; 280 123 17 38 10 1 1; 318 116 17 40 14 1 0; ]
0800100223[302 112 22 57 7 0 0; 281 123 16 38 10 0 1; 318 116 17 40 14 1 0; ]
0800100224[303 112 23 58 7 0 0; 280 123 17 39 10 0 1; 318 116 17 40 14 1 0; ]
0800100225[303 112 24 59 7 0 0; 283 123 17 39 10 0 1; 319 117 17 40 14 1 0; ]
0800100226[304 112 25 60 7 0 0; 285 123 16 39 10 0 1; 320 118 17 39 14 1 0; ]
0800100227[304 112 25 60 7 0 0; 287 124 14 39 10 0 1; 320 118 17 39 14 1 0; 332 127 14 32 16 1 1; ]
0800100228[304 113 25 61 7 0 0; 288 123 15 39 10 0 1; 320 119 17 39 14 1 0; 335 126 12 33 16 1 1; ]
0800100229[305 113 26 61 7 0 0; 289 123 16 38 10 0 1; 323 117 17 39 14 1 0; 338 125 11 35 16 1 1; ]
0800100230[306 112 26 61 7 0 0; 291 122 16 38 10 0 1; 323 114 17 39 14 1 0; 340 123 10 35 16 1 1; ]
0800100231[308 108 26 61 7 0 0; 292 120 17 38 10 0 1; 323 111 17 39 14 1 0; 342 121 11 36 16 1 1; ]
0800100232[310 105 27 61 7 0 0; 293 119 17 37 10 0 1; 324 109 17 39 14 1 0; 343 119 12 36 16 1 1; ]
0800100233[312 103 27 61 7 0 0; 294 117 18 37 10 0 1; 326 107 17 39 14 1 0; 344 117 13 36 16 1 1; ]
0800100234[313 103 26 61 7 0 0; 296 116 18 37 10 0 1; 327 106 17 39 14 1 0; 345 115 14 36 16 1 1; ]
0800100235[314 102 25 61 7 0 0; 297 115 18 37 10 0 1; 329 106 17 39 14 1 0; 346 115 14 36 16 1 1; ]
0800100236[315 102 24 60 7 0 0; 299 115 18 37 10 0 1; 330 105 17 39 14 1 0; 347 115 14 37 16 1 1; ]
0800100237[316 102 25 63 7 0 0; 301 115 18 38 10 0 1; 331 106 17 39 14 1 0; 349 115 14 37 16 1 1; ]
0800100238[317 103 26 63 7 0 0; 303 116 17 39 10 0 1; 284 114 13 37 11 1 1; 332 106 17 39 14 1 0; 351 117 14 37 16 1 1; ]
0800100239[319 105 27 63 7 0 0; 305 116 17 40 10 0 1; 286 116 14 38 11 1 1; 333 108 17 39 14 1 0; 353 118 14 37 16 1 1; ]
0800100240[320 106 28 64 7 0 0; 306 117 17 40 10 0 1; 287 117 15 38 11 1 1; 355 120 14 37 16 1 1; ]
0800100241[321 106 28 64 7 0 0; 307 118 17 40 10 0 1; 289 118 16 39 11 1 1; 356 122 14 37 16 1 1; ]
0800100242[322 105 28 65 7 0 0; 309 120 16 39 10 0 1; 290 118 16 40 11 1 1; 358 122 14 37 16 1 1; ]
0800100243[324 105 29 66 7 0 0; 310 120 19 39 10 0 1; 292 118 17 40 11 1 1; 360 122 14 37 16 1 1; ]
0800100244[325 105 29 67 7 0 0; 311 120 20 39 10 0 1; 293 118 17 41 11 1 1; 363 121 14 36 16 1 1; ]
0800100245[327 104 30 68 7 0 0; 312 120 21 40 10 0 1; 295 118 17 41 11 1 1; 365 120 14 36 16 1 1; ]
0800100246[328 104 30 69 7 0 0; 312 119 22 40 10 0 1; 297 117 17 42 11 1 1; 366 120 14 36 16 1 1; ]
0800100247[330 103 31 69 7 0 0; 314 119 21 40 10 0 1; 298 117 17 43 11 0 1; 367 119 14 35 16 1 1; ]
0800100248[331 103 31 70 7 0 0; 317 119 20 40 10 0 1; 299 116 18 43 11 0 1; 368 119 14 35 16 1 1; ]
0800100249[333 102 31 71 7 0 0; 319 118 19 40 10 0 1; 300 115 18 44 11 0 1; 370 119 14 35 16 1 1; ]
0800100250[336 101 30 72 7 0 0; 321 118 18 40 10 0 1; 302 114 18 44 11 0 1; 371 118 14 35 16 1 1; ]
0800100251[338 100 29 73 7 0 0; 323 117 17 41 10 0 1; 304 114 17 45 11 0 1; 372 117 14 37 16 1 1; ]
0800100252[339 100 30 74 7 0 0; 325 117 17 41 10 0 1; 307 114 16 45 11 0 1; 373 117 14 39 16 1 1; ]
0800100253[341 99 31 74 7 0 0; 327 117 17 41 10 0 1; 311 113 15 46 11 0 1; 374 117 14 39 16 1 1; ]
0800100254[342 98 32 75 7 0 0; 329 116 17 41 10 0 1; 312 113 17 45 11 0 1; 375 118 13 38 16 1 1; ]
0800100255[343 98 32 76 7 0 0; 331 116 17 41 10 0 1; 313 114 20 45 11 0 1; 376 118 13 38 16 1 1; ]
0800100256[345 97 33 77 7 0 0; 333 116 18 41 10 0 1; 315 114 21 45 11 0 1; 377 118 12 38 16 1 1; ]
0800100257[346 97 33 78 7 0 0; 334 116 19 41 10 0 1; 316 114 22 45 11 0 1; 378 116 13 39 16 1 1; ]
0800100258[348 96 34 79 7 0 0; 337 115 19 42 10 0 1; 318 114 21 45 11 0 1; 379 114 14 40 16 1 1; ]
0800100259[350 96 34 80 7 0 0; 339 114 19 43 10 0 1; 320 114 21 45 11 0 1; 298 109 18 50 12 1 1; 381 115 14 41 16 1 1; ]
0800100260[351 95 34 81 7 0 0; 340 114 19 44 10 0 1; 323 114 20 46 11 0 1; 301 109 17 49 12 1 1; 382 116 15 42 16 1 1; ]
0800100261[353 95 34 82 7 0 0; 342 115 18 45 10 0 1; 325 114 20 46 11 0 1; 303 109 16 48 12 1 1; 383 116 15 42 16 1 1; ]
0800100262[355 95 34 83 7 0 0; 344 115 18 45 10 0 1; 328 114 19 46 11 0 1; 305 109 16 48 12 1 1; 384 116 15 42 16 1 1; ]
0800100263[357 94 34 84 7 0 0; 346 115 18 44 10 0 1; 329 114 20 46 11 0 1; 307 109 16 48 12 1 1; 385 116 15 42 16 1 1; ]
0800100264[359 94 34 85 7 0 0; 347 115 18 44 10 0 1; 331 114 20 46 11 0 1; 308 109 17 49 12 1 1; 386 116 15 42 16 1 1; ]
0800100265[361 93 35 86 7 0 0; 349 115 18 44 10 0 1; 333 114 21 46 11 0 1; 310 110 18 49 12 1 1; 387 116 15 42 16 1 1; ]
0800100266[363 93 35 86 7 0 0; 351 115 18 44 10 0 1; 335 114 21 46 11 0 1; 311 110 18 50 12 1 1; 389 117 15 40 16 1 1; ]
0800100267[365 92 35 88 7 0 0; 352 115 18 44 10 0 1; 336 114 23 46 11 0 1; 312 110 19 50 12 1 1; ]
0800100268[366 91 36 89 7 0 0; 354 114 18 45 10 0 1; 338 114 24 46 11 0 1; 314 109 19 50 12 1 1; ]
0800100269[368 90 37 91 7 0 0; 355 114 18 45 10 0 1; 339 113 24 47 11 0 1; 315 108 18 50 12 1 1; ]
0800100270[370 89 37 92 7 0 0; 356 113 18 45 10 0 1; 340 112 24 47 11 0 1; 317 107 18 50 12 0 1; ]
0800100271[371 88 38 93 7 0 0; 357 113 18 46 10 0 1; 341 111 24 48 11 0 1; 318 106 17 50 12 0 1; ]
0800100272[373 88 39 94 7 0 0; 357 112 19 47 10 1 1; 343 111 23 47 11 0 1; 319 106 17 50 12 0 1; ]
0800100273[374 87 40 95 7 0 0; 361 112 15 47 10 1 1; 345 110 21 47 11 0 1; 319 105 18 50 12 0 1; ]
0800100274[376 87 40 96 7 0 0; 347 110 20 47 11 0 1; 319 105 19 50 12 0 1; 368 97 22 57 13 1 0; ]
0800100275[377 86 41 97 7 0 0; 349 110 20 47 11 0 1; 321 105 19 50 12 0 1; 369 97 22 58 13 1 0; ]
0800100276[379 86 42 99 7 0 0; 351 110 21 47 11 0 1; 322 105 19 51 12 0 1; 369 96 23 59 13 1 0; ]
0800100277[380 85 42 100 7 0 0; 352 110 22 47 11 0 1; 323 104 19 51 12 0 1; 370 96 23 60 13 1 0; ]
0800100278[382 85 43 102 7 0 0; 354 110 23 47 11 0 1; 324 104 20 52 12 0 1; 370 95 24 61 13 1 0; ]
0800100279[383 84 44 104 7 0 0; 354 110 24 48 11 0 1; 325 104 20 52 12 0 1; 370 95 24 62 13 1 0; ]
0800100280[385 83 45 106 7 0 0; 354 110 25 48 11 0 1; 326 104 20 52 12 0 1; 370 95 24 62 13 1 0; ]
0800100281[386 82 45 108 7 0 0; 354 109 25 49 11 0 1; 326 104 20 52 12 0 1; 369 95 25 63 13 1 0; ]
0800100282[388 80 46 111 7 0 0; 357 110 25 48 11 0 1; 327 104 20 53 12 0 1; 369 94 25 64 13 1 0; ]
0800100283[390 79 46 113 7 0 0; 359 111 24 46 11 1 1; 327 104 21 53 12 0 1; 370 93 26 65 13 1 0; ]
0800100284[392 78 47 115 7 0 0; 363 111 19 47 11 1 1; 328 104 23 53 12 0 1; 370 93 26 66 13 0 0; ]
0800100285[395 77 48 117 7 0 0; 366 109 18 49 11 1 1; 328 104 25 53 12 0 1; 370 93 27 67 13 0 0; ]
0800100286[397 77 48 119 7 0 0; 328 104 26 53 12 0 1; 370 93 27 68 13 0 0; ]
0800100287[399 76 49 121 7 0 0; 329 104 26 53 12 0 1; 369 93 28 69 13 0 0; ]
0800100288[401 76 49 123 7 0 0; 329 105 26 54 12 0 1; 369 93 28 69 13 0 0; 392 112 12 36 17 1 1; ]
0800100289[404 76 50 125 7 0 0; 329 105 25 55 12 0 1; 368 93 29 70 13 0 0; 392 113 13 37 17 1 1; ]
0800100290[406 75 52 127 7 0 0; 332 106 23 55 12 0 1; 368 93 30 72 13 0 0; 393 113 13 38 17 1 1; ]
0800100291[409 75 54 130 7 0 0; 334 106 22 55 12 0 1; 367 93 30 74 13 0 0; 393 114 13 39 17 1 1; ]
0800100292[414 75 53 132 7 0 0; 337 107 21 55 12 0 1; 367 93 31 75 13 0 0; 393 114 13 39 17 1 1; ]
0800100293[416 74 56 134 7 0 0; 341 107 20 55 12 0 1; 367 93 31 77 13 0 0; 394 115 13 40 17 1 1; ]
0800100294[418 74 56 136 7 0 0; 342 107 20 55 12 0 1; 367 93 32 77 13 0 0; 394 115 13 40 17 1 1; ]
0800100295[422 74 55 138 7 0 0; 343 108 21 55 12 0 1; 367 93 32 78 13 0 0; 394 115 13 40 17 1 1; ]
0800100296[427 74 54 140 7 0 0; 343 109 22 55 12 0 1; 366 93 32 78 13 0 0; 394 115 13 40 17 1 1; ]
0800100297[431 73 55 142 7 0 0; 344 110 24 55 12 0 1; 366 94 32 79 13 0 0; 394 115 13 40 17 1 1; ]
0800100298[435 72 56 145 7 0 0; 344 111 25 55 12 0 1; 366 94 32 79 13 0 0; 392 116 16 47 18 1 2; ]
0800100299[439 71 57 147 7 0 0; 345 111 25 55 12 0 1; 366 94 32 80 13 0 0; 391 117 16 48 18 1 2; ]
0800100300[444 70 58 150 7 0 0; 346 112 25 55 12 0 1; 366 94 33 80 13 0 0; 391 117 17 49 18 1 2; ]
0800100301[449 69 59 153 7 0 0; 348 112 25 55 12 0 1; 366 94 33 81 13 0 0; 391 117 17 50 18 1 2; ]
0800100302[351 112 25 55 12 0 1; 367 94 32 82 13 0 0; 391 118 18 51 18 1 2; ]
0800100303[353 114 25 55 12 1 1; 367 93 32 83 13 0 0; 391 117 18 51 18 1 2; ]
0800100304[356 113 25 55 12 1 1; 368 93 31 84 13 0 0; 391 116 19 52 18 1 2; ]
0800100305[358 110 25 55 12 1 1; 369 93 32 87 13 0 0; 392 114 20 52 18 1 2; ]
0800100306[360 110 25 56 12 1 1; 369 92 33 90 13 0 0; 393 113 21 52 18 1 2; ]
0800100307[361 109 25 57 12 1 1; 369 89 34 92 13 0 0; 394 111 22 53 18 1 2; ]
0800100308[362 110 25 55 12 1 1; 368 86 35 94 13 0 0; 395 109 23 53 18 1 2; ]
0800100309[368 83 36 96 13 0 0; 396 110 24 54 18 1 2; ]
0800100310[368 81 37 97 13 0 0; 397 107 25 53 18 1 2; ]
0800100311[369 78 37 99 13 0 0; 398 106 26 53 18 1 2; ]
0800100312[370 76 38 100 13 0 0; 400 106 27 53 18 1 2; ]
0800100313[371 75 38 100 13 0 0; 408 105 21 52 19 1 1; 398 104 19 51 20 1 1; ]
0800100314[372 74 39 100 13 0 0; 410 104 21 52 19 1 1; 400 103 19 52 20 1 1; ]
0800100315[373 74 39 100 13 0 0; 411 103 21 52 19 1 1; 402 102 19 52 20 1 1; ]
0800100316[374 74 39 100 13 0 0; 413 102 21 52 19 1 1; 403 102 19 52 20 1 1; ]
0800100317[375 74 39 100 13 0 0; 415 103 21 52 19 1 1; 405 102 19 52 20 1 1; ]
0800100318[376 74 39 100 13 0 0; 418 103 22 52 19 1 1; 406 103 19 52 20 1 1; ]
0800100319[378 74 39 100 13 0 0; 421 105 22 52 19 1 1; 407 106 19 52 20 1 1; ]
0800100320[380 75 40 102 13 0 0; 423 106 22 52 19 1 1; 408 109 19 51 20 1 1; ]
0800100321[382 77 40 105 13 0 0; 425 107 22 52 19 1 1; 411 112 17 48 20 1 1; ]
0800100322[384 78 40 107 13 0 0; 427 109 22 53 19 1 1; 415 115 15 43 20 1 1; 474 107 13 48 21 1 1; ]
0800100323[385 78 41 109 13 0 0; 428 112 22 53 19 1 1; 475 109 14 49 21 1 1; ]
0800100324[387 78 42 112 13 0 0; 429 114 22 54 19 1 1; 476 110 15 50 21 1 1; ]
0800100325[389 78 44 114 13 0 0; 431 115 23 54 19 1 1; 477 110 16 50 21 1 1; ]
0800100326[391 77 45 116 13 0 0; 433 115 23 54 19 1 1; 478 110 16 50 21 1 1; ]
0800100327[392 76 46 117 13 0 0; 435 115 23 53 19 1 1; 479 111 16 50 21 1 1; ]
0800100328[394 76 46 118 13 0 0; 437 114 23 52 19 1 1; 481 110 16 50 21 1 1; ]
0800100329[396 75 46 118 13 0 0; 441 113 21 54 19 1 1; 482 110 16 51 21 1 1; ]
0800100330[398 75 46 118 13 0 0; 443 113 21 55 19 1 1; 484 109 16 51 21 1 1; ]
0800100331[400 74 46 119 13 0 0; 445 112 22 56 19 1 1; 485 109 16 51 21 1 1; ]
0800100332[402 72 46 120 13 0 0; 447 112 22 57 19 1 1; 486 108 17 51 21 1 1; ]
0800100333[404 70 45 121 13 0 0; 448 112 23 58 19 1 1; 488 108 17 51 21 1 1; ]
0800100334[407 68 45 122 13 0 0; 450 111 23 58 19 1 1; 489 108 17 51 21 1 1; ]
0800100335[409 66 46 126 13 0 0; 452 111 23 57 19 1 1; 490 107 18 50 21 1 1; ]
0800100336[412 65 48 130 13 0 0; 454 111 23 57 19 1 1; 491 107 18 49 21 1 1; ]
0800100337[414 64 49 134 13 0 0; 457 111 23 57 19 1 1; 491 107 19 49 21 1 1; ]
0800100338[417 63 50 137 13 0 0; 459 111 23 57 19 1 1; ]
0800100339[419 63 51 140 13 0 0; 461 111 23 57 19 1 1; ]
0800100340[421 64 51 142 13 0 0; 464 111 23 57 19 1 1; ]
0800100341[424 64 52 145 13 0 0; 467 111 22 56 19 1 1; ]
0800100342[426 64 53 146 13 0 0; 470 112 22 55 19 1 1; ]
0800100343[429 65 54 147 13 0 0; 473 114 21 52 19 1 1; ]
0800100344[431 65 57 148 13 0 0; 474 117 19 52 19 1 1; ]
0800100345[434 65 59 149 13 0 0; ]
0800100346[437 65 60 149 13 0 0; 431 116 17 55 22 1 1; ]
0800100347[440 65 61 150 13 0 0; 432 116 18 51 22 1 1; ]
0800100348[443 64 61 150 13 0 0; 433 116 19 49 22 1 1; ]
0800100349[446 63 62 150 13 0 0; 434 116 20 48 22 1 1; ]
0800100350[434 116 20 48 22 0 1; ]
0800100351[435 116 21 48 22 0 1; ]
0800100352[436 116 21 48 22 0 1; ]
0800100353[436 115 21 48 22 0 1; 459 118 21 57 23 1 1; ]
0800100354[437 115 21 48 22 0 1; 460 117 21 57 23 1 1; ]
0800100355[438 115 21 48 22 0 1; 462 116 21 57 23 1 1; ]
0800100356[439 115 21 49 22 0 1; 462 115 22 57 23 0 1; ]
0800100357[439 114 21 49 22 0 1; 464 115 22 58 23 0 1; ]
0800100358[440 114 21 50 22 0 1; 467 115 22 58 23 0 1; ]
0800100359[441 113 22 51 22 0 1; 469 114 22 59 23 0 1; ]
0800100360[442 111 22 52 22 0 1; 471 114 22 59 23 0 1; ]
0800100361[443 108 22 53 22 0 1; 473 113 22 60 23 0 1; ]
0800100362[444 108 22 53 22 0 1; 474 113 22 60 23 0 1; ]
0800100363[444 109 21 53 22 0 1; 476 113 22 61 23 0 1; ]
0800100364[445 109 21 53 22 0 1; 477 114 22 59 23 0 1; ]
0800100365[446 110 21 53 22 0 1; 478 114 22 59 23 0 1; ]
0800100366[446 110 21 53 22 0 1; 480 115 22 59 23 0 1; ]
0800100367[447 111 21 53 22 0 1; 481 115 22 58 23 0 1; ]
0800100368[448 112 21 52 22 0 1; 482 115 22 58 23 0 1; ]
0800100369[448 112 21 52 22 0 1; 483 116 22 57 23 0 1; ]
0800100370[449 113 21 52 22 0 1; 485 117 22 57 23 0 1; ]
0800100371[450 113 21 52 22 0 1; 486 116 23 58 23 0 1; ]
0800100372[451 114 21 52 22 0 1; ]
0800100373[452 114 21 52 22 0 1; ]
0800100374[453 115 21 52 22 0 1; ]
0800100375[454 115 21 52 22 0 1; ]
0800100376[456 116 21 52 22 0 1; ]
0800100377[457 117 21 52 22 0 1; ]
0800100378[458 118 21 53 22 0 1; ]
0800100379[459 118 22 54 22 0 1; ]
0800100380[459 118 22 55 22 0 1; ]
0800100381[459 117 23 56 22 0 1; ]
0800100382[459 116 23 57 22 0 1; ]
0800100383[459 117 24 55 22 0 1; ]
0800100384[459 118 24 54 22 0 1; ]
0800100385[459 118 24 54 22 0 1; ]
0800100386[460 117 24 55 22 0 1; ]
0800100387[462 117 24 55 22 0 1; ]
0800100388[463 116 24 56 22 0 1; ]
0800100389[465 116 23 57 22 0 1; ]
0800100390[466 116 23 59 22 0 1; ]
0800100391[467 116 22 62 22 0 1; ]
0800100392[468 116 22 62 22 0 1; ]
0800100393[469 116 22 63 22 0 1; ]
0800100394[469 116 22 63 22 0 1; ]
0800100395[470 116 22 63 22 0 1; ]
0800100396[471 116 22 63 22 0 1; ]
0800100397[472 115 23 63 22 0 1; ]
0800100398[472 115 23 64 22 0 1; ]
0800100399[473 115 23 64 22 0 1; ]
0800100400[474 115 23 64 22 0 1; ]
0800100401[475 115 23 64 22 0 1; ]
0800100402[475 115 23 65 22 0 1; ]
0800100403[476 115 24 65 22 0 1; ]
0800100404[477 114 24 65 22 0 1; ]
0800100405[478 114 24 65 22 0 1; ]
0800100406[478 114 24 65 22 0 1; ]
0800100407[479 115 24 66 22 0 1; ]
0800100408[480 115 23 66 22 0 1; ]
0800100409[480 115 23 67 22 0 1; ]
0800100410[481 115 23 67 22 0 1; ]
0800100411[482 115 23 68 22 0 1; ]
0800100412[483 114 23 68 22 0 1; ]
0800100413[484 114 23 69 22 0 1; ]
0800100414[485 114 23 69 22 0 1; ]
0800100415[486 114 23 69 22 0 1; ]
0800100416[486 115 23 69 22 0 1; ]
0800100417[487 116 23 68 22 0 1; ]
0800100418[488 116 23 68 22 0 1; ]
0800100419[]
0800100420[]
0800100421[]
0800100422[]
0800100423[]
0800100424[]
0800100425[]
0800100426[]
0800100427[]
0800100428[]
0800100429[]
0800100430[]
0800100431[]
0800100432[]
0800100433[]
0800100434[]
0800100435[]
0800100436[]
0800100437[]
0800100438[]
0800100439[]
0800100440[]
0800100441[]
0800100442[]
0800100443[]
0800100444[]
0800100445[]
0800100446[]
0800100447[]
0800100448[]
0800100449[]
0800100450[]
0800100451[]
0800100452[]
0800100453[]
0800100454[]
0800100455[]
0800100456[]
0800100457[]
0800100458[]
0800100459[]
0800100460[]
0800100461[]
0800100462[]
0800100463[]
0800100464[]
0800100465[]
0800100466[]
0800100467[]
0800100468[]
0800100469[]
0800100470[]
0800100471[]
0800100472[]
0800100473[]
0800100474[]
0800100475[]
0800100476[]
0800100477[]
0800100478[]
0800100479[]
0800100480[]
0800100481[]
0800100482[]
0800100483[]
0800100484[]
0800100485[]
0800100486[]
0800100487[]
0800100488[]
0800100489[]
0800100490[]
0800100491[]
0800100492[]
0800100493[]
0800100494[]
0800100495[]
0800100496[]
0800100497[]
0800100498[]
0800100499[]
0800100500[]
0800100501[]
0800100502[]
0800100503[]
0800100504[]
0800100505[]
0800100506[]
0800100507[254 114 12 42 30 1 1; ]
0800100508[254 114 12 42 30 1 1; ]
0800100509[254 113 12 42 30 1 1; ]
0800100510[253 113 12 41 30 1 1; ]
0800100511[253 113 12 41 30 1 1; ]
0800100512[252 113 13 41 30 0 1; ]
0800100513[252 114 13 41 30 0 1; ]
0800100514[251 115 13 41 30 0 1; ]
0800100515[252 115 13 41 30 0 1; ]
0800100516[252 115 14 41 30 0 1; ]
0800100517[252 115 14 41 30 0 1; ]
0800100518[252 115 14 41 30 0 1; ]
0800100519[252 115 14 41 30 0 1; ]
0800100520[251 115 14 40 30 0 1; 244 114 11 44 31 1 1; ]
0800100521[251 115 15 40 30 0 1; 244 114 11 44 31 1 1; ]
0800100522[250 115 15 41 30 0 1; 244 114 12 44 31 1 1; ]
0800100523[252 115 13 41 30 0 1; 244 113 12 44 31 1 1; ]
0800100524[254 115 11 41 30 0 1; 244 114 13 44 31 1 1; ]
0800100525[254 115 11 41 30 1 1; 244 114 13 44 31 1 1; ]
0800100526[254 116 11 41 30 1 1; 244 114 14 43 31 1 1; ]
0800100527[245 114 21 43 32 0 2; ]
0800100528[244 115 22 43 32 0 2; ]
0800100529[244 115 23 43 32 0 2; ]
0800100530[244 115 23 43 32 0 2; ]
0800100531[245 115 23 43 32 0 2; 268 113 25 43 35 1 1; ]
0800100532[246 115 21 43 32 0 2; 269 113 25 43 35 1 1; ]
0800100533[248 115 20 43 32 0 2; 269 114 25 43 35 1 1; ]
0800100534[249 115 19 43 32 0 2; 270 114 25 43 35 1 1; ]
0800100535[250 115 19 43 32 0 2; 270 114 25 43 35 1 1; ]
0800100536[251 115 19 43 32 0 2; 271 114 25 43 35 1 1; ]
0800100537[252 115 19 43 32 0 2; 271 114 25 43 35 1 1; ]
0800100538[253 116 19 43 32 0 2; 272 114 25 43 35 1 1; ]
0800100539[254 116 19 43 32 0 2; 272 114 24 43 35 1 1; ]
0800100540[254 116 20 43 32 0 2; 273 114 24 42 35 1 1; ]
0800100541[255 115 20 43 32 0 2; 273 114 23 42 35 1 1; ]
0800100542[255 115 20 43 32 0 2; 273 114 23 42 35 1 1; ]
0800100543[256 115 20 43 32 0 2; 273 114 23 42 35 1 1; ]
0800100544[256 115 20 43 32 0 2; 274 114 23 42 35 1 1; ]
0800100545[257 115 20 43 32 0 2; 274 115 24 42 35 1 1; ]
0800100546[258 116 20 43 32 0 2; 274 115 25 42 35 1 1; ]
0800100547[258 116 20 43 32 0 2; 274 115 25 42 35 1 1; ]
0800100548[260 115 20 44 32 0 2; 274 114 25 42 35 1 1; ]
0800100549[270 115 16 45 33 1 1; 258 115 18 45 34 1 1; 273 114 25 42 35 1 1; ]
0800100550[271 115 15 45 33 1 1; 259 115 17 45 34 1 1; 273 114 25 42 35 1 1; ]
0800100551[272 116 14 44 33 1 1; 260 115 17 45 34 1 1; 273 114 26 42 35 1 1; ]
0800100552[274 116 14 43 33 1 1; 261 115 17 45 34 1 1; 273 114 26 42 35 1 1; ]
0800100553[261 115 17 45 34 1 1; 273 113 26 42 35 1 1; ]
0800100554[262 115 17 46 34 1 1; 273 113 26 42 35 1 1; ]
0800100555[262 115 18 46 34 1 1; 273 113 26 42 35 1 1; ]
0800100556[262 115 18 46 34 1 1; 273 113 27 42 35 1 1; ]
0800100557[263 115 18 46 34 1 1; 273 113 27 42 35 1 1; ]
0800100558[264 115 18 46 34 1 1; 273 113 27 42 35 1 1; ]
0800100559[265 115 18 46 34 1 1; 274 113 27 42 35 1 1; ]
0800100560[266 115 18 46 34 1 1; 274 113 27 42 35 1 1; ]
0800100561[268 115 18 46 34 1 1; 274 113 28 42 35 1 1; ]
0800100562[269 115 18 46 34 1 1; 277 113 27 42 35 1 1; ]
0800100563[270 115 18 47 34 1 1; 278 113 27 43 35 1 1; ]
0800100564[270 115 18 47 34 1 1; 280 113 27 43 35 1 1; ]
0800100565[272 115 18 47 34 1 1; 281 113 27 44 35 1 1; ]
0800100566[272 115 18 47 34 1 1; 281 113 27 44 35 1 1; ]
0800100567[273 115 18 47 34 1 1; 281 113 27 44 35 1 1; ]
0800100568[273 115 18 47 34 1 1; 282 112 27 44 35 1 1; ]
0800100569[272 115 18 47 34 1 1; 282 112 27 44 35 1 1; ]
0800100570[272 114 18 47 34 1 1; 282 112 27 44 35 1 1; ]
0800100571[271 114 18 47 34 1 1; 282 112 27 44 35 1 1; ]
0800100572[271 114 18 47 34 1 1; 282 112 27 44 35 1 1; ]
0800100573[271 114 18 47 34 1 1; 282 112 27 43 35 1 1; ]
0800100574[271 114 18 47 34 1 1; 283 113 27 43 35 1 1; ]
0800100575[271 115 18 47 34 1 1; 283 113 26 42 35 1 1; ]
0800100576[271 115 18 47 34 1 1; 283 113 26 42 35 1 1; ]
0800100577[272 116 18 47 34 1 1; 283 113 26 43 35 1 1; ]
0800100578[272 116 18 47 34 1 1; 283 113 26 45 35 1 1; ]
0800100579[272 116 18 47 34 1 1; 284 113 27 45 35 1 1; ]
0800100580[272 114 18 47 34 1 1; 284 113 27 45 35 1 1; ]
0800100581[306 109 27 47 35 1 1; ]
0800100582[309 111 28 46 35 1 1; ]
0800100583[311 112 28 45 35 1 1; ]
0800100584[313 112 29 45 35 1 1; ]
0800100585[316 112 29 45 35 1 1; ]
0800100586[318 112 29 45 35 1 1; ]
0800100587[320 112 30 45 35 1 1; ]
0800100588[322 112 30 46 35 1 1; ]
0800100589[324 112 30 47 35 1 1; ]
0800100590[326 111 31 48 35 1 1; ]
0800100591[329 111 31 48 35 1 1; ]
0800100592[332 111 31 49 35 1 1; ]
0800100593[334 110 30 51 35 1 1; ]
0800100594[337 110 30 52 35 1 1; ]
0800100595[339 110 31 54 35 1 1; ]
0800100596[342 110 32 55 35 1 1; ]
0800100597[344 111 32 56 35 1 1; ]
0800100598[347 111 31 55 35 1 1; ]
0800100599[350 112 30 54 35 1 1; ]
0800100600[354 112 29 54 35 1 1; ]
0800100601[356 112 29 54 35 1 1; ]
0800100602[359 112 29 55 35 1 1; ]
0800100603[362 112 30 55 35 1 1; ]
0800100604[364 112 31 56 35 1 1; ]
0800100605[367 112 31 57 35 1 1; ]
0800100606[371 112 30 57 35 1 1; ]
0800100607[375 112 29 58 35 1 1; ]
0800100608[379 111 29 58 35 1 1; ]
0800100609[385 111 25 58 35 1 1; ]
0800100610[391 111 23 58 35 1 1; ]
0800100611[394 110 23 58 35 1 1; ]
0800100612[396 109 23 58 35 1 1; ]
0800100613[399 109 23 58 35 1 1; ]
0800100614[401 108 24 58 35 1 1; ]
0800100615[403 107 25 58 35 1 1; ]
0800100616[405 107 25 58 35 1 1; ]
0800100617[407 106 27 57 35 1 1; ]
0800100618[409 106 28 57 35 1 1; ]
0800100619[411 105 29 56 35 1 1; ]
0800100620[414 107 30 57 35 1 1; ]
0800100621[418 107 29 57 35 0 1; ]
0800100622[421 107 28 57 35 0 1; ]
0800100623[425 108 26 57 35 0 1; ]
0800100624[429 109 25 57 35 0 1; ]
0800100625[432 109 26 57 35 0 1; ]
0800100626[434 109 27 57 35 0 1; ]
0800100627[436 109 27 57 35 0 1; ]
0800100628[438 109 27 57 35 0 1; ]
0800100629[439 109 28 58 35 0 1; ]
0800100630[441 109 29 58 35 0 1; ]
0800100631[442 109 31 59 35 0 1; ]
0800100632[442 108 34 61 35 0 1; ]
0800100633[441 108 37 63 35 0 1; ]
0800100634[441 107 41 65 35 0 1; ]
0800100635[444 107 40 64 35 0 1; ]
0800100636[446 106 40 64 35 0 1; ]
0800100637[448 106 40 63 35 0 1; ]
0800100638[450 106 40 63 35 0 1; ]
0800100639[452 105 40 64 35 0 1; ]
0800100640[454 104 40 65 35 0 1; ]
0800100641[456 104 40 65 35 0 1; ]
0800100642[457 103 40 66 35 0 1; ]
0800100643[458 103 40 66 35 0 1; ]
0800100644[460 104 40 66 35 0 1; ]
0800100645[461 104 40 66 35 0 1; ]
0800100646[462 105 41 66 35 0 1; ]
0800100647[463 105 41 66 35 0 1; ]
0800100648[463 106 42 66 35 0 1; ]
0800100649[464 108 42 66 35 0 1; ]
0800100650[464 109 44 67 35 0 1; ]
0800100651[465 109 44 67 35 0 1; ]
0800100652[466 109 44 67 35 0 1; ]
0800100653[]
0800100654[]
0800100655[]
0800100656[]
0800100657[]
0800100658[]
0800100659[]
0800100660[]
0800100661[]
0800100662[]
0800100663[]
0800100664[]
0800100665[]
0800100666[]
0800100667[]
0800100668[]
0800100669[]
0800100670[]
0800100671[]
0800100672[]
0800100673[]
0800100674[]
0800100675[]
0800100676[]
0800100677[]
0800100678[]
0800100679[]
0800100680[]
0800100681[]
0800100682[]
0800100683[]
0800100684[]
0800100685[]
0800100686[]
0800100687[]
0800100688[]
0800100689[]
0800100690[]
0800100691[]
0800100692[]
0800100693[]
0800100694[]
0800100695[]
0800100696[]
0800100697[]
0800100698[]
0800100699[]
0800100700[]
0800100701[]
0800100702[]
0800100703[]
0800100704[]
0800100705[]
0800100706[]
0800100707[]
0800100708[]
0800100709[]
0800100710[]
0800100711[]
0800100712[]
0800100713[]
0800100714[]
0800100715[]
0800100716[]
0800100717[]
0800100718[]
0800100719[]
0800100720[]
0800100721[]
0800100722[]
0800100723[]
0800100724[]
0800100725[]
0800100726[]
0800100727[]
0800100728[]
0800100729[]
0800100730[]
0800100731[]
0800100732[]
0800100733[]
0800100734[]
0800100735[]
0800100736[]
0800100737[]
0800100738[]
0800100739[]
0800100740[]
0800100741[]
0800100742[]
0800100743[]
0800100744[]
0800100745[]
0800100746[]
0800100747[]
0800100748[]
0800100749[]
0800100750[]
0800100751[]
0800100752[]
0800100753[]
0800100754[]
0800100755[]
0800100756[]
0800100757[]
0800100758[]
0800100759[]
0800100760[]
0800100761[]
0800100762[]
0800100763[]
0800100764[]
0800100765[]
0800100766[]
0800100767[]
0800100768[]
0800100769[]
0800100770[]
0800100771[]
0800100772[]
0800100773[]
0800100774[]
0800100775[]
0800100776[]
0800100777[]
0800100778[]
0800100779[]
0800100780[]
0800100781[]
0800100782[]
0800100783[]
0800100784[]
0800100785[]
0800100786[]
0800100787[]
0800100788[]
0800100789[]
0800100790[]
0800100791[]
0800100792[]
0800100793[]
0800100794[]
0800100795[]
0800100796[]
0800100797[]
0800100798[]
0800100799[]
0800100800[]
0800100801[]
0800100802[]
0800100803[]
0800100804[]
0800100805[]
0800100806[]
0800100807[]
0800100808[]
0800100809[]
0800100810[]
0800100811[]
0800100812[]
0800100813[]
0800100814[]
0800100815[]
0800100816[]
0800100817[]
0800100818[]
0800100819[]
0800100820[]
0800100821[]
0800100822[]
0800100823[]
0800100824[]
0800100825[]
0800100826[]
0800100827[]
0800100828[]
0800100829[]
0800100830[]
0800100831[]
0800100832[]
0800100833[]
0800100834[]
0800100835[]
0800100836[]
0800100837[]
0800100838[]
0800100839[]
0800100840[]
0800100841[]
0800100842[]
0800100843[]
0800100844[]
0800100845[]
0800100846[]
0800100847[]
0800100848[]
0800100849[]
0800100850[]
0800100851[]
0800100852[]
0800100853[]
0800100854[]
0800100855[]
0800100856[]
0800100857[]
0800100858[]
0800100859[]
0800100860[]
0800100861[]
0800100862[]
0800100863[]
0800100864[]
0800100865[]
0800100866[]
0800100867[]
0800100868[]
0800100869[]
0800100870[]
0800100871[]
0800100872[]
0800100873[]
0800100874[]
0800100875[]
0800100876[]
0800100877[]
0800100878[]
0800100879[]
0800100880[]
0800100881[]
0800100882[]
0800100883[]
0800100884[]
0800100885[]
0800100886[]
0800100887[]
0800100888[]
0800100889[]
0800100890[]
0800100891[]
0800100892[]
0800100893[]
0800100894[]
0800100895[]
0800100896[]
0800100897[]
0800100898[]
0800100899[]
0800100900[]
0800100901[]
0800100902[]
0800100903[]
0800100904[]
0800100905[]
0800100906[]
0800100907[]
0800100908[]
0800100909[]
0800100910[]
0800100911[]
0800100912[]
0800100913[]
0800100914[]
0800100915[]
0800100916[]
0800100917[]
0800100918[]
0800100919[]
0800100920[]
0800100921[]
0800100922[]
0800100923[]
0800100924[]
0800100925[]
0800100926[]
0800100927[]
0800100928[]
0800100929[]
0800100930[]
0800100931[]
0800100932[]
0800100933[]
0800100934[]
0800100935[]
0800100936[]
0800100937[]
0800100938[]
0800100939[]
0800100940[]
0800100941[]
0800100942[]
0800100943[]
0800100944[]
0800100945[]
0800100946[]
0800100947[]
0800100948[]
0800100949[]
0800100950[]
0800100951[]
0800100952[]
0800100953[]
0800100954[]
0800100955[]
0800100956[]
0800100957[]
0800100958[]
0800100959[]
0800100960[]
0800100961[]
0800100962[]
0800100963[]
0800100964[]
0800100965[]
0800100966[]
0800100967[]
0800100968[]
0800100969[]
0800100970[]
0800100971[]
0800100972[]
0800100973[]
0800100974[]
0800100975[]
0800100976[]
0800100977[]
0800100978[]
0800100979[]
0800100980[]
0800100981[]
0800100982[]
0800100983[]
0800100984[]
0800100985[]
0800100986[]
0800100987[]
0800100988[]
0800100989[]
0800100990[]
0800100991[]
0800100992[]
0800100993[]
0800100994[]
0800100995[]
0800100996[]
0800100997[]
0800100998[]
0800100999[]
0800101000[]
0800101001[]
0800101002[]
0800101003[]
0800101004[]
0800101005[]
0800101006[]
0800101007[]
0800101008[]
0800101009[]
0800101010[]
0800101011[]
0800101012[]
0800101013[]
0800101014[]
0800101015[]
0800101016[]
0800101017[]
0800101018[]
0800101019[]
0800101020[]
0800101021[]
0800101022[]
0800101023[]
0800101024[]
0800101025[]
0800101026[]
0800101027[]
0800101028[]
0800101029[]
0800101030[]
0800101031[]
0800101032[]
0800101033[]
0800101034[]
0800101035[]
0800101036[]
0800101037[]
0800101038[]
0800101039[]
0800101040[]
0800101041[]
0800101042[]
0800101043[]
0800101044[]
0800101045[]
0800101046[]
0800101047[]
0800101048[]
0800101049[]
0800101050[]
0800101051[]
0800101052[]
0800101053[]
0800101054[]
0800101055[]
0800101056[]
0800101057[]
0800101058[]
0800101059[]
0800101060[]
0800101061[]
0800101062[]
0800101063[]
0800101064[]
0800101065[]
0800101066[]
0800101067[]
0800101068[]
0800101069[]
0800101070[]
0800101071[]
0800101072[]
0800101073[]
0800101074[]
0800101075[]
0800101076[]
0800101077[]
0800101078[]
0800101079[]
0800101080[]
0800101081[]
0800101082[]
0800101083[]
0800101084[]
0800101085[]
0800101086[]
0800101087[]
0800101088[]
0800101089[]
0800101090[]
0800101091[]
0800101092[]
0800101093[]
0800101094[]
0800101095[]
0800101096[]
0800101097[]
0800101098[]
0800101099[]
0800101100[]
0800101101[]
0800101102[]
0800101103[]
0800101104[]
0800101105[]
0800101106[]
0800101107[]
0800101108[]
0800101109[]
0800101110[]
0800101111[]
0800101112[]
0800101113[]
0800101114[]
0800101115[]
0800101116[]
0800101117[]
0800101118[]
0800101119[]
0800101120[]
0800101121[]
0800101122[]
0800101123[]
0800101124[]
0800101125[]
0800101126[]
0800101127[]
0800101128[]
0800101129[]
0800101130[]
0800101131[]
0800101132[]
0800101133[]
0800101134[]
0800101135[]
0800101136[]
0800101137[]
0800101138[]
0800101139[]
0800101140[]
0800101141[]
0800101142[]
0800101143[]
0800101144[]
0800101145[]
0800101146[]
0800101147[]
0800101148[]
0800101149[]
0800101150[]
0800101151[]
0800101152[]
0800101153[]
0800101154[]
0800101155[]
0800101156[]
0800101157[]
0800101158[]
0800101159[]
0800101160[]
0800101161[]
0800101162[]
0800101163[]
0800101164[]
0800101165[]
0800101166[]
0800101167[]
0800101168[]
0800101169[]
0800101170[]
0800101171[]
0800101172[]
0800101173[]
0800101174[]
0800101175[]
0800101176[]
0800101177[]
0800101178[]
0800101179[]
0800101180[]
0800101181[]
0800101182[]
0800101183[]
0800101184[]
0800101185[]
0800101186[]
0800101187[]
0800101188[]
0800101189[]
0800101190[]
0800101191[]
0800101192[]
0800101193[]
0800101194[]
0800101195[]
0800101196[]
0800101197[]
0800101198[]
0800101199[]
0800101200[]
0800101201[]
0800101202[]
0800101203[]
0800101204[]
0800101205[]
0800101206[]
0800101207[]
0800101208[]
0800101209[]
0800101210[]
0800101211[]
0800101212[]
0800101213[]
0800101214[]
0800101215[]
0800101216[]
0800101217[]
0800101218[]
0800101219[]
0800101220[]
0800101221[]
0800101222[]
0800101223[]
0800101224[]
0800101225[]
0800101226[]
0800101227[]
0800101228[]
0800101229[]
0800101230[]
0800101231[]
0800101232[]
0800101233[]
0800101234[]
0800101235[]
0800101236[]
0800101237[]
0800101238[]
0800101239[]
0800101240[]
0800101241[]
0800101242[]
0800101243[]
0800101244[]
0800101245[]
0800101246[]
0800101247[]
0800101248[]
0800101249[]
0800101250[]
0800101251[]
0800101252[]
0800101253[]
0800101254[]
0800101255[]
0800101256[]
0800101257[]
0800101258[]
0800101259[]
0800101260[]
0800101261[]
0800101262[]
0800101263[]
0800101264[]
0800101265[]
0800101266[]
0800101267[]
0800101268[]
0800101269[]
0800101270[]
0800101271[]
0800101272[]
0800101273[]
0800101274[]
0800101275[]
0800101276[]
0800101277[]
0800101278[]
0800101279[]
0800101280[]
0800101281[]
0800101282[]
0800101283[]
0800101284[]
0800101285[]
0800101286[]
0800101287[]
0800101288[]
0800101289[]
0800101290[]
0800101291[]
0800101292[]
0800101293[]
0800101294[]
0800101295[]
0800101296[]
0800101297[]
0800101298[]
0800101299[]
0800101300[]
0800101301[]
0800101302[]
0800101303[]
0800101304[]
0800101305[]
0800101306[]
0800101307[]
0800101308[]
0800101309[]
0800101310[]
0800101311[]
0800101312[]
0800101313[]
0800101314[]
0800101315[]
0800101316[]
0800101317[]
0800101318[]
0800101319[]
0800101320[]
0800101321[]
0800101322[]
0800101323[]
0800101324[]
0800101325[]
0800101326[]
0800101327[]
0800101328[]
0800101329[]
0800101330[]
0800101331[]
0800101332[]
0800101333[]
0800101334[]
0800101335[]
0800101336[]
0800101337[]
0800101338[]
0800101339[]
0800101340[]
0800101341[]
0800101342[]
0800101343[]
0800101344[]
0800101345[]
0800101346[]
0800101347[]
0800101348[]
0800101349[]
0800101350[]
0800101351[]
0800101352[]
0800101353[]
0800101354[]
0800101355[]
0800101356[]
0800101357[]
0800101358[]
0800101359[]
0800101360[]
0800101361[]
0800101362[]
0800101363[]
0800101364[]
0800101365[]
0800101366[]
0800101367[]
0800101368[]
0800101369[]
0800101370[]
0800101371[]
0800101372[]
0800101373[]
0800101374[]
0800101375[]
0800101376[]
0800101377[]
0800101378[]
0800101379[]
0800101380[]
0800101381[]
0800101382[]
0800101383[]
0800101384[]
0800101385[]
0800101386[]
0800101387[]
0800101388[]
0800101389[]
0800101390[]
0800101391[]
0800101392[]
0800101393[]
0800101394[]
0800101395[]
0800101396[]
0800101397[]
0800101398[]
0800101399[]
0800101400[]
0800101401[]
0800101402[]
0800101403[]
0800101404[]
0800101405[]
0800101406[]
0800101407[]
0800101408[]
0800101409[]
0800101410[]
0800101411[]
0800101412[]
0800101413[]
0800101414[]
0800101415[]
0800101416[]
0800101417[]
0800101418[]
0800101419[]
0800101420[]
0800101421[]
0800101422[]
0800101423[]
0800101424[]
0800101425[]
0800101426[]
0800101427[]
0800101428[]
0800101429[]
0800101430[]
0800101431[]
0800101432[]
0800101433[]
0800101434[]
0800101435[]
0800101436[]
0800101437[]
0800101438[]
0800101439[]
0800101440[]
0800101441[]
0800101442[]
0800101443[]
0800101444[]
0800101445[]
0800101446[]
0800101447[]
0800101448[]
0800101449[]
0800101450[]
0800101451[]
0800101452[]
0800101453[]
0800101454[]
0800101455[]
0800101456[]
0800101457[]
0800101458[]
0800101459[]
0800101460[]
0800101461[]
0800101462[]
0800101463[]
0800101464[]
0800101465[]
0800101466[]
0800101467[]
0800101468[]
0800101469[]
0800101470[]
0800101471[]
0800101472[]
0800101473[]
0800101474[]
0800101475[]
0800101476[]
0800101477[]
0800101478[]
0800101479[]
0800101480[]
0800101481[]
0800101482[]
0800101483[]
0800101484[]
0800101485[]
0800101486[]
0800101487[]
0800101488[]
0800101489[]
0800101490[]
0800101491[]
0800101492[]
0800101493[]
0800101494[]
0800101495[]
0800101496[]
0800101497[467 88 35 78 60 1 3; ]
0800101498[457 87 35 78 60 1 3; ]
0800101499[447 86 35 78 60 1 3; ]
0800101500[436 86 35 78 60 1 3; ]
0800101501[426 86 35 79 60 1 3; ]
0800101502[415 86 35 79 60 1 3; ]
0800101503[]
0800101504[]
0800101505[386 87 27 70 52 1 0; ]
0800101506[373 87 28 74 52 1 0; ]
0800101507[361 88 29 76 52 1 0; ]
0800101508[347 89 30 78 52 1 0; ]
0800101509[333 91 31 80 52 0 0; ]
0800101510[319 93 32 85 52 0 0; ]
0800101511[305 95 33 85 52 0 0; ]
0800101512[291 96 35 84 52 0 0; ]
0800101513[278 96 35 84 52 0 0; ]
0800101514[264 97 36 84 52 0 0; ]
0800101515[251 97 36 84 52 0 0; ]
0800101516[238 98 35 81 52 0 0; ]
0800101517[225 98 34 78 52 0 0; ]
0800101518[211 96 34 76 52 0 0; ]
0800101519[197 95 34 76 52 0 0; ]
0800101520[183 94 34 77 52 0 0; ]
0800101521[169 92 34 78 52 0 0; ]
0800101522[155 91 34 80 52 0 0; ]
0800101523[139 89 34 82 52 0 0; ]
0800101524[124 88 35 86 52 0 0; ]
0800101525[107 87 35 91 52 0 0; ]
0800101526[92 87 38 93 52 0 0; ]
0800101527[76 87 39 94 52 0 0; ]
0800101528[59 87 41 95 52 0 0; ]
0800101529[41 86 42 96 52 0 0; ]
0800101530[22 86 42 97 52 0 0; ]
0800101531[2 85 42 99 52 0 0; ]
0800101532[]
0800101533[]
0800101534[]
0800101535[]
0800101536[]
0800101537[]
0800101538[]
0800101539[]
0800101540[]
0800101541[]
0800101542[]
0800101543[]
0800101544[]
0800101545[]
0800101546[]
0800101547[]
0800101548[]
0800101549[]
0800101550[]
0800101551[]
0800101552[]
0800101553[]
0800101554[]
0800101555[]
0800101556[]
0800101557[]
0800101558[]
0800101559[]
0800101560[]
0800101561[]
0800101562[]
0800101563[]
0800101564[]
0800101565[]
0800101566[]
0800101567[]
0800101568[]
0800101569[]
0800101570[]
0800101571[]
0800101572[]
0800101573[]
0800101574[]
0800101575[]
0800101576[]
0800101577[]
0800101578[]
0800101579[]
0800101580[]
0800101581[]
0800101582[]
0800101583[]
0800101584[]
0800101585[]
0800101586[]
0800101587[]
0800101588[]
0800101589[]
0800101590[]
0800101591[]
0800101592[]
0800101593[]
0800101594[]
0800101595[]
0800101596[]
0800101597[]
0800101598[]
0800101599[]
0800101600[]
0800101601[]
0800101602[]
0800101603[]
0800101604[]
0800101605[]
0800101606[]
0800101607[]
0800101608[]
0800101609[]
0800101610[]
0800101611[]
0800101612[]
0800101613[]
0800101614[]
0800101615[]
0800101616[]
0800101617[]
0800101618[]
0800101619[]
0800101620[]
0800101621[]
0800101622[]
0800101623[]
0800101624[]
0800101625[]
0800101626[]
0800101627[]
0800101628[]
0800101629[]
0800101630[]
0800101631[]
0800101632[]
0800101633[]
0800101634[]
0800101635[]
0800101636[]
0800101637[]
0800101638[]
0800101639[]
0800101640[]
0800101641[]
0800101642[]
0800101643[]
0800101644[]
0800101645[]
0800101646[]
0800101647[]
0800101648[]
0800101649[]
0800101650[]
0800101651[]
0800101652[]
0800101653[]
0800101654[]
0800101655[]
0800101656[]
0800101657[]
0800101658[]
0800101659[]
0800101660[]
0800101661[]
0800101662[]
0800101663[]
0800101664[]
0800101665[]
0800101666[]
0800101667[]
0800101668[]
0800101669[]
0800101670[]
0800101671[102 119 12 31 37 1 1; ]
0800101672[102 117 12 35 37 1 1; ]
0800101673[102 116 12 37 37 1 1; ]
0800101674[101 116 12 38 37 1 1; ]
0800101675[101 118 13 37 37 0 1; ]
0800101676[101 120 13 37 37 0 1; ]
0800101677[101 119 13 36 37 0 1; ]
0800101678[102 119 13 35 37 0 1; ]
0800101679[103 119 13 35 37 0 1; ]
0800101680[104 119 14 36 37 0 1; ]
0800101681[104 119 14 36 37 0 1; ]
0800101682[105 119 14 37 37 0 1; ]
0800101683[105 119 14 36 37 0 1; ]
0800101684[106 120 14 36 37 0 1; ]
0800101685[106 120 15 35 37 0 1; ]
0800101686[107 122 15 34 37 0 1; ]
0800101687[107 122 15 34 37 0 1; ]
0800101688[108 122 15 35 37 0 1; ]
0800101689[108 123 15 35 37 0 1; ]
0800101690[109 123 15 35 37 0 1; ]
0800101691[109 123 15 36 37 0 1; ]
0800101692[110 123 15 36 37 0 1; ]
0800101693[111 123 15 37 37 0 1; ]
0800101694[112 123 15 37 37 0 1; ]
0800101695[112 123 15 38 37 0 1; ]
0800101696[113 122 15 38 37 0 1; 391 124 10 38 46 1 1; ]
0800101697[113 121 15 38 37 0 1; 392 123 13 38 46 0 1; ]
0800101698[114 120 15 39 37 0 1; 394 122 15 38 46 0 1; ]
0800101699[115 119 15 39 37 0 1; 396 121 17 38 46 0 1; ]
0800101700[115 117 15 40 37 0 1; 398 121 18 38 46 0 1; ]
0800101701[116 115 15 40 37 0 1; 401 120 20 38 46 0 1; ]
0800101702[116 117 15 40 37 0 1; 403 120 20 38 46 0 1; ]
0800101703[117 119 15 39 37 0 1; 406 120 21 38 46 0 1; ]
0800101704[117 120 15 39 37 0 1; 409 120 21 38 46 0 1; ]
0800101705[118 121 15 39 37 0 1; 413 121 20 38 46 0 1; ]
0800101706[118 122 15 39 37 0 1; 417 123 20 38 46 0 1; ]
0800101707[119 122 15 39 37 0 1; 421 124 19 38 46 0 1; ]
0800101708[119 122 15 39 37 0 1; 425 124 18 38 46 0 1; ]
0800101709[119 122 15 39 37 0 1; 428 124 18 38 46 0 1; 417 127 11 30 47 0 1; ]
0800101710[120 121 15 40 37 0 1; 432 123 17 37 46 1 1; 419 125 11 30 47 0 1; ]
0800101711[120 119 15 41 37 0 1; 434 121 16 39 46 1 1; 421 124 11 30 47 0 1; ]
0800101712[120 118 15 41 37 0 1; 437 121 16 37 46 1 1; 422 122 11 31 47 0 1; ]
0800101713[121 117 15 41 37 0 1; 439 121 16 36 46 1 1; 423 121 11 31 47 0 1; ]
0800101714[121 116 15 41 37 0 1; 442 121 16 35 46 1 1; 425 120 11 32 47 1 1; ]
0800101715[121 115 15 41 37 0 1; 444 121 16 34 46 1 1; 426 120 10 32 47 1 1; ]
0800101716[121 115 16 40 37 0 1; 446 121 16 34 46 1 1; 428 119 10 32 47 1 1; ]
0800101717[121 115 16 41 37 0 1; 430 119 10 33 47 1 1; ]
0800101718[121 115 16 43 37 0 1; ]
0800101719[121 115 16 43 37 0 1; ]
0800101720[121 116 16 44 37 0 1; ]
0800101721[121 116 16 44 37 0 1; ]
0800101722[120 117 17 43 37 0 1; ]
0800101723[120 118 18 43 37 0 1; ]
0800101724[120 119 18 43 37 0 1; ]
0800101725[119 119 18 43 37 0 1; ]
0800101726[119 119 18 43 37 0 1; ]
0800101727[119 119 18 42 37 0 1; ]
0800101728[119 119 18 42 37 0 1; ]
0800101729[118 119 18 43 37 0 1; ]
0800101730[117 117 17 44 37 0 1; ]
0800101731[117 114 17 45 37 0 1; ]
0800101732[115 112 17 45 37 0 1; ]
0800101733[114 111 18 46 37 0 1; ]
0800101734[113 110 18 46 37 0 1; ]
0800101735[111 110 18 46 37 0 1; ]
0800101736[110 111 18 46 37 0 1; ]
0800101737[109 111 18 46 37 0 1; ]
0800101738[108 111 18 46 37 1 1; ]
0800101739[107 112 18 46 37 1 1; ]
0800101740[106 114 17 45 37 1 1; ]
0800101741[105 115 17 45 37 1 1; ]
0800101742[104 116 17 45 37 1 1; ]
0800101743[102 117 17 45 37 1 1; ]
0800101744[100 118 17 45 37 1 1; ]
0800101745[97 119 17 45 37 1 1; ]
0800101746[94 118 17 45 37 1 1; ]
0800101747[91 117 17 45 37 1 1; ]
0800101748[88 115 17 45 37 1 1; ]
0800101749[]
0800101750[]
0800101751[]
0800101752[]
0800101753[]
0800101754[]
0800101755[]
0800101756[]
0800101757[]
0800101758[]
0800101759[]
0800101760[]
0800101761[]
0800101762[]
0800101763[]
0800101764[]
0800101765[24 111 18 53 42 1 1; ]
0800101766[20 109 18 54 42 1 1; ]
0800101767[15 107 19 56 42 1 1; ]
0800101768[9 106 21 57 42 1 1; ]
0800101769[2 104 22 58 42 1 1; ]
0800101770[]
0800101771[]
0800101772[]
0800101773[]
0800101774[]
0800101775[]
0800101776[137 114 12 35 44 1 1; ]
0800101777[134 115 12 34 44 0 1; ]
0800101778[131 116 13 33 44 0 1; ]
0800101779[127 117 13 33 44 0 1; ]
0800101780[123 119 13 36 44 0 1; ]
0800101781[119 120 14 36 44 0 1; ]
0800101782[116 120 14 36 44 0 1; ]
0800101783[113 120 15 36 44 0 1; ]
0800101784[110 120 15 36 44 0 1; ]
0800101785[107 120 15 37 44 0 1; ]
0800101786[105 119 16 37 44 0 1; ]
0800101787[102 118 16 37 44 0 1; ]
0800101788[100 117 17 38 44 0 1; ]
0800101789[98 114 17 38 44 0 1; ]
0800101790[96 112 18 39 44 0 1; ]
0800101791[94 111 18 40 44 0 1; ]
0800101792[92 111 18 40 44 0 1; ]
0800101793[112 112 12 30 43 0 1; 90 111 17 39 44 0 1; ]
0800101794[110 111 12 31 43 0 1; 88 111 16 39 44 0 1; ]
0800101795[109 113 12 31 43 0 1; 86 111 16 39 44 0 1; ]
0800101796[108 114 12 31 43 0 1; 84 111 16 39 44 0 1; ]
0800101797[108 115 12 30 43 0 1; 82 111 16 39 44 0 1; ]
0800101798[80 110 16 39 44 0 1; ]
0800101799[78 108 16 39 44 0 1; ]
0800101800[104 112 12 30 43 1 1; 76 108 17 39 44 0 1; ]
0800101801[104 111 12 30 43 1 1; 75 109 17 39 44 0 1; ]
0800101802[103 111 12 30 43 1 1; 73 110 17 39 44 0 1; ]
0800101803[102 113 12 30 43 1 1; 71 110 17 40 44 0 1; ]
0800101804[69 111 17 40 44 0 1; ]
0800101805[68 111 18 42 44 0 1; ]
0800101806[67 111 18 42 44 0 1; ]
0800101807[66 110 16 41 44 0 1; ]
0800101808[65 110 16 41 44 0 1; ]
0800101809[63 111 16 40 44 0 1; ]
0800101810[61 111 16 40 44 1 1; ]
0800101811[60 109 16 42 44 1 1; ]
0800101812[58 109 16 42 44 1 1; ]
0800101813[56 110 16 42 44 1 1; ]
0800101814[]
0800101815[]
0800101816[]
0800101817[]
0800101818[]
0800101819[]
0800101820[]
0800101821[]
0800101822[]
0800101823[]
0800101824[]
0800101825[]
0800101826[]
0800101827[]
0800101828[]
0800101829[]
0800101830[]
0800101831[80 120 16 42 49 1 1; 27 118 16 42 50 1 1; ]
0800101832[79 123 15 39 49 1 1; 25 118 16 42 50 1 1; ]
0800101833[79 123 15 39 49 1 1; 24 119 16 42 50 1 1; ]
0800101834[78 123 15 38 49 1 1; 22 119 16 42 50 1 1; ]
0800101835[78 124 15 33 49 0 1; 21 119 16 42 50 1 1; ]
0800101836[78 123 15 33 49 0 1; 19 119 16 42 50 1 1; ]
0800101837[79 122 15 35 49 0 1; ]
0800101838[79 121 15 36 49 0 1; 56 122 17 34 51 1 2; ]
0800101839[79 119 15 36 49 0 1; 57 119 17 35 51 1 2; ]
0800101840[79 117 15 36 49 0 1; 57 117 17 35 51 1 2; ]
0800101841[79 116 15 36 49 0 1; 56 115 18 35 51 1 2; ]
0800101842[79 114 15 36 49 0 1; 55 114 18 35 51 1 2; ]
0800101843[79 113 15 36 49 0 1; 55 114 18 35 51 1 2; ]
0800101844[79 113 15 37 49 0 1; 55 113 18 35 51 1 2; ]
0800101845[79 114 14 37 49 0 1; 54 114 18 35 51 1 2; ]
