0800200001[]
0800200002[]
0800200003[]
0800200004[]
0800200005[]
0800200006[]
0800200007[]
0800200008[]
0800200009[]
0800200010[]
0800200011[]
0800200012[]
0800200013[]
0800200014[]
0800200015[]
0800200016[]
0800200017[]
0800200018[]
0800200019[]
0800200020[]
0800200021[]
0800200022[]
0800200023[]
0800200024[]
0800200025[]
0800200026[]
0800200027[]
0800200028[]
0800200029[]
0800200030[]
0800200031[]
0800200032[]
0800200033[]
0800200034[]
0800200035[]
0800200036[]
0800200037[]
0800200038[]
0800200039[]
0800200040[]
0800200041[]
0800200042[]
0800200043[]
0800200044[]
0800200045[]
0800200046[]
0800200047[]
0800200048[]
0800200049[]
0800200050[]
0800200051[]
0800200052[]
0800200053[]
0800200054[]
0800200055[]
0800200056[]
0800200057[]
0800200058[]
0800200059[]
0800200060[]
0800200061[]
0800200062[]
0800200063[]
0800200064[]
0800200065[]
0800200066[]
0800200067[]
0800200068[]
0800200069[]
0800200070[]
0800200071[]
0800200072[]
0800200073[]
0800200074[]
0800200075[]
0800200076[]
0800200077[]
0800200078[]
0800200079[]
0800200080[]
0800200081[]
0800200082[]
0800200083[]
0800200084[]
0800200085[]
0800200086[]
0800200087[]
0800200088[]
0800200089[]
0800200090[]
0800200091[]
0800200092[]
0800200093[]
0800200094[]
0800200095[]
0800200096[]
0800200097[]
0800200098[]
0800200099[]
0800200100[]
0800200101[]
0800200102[]
0800200103[]
0800200104[]
0800200105[]
0800200106[]
0800200107[]
0800200108[]
0800200109[]
0800200110[]
0800200111[]
0800200112[]
0800200113[]
0800200114[]
0800200115[]
0800200116[]
0800200117[]
0800200118[]
0800200119[]
0800200120[]
0800200121[]
0800200122[]
0800200123[]
0800200124[]
0800200125[]
0800200126[]
0800200127[]
0800200128[]
0800200129[]
0800200130[]
0800200131[]
0800200132[]
0800200133[]
0800200134[]
0800200135[]
0800200136[]
0800200137[]
0800200138[]
0800200139[]
0800200140[]
0800200141[]
0800200142[]
0800200143[]
0800200144[]
0800200145[]
0800200146[]
0800200147[]
0800200148[]
0800200149[]
0800200150[]
0800200151[]
0800200152[]
0800200153[]
0800200154[]
0800200155[]
0800200156[]
0800200157[]
0800200158[]
0800200159[]
0800200160[]
0800200161[]
0800200162[]
0800200163[]
0800200164[]
0800200165[]
0800200166[]
0800200167[]
0800200168[]
0800200169[]
0800200170[]
0800200171[]
0800200172[]
0800200173[]
0800200174[]
0800200175[]
0800200176[]
0800200177[]
0800200178[]
0800200179[]
0800200180[]
0800200181[]
0800200182[]
0800200183[]
0800200184[]
0800200185[]
0800200186[]
0800200187[]
0800200188[]
0800200189[]
0800200190[]
0800200191[]
0800200192[]
0800200193[]
0800200194[]
0800200195[]
0800200196[]
0800200197[]
0800200198[]
0800200199[]
0800200200[]
0800200201[]
0800200202[]
0800200203[]
0800200204[]
0800200205[]
0800200206[]
0800200207[]
0800200208[]
0800200209[]
0800200210[]
0800200211[]
0800200212[]
0800200213[]
0800200214[]
0800200215[]
0800200216[]
0800200217[]
0800200218[]
0800200219[]
0800200220[]
0800200221[]
0800200222[]
0800200223[]
0800200224[]
0800200225[]
0800200226[]
0800200227[]
0800200228[]
0800200229[]
0800200230[]
0800200231[]
0800200232[]
0800200233[]
0800200234[]
0800200235[]
0800200236[]
0800200237[]
0800200238[]
0800200239[]
0800200240[]
0800200241[]
0800200242[]
0800200243[]
0800200244[]
0800200245[]
0800200246[]
0800200247[]
0800200248[]
0800200249[]
0800200250[]
0800200251[]
0800200252[]
0800200253[]
0800200254[]
0800200255[]
0800200256[]
0800200257[]
0800200258[]
0800200259[]
0800200260[]
0800200261[]
0800200262[]
0800200263[]
0800200264[]
0800200265[]
0800200266[]
0800200267[]
0800200268[]
0800200269[]
0800200270[]
0800200271[]
0800200272[]
0800200273[]
0800200274[]
0800200275[]
0800200276[]
0800200277[]
0800200278[]
0800200279[]
0800200280[]
0800200281[]
0800200282[]
0800200283[]
0800200284[]
0800200285[]
0800200286[]
0800200287[]
0800200288[]
0800200289[]
0800200290[]
0800200291[]
0800200292[]
0800200293[]
0800200294[]
0800200295[]
0800200296[]
0800200297[]
0800200298[]
0800200299[]
0800200300[]
0800200301[]
0800200302[]
0800200303[264 123 12 31 3 1 0; ]
0800200304[265 123 11 31 3 1 0; ]
0800200305[265 123 11 30 3 1 0; ]
0800200306[265 123 11 30 3 1 0; ]
0800200307[265 122 12 30 3 1 0; ]
0800200308[264 122 13 30 3 1 0; ]
0800200309[264 122 13 30 3 1 0; ]
0800200310[264 122 13 30 3 0 0; ]
0800200311[265 123 13 30 3 0 0; ]
0800200312[264 124 13 30 3 0 0; ]
0800200313[264 125 13 30 3 0 0; ]
0800200314[264 126 13 30 3 0 0; ]
0800200315[264 126 13 30 3 0 0; ]
0800200316[264 126 12 31 3 0 0; ]
0800200317[264 126 12 31 3 0 0; ]
0800200318[264 126 12 31 3 0 0; ]
0800200319[264 126 12 31 3 0 0; ]
0800200320[264 126 12 30 3 0 0; ]
0800200321[265 125 12 30 3 0 0; ]
0800200322[265 123 12 30 3 0 0; ]
0800200323[]
0800200324[265 121 12 30 3 0 0; ]
0800200325[265 121 12 30 3 0 0; ]
0800200326[265 120 13 30 3 0 0; ]
0800200327[265 120 13 30 3 0 0; ]
0800200328[265 120 13 31 3 0 0; ]
0800200329[266 120 13 31 3 0 0; ]
0800200330[266 120 13 31 3 0 0; ]
0800200331[266 120 13 31 3 0 0; ]
0800200332[266 120 13 32 3 0 0; ]
0800200333[267 120 13 32 3 0 0; ]
0800200334[267 119 13 32 3 0 0; ]
0800200335[268 119 13 32 3 0 0; ]
0800200336[268 120 13 32 3 0 0; ]
0800200337[269 121 13 32 3 0 0; ]
0800200338[269 122 13 32 3 0 0; ]
0800200339[270 122 13 32 3 0 0; ]
0800200340[271 123 13 32 3 0 0; ]
0800200341[272 123 13 32 3 0 0; ]
0800200342[273 124 13 32 3 0 0; ]
0800200343[273 125 13 32 3 0 0; ]
0800200344[274 126 13 32 3 1 0; ]
0800200345[275 125 13 32 3 1 0; ]
0800200346[276 125 13 32 3 1 0; ]
0800200347[277 124 13 32 3 1 0; ]
0800200348[277 124 13 32 3 1 0; ]
0800200349[]
0800200350[]
0800200351[]
0800200352[]
0800200353[]
0800200354[]
0800200355[]
0800200356[]
0800200357[]
0800200358[]
0800200359[]
0800200360[]
0800200361[]
0800200362[]
0800200363[299 125 13 35 4 1 0; ]
0800200364[300 123 13 33 4 1 0; ]
0800200365[302 121 13 31 4 1 0; ]
0800200366[303 118 14 31 4 1 0; ]
0800200367[305 115 14 32 4 1 0; ]
0800200368[306 112 14 33 4 1 0; ]
0800200369[308 110 15 34 4 1 0; ]
0800200370[310 110 15 34 4 0 0; ]
0800200371[311 110 16 33 4 0 0; ]
0800200372[312 110 16 32 4 0 0; ]
0800200373[313 110 16 33 4 0 0; ]
0800200374[314 111 16 34 4 0 0; ]
0800200375[315 112 16 36 4 0 0; ]
0800200376[316 114 16 37 4 0 0; ]
0800200377[317 119 17 33 4 0 0; ]
0800200378[317 119 17 34 4 0 0; ]
0800200379[319 119 16 34 4 1 0; ]
0800200380[323 119 16 34 4 1 0; ]
0800200381[]
0800200382[]
0800200383[]
0800200384[]
0800200385[]
0800200386[]
0800200387[]
0800200388[]
0800200389[]
0800200390[]
0800200391[]
0800200392[]
0800200393[]
0800200394[]
0800200395[]
0800200396[]
0800200397[]
0800200398[]
0800200399[351 121 12 33 5 1 0; ]
0800200400[353 123 13 34 5 1 0; ]
0800200401[354 124 14 34 5 1 0; ]
0800200402[355 122 14 35 5 1 0; ]
0800200403[357 121 14 35 5 1 0; ]
0800200404[360 117 14 34 5 1 0; ]
0800200405[362 116 13 33 5 1 0; ]
0800200406[364 115 13 32 5 1 0; ]
0800200407[365 115 12 32 5 1 0; ]
0800200408[367 115 12 31 5 1 0; ]
0800200409[369 115 12 31 5 1 0; ]
0800200410[371 115 12 31 5 1 0; ]
0800200411[373 115 12 31 5 1 0; ]
0800200412[374 115 12 31 5 1 0; ]
0800200413[376 115 12 30 5 1 0; ]
0800200414[377 114 12 30 5 1 0; ]
0800200415[379 113 12 30 5 1 0; ]
0800200416[381 111 12 30 5 1 0; ]
0800200417[383 111 12 30 5 1 0; ]
0800200418[385 111 12 30 5 1 0; ]
0800200419[388 111 12 30 5 1 0; ]
0800200420[390 110 12 30 5 1 0; ]
0800200421[392 112 12 30 5 1 0; ]
0800200422[393 113 12 30 5 1 0; ]
0800200423[395 113 12 30 5 1 0; ]
0800200424[397 114 12 30 5 1 0; ]
0800200425[400 114 12 30 5 1 0; ]
0800200426[402 115 12 30 5 1 0; ]
0800200427[405 115 12 30 5 1 0; ]
0800200428[]
0800200429[]
0800200430[]
0800200431[]
0800200432[]
0800200433[]
0800200434[]
0800200435[]
0800200436[]
0800200437[]
0800200438[]
0800200439[]
0800200440[]
0800200441[]
0800200442[]
0800200443[]
0800200444[]
0800200445[]
0800200446[]
0800200447[]
0800200448[]
0800200449[]
0800200450[]
0800200451[]
0800200452[]
0800200453[]
0800200454[]
0800200455[]
0800200456[]
0800200457[]
0800200458[]
0800200459[]
0800200460[]
0800200461[]
0800200462[]
0800200463[]
0800200464[]
0800200465[]
0800200466[]
0800200467[]
0800200468[]
0800200469[]
0800200470[]
0800200471[]
0800200472[]
0800200473[]
0800200474[]
0800200475[]
0800200476[]
0800200477[]
0800200478[]
0800200479[]
0800200480[]
0800200481[]
0800200482[]
0800200483[]
0800200484[]
0800200485[]
0800200486[]
0800200487[]
0800200488[]
0800200489[]
0800200490[]
0800200491[]
0800200492[]
0800200493[]
0800200494[]
0800200495[]
0800200496[]
0800200497[]
0800200498[]
0800200499[]
0800200500[]
0800200501[]
0800200502[]
0800200503[]
0800200504[]
0800200505[]
0800200506[]
0800200507[]
0800200508[]
0800200509[]
0800200510[]
0800200511[]
0800200512[]
0800200513[]
0800200514[]
0800200515[]
0800200516[]
0800200517[]
0800200518[]
0800200519[]
0800200520[]
0800200521[]
0800200522[]
0800200523[]
0800200524[]
0800200525[]
0800200526[]
0800200527[]
0800200528[]
0800200529[]
0800200530[]
0800200531[]
0800200532[]
0800200533[]
0800200534[]
0800200535[]
0800200536[]
0800200537[]
0800200538[]
0800200539[]
0800200540[]
0800200541[]
0800200542[]
0800200543[]
0800200544[]
0800200545[]
0800200546[]
0800200547[]
0800200548[]
0800200549[]
0800200550[]
0800200551[]
0800200552[]
0800200553[]
0800200554[]
0800200555[]
0800200556[]
0800200557[]
0800200558[]
0800200559[]
0800200560[]
0800200561[]
0800200562[]
0800200563[]
0800200564[]
0800200565[]
0800200566[]
0800200567[]
0800200568[]
0800200569[]
0800200570[]
0800200571[]
0800200572[]
0800200573[]
0800200574[]
0800200575[]
0800200576[]
0800200577[]
0800200578[]
0800200579[]
0800200580[]
0800200581[]
0800200582[]
0800200583[]
0800200584[]
0800200585[]
0800200586[]
0800200587[]
0800200588[]
0800200589[]
0800200590[]
0800200591[]
0800200592[]
0800200593[]
0800200594[]
0800200595[]
0800200596[]
0800200597[]
0800200598[]
0800200599[]
0800200600[]
0800200601[]
0800200602[]
0800200603[]
0800200604[]
0800200605[]
0800200606[]
0800200607[]
0800200608[]
0800200609[]
0800200610[]
0800200611[]
0800200612[]
0800200613[]
0800200614[]
0800200615[]
0800200616[]
0800200617[]
0800200618[]
0800200619[]
0800200620[]
0800200621[]
0800200622[]
0800200623[]
0800200624[]
0800200625[]
0800200626[]
0800200627[]
0800200628[]
0800200629[]
0800200630[]
0800200631[]
0800200632[]
0800200633[]
0800200634[]
0800200635[]
0800200636[]
0800200637[]
0800200638[]
0800200639[]
0800200640[]
0800200641[]
0800200642[]
0800200643[]
0800200644[]
0800200645[]
0800200646[]
0800200647[]
0800200648[]
0800200649[]
0800200650[]
0800200651[]
0800200652[]
0800200653[]
0800200654[]
0800200655[]
0800200656[]
0800200657[]
0800200658[]
0800200659[]
0800200660[]
0800200661[]
0800200662[]
0800200663[]
0800200664[]
0800200665[]
0800200666[]
0800200667[]
0800200668[]
0800200669[]
0800200670[]
0800200671[]
0800200672[]
0800200673[]
0800200674[]
0800200675[]
0800200676[]
0800200677[]
0800200678[]
0800200679[]
0800200680[]
0800200681[]
0800200682[]
0800200683[]
0800200684[]
0800200685[]
0800200686[]
0800200687[]
0800200688[]
0800200689[]
0800200690[]
0800200691[]
0800200692[]
0800200693[]
0800200694[]
0800200695[]
0800200696[]
0800200697[]
0800200698[]
0800200699[]
0800200700[]
0800200701[]
0800200702[]
0800200703[]
0800200704[]
0800200705[]
0800200706[]
0800200707[]
0800200708[]
0800200709[]
0800200710[]
0800200711[]
0800200712[]
0800200713[]
0800200714[]
0800200715[]
0800200716[]
0800200717[]
0800200718[]
0800200719[]
0800200720[]
0800200721[]
0800200722[]
0800200723[3 81 12 34 6 1 1; ]
0800200724[1 89 11 34 6 1 1; ]
0800200725[0 91 11 34 6 1 1; ]
0800200726[]
0800200727[]
0800200728[]
0800200729[]
0800200730[]
0800200731[11 98 11 34 7 1 1; ]
0800200732[10 97 11 33 7 1 1; ]
0800200733[9 96 11 32 7 1 1; ]
0800200734[8 96 11 32 7 1 1; ]
0800200735[7 97 11 32 7 1 1; ]
0800200736[6 100 12 32 7 1 1; ]
0800200737[4 103 12 33 7 1 1; ]
0800200738[3 105 12 33 7 1 1; ]
0800200739[3 108 12 33 7 1 1; ]
0800200740[2 110 12 33 7 1 1; ]
0800200741[1 109 13 34 7 1 1; ]
0800200742[0 107 13 34 7 1 1; ]
0800200743[]
0800200744[]
0800200745[]
0800200746[]
0800200747[]
0800200748[]
0800200749[]
0800200750[]
0800200751[]
0800200752[]
0800200753[]
0800200754[]
0800200755[]
0800200756[]
0800200757[]
0800200758[]
0800200759[]
0800200760[]
0800200761[]
0800200762[]
0800200763[]
0800200764[]
0800200765[]
0800200766[]
0800200767[]
0800200768[91 108 12 30 9 1 0; ]
0800200769[89 107 13 31 9 1 0; ]
0800200770[88 107 14 31 9 0 0; ]
0800200771[86 107 14 32 9 0 0; ]
0800200772[85 106 15 32 9 0 0; ]
0800200773[83 106 16 32 9 0 0; ]
0800200774[81 106 16 32 9 0 0; ]
0800200775[80 106 17 32 9 0 0; ]
0800200776[78 106 17 32 9 0 0; ]
0800200777[77 107 17 32 9 0 0; ]
0800200778[77 108 16 32 9 0 0; ]
0800200779[76 109 15 32 9 0 0; ]
0800200780[75 110 15 32 9 0 0; ]
0800200781[73 110 15 32 9 0 0; ]
0800200782[72 110 15 32 9 0 0; ]
0800200783[70 110 15 32 9 0 0; ]
0800200784[68 110 16 32 9 0 0; ]
0800200785[66 111 16 32 9 0 0; ]
0800200786[64 112 16 33 9 0 0; ]
0800200787[63 113 16 33 9 0 0; ]
0800200788[62 115 16 33 9 0 0; ]
0800200789[61 118 16 33 9 0 0; ]
0800200790[60 120 15 34 9 0 0; ]
0800200791[60 121 15 34 9 0 0; ]
0800200792[59 121 15 34 9 0 0; ]
0800200793[59 121 16 34 9 0 0; ]
0800200794[57 118 16 34 9 0 0; ]
0800200795[57 116 16 35 9 0 0; ]
0800200796[56 114 16 35 9 0 0; ]
0800200797[55 111 16 35 9 0 0; ]
0800200798[54 109 16 35 9 0 0; ]
0800200799[53 105 16 37 9 0 0; ]
0800200800[53 107 16 36 9 0 0; ]
0800200801[52 109 16 36 9 0 0; ]
0800200802[51 111 16 36 9 0 0; ]
0800200803[51 114 16 37 9 0 0; ]
0800200804[51 115 16 37 9 1 0; ]
0800200805[]
0800200806[]
0800200807[]
0800200808[]
0800200809[]
0800200810[]
0800200811[]
0800200812[]
0800200813[]
0800200814[]
0800200815[]
0800200816[]
0800200817[]
0800200818[]
0800200819[]
0800200820[]
0800200821[]
0800200822[]
0800200823[]
0800200824[]
0800200825[]
0800200826[]
0800200827[]
0800200828[]
0800200829[]
0800200830[]
0800200831[]
0800200832[]
0800200833[]
0800200834[]
0800200835[]
0800200836[]
0800200837[]
0800200838[]
0800200839[]
0800200840[]
0800200841[]
0800200842[]
0800200843[]
0800200844[]
0800200845[]
0800200846[]
0800200847[]
0800200848[]
0800200849[]
0800200850[]
0800200851[]
0800200852[]
0800200853[]
0800200854[]
0800200855[]
0800200856[]
0800200857[]
0800200858[]
0800200859[]
0800200860[]
0800200861[]
0800200862[]
0800200863[]
0800200864[]
0800200865[]
0800200866[]
0800200867[]
0800200868[]
0800200869[]
0800200870[]
0800200871[]
0800200872[]
0800200873[]
0800200874[]
0800200875[]
0800200876[]
0800200877[]
0800200878[]
0800200879[]
0800200880[]
0800200881[]
0800200882[]
0800200883[]
0800200884[]
0800200885[]
0800200886[]
0800200887[]
0800200888[]
0800200889[]
0800200890[]
0800200891[]
0800200892[]
0800200893[]
0800200894[]
0800200895[]
0800200896[]
0800200897[]
0800200898[]
0800200899[]
0800200900[]
0800200901[]
0800200902[]
0800200903[]
0800200904[]
0800200905[]
0800200906[]
0800200907[]
0800200908[]
0800200909[]
0800200910[]
0800200911[]
0800200912[]
0800200913[]
0800200914[]
0800200915[]
0800200916[]
0800200917[]
0800200918[]
0800200919[]
0800200920[]
0800200921[]
0800200922[]
0800200923[]
0800200924[]
0800200925[]
0800200926[]
0800200927[]
0800200928[]
0800200929[]
0800200930[]
0800200931[]
0800200932[]
0800200933[]
0800200934[]
0800200935[]
0800200936[]
0800200937[]
0800200938[]
0800200939[]
0800200940[]
0800200941[]
0800200942[]
0800200943[]
0800200944[]
0800200945[]
0800200946[]
0800200947[]
0800200948[]
0800200949[]
0800200950[]
0800200951[]
0800200952[]
0800200953[]
0800200954[]
0800200955[]
0800200956[]
0800200957[]
0800200958[]
0800200959[]
0800200960[]
0800200961[]
0800200962[]
0800200963[]
0800200964[]
0800200965[]
0800200966[]
0800200967[]
0800200968[]
0800200969[]
0800200970[]
0800200971[]
0800200972[]
0800200973[]
0800200974[]
0800200975[]
0800200976[]
0800200977[]
0800200978[]
0800200979[]
0800200980[]
0800200981[]
0800200982[]
0800200983[]
0800200984[]
0800200985[]
0800200986[]
0800200987[]
0800200988[]
0800200989[]
0800200990[]
0800200991[]
0800200992[]
0800200993[]
0800200994[]
0800200995[]
0800200996[]
0800200997[]
0800200998[]
0800200999[]
0800201000[]
0800201001[]
0800201002[]
0800201003[]
0800201004[]
0800201005[]
0800201006[]
0800201007[]
0800201008[]
0800201009[]
0800201010[]
0800201011[]
0800201012[]
0800201013[]
0800201014[]
0800201015[]
0800201016[]
0800201017[]
0800201018[]
0800201019[]
0800201020[]
0800201021[]
0800201022[]
0800201023[]
0800201024[]
0800201025[]
0800201026[]
0800201027[]
0800201028[]
0800201029[]
0800201030[]
0800201031[]
0800201032[]
0800201033[]
0800201034[]
0800201035[]
0800201036[]
0800201037[]
0800201038[]
0800201039[]
0800201040[]
0800201041[]
0800201042[]
0800201043[]
0800201044[]
0800201045[]
0800201046[]
0800201047[]
0800201048[]
0800201049[]
0800201050[]
0800201051[]
0800201052[]
0800201053[]
0800201054[]
0800201055[]
0800201056[]
0800201057[]
0800201058[]
0800201059[]
0800201060[]
0800201061[]
0800201062[]
0800201063[]
0800201064[]
0800201065[]
0800201066[]
0800201067[]
0800201068[]
0800201069[]
0800201070[]
0800201071[]
0800201072[]
0800201073[]
0800201074[]
0800201075[]
0800201076[]
0800201077[]
0800201078[]
0800201079[]
0800201080[]
0800201081[]
0800201082[]
0800201083[]
0800201084[]
0800201085[]
0800201086[]
0800201087[]
0800201088[]
0800201089[]
0800201090[]
0800201091[]
0800201092[]
0800201093[]
0800201094[]
0800201095[]
0800201096[]
0800201097[]
0800201098[]
0800201099[]
0800201100[]
0800201101[]
0800201102[]
0800201103[]
0800201104[]
0800201105[]
0800201106[]
0800201107[]
0800201108[]
0800201109[]
0800201110[]
0800201111[]
0800201112[]
0800201113[]
0800201114[]
0800201115[]
0800201116[]
0800201117[]
0800201118[]
0800201119[]
0800201120[]
0800201121[]
0800201122[]
0800201123[]
0800201124[]
0800201125[]
0800201126[]
0800201127[]
0800201128[]
0800201129[]
0800201130[]
0800201131[]
0800201132[]
0800201133[]
0800201134[]
0800201135[]
0800201136[]
0800201137[]
0800201138[]
0800201139[]
0800201140[]
0800201141[]
0800201142[]
0800201143[]
0800201144[]
0800201145[]
0800201146[]
0800201147[]
0800201148[]
0800201149[]
0800201150[]
0800201151[]
0800201152[80 70 11 30 10 0 1; ]
0800201153[79 72 11 30 10 0 1; ]
0800201154[78 76 11 30 10 0 1; ]
0800201155[77 80 11 30 10 0 1; ]
0800201156[75 86 12 30 10 0 1; ]
0800201157[]
0800201158[]
0800201159[74 93 12 30 10 0 1; ]
0800201160[74 92 12 31 10 0 1; ]
0800201161[74 86 12 31 10 0 1; ]
0800201162[74 77 12 31 10 0 1; ]
0800201163[74 75 12 30 10 0 1; ]
0800201164[73 75 12 30 10 0 1; ]
0800201165[72 75 12 30 10 0 1; ]
0800201166[71 76 12 30 10 0 1; ]
0800201167[70 78 12 30 10 0 1; ]
0800201168[70 83 12 30 10 0 1; ]
0800201169[70 87 12 30 10 0 1; ]
0800201170[70 92 12 30 10 0 1; ]
0800201171[69 97 12 30 10 0 1; ]
0800201172[69 97 12 30 10 0 1; ]
0800201173[69 96 12 31 10 0 1; ]
0800201174[70 91 12 31 10 0 1; ]
0800201175[70 85 12 32 10 0 1; ]
0800201176[69 83 12 32 10 1 1; ]
0800201177[67 79 12 33 10 1 1; ]
0800201178[67 79 11 33 10 1 1; ]
0800201179[66 77 13 33 10 1 1; ]
0800201180[67 79 12 34 10 1 1; ]
0800201181[67 81 11 34 10 1 1; ]
0800201182[]
0800201183[]
0800201184[]
0800201185[]
0800201186[]
0800201187[]
0800201188[]
0800201189[]
0800201190[]
0800201191[]
0800201192[]
0800201193[]
0800201194[]
0800201195[]
0800201196[]
0800201197[]
0800201198[]
0800201199[]
0800201200[]
0800201201[]
0800201202[]
0800201203[]
0800201204[]
0800201205[]
0800201206[]
0800201207[]
0800201208[]
0800201209[50 78 13 37 11 1 1; ]
0800201210[49 77 13 36 11 1 1; ]
0800201211[48 77 13 35 11 1 1; ]
0800201212[46 79 13 34 11 1 1; ]
0800201213[45 81 13 32 11 1 1; ]
0800201214[45 83 13 32 11 1 1; ]
0800201215[44 83 13 32 11 1 1; ]
0800201216[44 83 13 33 11 1 1; ]
0800201217[43 83 13 33 11 1 1; ]
0800201218[43 83 13 34 11 1 1; ]
0800201219[42 83 13 33 11 0 1; ]
0800201220[41 83 13 33 11 0 1; ]
0800201221[40 82 13 33 11 0 1; ]
0800201222[39 82 13 32 11 0 1; ]
0800201223[38 82 13 32 11 0 1; ]
0800201224[37 83 13 31 11 0 1; ]
0800201225[37 82 13 31 11 0 1; ]
0800201226[36 82 13 31 11 0 1; ]
0800201227[35 82 13 32 11 0 1; ]
0800201228[34 82 13 32 11 0 1; ]
0800201229[33 82 13 32 11 0 1; ]
0800201230[32 82 14 32 11 0 1; ]
0800201231[32 83 14 32 11 0 1; ]
0800201232[31 82 14 32 11 0 1; ]
0800201233[30 82 14 32 11 0 1; ]
0800201234[30 81 14 32 11 0 1; ]
0800201235[29 79 14 32 11 0 1; ]
0800201236[28 78 14 33 11 0 1; ]
0800201237[27 78 14 33 11 0 1; ]
0800201238[26 78 14 33 11 0 1; ]
0800201239[25 79 14 33 11 0 1; ]
0800201240[25 79 14 33 11 0 1; ]
0800201241[24 80 14 33 11 0 1; ]
0800201242[24 81 13 33 11 0 1; ]
0800201243[22 83 14 33 11 0 1; ]
0800201244[21 82 14 33 11 0 1; ]
0800201245[20 82 14 33 11 0 1; ]
0800201246[19 80 14 33 11 0 1; ]
0800201247[18 79 14 32 11 0 1; 82 79 12 30 15 0 1; ]
0800201248[17 78 14 33 11 0 1; ]
0800201249[17 78 14 33 11 0 1; ]
0800201250[16 78 14 33 11 0 1; ]
0800201251[15 78 14 33 11 0 1; ]
0800201252[14 79 14 33 11 0 1; ]
0800201253[13 79 14 33 11 0 1; ]
0800201254[12 80 14 33 11 0 1; ]
0800201255[11 80 14 33 11 0 1; ]
0800201256[11 80 14 33 11 0 1; ]
0800201257[10 80 14 33 11 0 1; ]
0800201258[9 80 14 34 11 0 1; ]
0800201259[8 79 14 34 11 0 1; ]
0800201260[7 79 14 34 11 0 1; 72 79 14 30 15 0 1; ]
0800201261[6 78 14 34 11 0 1; ]
0800201262[4 77 14 34 11 0 1; 31 77 13 30 12 0 1; ]
0800201263[3 74 14 34 11 0 1; 29 75 14 30 12 0 1; 69 76 14 30 15 0 1; ]
0800201264[2 74 14 34 11 0 1; 28 76 14 30 12 0 1; 69 77 14 30 15 0 1; ]
0800201265[1 75 14 35 11 0 1; 28 76 14 30 12 0 1; 69 78 14 30 15 0 1; ]
0800201266[1 75 14 35 11 0 1; 27 77 14 30 12 0 1; 69 78 14 30 15 0 1; ]
0800201267[0 76 14 35 11 0 1; 26 78 14 30 12 0 1; 67 80 14 30 15 0 1; ]
0800201268[25 80 14 30 12 0 1; 66 81 14 30 15 0 1; ]
0800201269[24 81 14 30 12 0 1; 66 83 14 30 15 0 1; ]
0800201270[24 83 14 30 12 0 1; 65 84 14 30 15 0 1; ]
0800201271[23 84 14 30 12 0 1; 65 86 14 30 15 0 1; ]
0800201272[22 84 14 30 12 0 1; 65 87 14 30 15 0 1; ]
0800201273[21 84 14 30 12 0 1; 65 86 14 30 15 0 1; ]
0800201274[20 84 14 30 12 0 1; 64 85 14 30 15 0 1; ]
0800201275[20 84 14 30 12 0 1; 64 84 14 30 15 0 1; ]
0800201276[19 84 14 31 12 0 1; 63 83 14 30 15 0 1; ]
0800201277[18 84 14 31 12 0 1; 62 84 14 30 15 0 1; ]
0800201278[17 83 14 31 12 0 1; 62 85 14 30 15 0 1; ]
0800201279[16 84 14 31 12 0 1; 62 86 14 30 15 0 1; ]
0800201280[15 85 14 32 12 0 1; 62 88 14 30 15 0 1; ]
0800201281[14 87 14 32 12 0 1; 62 89 14 31 15 0 1; ]
0800201282[13 88 15 32 12 0 1; 61 92 14 31 15 0 1; ]
0800201283[13 89 15 32 12 0 1; 60 94 14 31 15 0 1; ]
0800201284[12 90 15 33 12 0 1; 60 93 14 31 15 0 1; ]
0800201285[11 90 15 33 12 0 1; 59 92 14 31 15 0 1; ]
0800201286[11 89 14 34 12 0 1; 58 90 14 31 15 0 1; ]
0800201287[11 86 14 35 12 0 1; 59 89 14 32 15 0 1; ]
0800201288[10 84 14 35 12 0 1; 58 88 14 32 15 0 1; ]
0800201289[9 84 14 35 12 0 1; 57 87 14 32 15 0 1; ]
0800201290[8 84 14 34 12 0 1; 58 85 14 32 15 0 1; ]
0800201291[7 85 14 34 12 0 1; 57 87 14 32 15 0 1; ]
0800201292[5 86 15 33 12 0 1; 56 90 14 32 15 0 1; ]
0800201293[3 88 16 31 12 0 1; 55 91 14 32 15 0 1; ]
0800201294[3 89 16 32 12 0 1; 55 91 14 32 15 0 1; ]
0800201295[2 89 16 33 12 0 1; 54 92 14 32 15 0 1; ]
0800201296[1 90 16 33 12 0 1; 54 92 14 32 15 0 1; ]
0800201297[54 91 14 32 15 0 1; ]
0800201298[53 90 14 32 15 0 1; ]
0800201299[52 89 14 32 15 0 1; ]
0800201300[52 87 14 32 15 0 1; ]
0800201301[52 87 14 32 15 0 1; ]
0800201302[52 86 14 32 15 0 1; ]
0800201303[52 86 14 32 15 0 1; ]
0800201304[52 86 14 32 15 0 1; ]
0800201305[52 86 14 32 15 0 1; ]
0800201306[52 86 14 32 15 0 1; ]
0800201307[52 86 14 32 15 0 1; ]
0800201308[52 86 14 32 15 0 1; ]
0800201309[52 86 14 32 15 0 1; ]
0800201310[52 86 14 32 15 0 1; ]
0800201311[52 87 14 32 15 0 1; ]
0800201312[52 87 14 32 15 0 1; ]
0800201313[52 87 14 32 15 0 1; ]
0800201314[52 87 14 32 15 0 1; ]
0800201315[]
0800201316[]
0800201317[]
0800201318[]
0800201319[]
0800201320[]
0800201321[]
0800201322[]
0800201323[]
0800201324[]
