1300.9329416300814076
2300.7916173751500653
3300.6438742693901872
1310.9234557515532305
2310.771808757678523
3310.6175285014502659
1320.9131987346320005
2320.7517503965228669
3320.5918487166679811
1330.9020128464645933
2330.7307368753121796
3330.5658140329661663
1340.8902705118431083
2340.7097364985059194
3340.5408484274910837
1350.8762585767238886
2350.687110597018849
3350.5138629652023801
1360.8625840146516295
2360.6655099590770875
3360.48870895659717656
1370.8496017245458608
2370.6458546929905272
3370.4658902705118431
1380.8358220072381853
2380.6258927241340029
3380.44323808021591876
1390.8221299192933568
2390.60503693577644
3390.42163306080601487
1400.8077806111271765
2400.5844221281667061
3400.40032598122979046
1410.7928485676980642
2410.5646573253765872
3410.3802457127334227
1420.7767379093386612
2420.5433458643322204
3420.35931982088558234
1430.7599437419490523
2430.5230815741738741
3430.3395287292866094
1440.7449810282429437
2440.5049335331282806
3440.3220466713986523
1450.7298562002155682
2450.48724992770577563
3450.30489322362137106
1460.7139295635181436
2460.4690799793194704
3460.2881998299990361
1470.6983534442721067
2470.45126492985269506
3470.2725930404760027
1480.682641499513657
2480.43413338941612556
3480.2572447575733677
1490.6656983622072083
2490.41609488507409065
3490.24206735192828413
1500.6479797050395647
2500.39776282236651855
3500.2271922675850224
1510.6328066808626235
2510.3816828342841119
3510.21437647326866285
1520.6170553028908927
2520.3659752709938046
3520.20220037330108573
1530.6012513473014538
2530.35097312407441483
3530.18982710726710306
1540.585359762349168
2540.33580009989747367
3540.1784046198200093
1550.5699501388925401
2550.32094692289492366
3550.1675517232314204
1560.553050816267515
2560.3059053427622528
3560.15596712146305985
1570.5354504587397145
2570.29037303819763927
3570.1450616472567628
1580.5201416090503606
2580.2772987372608814
3580.13580360507198752
1590.5043727052060605
2590.264548664966657
3590.12677778069875653
1600.48880534889630817
2600.2517810667998633
3600.11777824513437962
1610.4729444342210188
2610.238930220738365
3610.10949727034534731
1620.45748661461482515
2620.2265350473636706
3620.10173330879711173
1630.4410298202721768
2630.21392518205000133
3630.09395182137630677
1640.4242794675639913
2640.20103490277522193
3640.08634997414933795
1650.4095139199242882
2650.19035288344418447
3650.07979091634024729
1660.39478780549786624
2660.1794824609830262
3660.0738408826029426
1670.37986890647318106
2670.16926925874321969
3670.06792590061077666
1680.3651997511326095
2680.15916997467511415
3680.06229133257972081
1690.35103884609655
2690.14913203116100143
3690.05738846972843661
1700.3359622142187404
2700.1393920274805682
3700.052538184494860536
1710.320088155139024
2710.12946800213815646
3710.04786753945512062
1720.30656694445174687
2720.1212702752438287
3720.04391983665886765
1730.2931947036813095
2730.11273955677068272
3730.04015615552459318
1740.27949823426833864
2740.105050080180867
3740.03638809292217636
1750.2663713557138726
2750.09746575882646757
3750.033084465942848126
1760.2533759212036769
2760.08979380810922123
3760.03010944907419578
1770.24089749993427798
2770.08269144825047978
3770.02723520597281737
1780.22670154315307972
2780.07590455409798716
3780.024374107275865996
1790.2153228703874094
2790.07033570808906649
3790.022043166224138384
1800.20399239377130488
2800.06457845895002498
3800.01993129857952803
1810.1923858846622326
2810.05962739994917497
3810.018156803981878248
1820.18155489541435543
2820.05488665141915753
3820.016404216724940194
1830.17117957885328217
2830.05042631685025018
3830.014673536808713864
1840.16138699755514077
2840.046272685051306994
3840.013179456172174172
1850.1501003356204597
2850.04175100992840681
3850.011461920660374878
1860.14131987346320005
2860.03832470184109291
3860.010357790688503904
1870.13297317665203257
2870.03490277522192136
3870.009179175758213061
1880.12439426202932079
2880.03175249962757521
3880.008101334595196158
1890.11626663862527055
2890.028887019462481487
3890.00718998922158837
1900.10868669873901347
2900.026415871430198832
3900.006247973570984166
1910.10122943996074205
2910.02392281605720445
3910.005538175731924253
1920.09311496096111885
2920.02120192434080812
3920.004745129998159783
1930.08717369016009885
2930.01903747907848962
3930.004206209416651331
1940.08124994523164822
2940.017315562098547982
3940.0037549181979897824
1950.07547955168817967
2950.01563307833188745
3950.003220379084623676
1960.0697354469535652
2960.01404698686435851
3960.002843572824381994
1970.06458722188630966
2970.012557287695961162
3970.002563158863271905
1980.05962301848103262
2980.01133485808424687
3980.002273981965877126
1990.05416809064381293
2990.009994128832689258
3990.001976042132197657
