1900000001[383 10 111 218 0 1 2; ]
1900000002[387 11 110 218 0 1 2; ]
1900000003[392 11 108 219 0 1 2; ]
1900000004[396 12 107 219 0 1 2; ]
1900000005[399 13 106 220 0 1 2; ]
1900000006[402 14 105 223 0 1 2; ]
1900000007[404 15 104 227 0 1 2; ]
1900000008[406 17 103 233 0 1 2; ]
1900000009[410 25 98 231 1 0 0; ]
1900000010[]
1900000011[]
1900000012[]
1900000013[]
1900000014[]
1900000015[]
1900000016[]
1900000017[]
1900000018[]
1900000019[]
1900000020[]
1900000021[]
1900000022[]
1900000023[]
1900000024[]
1900000025[]
1900000026[]
1900000027[]
1900000028[]
1900000029[]
1900000030[]
1900000031[]
1900000032[]
1900000033[]
1900000034[]
1900000035[]
1900000036[]
1900000037[]
1900000038[]
1900000039[]
1900000040[]
1900000041[]
1900000042[]
1900000043[]
1900000044[]
1900000045[]
1900000046[]
1900000047[]
1900000048[]
1900000049[]
1900000050[]
1900000051[]
1900000052[]
1900000053[]
1900000054[]
1900000055[]
1900000056[]
1900000057[]
1900000058[]
1900000059[]
1900000060[]
1900000061[]
1900000062[]
1900000063[]
1900000064[]
1900000065[]
1900000066[]
1900000067[]
1900000068[]
1900000069[]
1900000070[]
1900000071[]
1900000072[]
1900000073[]
1900000074[]
1900000075[]
1900000076[]
1900000077[]
1900000078[]
1900000079[]
1900000080[]
1900000081[]
1900000082[]
1900000083[]
1900000084[]
1900000085[]
1900000086[]
1900000087[]
1900000088[]
1900000089[]
1900000090[]
1900000091[]
1900000092[]
1900000093[]
1900000094[]
1900000095[]
1900000096[]
1900000097[]
1900000098[]
1900000099[]
1900000100[]
1900000101[]
1900000102[]
1900000103[]
1900000104[]
1900000105[]
1900000106[]
1900000107[]
1900000108[]
1900000109[]
1900000110[]
1900000111[]
1900000112[]
1900000113[]
1900000114[]
1900000115[]
1900000116[]
1900000117[]
1900000118[]
1900000119[]
1900000120[]
1900000121[]
1900000122[]
1900000123[]
1900000124[]
1900000125[]
1900000126[]
1900000127[]
1900000128[]
1900000129[]
1900000130[]
1900000131[]
1900000132[]
1900000133[]
1900000134[]
1900000135[]
1900000136[]
1900000137[]
1900000138[]
1900000139[]
1900000140[]
1900000141[]
1900000142[]
1900000143[]
1900000144[]
1900000145[]
1900000146[]
1900000147[]
1900000148[]
1900000149[]
1900000150[]
1900000151[]
1900000152[]
1900000153[]
1900000154[]
1900000155[]
1900000156[]
1900000157[]
1900000158[]
1900000159[]
1900000160[]
1900000161[]
1900000162[]
1900000163[]
1900000164[]
1900000165[]
1900000166[]
1900000167[]
1900000168[]
1900000169[]
1900000170[]
1900000171[]
1900000172[]
1900000173[]
1900000174[]
1900000175[]
1900000176[]
1900000177[]
1900000178[]
1900000179[]
1900000180[]
1900000181[]
1900000182[]
1900000183[]
1900000184[381 107 22 49 8 1 0; ]
1900000185[382 106 22 47 8 1 0; ]
1900000186[383 106 22 46 8 1 0; ]
1900000187[385 106 22 45 8 1 0; ]
1900000188[386 106 22 44 8 1 0; ]
1900000189[388 106 22 44 8 1 0; ]
1900000190[390 106 22 43 8 1 0; ]
1900000191[392 106 22 43 8 1 0; ]
1900000192[394 106 22 43 8 1 0; ]
1900000193[396 106 22 43 8 1 0; ]
1900000194[397 108 22 43 8 1 0; ]
1900000195[399 110 22 43 8 1 0; ]
1900000196[401 112 22 43 8 1 0; ]
1900000197[403 112 22 43 8 1 0; ]
1900000198[405 111 22 43 8 1 0; ]
1900000199[407 110 22 43 8 1 0; ]
1900000200[409 109 22 43 8 1 0; ]
1900000201[411 108 22 43 8 1 0; ]
1900000202[413 105 23 43 8 1 0; ]
1900000203[415 103 23 43 8 1 0; ]
1900000204[418 101 24 43 8 1 0; ]
1900000205[420 100 24 43 8 1 0; ]
1900000206[422 99 24 43 8 1 0; ]
1900000207[425 99 24 43 8 1 0; ]
1900000208[427 98 24 43 8 1 0; ]
1900000209[429 100 24 45 8 1 0; ]
1900000210[431 102 25 48 8 1 0; ]
1900000211[433 105 26 52 8 1 0; ]
1900000212[434 106 27 54 8 1 0; ]
1900000213[436 106 27 54 8 1 0; ]
1900000214[439 105 27 54 8 1 0; ]
1900000215[442 105 27 54 8 1 0; ]
1900000216[444 104 27 54 8 1 0; ]
1900000217[447 104 27 54 8 1 0; ]
1900000218[449 103 27 54 8 1 0; ]
1900000219[452 102 27 54 8 1 0; ]
1900000220[455 100 27 54 8 1 0; ]
1900000221[458 98 27 54 8 1 0; ]
1900000222[461 95 27 55 8 1 0; ]
1900000223[463 94 27 55 8 1 0; ]
1900000224[466 93 27 56 8 1 0; ]
1900000225[469 93 28 56 8 1 0; ]
1900000226[471 93 30 58 8 1 0; 397 100 14 38 84 1 3; ]
1900000227[474 92 31 59 8 1 0; 398 101 14 38 84 1 3; ]
1900000228[473 91 37 61 9 0 0; 399 101 14 38 84 1 3; ]
1900000229[400 101 14 38 84 1 3; ]
1900000230[402 101 14 38 84 1 3; ]
1900000231[403 102 14 38 84 1 3; ]
1900000232[404 102 14 38 84 1 3; ]
1900000233[405 102 14 38 84 1 3; ]
1900000234[407 102 14 38 84 1 3; ]
1900000235[408 102 14 38 84 1 3; ]
1900000236[409 103 14 38 84 1 3; ]
1900000237[410 103 14 38 84 1 3; ]
1900000238[412 103 14 38 84 1 3; ]
1900000239[413 103 14 38 84 1 3; ]
1900000240[414 103 14 38 84 1 3; ]
1900000241[415 104 14 38 84 1 3; ]
1900000242[336 109 15 30 83 0 3; 417 102 15 39 84 1 3; ]
1900000243[337 107 14 30 83 0 3; 418 101 16 39 84 1 3; ]
1900000244[338 105 14 31 83 0 3; 419 100 17 40 84 1 3; ]
1900000245[339 103 14 32 83 0 3; 421 98 18 41 84 1 3; ]
1900000246[339 101 15 33 83 0 3; 422 97 19 41 84 1 3; ]
1900000247[340 100 15 34 83 0 3; 423 96 20 42 84 1 3; ]
1900000248[341 101 15 34 83 0 3; 425 94 21 43 84 1 3; ]
1900000249[427 92 22 51 10 1 1; 342 102 14 33 83 0 3; ]
1900000250[427 93 26 52 10 1 1; 342 105 13 33 83 0 3; ]
1900000251[428 94 29 53 10 1 1; ]
1900000252[429 95 31 53 10 1 1; ]
1900000253[429 95 31 54 10 1 1; ]
1900000254[431 95 31 54 10 1 1; ]
1900000255[433 94 30 55 10 1 1; ]
1900000256[435 94 29 55 10 1 1; ]
1900000257[437 94 29 55 10 1 1; ]
1900000258[440 94 29 55 10 0 1; ]
1900000259[442 95 29 55 10 0 1; ]
1900000260[445 95 29 55 10 0 1; ]
1900000261[448 95 29 55 10 0 1; ]
1900000262[450 94 29 55 10 0 1; ]
1900000263[453 93 29 56 10 0 1; ]
1900000264[455 92 29 56 10 0 1; ]
1900000265[458 91 29 56 10 0 1; ]
1900000266[460 90 29 56 10 0 1; ]
1900000267[463 90 29 56 10 0 1; ]
1900000268[465 89 29 56 10 0 1; ]
1900000269[468 89 29 56 10 0 1; ]
1900000270[471 89 29 56 10 0 1; ]
1900000271[473 89 29 57 10 0 1; ]
1900000272[476 89 29 58 10 0 1; ]
1900000273[478 89 29 59 10 0 1; ]
1900000274[480 88 29 60 10 0 1; ]
1900000275[]
1900000276[]
1900000277[]
1900000278[]
1900000279[]
1900000280[]
1900000281[]
1900000282[]
1900000283[]
1900000284[]
1900000285[]
1900000286[]
1900000287[]
1900000288[]
1900000289[]
1900000290[]
1900000291[]
1900000292[]
1900000293[]
1900000294[]
1900000295[]
1900000296[]
1900000297[]
1900000298[]
1900000299[]
1900000300[]
1900000301[]
1900000302[]
1900000303[]
1900000304[]
1900000305[]
1900000306[]
1900000307[]
1900000308[]
1900000309[]
1900000310[]
1900000311[]
1900000312[]
1900000313[]
1900000314[]
1900000315[]
1900000316[]
1900000317[]
1900000318[]
1900000319[]
1900000320[]
1900000321[]
1900000322[]
1900000323[]
1900000324[]
1900000325[]
1900000326[]
1900000327[]
1900000328[]
1900000329[]
1900000330[]
1900000331[]
1900000332[]
1900000333[]
1900000334[]
1900000335[]
1900000336[]
1900000337[]
1900000338[]
1900000339[]
1900000340[]
1900000341[]
1900000342[]
1900000343[]
1900000344[]
1900000345[]
1900000346[]
1900000347[]
1900000348[]
1900000349[]
1900000350[]
1900000351[]
1900000352[]
1900000353[]
1900000354[]
1900000355[]
1900000356[]
1900000357[]
1900000358[]
1900000359[]
1900000360[]
1900000361[]
1900000362[]
1900000363[]
1900000364[]
1900000365[]
1900000366[]
1900000367[]
1900000368[]
1900000369[]
1900000370[]
1900000371[]
1900000372[]
1900000373[]
1900000374[]
1900000375[]
1900000376[]
1900000377[]
1900000378[]
1900000379[269 105 18 33 11 0 0; ]
1900000380[269 104 18 34 11 0 0; ]
1900000381[270 102 19 35 11 0 0; ]
1900000382[270 97 18 35 11 0 0; ]
1900000383[270 92 18 36 11 0 0; ]
1900000384[270 92 18 36 11 0 0; ]
1900000385[270 92 18 36 11 0 0; ]
1900000386[270 91 18 36 11 0 0; ]
1900000387[270 91 18 36 11 0 0; ]
1900000388[270 94 18 36 11 0 0; ]
1900000389[271 97 18 36 11 0 0; ]
1900000390[271 108 18 37 11 0 0; ]
1900000391[271 119 18 37 11 0 0; ]
1900000392[271 122 20 40 11 0 0; ]
1900000393[270 123 20 41 11 0 0; ]
1900000394[269 121 20 39 11 0 0; ]
1900000395[269 119 19 37 11 0 0; ]
1900000396[269 116 19 37 11 0 0; ]
1900000397[269 112 19 37 11 0 0; ]
1900000398[269 108 19 37 11 0 0; ]
1900000399[269 105 19 37 11 0 0; 478 84 27 69 85 1 0; ]
1900000400[268 102 19 37 11 0 0; 478 84 29 69 85 1 0; ]
1900000401[267 100 19 37 11 0 0; 478 84 30 69 85 1 0; ]
1900000402[267 100 19 37 11 0 0; 478 83 32 70 85 0 0; ]
1900000403[267 100 19 37 11 0 0; 478 81 33 72 85 0 0; ]
1900000404[267 101 18 36 11 0 0; ]
1900000405[266 102 18 35 11 0 0; ]
1900000406[266 103 17 35 11 0 0; ]
1900000407[266 103 17 35 11 0 0; ]
1900000408[265 103 17 35 11 0 0; ]
1900000409[265 103 18 35 11 0 0; ]
1900000410[264 103 18 35 11 0 0; ]
1900000411[263 103 18 35 11 0 0; ]
1900000412[263 101 18 35 11 0 0; ]
1900000413[262 97 18 36 11 0 0; ]
1900000414[262 94 18 36 11 0 0; ]
1900000415[262 92 18 36 11 0 0; ]
1900000416[261 91 18 36 11 0 0; ]
1900000417[261 91 18 36 11 0 0; 272 91 15 35 12 0 1; ]
1900000418[260 92 19 37 11 0 0; 272 92 16 35 12 0 1; ]
1900000419[259 94 20 37 11 0 0; 272 94 16 35 12 0 1; ]
1900000420[258 97 21 38 11 0 0; 272 97 16 35 12 0 1; ]
1900000421[257 100 21 38 11 0 0; 271 101 16 35 12 0 1; ]
1900000422[257 104 20 38 11 0 0; 271 104 16 35 12 0 1; ]
1900000423[257 107 19 38 11 0 0; 270 108 16 35 12 0 1; ]
1900000424[257 109 19 38 11 0 0; 270 111 15 35 12 0 1; ]
1900000425[256 111 19 37 11 0 0; 270 112 15 35 12 0 1; ]
1900000426[256 108 19 37 11 0 0; 271 111 20 36 14 1 2; ]
1900000427[255 106 20 37 11 0 0; 271 109 21 36 14 1 2; ]
1900000428[255 104 20 37 11 0 0; 270 107 23 36 14 1 2; ]
1900000429[255 102 20 37 11 0 0; 270 105 24 36 14 1 2; ]
1900000430[255 101 20 37 11 0 0; 270 103 24 36 14 1 2; ]
1900000431[255 100 20 38 11 0 0; 270 102 24 36 14 1 2; ]
1900000432[255 98 20 38 11 0 0; 271 100 24 36 14 1 2; ]
1900000433[255 97 20 38 11 0 0; 271 99 24 37 14 1 2; ]
1900000434[255 96 20 38 11 0 0; 271 97 24 37 14 1 2; ]
1900000435[255 94 20 38 11 0 0; 271 96 24 37 14 1 2; ]
1900000436[254 93 21 38 11 0 0; 271 95 24 38 14 1 2; ]
1900000437[254 91 21 38 11 0 0; 271 94 25 38 14 1 2; ]
1900000438[254 91 21 38 11 0 0; 271 94 25 38 14 1 2; ]
1900000439[272 94 24 38 14 1 2; 257 92 21 37 15 0 2; ]
1900000440[272 95 24 39 14 1 2; 257 93 22 38 15 0 2; ]
1900000441[273 96 23 39 14 1 2; 257 95 22 39 15 0 2; ]
1900000442[273 97 23 39 14 1 2; 256 97 23 40 15 0 2; ]
1900000443[273 99 23 40 14 1 2; 255 100 23 41 15 0 2; ]
1900000444[273 102 24 40 14 1 2; 255 103 23 40 15 0 2; ]
1900000445[273 105 24 40 14 1 2; 255 106 23 40 15 0 2; ]
1900000446[273 106 24 41 14 1 2; 255 107 23 38 15 0 2; ]
1900000447[273 106 25 41 14 1 2; 255 107 23 37 15 0 2; ]
1900000448[273 106 25 41 14 1 2; 255 107 23 37 15 0 2; ]
1900000449[273 106 25 41 14 1 2; 255 106 24 38 15 0 2; ]
1900000450[273 106 26 41 14 1 2; 254 105 24 39 15 0 2; ]
1900000451[273 106 26 41 14 1 2; 254 103 24 42 15 0 2; ]
1900000452[273 106 26 41 14 1 2; 253 103 24 41 15 0 2; ]
1900000453[272 107 26 41 14 1 2; 253 108 20 37 16 0 0; ]
1900000454[272 107 26 41 14 1 2; 253 107 20 38 16 0 0; ]
1900000455[271 106 26 41 14 1 2; 253 105 20 38 16 0 0; ]
1900000456[271 105 26 41 14 1 2; 252 103 20 39 16 0 0; ]
1900000457[270 104 26 41 14 1 2; 252 102 20 39 16 0 0; ]
1900000458[270 103 27 41 14 1 2; 251 101 20 40 16 0 0; ]
1900000459[268 102 28 41 14 0 2; 251 99 20 40 16 0 0; ]
1900000460[267 102 28 41 14 0 2; 250 98 21 40 16 0 0; ]
1900000461[266 101 29 41 14 0 2; 249 97 21 41 16 0 0; ]
1900000462[266 101 29 41 14 0 2; 249 97 21 41 16 0 0; ]
1900000463[266 101 29 41 14 0 2; 248 100 21 41 16 0 0; ]
1900000464[266 101 29 41 14 0 2; 248 100 21 41 16 0 0; ]
1900000465[266 101 29 41 14 0 2; 248 100 21 41 16 0 0; ]
1900000466[266 101 29 41 14 0 2; 248 98 21 41 16 0 0; ]
1900000467[266 100 29 41 14 0 2; 248 96 21 41 16 0 0; ]
1900000468[266 97 30 41 14 0 2; 248 93 21 41 16 0 0; ]
1900000469[265 95 30 41 14 0 2; 248 92 21 41 16 0 0; ]
1900000470[265 94 30 41 14 0 2; 248 92 21 41 16 0 0; ]
1900000471[265 95 30 41 14 0 2; 248 92 21 41 16 0 0; ]
1900000472[265 95 30 41 14 0 2; 248 92 21 41 16 0 0; ]
1900000473[265 96 30 41 14 0 2; 248 92 21 41 16 0 0; ]
1900000474[265 96 30 41 14 0 2; 248 93 21 41 16 0 0; ]
1900000475[265 96 30 41 14 0 2; 248 93 21 41 16 0 0; ]
1900000476[266 96 30 41 14 0 2; 248 93 21 41 16 0 0; ]
1900000477[266 96 29 41 14 0 2; 248 94 21 41 16 0 0; ]
1900000478[266 96 29 41 14 0 2; 248 94 21 41 16 0 0; ]
1900000479[266 96 29 41 14 0 2; 248 94 21 41 16 0 0; ]
1900000480[266 96 29 41 14 0 2; 248 94 21 41 16 0 0; ]
1900000481[266 96 29 41 14 0 2; 248 94 21 41 16 0 0; ]
1900000482[266 96 29 41 14 0 2; 248 94 21 41 16 0 0; ]
1900000483[266 96 29 41 14 0 2; 248 94 21 41 16 0 0; ]
1900000484[266 96 29 41 14 0 2; 248 94 21 41 16 0 0; ]
1900000485[266 96 29 41 14 0 2; 248 94 21 41 16 0 0; ]
1900000486[266 96 29 41 14 0 2; 248 94 21 41 16 0 0; ]
1900000487[266 96 29 41 14 0 2; 248 94 21 41 16 0 0; ]
1900000488[266 96 29 41 14 0 2; 248 94 21 41 16 0 0; ]
1900000489[266 96 29 41 14 0 2; 248 94 21 41 16 0 0; ]
1900000490[260 88 38 47 13 0 2; ]
1900000491[261 87 39 47 13 0 2; ]
1900000492[261 87 40 47 13 0 2; ]
1900000493[262 86 41 47 13 0 2; ]
1900000494[262 85 42 47 13 0 2; ]
1900000495[263 84 43 47 13 0 2; ]
1900000496[263 82 44 47 13 0 2; ]
1900000497[263 80 44 47 13 0 2; ]
1900000498[263 79 44 47 13 0 2; ]
1900000499[264 79 44 47 13 0 2; ]
1900000500[265 79 44 47 13 0 2; ]
1900000501[267 80 44 48 13 0 2; ]
1900000502[268 80 44 49 13 0 2; ]
1900000503[269 80 44 48 13 0 2; ]
1900000504[270 81 45 48 13 0 2; ]
1900000505[271 81 45 48 13 0 2; ]
1900000506[272 82 45 48 13 0 2; ]
1900000507[273 83 45 48 13 0 2; ]
1900000508[274 84 45 49 13 0 2; ]
1900000509[275 86 45 50 13 0 2; ]
1900000510[276 86 45 50 13 0 2; ]
1900000511[278 86 45 50 13 0 2; ]
1900000512[279 85 45 50 13 0 2; ]
1900000513[280 83 45 50 13 0 2; ]
1900000514[281 80 45 50 13 0 2; ]
1900000515[282 81 46 51 13 0 2; ]
1900000516[282 81 47 51 13 0 2; ]
1900000517[283 82 47 51 13 0 2; ]
1900000518[283 83 48 51 13 0 2; ]
1900000519[284 85 49 51 13 0 2; ]
1900000520[284 87 50 51 13 0 2; ]
1900000521[285 90 51 51 13 0 2; ]
1900000522[285 91 52 51 13 0 2; ]
1900000523[286 91 52 52 13 0 2; ]
1900000524[287 91 52 52 13 0 2; ]
1900000525[289 91 52 53 13 0 2; ]
1900000526[290 90 52 54 13 0 2; ]
1900000527[290 87 52 54 13 0 2; ]
1900000528[291 85 53 54 13 0 2; ]
1900000529[291 83 53 55 13 0 2; ]
1900000530[291 82 54 55 13 0 2; ]
1900000531[291 80 54 56 13 0 2; ]
1900000532[292 79 55 56 13 0 2; ]
1900000533[292 78 55 57 13 0 2; ]
1900000534[292 78 56 57 13 0 2; ]
1900000535[292 78 58 57 13 0 2; ]
1900000536[292 79 60 57 13 0 2; ]
1900000537[292 79 61 57 13 0 2; ]
1900000538[319 84 35 54 17 0 2; 295 80 30 45 20 0 2; ]
1900000539[321 86 35 54 17 0 2; 295 83 31 46 20 0 2; ]
1900000540[322 87 35 55 17 0 2; 295 84 32 47 20 0 2; ]
1900000541[322 86 35 56 17 0 2; 295 84 34 48 20 0 2; ]
1900000542[322 85 35 56 17 0 2; 295 83 35 49 20 0 2; ]
1900000543[324 84 35 56 17 0 2; 295 82 34 49 20 0 2; ]
1900000544[326 83 35 56 17 0 2; 296 81 34 49 20 0 2; ]
1900000545[327 80 36 56 17 0 2; 297 79 33 49 20 0 2; ]
1900000546[327 79 36 56 17 0 2; 298 78 32 49 20 0 2; ]
1900000547[328 79 36 56 17 0 2; 298 76 34 51 20 0 2; ]
1900000548[330 79 36 56 17 0 2; 299 74 35 52 20 0 2; ]
1900000549[331 79 37 56 17 0 2; 300 75 35 52 20 0 2; ]
1900000550[333 79 37 56 17 0 2; 301 77 35 50 20 0 2; ]
1900000551[334 79 37 57 17 0 2; 302 77 35 49 20 0 2; ]
1900000552[335 79 38 57 17 0 2; 303 77 35 49 20 0 2; ]
1900000553[336 79 38 58 17 0 2; 304 77 36 48 20 0 2; ]
1900000554[338 79 38 59 17 0 2; 305 77 36 48 20 0 2; ]
1900000555[339 80 38 60 17 0 2; 306 79 36 48 20 0 2; 202 85 18 32 22 1 0; ]
1900000556[340 83 37 61 17 0 2; 307 82 36 48 20 0 2; 203 89 17 32 22 1 0; ]
1900000557[342 85 37 62 17 0 2; 309 84 36 48 20 0 2; 204 91 17 32 22 1 0; ]
1900000558[343 86 37 62 17 0 2; 310 85 36 48 20 0 2; 206 92 16 32 22 1 0; ]
1900000559[345 86 37 63 17 0 2; 311 85 36 48 20 0 2; 207 92 16 31 22 1 0; ]
1900000560[347 86 37 63 17 0 2; 311 84 36 48 20 0 2; 207 92 16 31 22 1 0; ]
1900000561[348 85 37 63 17 0 2; 312 83 37 49 20 0 2; 206 90 17 31 22 1 0; ]
1900000562[350 83 37 64 17 0 2; 314 80 38 49 20 0 2; 206 88 18 31 22 1 0; ]
1900000563[351 81 38 64 17 0 2; 314 78 38 48 20 0 2; 206 86 18 31 22 1 0; ]
1900000564[352 79 39 64 17 0 2; 315 77 39 47 20 0 2; 206 85 19 31 22 0 0; ]
1900000565[354 78 40 64 17 0 2; 316 75 39 47 20 0 2; 206 84 19 32 22 0 0; ]
1900000566[355 77 40 64 17 0 2; 316 74 39 47 20 0 2; 207 83 20 32 22 0 0; ]
1900000567[356 76 40 64 17 0 2; 317 74 39 47 20 0 2; 207 82 20 33 22 0 0; ]
1900000568[357 75 40 64 17 0 2; 317 74 40 47 20 0 2; 208 82 20 33 22 0 0; ]
1900000569[358 75 40 64 17 0 2; 318 73 40 47 20 0 2; 208 82 20 33 22 0 0; ]
1900000570[359 74 40 65 17 0 2; 318 73 40 48 20 0 2; 209 83 20 33 22 0 0; ]
1900000571[360 74 40 65 17 0 2; 319 73 41 48 20 0 2; 210 83 20 33 22 0 0; ]
1900000572[361 73 41 66 17 0 2; 320 73 41 48 20 0 2; 210 83 20 33 22 0 0; ]
1900000573[363 73 41 67 17 0 2; 321 72 41 49 20 0 2; 210 83 20 33 22 0 0; ]
1900000574[364 72 41 68 17 0 2; 322 72 41 49 20 0 2; 210 83 20 33 22 0 0; ]
1900000575[365 72 41 69 17 0 2; 322 72 42 51 20 0 2; 210 83 20 33 22 0 0; ]
1900000576[367 73 41 70 17 0 2; 323 72 42 53 20 0 2; 210 84 20 33 22 0 0; ]
1900000577[368 73 41 70 17 0 2; 323 72 42 55 20 0 2; 210 84 20 33 22 0 0; ]
1900000578[369 73 41 71 17 0 2; 323 72 43 55 20 0 2; 210 84 20 32 22 0 0; ]
1900000579[370 73 42 71 17 0 2; 323 72 43 55 20 0 2; 210 84 20 32 22 0 0; ]
1900000580[371 73 42 72 17 0 2; 323 72 45 55 20 0 2; 210 84 20 32 22 0 0; ]
1900000581[372 72 43 73 17 0 2; 323 72 46 55 20 0 2; 210 85 20 33 22 0 0; ]
1900000582[373 72 44 73 17 0 2; 323 72 46 55 20 0 2; 210 86 20 34 22 0 0; ]
1900000583[373 72 44 74 17 0 2; 323 72 46 55 20 0 2; 210 86 20 35 22 0 0; ]
1900000584[374 73 45 74 17 0 2; 323 73 46 55 20 0 2; 209 88 20 34 22 0 0; ]
1900000585[375 75 46 75 17 0 2; 323 75 46 55 20 0 2; 209 89 19 34 22 0 0; ]
1900000586[375 77 47 76 17 0 2; 323 77 46 55 20 0 2; 208 91 19 34 22 0 0; ]
1900000587[375 76 47 76 17 0 2; 323 76 46 54 20 0 2; 207 91 19 33 22 0 0; ]
1900000588[376 75 47 77 17 0 2; 322 75 45 53 20 0 2; 207 91 19 33 22 0 0; ]
1900000589[377 73 48 77 17 0 2; 322 74 45 53 20 0 2; 206 89 19 33 22 0 0; ]
1900000590[377 71 48 78 17 0 2; 322 72 45 53 20 0 2; 205 85 19 34 22 0 0; ]
1900000591[378 65 27 77 18 0 1; 395 65 31 74 19 0 1; 321 68 45 53 20 0 2; 204 82 19 34 22 0 0; ]
1900000592[378 57 28 79 18 0 1; 397 57 31 76 19 0 1; 321 62 45 54 20 0 2; 204 78 18 34 22 0 0; ]
1900000593[378 52 29 81 18 0 1; 399 52 31 77 19 0 1; 321 57 45 56 20 0 2; 205 74 18 34 22 0 0; ]
1900000594[378 49 30 82 18 0 1; 400 49 31 78 19 0 1; 321 54 45 57 20 0 2; 204 71 17 34 22 0 0; ]
1900000595[378 48 30 83 18 0 1; 401 48 31 79 19 0 1; 321 53 45 59 20 0 2; 203 69 17 35 22 0 0; ]
1900000596[379 49 31 82 18 0 1; 401 50 32 80 19 0 1; 321 53 45 60 20 0 2; 203 72 17 35 22 0 0; ]
1900000597[379 54 31 82 18 0 1; 402 54 33 81 19 0 1; 321 55 45 59 20 0 2; 202 77 17 35 22 0 0; ]
1900000598[380 59 31 81 18 0 1; 402 59 34 82 19 0 1; 321 61 45 57 20 0 2; 201 81 17 35 22 0 0; ]
1900000599[381 63 31 80 18 0 1; 402 63 35 83 19 0 1; 320 68 45 58 20 0 2; 201 85 17 36 22 0 0; ]
1900000600[382 68 31 81 18 0 1; 403 67 35 84 19 0 1; 320 73 45 59 20 0 2; 201 89 17 36 22 0 0; ]
1900000601[384 72 30 82 18 0 1; 405 69 35 84 19 0 1; 320 76 45 59 20 0 2; 200 93 17 36 22 0 0; ]
1900000602[385 74 30 83 18 0 1; 407 72 36 85 19 0 1; 319 77 45 60 20 0 2; 200 96 17 36 22 0 0; ]
1900000603[386 76 31 85 18 0 1; 409 74 36 85 19 0 1; 320 76 45 60 20 0 2; 200 100 17 36 22 0 0; ]
1900000604[388 68 32 87 18 0 1; 412 68 36 86 19 0 1; 320 73 45 60 20 0 2; 200 96 17 36 22 0 0; ]
1900000605[390 62 33 89 18 0 1; 415 62 36 87 19 0 1; 320 69 45 61 20 0 2; 200 92 17 36 22 0 0; ]
1900000606[392 57 33 90 18 0 1; 418 58 37 88 19 0 1; 321 66 45 61 20 0 2; 200 89 17 37 22 0 0; ]
1900000607[394 55 34 90 18 0 1; 420 55 37 89 19 0 1; 321 63 45 62 20 0 2; 200 85 17 37 22 0 0; ]
1900000608[396 54 34 90 18 0 1; 423 53 37 90 19 0 1; 321 61 45 64 20 0 2; 200 81 17 37 22 0 0; ]
1900000609[399 53 34 90 18 0 1; 425 52 38 91 19 0 1; 321 57 46 66 20 0 2; 200 79 17 38 22 0 0; ]
1900000610[401 53 34 90 18 0 1; 428 51 38 93 19 0 1; 321 56 46 68 20 0 2; 200 81 17 37 22 0 0; ]
1900000611[403 53 34 90 18 0 1; 431 50 38 94 19 0 1; 321 59 46 69 20 0 2; 200 85 17 36 22 0 0; ]
1900000612[406 54 34 90 18 0 1; 434 51 38 94 19 0 1; 321 66 46 70 20 0 2; 200 91 17 36 22 0 0; ]
1900000613[409 57 34 91 18 0 1; 437 55 38 95 19 0 1; 322 73 46 71 20 0 2; 200 97 17 37 22 0 0; ]
1900000614[412 62 34 92 18 0 1; 440 60 38 96 19 0 1; 323 76 46 71 20 0 2; 201 101 17 38 22 0 0; ]
1900000615[416 67 34 94 18 0 1; 444 66 38 96 19 0 1; 324 75 47 71 20 0 2; 202 103 17 38 22 0 0; ]
1900000616[419 63 36 97 18 0 1; 449 63 40 97 19 0 1; 325 72 48 71 20 0 2; 203 100 18 38 22 0 0; ]
1900000617[424 60 36 99 18 0 1; 454 59 41 98 19 0 1; 327 70 50 71 20 0 2; 205 97 18 38 22 0 0; ]
1900000618[430 56 36 99 18 0 1; 459 55 42 99 19 0 1; 329 67 51 71 20 0 2; 207 94 19 38 22 0 0; ]
1900000619[436 53 35 99 18 0 1; 465 51 43 101 19 0 1; 331 65 51 71 20 0 2; 210 91 19 38 22 0 0; ]
1900000620[440 47 37 101 18 0 1; 333 62 51 70 20 0 2; 212 87 19 38 22 0 0; ]
1900000621[443 42 40 104 18 0 1; 336 59 51 69 20 0 2; 215 85 19 38 22 0 0; ]
1900000622[447 39 43 106 18 0 1; 340 56 51 68 20 0 2; 218 84 19 38 22 1 0; ]
1900000623[452 37 45 107 18 0 1; 343 55 51 68 20 0 2; 220 84 19 38 22 1 0; ]
1900000624[460 36 45 110 18 0 1; 346 54 52 67 20 0 2; 223 85 19 38 22 1 0; ]
1900000625[350 56 52 66 20 0 2; 227 87 19 37 22 1 0; ]
1900000626[355 60 53 66 20 0 2; 232 91 19 36 22 1 0; ]
1900000627[360 63 53 66 20 0 2; 237 97 19 36 22 1 0; ]
1900000628[365 66 53 67 20 0 2; 241 101 19 36 22 1 0; ]
1900000629[370 69 54 68 20 0 2; 246 103 19 36 22 1 0; ]
1900000630[375 72 54 70 20 0 2; 250 105 19 36 22 1 0; ]
1900000631[379 74 54 71 20 0 2; 254 108 19 36 22 1 0; ]
1900000632[384 77 55 73 20 0 2; 257 111 19 36 22 1 0; ]
1900000633[387 79 56 75 20 0 2; 261 114 19 36 22 1 0; ]
1900000634[391 80 57 77 20 0 2; 264 118 19 36 22 1 0; ]
1900000635[396 82 57 78 20 0 2; 267 121 19 36 22 1 0; ]
1900000636[401 82 57 78 20 0 2; 271 121 19 36 22 1 0; ]
1900000637[404 79 57 79 20 0 2; 275 120 19 36 22 1 0; ]
1900000638[408 74 57 79 20 0 2; 277 114 20 37 22 1 0; ]
1900000639[414 71 58 79 20 0 2; 280 108 20 37 22 1 0; ]
1900000640[419 68 58 79 20 0 2; 283 105 20 37 22 1 0; ]
1900000641[423 63 59 79 20 0 2; 286 103 20 37 22 1 0; ]
1900000642[426 61 60 79 20 0 2; 289 103 20 37 22 1 0; ]
1900000643[430 61 60 79 20 0 2; 291 103 20 37 22 1 0; ]
1900000644[433 63 61 80 20 0 2; 293 106 20 37 22 1 0; ]
1900000645[436 68 61 80 20 0 2; 296 111 20 37 22 1 0; ]
1900000646[440 72 62 80 20 0 2; 298 114 20 37 22 1 0; ]
1900000647[443 74 63 81 20 0 2; 300 117 20 37 22 1 0; ]
1900000648[447 75 64 83 20 0 2; 302 119 21 37 22 1 0; ]
1900000649[304 121 22 37 22 1 0; ]
1900000650[306 122 21 37 22 1 0; ]
1900000651[308 123 20 37 22 1 0; ]
1900000652[310 121 20 37 22 1 0; ]
1900000653[312 118 20 38 22 1 0; ]
1900000654[313 115 20 38 22 1 0; ]
1900000655[315 114 20 38 22 1 0; ]
1900000656[316 114 20 38 22 1 0; ]
1900000657[317 116 21 38 22 1 0; ]
1900000658[319 117 21 38 22 1 0; ]
1900000659[319 120 22 38 22 1 0; ]
1900000660[321 121 22 39 22 1 0; ]
1900000661[322 122 22 39 22 1 0; ]
1900000662[324 123 22 39 22 1 0; ]
1900000663[325 124 22 39 22 1 0; ]
1900000664[326 125 22 39 22 1 0; ]
1900000665[327 126 22 39 22 1 0; ]
1900000666[328 127 22 39 22 1 0; ]
1900000667[330 127 22 39 22 1 0; ]
1900000668[331 127 22 39 22 1 0; ]
1900000669[333 127 22 39 22 1 0; ]
1900000670[335 127 22 39 22 1 0; ]
1900000671[337 127 22 39 22 1 0; ]
1900000672[338 128 22 39 22 1 0; ]
1900000673[339 125 22 39 22 1 0; ]
1900000674[341 128 22 39 22 1 0; ]
1900000675[343 130 22 39 22 1 0; ]
1900000676[345 130 22 40 22 1 0; ]
1900000677[346 131 22 40 22 1 0; ]
1900000678[347 131 22 40 22 1 0; ]
1900000679[348 131 22 41 22 1 0; ]
1900000680[349 132 22 41 22 1 0; ]
1900000681[350 132 22 41 22 1 0; ]
1900000682[351 133 22 41 22 1 0; ]
1900000683[352 133 22 41 22 1 0; ]
1900000684[353 134 22 41 22 1 0; ]
1900000685[354 134 23 41 22 1 0; ]
1900000686[354 135 23 41 22 1 0; ]
1900000687[355 136 23 41 22 1 0; ]
1900000688[356 136 23 41 22 1 0; ]
1900000689[357 137 23 41 22 1 0; ]
1900000690[358 138 23 42 22 1 0; ]
1900000691[359 138 23 42 22 1 0; ]
1900000692[360 138 23 42 22 1 0; ]
1900000693[361 138 24 42 22 1 0; ]
1900000694[363 138 24 42 22 1 0; 419 136 22 39 23 1 0; ]
1900000695[364 138 24 42 22 1 0; 420 137 22 40 23 1 0; ]
1900000696[365 142 24 42 22 1 0; 421 138 22 41 23 1 0; ]
1900000697[366 145 24 42 22 1 0; 422 141 22 41 23 1 0; ]
1900000698[367 147 23 42 22 1 0; 422 143 22 42 23 1 0; ]
1900000699[368 148 23 42 22 1 0; 423 143 22 42 23 0 0; ]
1900000700[370 147 23 42 22 1 0; 424 143 21 42 23 0 0; ]
1900000701[371 145 23 43 22 1 0; 424 142 22 42 23 0 0; ]
1900000702[372 142 23 43 22 1 0; 425 141 22 42 23 0 0; ]
1900000703[374 139 23 43 22 1 0; 425 137 22 42 23 0 0; ]
1900000704[375 135 23 43 22 1 0; 426 132 22 42 23 0 0; ]
1900000705[377 129 23 43 22 1 0; 428 124 22 42 23 0 0; ]
1900000706[378 122 23 43 22 1 0; 429 118 22 42 23 0 0; ]
1900000707[380 114 23 43 22 1 0; 431 111 22 42 23 0 0; ]
1900000708[380 106 25 43 22 1 0; 433 104 22 43 23 0 0; ]
1900000709[381 102 26 43 22 1 0; 435 98 22 45 23 0 0; ]
1900000710[382 102 25 43 22 1 0; 436 96 22 45 23 0 0; ]
1900000711[383 102 24 43 22 1 0; 436 98 23 46 23 0 0; ]
1900000712[385 104 24 43 22 1 0; 437 101 23 46 23 0 0; ]
1900000713[386 109 25 44 22 1 0; 437 104 23 46 23 0 0; ]
1900000714[387 113 25 45 22 1 0; 437 108 24 47 23 0 0; ]
1900000715[388 117 26 46 22 1 0; 438 112 24 47 23 0 0; ]
1900000716[388 122 26 46 22 1 0; 438 115 24 47 23 0 0; ]
1900000717[389 125 26 46 22 1 0; 439 118 24 47 23 0 0; ]
1900000718[391 127 26 46 22 1 0; 441 121 24 48 23 0 0; ]
1900000719[392 128 26 46 22 1 0; 442 121 24 48 23 0 0; ]
1900000720[393 128 26 46 22 1 0; 443 120 24 49 23 0 0; ]
1900000721[394 127 26 46 22 1 0; 444 120 23 49 23 0 0; ]
1900000722[395 126 26 47 22 1 0; 445 119 23 49 23 0 0; ]
1900000723[397 125 26 47 22 1 0; 446 118 23 49 23 0 0; ]
1900000724[398 124 26 47 22 1 0; 448 116 23 49 23 0 0; ]
1900000725[399 123 26 48 22 1 0; 449 115 23 49 23 0 0; ]
1900000726[400 123 26 48 22 1 0; 450 114 23 49 23 0 0; ]
1900000727[401 122 26 48 22 1 0; 451 114 23 49 23 0 0; ]
1900000728[402 123 26 48 22 1 0; 452 115 23 50 23 0 0; ]
1900000729[404 124 26 48 22 1 0; 453 117 23 51 23 0 0; ]
1900000730[405 126 26 48 22 1 0; 454 119 23 51 23 0 0; ]
1900000731[407 128 27 48 22 1 0; 456 119 23 52 23 0 0; ]
1900000732[408 128 27 50 22 1 0; 458 119 23 52 23 0 0; ]
1900000733[410 127 27 51 22 1 0; 460 119 23 53 23 0 0; ]
1900000734[412 126 27 51 22 1 0; 461 119 23 53 23 0 0; ]
1900000735[414 125 27 52 22 1 0; 463 118 24 53 23 0 0; ]
1900000736[416 123 27 52 22 1 0; 464 116 26 53 23 0 0; ]
1900000737[419 122 27 52 22 1 0; 466 114 27 53 23 0 0; ]
1900000738[421 121 27 52 22 1 0; 468 112 28 53 23 0 0; ]
1900000739[423 119 27 52 22 1 0; 471 110 28 53 23 0 0; ]
1900000740[425 116 27 52 22 1 0; 473 107 28 54 23 0 0; ]
1900000741[428 112 27 52 22 1 0; 477 100 28 56 23 0 0; ]
1900000742[431 105 27 53 22 1 0; 481 95 28 57 23 0 0; ]
1900000743[434 101 27 53 22 1 0; ]
1900000744[437 98 27 53 22 1 0; ]
1900000745[440 97 28 53 22 1 0; ]
1900000746[443 97 27 53 22 1 0; ]
1900000747[445 97 27 53 22 1 0; ]
1900000748[448 98 27 53 22 1 0; ]
1900000749[450 100 27 53 22 1 0; ]
1900000750[453 102 28 53 22 1 0; ]
1900000751[456 104 28 53 22 1 0; ]
1900000752[458 106 28 53 22 1 0; ]
1900000753[461 107 28 53 22 1 0; ]
1900000754[464 108 28 53 22 1 0; ]
1900000755[467 109 28 53 22 1 0; ]
1900000756[470 108 28 54 22 1 0; ]
1900000757[472 106 28 54 22 1 0; ]
1900000758[475 106 28 55 22 1 0; ]
1900000759[477 105 28 55 22 1 0; ]
1900000760[479 106 28 56 22 1 0; ]
1900000761[481 106 29 56 22 1 0; ]
1900000762[]
1900000763[]
1900000764[]
1900000765[]
1900000766[]
1900000767[]
1900000768[]
1900000769[]
1900000770[]
1900000771[]
1900000772[]
1900000773[]
1900000774[]
1900000775[]
1900000776[]
1900000777[]
1900000778[]
1900000779[]
1900000780[]
1900000781[]
1900000782[]
1900000783[]
1900000784[]
1900000785[]
1900000786[]
1900000787[]
1900000788[]
1900000789[]
1900000790[]
1900000791[]
1900000792[]
1900000793[]
1900000794[]
1900000795[]
1900000796[]
1900000797[]
1900000798[]
1900000799[]
1900000800[]
1900000801[]
1900000802[]
1900000803[]
1900000804[]
1900000805[]
1900000806[]
1900000807[]
1900000808[]
1900000809[]
1900000810[]
1900000811[]
1900000812[]
1900000813[]
1900000814[]
1900000815[]
1900000816[]
1900000817[]
1900000818[]
1900000819[]
1900000820[]
1900000821[]
1900000822[]
1900000823[]
1900000824[]
1900000825[]
1900000826[]
1900000827[]
1900000828[]
1900000829[]
1900000830[]
1900000831[]
1900000832[]
1900000833[]
1900000834[]
1900000835[]
1900000836[]
1900000837[]
1900000838[]
1900000839[]
1900000840[]
1900000841[]
1900000842[]
1900000843[]
1900000844[]
1900000845[]
1900000846[]
1900000847[]
1900000848[]
1900000849[]
1900000850[]
1900000851[]
1900000852[]
1900000853[]
1900000854[]
1900000855[]
1900000856[]
1900000857[]
1900000858[]
1900000859[]
1900000860[]
1900000861[]
1900000862[]
1900000863[]
1900000864[]
1900000865[]
1900000866[]
1900000867[]
1900000868[]
1900000869[]
1900000870[]
1900000871[]
1900000872[]
1900000873[]
1900000874[]
1900000875[]
1900000876[302 146 23 30 25 0 2; ]
1900000877[299 145 23 30 25 0 2; ]
1900000878[295 144 23 30 25 0 2; ]
1900000879[292 143 23 30 25 0 2; ]
1900000880[288 141 23 30 25 0 2; ]
1900000881[284 136 22 30 25 0 2; ]
1900000882[281 131 22 30 25 0 2; ]
1900000883[279 127 20 35 26 0 0; ]
1900000884[276 125 19 34 26 0 0; ]
1900000885[272 124 19 34 26 0 0; ]
1900000886[269 123 18 33 26 0 0; ]
1900000887[265 123 18 33 26 0 0; ]
1900000888[261 123 19 33 26 0 0; ]
1900000889[257 124 19 33 26 0 0; ]
1900000890[255 125 19 33 26 0 0; ]
1900000891[252 126 21 35 27 0 2; ]
1900000892[248 128 22 35 27 0 2; ]
1900000893[245 130 23 35 27 0 2; ]
1900000894[242 132 23 35 27 0 2; ]
1900000895[239 133 24 35 27 0 2; ]
1900000896[236 136 25 33 27 0 2; ]
1900000897[234 137 25 32 27 0 2; ]
1900000898[230 136 21 36 28 0 0; ]
1900000899[228 134 22 36 28 0 0; ]
1900000900[225 133 22 36 28 0 0; ]
1900000901[222 133 23 36 28 0 0; ]
1900000902[220 132 23 36 28 0 0; ]
1900000903[218 132 23 36 28 0 0; ]
1900000904[217 133 22 35 28 0 0; ]
1900000905[215 133 22 35 28 0 0; 237 136 15 30 30 0 1; ]
1900000906[213 133 22 35 28 0 0; 236 136 15 30 30 0 1; ]
1900000907[212 134 22 35 28 0 0; 236 136 15 30 30 0 1; ]
1900000908[210 134 22 35 28 0 0; 235 136 15 30 30 0 1; ]
1900000909[208 134 22 35 28 0 0; 234 136 15 30 30 0 1; ]
1900000910[206 135 22 35 28 0 0; 234 136 15 30 30 0 1; ]
1900000911[203 132 22 37 28 0 0; 232 136 15 30 30 0 1; ]
1900000912[200 131 22 38 28 0 0; 231 136 15 31 30 0 1; ]
1900000913[198 132 22 37 28 0 0; 230 135 15 31 30 0 1; ]
1900000914[195 132 22 36 28 0 0; 229 135 15 31 30 0 1; ]
1900000915[193 131 22 36 28 0 0; 229 134 15 31 30 0 1; ]
1900000916[191 129 22 37 28 0 0; 229 132 16 31 30 0 1; ]
1900000917[189 126 22 39 28 0 0; 227 131 16 31 30 0 1; ]
1900000918[186 124 22 39 28 0 0; 225 129 16 31 30 0 1; ]
1900000919[183 122 22 40 28 0 0; 224 127 16 31 30 0 1; ]
1900000920[180 121 23 40 28 0 0; 222 125 16 31 30 0 1; ]
1900000921[177 119 25 40 28 0 0; 222 123 16 31 30 0 1; ]
1900000922[173 118 26 41 28 0 0; 221 123 16 31 30 0 1; ]
1900000923[170 118 26 41 28 0 0; 220 123 16 32 30 0 1; ]
1900000924[166 119 26 42 28 0 0; 219 123 16 33 30 0 1; ]
1900000925[162 120 26 43 28 0 0; 217 125 16 32 30 0 1; ]
1900000926[158 121 27 44 28 0 0; 215 126 16 32 30 0 1; ]
1900000927[155 122 27 46 28 0 0; 212 127 16 32 30 0 1; ]
1900000928[151 123 28 47 28 0 0; 210 128 16 33 30 0 1; ]
1900000929[145 125 28 48 28 1 0; 208 128 16 34 30 0 1; ]
1900000930[206 129 16 35 30 0 1; ]
1900000931[202 128 16 34 30 0 1; ]
1900000932[199 126 16 33 30 0 1; ]
1900000933[197 126 17 33 30 0 1; ]
1900000934[194 125 17 33 30 0 1; ]
1900000935[190 123 17 33 30 0 1; ]
1900000936[186 121 17 33 30 0 1; ]
1900000937[184 120 17 33 30 1 1; ]
1900000938[]
1900000939[]
1900000940[]
1900000941[]
1900000942[]
1900000943[]
1900000944[]
1900000945[480 111 29 43 32 1 0; ]
1900000946[477 112 29 43 32 1 0; ]
1900000947[474 111 28 43 32 1 0; ]
1900000948[471 109 28 43 32 1 0; ]
1900000949[469 109 28 43 32 1 0; ]
1900000950[467 110 28 43 32 1 0; ]
1900000951[465 110 28 43 32 1 0; ]
1900000952[463 112 28 43 32 1 0; ]
1900000953[461 112 28 43 32 1 0; ]
1900000954[459 113 28 43 32 1 0; ]
1900000955[456 113 28 43 32 1 0; ]
1900000956[453 114 28 43 32 1 0; ]
1900000957[450 115 28 43 32 1 0; ]
1900000958[447 116 28 43 32 1 0; ]
1900000959[443 118 28 43 32 1 0; ]
1900000960[440 119 28 43 32 1 0; ]
1900000961[436 120 28 43 32 1 0; ]
1900000962[433 121 29 43 32 1 0; ]
1900000963[430 123 29 43 32 1 0; ]
1900000964[427 124 30 43 32 1 0; ]
1900000965[424 122 30 43 32 1 0; ]
1900000966[422 120 30 43 32 1 0; ]
1900000967[419 119 30 43 32 1 0; ]
1900000968[417 118 30 43 32 1 0; ]
1900000969[415 117 30 43 32 1 0; ]
1900000970[414 116 30 44 32 1 0; ]
1900000971[412 115 30 44 32 1 0; ]
1900000972[410 114 30 44 32 1 0; ]
1900000973[407 114 32 44 32 1 0; ]
1900000974[405 113 33 44 32 1 0; ]
1900000975[17 118 22 42 31 1 1; 404 113 33 44 32 1 0; ]
1900000976[14 115 21 41 31 1 1; 403 113 32 44 32 1 0; ]
1900000977[11 113 20 41 31 0 1; 403 111 32 46 32 1 0; ]
1900000978[8 112 20 41 31 0 1; 402 109 32 48 32 1 0; ]
1900000979[4 112 20 41 31 0 1; 401 108 32 49 32 1 0; ]
1900000980[1 113 20 41 31 0 1; 400 107 32 50 32 1 0; ]
1900000981[399 108 32 50 32 1 0; ]
1900000982[398 111 32 50 32 1 0; ]
1900000983[397 113 32 50 32 1 0; ]
1900000984[397 114 32 50 32 1 0; ]
1900000985[397 114 32 50 32 1 0; ]
1900000986[397 112 32 50 32 1 0; ]
1900000987[397 109 32 50 32 1 0; ]
1900000988[398 106 32 50 32 1 0; ]
1900000989[398 104 33 50 32 1 0; ]
1900000990[398 102 34 50 32 1 0; ]
1900000991[398 101 34 50 32 1 0; ]
1900000992[398 100 34 50 32 1 0; ]
1900000993[398 99 34 51 32 1 0; ]
1900000994[398 98 34 54 32 1 0; ]
1900000995[398 97 34 57 32 1 0; ]
1900000996[398 96 34 59 32 1 0; ]
1900000997[399 95 35 60 32 1 0; ]
1900000998[400 94 35 61 32 1 0; ]
1900000999[401 94 36 62 32 1 0; ]
1900001000[401 94 36 62 32 1 0; ]
1900001001[401 94 36 62 32 1 0; ]
1900001002[401 94 36 62 32 1 0; ]
1900001003[401 94 36 62 32 0 0; ]
1900001004[401 94 36 62 32 0 0; ]
1900001005[401 93 36 63 32 0 0; ]
1900001006[402 91 36 64 32 0 0; ]
1900001007[403 90 36 64 32 0 0; ]
1900001008[405 90 36 65 32 0 0; ]
1900001009[406 90 36 66 32 0 0; ]
1900001010[407 90 36 68 32 0 0; ]
1900001011[408 91 37 69 32 0 0; ]
1900001012[409 91 38 70 32 0 0; ]
1900001013[410 91 38 71 32 0 0; ]
1900001014[411 91 37 72 32 0 0; ]
1900001015[412 91 37 73 32 0 0; ]
1900001016[414 91 37 74 32 0 0; ]
1900001017[415 91 37 76 32 0 0; ]
1900001018[416 90 37 77 32 0 0; ]
1900001019[417 88 38 78 32 0 0; ]
1900001020[418 88 38 79 32 0 0; ]
1900001021[420 88 38 80 32 0 0; ]
1900001022[422 89 39 80 32 0 0; ]
1900001023[424 91 39 80 32 0 0; ]
1900001024[426 91 39 80 32 0 0; ]
1900001025[429 90 40 81 32 0 0; ]
1900001026[431 88 41 83 32 0 0; ]
1900001027[434 86 41 85 32 0 0; ]
1900001028[437 84 41 86 32 0 0; ]
1900001029[441 82 41 88 32 0 0; ]
1900001030[444 81 41 89 32 0 0; ]
1900001031[448 79 41 89 32 0 0; ]
1900001032[452 78 41 90 32 0 0; ]
1900001033[455 78 42 91 32 0 0; ]
1900001034[458 79 43 92 32 0 0; ]
1900001035[461 80 43 93 32 0 0; ]
1900001036[465 80 44 94 32 0 0; ]
1900001037[]
1900001038[]
1900001039[]
1900001040[]
1900001041[]
1900001042[]
1900001043[]
1900001044[]
1900001045[]
1900001046[]
1900001047[]
1900001048[]
1900001049[]
1900001050[]
1900001051[]
1900001052[]
1900001053[]
1900001054[]
1900001055[]
1900001056[]
1900001057[]
1900001058[]
1900001059[]
1900001060[]
1900001061[]
1900001062[]
1900001063[]
1900001064[]
1900001065[]
1900001066[]
1900001067[]
1900001068[]
1900001069[]
1900001070[]
1900001071[]
1900001072[]
1900001073[]
1900001074[]
1900001075[]
1900001076[]
1900001077[]
1900001078[]
1900001079[]
1900001080[]
1900001081[]
1900001082[]
1900001083[]
1900001084[]
1900001085[]
1900001086[]
1900001087[]
1900001088[]
1900001089[]
1900001090[]
1900001091[]
1900001092[]
1900001093[]
1900001094[]
1900001095[]
1900001096[]
1900001097[]
1900001098[]
1900001099[]
1900001100[]
1900001101[]
1900001102[]
1900001103[]
1900001104[]
1900001105[]
1900001106[]
1900001107[]
1900001108[]
1900001109[]
1900001110[]
1900001111[]
1900001112[]
1900001113[]
1900001114[]
1900001115[]
1900001116[]
1900001117[]
1900001118[]
1900001119[]
1900001120[]
1900001121[]
1900001122[]
1900001123[]
1900001124[]
1900001125[]
1900001126[]
1900001127[]
1900001128[]
1900001129[]
1900001130[]
1900001131[]
1900001132[]
1900001133[]
1900001134[]
1900001135[]
1900001136[]
1900001137[]
1900001138[]
1900001139[]
1900001140[]
1900001141[]
1900001142[]
1900001143[]
1900001144[]
1900001145[]
1900001146[]
1900001147[]
1900001148[]
1900001149[]
1900001150[]
1900001151[]
1900001152[]
1900001153[]
1900001154[]
1900001155[]
1900001156[]
1900001157[]
1900001158[]
1900001159[]
1900001160[]
1900001161[]
1900001162[]
1900001163[]
1900001164[]
1900001165[]
1900001166[]
1900001167[]
1900001168[]
1900001169[]
1900001170[]
1900001171[]
1900001172[]
1900001173[]
1900001174[]
1900001175[]
1900001176[]
1900001177[]
1900001178[]
1900001179[]
1900001180[]
1900001181[]
1900001182[]
1900001183[]
1900001184[]
1900001185[]
1900001186[]
1900001187[]
1900001188[]
1900001189[]
1900001190[]
1900001191[]
1900001192[]
1900001193[]
1900001194[]
1900001195[]
1900001196[]
1900001197[]
1900001198[]
1900001199[]
1900001200[]
1900001201[]
1900001202[]
1900001203[]
1900001204[]
1900001205[]
1900001206[]
1900001207[]
1900001208[]
1900001209[]
1900001210[]
1900001211[]
1900001212[]
1900001213[]
1900001214[]
1900001215[]
1900001216[]
1900001217[]
1900001218[]
1900001219[]
1900001220[]
1900001221[]
1900001222[]
1900001223[]
1900001224[]
1900001225[]
1900001226[]
1900001227[]
1900001228[]
1900001229[]
1900001230[]
1900001231[]
1900001232[]
1900001233[]
1900001234[]
1900001235[]
1900001236[]
1900001237[]
1900001238[]
1900001239[]
1900001240[]
1900001241[]
1900001242[]
1900001243[]
1900001244[]
1900001245[]
1900001246[]
1900001247[]
1900001248[]
1900001249[]
1900001250[]
1900001251[]
1900001252[]
1900001253[]
1900001254[]
1900001255[]
1900001256[]
1900001257[]
1900001258[]
1900001259[]
1900001260[]
1900001261[]
1900001262[]
1900001263[]
1900001264[]
1900001265[]
1900001266[]
1900001267[]
1900001268[]
1900001269[]
1900001270[]
1900001271[]
1900001272[]
1900001273[]
1900001274[]
1900001275[]
1900001276[]
1900001277[]
1900001278[]
1900001279[]
1900001280[]
1900001281[]
1900001282[]
1900001283[]
1900001284[]
1900001285[]
1900001286[]
1900001287[]
1900001288[]
1900001289[]
1900001290[]
1900001291[]
1900001292[]
1900001293[]
1900001294[]
1900001295[]
1900001296[]
1900001297[]
1900001298[]
1900001299[]
1900001300[]
1900001301[]
1900001302[]
1900001303[]
1900001304[]
1900001305[]
1900001306[]
1900001307[]
1900001308[]
1900001309[]
1900001310[]
1900001311[]
1900001312[]
1900001313[]
1900001314[]
1900001315[]
1900001316[]
1900001317[]
1900001318[]
1900001319[]
1900001320[]
1900001321[]
1900001322[]
1900001323[]
1900001324[]
1900001325[]
1900001326[]
1900001327[]
1900001328[]
1900001329[]
1900001330[]
1900001331[]
1900001332[]
1900001333[]
1900001334[]
1900001335[]
1900001336[]
1900001337[]
1900001338[]
1900001339[]
1900001340[]
1900001341[]
1900001342[]
1900001343[]
1900001344[]
1900001345[]
1900001346[]
1900001347[]
1900001348[]
1900001349[]
1900001350[]
1900001351[]
1900001352[]
1900001353[]
1900001354[]
1900001355[]
1900001356[]
1900001357[]
1900001358[]
1900001359[]
1900001360[]
1900001361[]
1900001362[]
1900001363[364 102 21 51 33 1 1; ]
1900001364[366 94 21 51 33 1 1; ]
1900001365[367 88 21 50 33 1 1; ]
1900001366[368 84 21 48 33 1 1; ]
1900001367[369 83 21 47 33 1 1; ]
1900001368[370 84 21 44 33 1 1; ]
1900001369[371 86 21 42 33 1 1; ]
1900001370[372 89 21 42 33 1 1; ]
1900001371[372 90 21 42 33 1 1; ]
1900001372[375 90 20 42 33 1 1; ]
1900001373[377 89 19 44 33 1 1; ]
1900001374[378 88 22 46 33 1 1; ]
1900001375[379 85 23 48 33 1 1; ]
1900001376[381 80 23 48 33 1 1; ]
1900001377[383 74 23 48 33 1 1; ]
1900001378[385 72 23 48 33 1 1; ]
1900001379[386 71 23 48 33 1 1; ]
1900001380[387 70 23 48 33 1 1; ]
1900001381[388 70 23 48 33 1 1; ]
1900001382[389 71 23 48 33 1 1; ]
1900001383[391 74 23 48 33 1 1; ]
1900001384[392 78 23 48 33 1 1; ]
1900001385[394 82 23 48 33 1 1; ]
1900001386[396 89 23 48 33 1 1; ]
1900001387[398 94 23 48 33 1 1; ]
1900001388[400 97 23 48 33 1 1; ]
1900001389[402 99 23 48 33 1 1; ]
1900001390[403 100 23 48 33 1 1; ]
1900001391[404 96 23 48 33 1 1; ]
1900001392[406 92 23 48 33 1 1; ]
1900001393[409 89 23 48 33 1 1; ]
1900001394[411 85 23 48 33 1 1; ]
1900001395[413 83 23 48 33 1 1; ]
1900001396[414 81 23 48 33 1 1; ]
1900001397[416 80 23 48 33 1 1; ]
1900001398[418 80 23 48 33 1 1; ]
1900001399[420 80 24 48 33 1 1; ]
1900001400[422 81 24 48 33 1 1; ]
1900001401[424 83 24 48 33 1 1; ]
1900001402[426 84 24 49 33 1 1; ]
1900001403[428 85 24 50 33 1 1; ]
1900001404[430 87 24 51 33 1 1; ]
1900001405[432 89 23 51 33 1 1; ]
1900001406[435 84 23 51 33 1 1; ]
1900001407[437 79 22 51 33 1 1; ]
1900001408[440 79 22 52 33 1 1; ]
1900001409[442 79 23 54 33 1 1; ]
1900001410[444 79 26 59 33 1 1; ]
1900001411[446 79 27 61 33 1 1; ]
1900001412[448 84 27 61 33 1 1; ]
1900001413[449 90 27 61 33 1 1; ]
1900001414[452 93 26 60 33 1 1; ]
1900001415[454 95 26 59 33 1 1; ]
1900001416[456 94 26 60 33 1 1; ]
1900001417[458 93 27 63 33 1 1; ]
1900001418[459 91 28 67 33 1 1; ]
1900001419[461 89 29 70 33 1 1; ]
1900001420[463 86 30 71 33 1 1; ]
1900001421[465 82 31 73 33 1 1; ]
1900001422[468 81 33 74 33 1 1; ]
1900001423[470 80 34 76 33 1 1; ]
1900001424[473 81 34 76 33 1 1; ]
1900001425[475 82 34 77 33 1 1; ]
1900001426[]
1900001427[]
1900001428[]
1900001429[]
1900001430[]
1900001431[]
1900001432[]
1900001433[]
1900001434[]
1900001435[]
1900001436[]
1900001437[]
1900001438[]
1900001439[]
1900001440[]
1900001441[]
1900001442[]
1900001443[]
1900001444[]
1900001445[]
1900001446[]
1900001447[]
1900001448[]
1900001449[]
1900001450[]
1900001451[]
1900001452[]
1900001453[]
1900001454[]
1900001455[]
1900001456[]
1900001457[]
1900001458[]
1900001459[]
1900001460[]
1900001461[]
1900001462[]
1900001463[]
1900001464[]
1900001465[]
1900001466[]
1900001467[]
1900001468[]
1900001469[]
1900001470[]
1900001471[]
1900001472[]
1900001473[]
1900001474[]
1900001475[338 103 15 31 38 1 1; ]
1900001476[340 106 15 31 38 1 1; ]
1900001477[341 107 15 31 38 1 1; ]
1900001478[342 107 15 31 38 1 1; ]
1900001479[343 106 15 31 38 1 1; ]
1900001480[344 104 15 31 38 1 1; ]
1900001481[344 102 15 31 38 1 1; ]
1900001482[345 98 15 31 38 1 1; ]
1900001483[345 95 15 31 38 1 1; ]
1900001484[346 94 15 31 38 1 1; ]
1900001485[347 93 15 31 38 1 1; ]
1900001486[348 93 15 31 38 1 1; ]
1900001487[349 92 15 31 38 1 1; ]
1900001488[348 95 15 31 38 1 1; ]
1900001489[347 97 15 31 38 1 1; ]
1900001490[]
1900001491[]
1900001492[]
1900001493[]
1900001494[]
1900001495[]
1900001496[]
1900001497[336 101 19 35 34 1 2; ]
1900001498[337 99 19 37 34 1 2; ]
1900001499[338 98 19 38 34 1 2; ]
1900001500[338 97 19 39 34 1 2; ]
1900001501[338 97 19 40 34 1 2; ]
1900001502[337 97 19 41 34 1 2; ]
1900001503[337 97 19 41 34 1 2; ]
1900001504[338 96 20 41 34 1 2; ]
1900001505[339 95 20 41 34 1 2; ]
1900001506[339 95 21 41 34 1 2; ]
1900001507[338 96 21 41 34 1 2; ]
1900001508[338 98 22 41 34 1 2; ]
1900001509[337 101 22 41 34 1 2; ]
1900001510[337 102 22 41 34 1 2; ]
1900001511[336 101 22 41 34 1 2; ]
1900001512[336 100 22 41 34 1 2; ]
1900001513[335 100 22 41 34 1 2; ]
1900001514[335 100 22 41 34 1 2; ]
1900001515[336 100 22 41 34 1 2; ]
1900001516[336 100 21 41 34 1 2; ]
1900001517[336 101 20 41 34 1 2; ]
1900001518[337 101 20 41 34 1 2; ]
1900001519[335 100 21 42 34 1 2; ]
1900001520[334 98 23 43 34 1 2; ]
1900001521[335 100 23 42 34 1 2; ]
1900001522[335 101 23 42 34 1 2; ]
1900001523[335 101 24 42 34 1 2; ]
1900001524[335 102 25 43 34 1 2; ]
1900001525[335 102 26 45 34 1 2; ]
1900001526[335 102 27 45 34 1 2; ]
1900001527[335 102 27 46 34 1 2; ]
1900001528[335 102 27 46 34 1 2; ]
1900001529[335 102 27 46 34 1 2; ]
1900001530[335 102 28 47 34 1 2; ]
1900001531[335 103 29 46 34 1 2; ]
1900001532[335 104 30 46 34 1 2; ]
1900001533[335 106 33 45 34 1 2; ]
1900001534[335 107 35 44 34 1 2; ]
1900001535[336 107 34 45 34 1 2; ]
1900001536[338 107 34 45 34 1 2; ]
1900001537[340 106 33 47 34 1 2; ]
1900001538[348 105 26 49 34 1 2; ]
1900001539[348 104 26 49 34 1 2; ]
1900001540[349 103 26 49 34 1 2; ]
1900001541[349 104 26 49 34 1 2; ]
1900001542[349 105 27 49 34 1 2; ]
1900001543[349 105 27 49 34 0 2; ]
1900001544[350 107 26 49 34 0 2; ]
1900001545[351 108 26 49 34 0 2; ]
1900001546[352 108 26 49 34 0 2; ]
1900001547[353 108 25 49 34 0 2; ]
1900001548[354 107 25 49 34 0 2; ]
1900001549[355 106 25 49 34 0 2; ]
1900001550[356 106 24 49 34 0 2; ]
1900001551[357 106 24 49 34 0 2; ]
1900001552[357 106 24 49 34 0 2; ]
1900001553[358 107 24 49 34 0 2; ]
1900001554[359 108 24 49 34 0 2; ]
1900001555[359 106 26 49 35 0 1; ]
1900001556[360 107 26 50 35 0 1; ]
1900001557[361 108 26 51 35 0 1; ]
1900001558[361 109 26 51 35 0 1; ]
1900001559[362 109 26 51 35 0 1; ]
1900001560[363 109 26 51 35 0 1; ]
1900001561[363 108 27 51 35 0 1; ]
1900001562[364 108 28 51 35 0 1; ]
1900001563[364 107 28 51 35 0 1; ]
1900001564[365 106 28 52 35 0 1; ]
1900001565[366 105 28 53 35 0 1; ]
1900001566[368 104 28 54 35 0 1; ]
1900001567[369 103 27 56 35 0 1; ]
1900001568[370 106 27 56 35 0 1; ]
1900001569[371 109 26 55 35 0 1; ]
1900001570[373 110 26 55 35 0 1; ]
1900001571[374 111 26 55 35 0 1; ]
1900001572[374 110 26 56 35 1 1; ]
1900001573[375 109 26 57 35 1 1; ]
1900001574[376 108 26 58 35 1 1; ]
1900001575[377 107 26 59 35 1 1; ]
1900001576[378 106 26 59 35 1 1; ]
1900001577[378 105 28 59 35 1 1; ]
1900001578[379 103 29 59 35 1 1; ]
1900001579[380 102 31 59 35 1 1; ]
1900001580[380 102 31 59 35 1 1; ]
1900001581[381 102 31 59 35 1 1; ]
1900001582[382 102 31 59 35 1 1; ]
1900001583[383 102 31 59 35 1 1; ]
1900001584[384 102 31 60 35 1 1; ]
1900001585[385 101 32 62 35 1 1; ]
1900001586[386 101 32 65 35 1 1; ]
1900001587[388 101 32 66 35 1 1; ]
1900001588[389 101 32 66 35 1 1; ]
1900001589[390 103 32 66 35 1 1; ]
1900001590[392 105 32 66 35 1 1; ]
1900001591[393 107 32 66 35 1 1; ]
1900001592[393 106 37 65 36 1 2; ]
1900001593[394 101 36 65 36 1 2; ]
1900001594[396 97 35 66 36 1 2; ]
1900001595[397 93 35 67 36 1 2; ]
1900001596[398 89 34 67 36 1 2; ]
1900001597[399 85 34 67 36 1 2; ]
1900001598[400 82 35 67 36 1 2; ]
1900001599[401 82 37 67 36 1 2; ]
1900001600[402 83 38 67 36 1 2; ]
1900001601[403 84 39 68 36 1 2; ]
1900001602[403 86 40 70 36 1 2; ]
1900001603[404 89 42 72 36 1 2; ]
1900001604[406 94 43 76 36 1 2; ]
1900001605[418 95 30 74 37 1 1; 406 105 24 59 39 1 1; ]
1900001606[420 96 30 73 37 1 1; 407 105 24 59 39 1 1; ]
1900001607[421 96 30 73 37 1 1; 408 105 24 59 39 1 1; ]
1900001608[423 95 30 73 37 1 1; 409 103 24 59 39 1 1; ]
1900001609[425 94 30 74 37 1 1; 411 101 24 59 39 1 1; ]
1900001610[426 92 31 75 37 1 1; 412 100 24 59 39 1 1; ]
1900001611[428 91 31 77 37 1 1; 413 98 24 59 39 1 1; ]
1900001612[430 90 32 78 37 1 1; 414 98 24 60 39 1 1; ]
1900001613[432 90 32 78 37 1 1; 416 97 24 60 39 1 1; ]
1900001614[434 90 32 78 37 1 1; 417 99 24 59 39 1 1; ]
1900001615[436 90 32 78 37 1 1; 418 101 24 57 39 1 1; ]
1900001616[438 91 32 78 37 1 1; 420 101 24 59 39 1 1; ]
1900001617[440 91 32 78 37 1 1; 421 101 24 60 39 1 1; ]
1900001618[441 91 33 79 37 1 1; 423 100 24 59 39 1 1; ]
1900001619[443 90 35 81 37 1 1; 425 100 23 57 39 1 1; ]
1900001620[444 89 36 83 37 1 1; 427 98 23 56 39 1 1; ]
1900001621[445 89 37 85 37 1 1; ]
1900001622[447 89 37 87 37 1 1; ]
1900001623[450 89 37 88 37 1 1; ]
1900001624[452 90 37 89 37 1 1; ]
1900001625[454 90 37 90 37 1 1; ]
1900001626[457 89 37 92 37 1 1; ]
1900001627[460 85 39 93 37 1 1; ]
1900001628[463 81 40 95 37 1 1; ]
1900001629[466 78 40 96 37 1 1; ]
1900001630[469 75 40 97 37 1 1; ]
1900001631[]
1900001632[]
1900001633[]
1900001634[]
1900001635[]
1900001636[]
1900001637[]
1900001638[]
1900001639[]
1900001640[]
1900001641[]
1900001642[]
1900001643[]
1900001644[]
1900001645[]
1900001646[]
1900001647[]
1900001648[]
1900001649[]
1900001650[]
1900001651[]
1900001652[]
1900001653[]
1900001654[]
1900001655[]
1900001656[]
1900001657[]
1900001658[]
1900001659[]
1900001660[]
1900001661[]
1900001662[]
1900001663[]
1900001664[]
1900001665[417 106 27 61 40 1 1; ]
1900001666[418 107 27 60 40 1 1; ]
1900001667[420 109 27 59 40 1 1; ]
1900001668[421 110 27 58 40 1 1; ]
1900001669[422 112 27 57 40 1 1; ]
1900001670[425 110 27 58 40 1 1; ]
1900001671[428 109 27 59 40 1 1; ]
1900001672[430 108 27 59 40 0 1; ]
1900001673[431 108 27 60 40 0 1; ]
1900001674[433 108 27 60 40 0 1; ]
1900001675[434 108 28 60 40 0 1; ]
1900001676[435 108 29 61 40 0 1; ]
1900001677[436 108 29 61 40 0 1; ]
1900001678[437 108 30 62 40 0 1; ]
1900001679[438 107 30 62 40 0 1; ]
1900001680[439 104 30 63 40 0 1; ]
1900001681[440 103 30 64 40 0 1; ]
1900001682[441 103 30 64 40 0 1; ]
1900001683[442 104 30 65 40 0 1; ]
1900001684[444 104 29 65 40 0 1; ]
1900001685[446 105 29 66 40 0 1; ]
1900001686[450 106 28 66 40 0 1; ]
1900001687[453 107 27 67 40 1 1; ]
1900001688[456 106 27 67 40 1 1; ]
1900001689[458 105 27 67 40 1 1; ]
1900001690[460 103 27 67 40 1 1; ]
1900001691[462 101 28 66 40 1 1; ]
1900001692[465 98 29 66 40 1 1; ]
1900001693[467 95 31 65 40 1 1; ]
1900001694[467 92 35 68 40 1 1; ]
1900001695[467 92 37 67 40 1 1; ]
1900001696[467 92 39 67 40 1 1; ]
1900001697[]
1900001698[470 97 23 62 41 1 1; ]
1900001699[472 100 24 64 41 1 1; ]
1900001700[473 103 24 64 41 1 1; ]
1900001701[474 106 25 64 41 1 1; ]
1900001702[476 108 25 64 41 1 1; ]
1900001703[]
1900001704[]
1900001705[]
1900001706[]
1900001707[477 95 26 70 45 1 1; ]
1900001708[478 96 26 70 45 1 1; ]
1900001709[479 98 27 70 45 1 1; ]
1900001710[480 99 27 70 45 1 1; ]
1900001711[481 101 28 70 45 0 1; ]
1900001712[]
1900001713[]
1900001714[]
1900001715[]
1900001716[]
1900001717[]
1900001718[]
1900001719[]
1900001720[]
1900001721[]
1900001722[]
1900001723[]
1900001724[]
1900001725[]
1900001726[]
1900001727[]
1900001728[]
1900001729[]
1900001730[]
1900001731[]
1900001732[]
1900001733[]
1900001734[]
1900001735[]
1900001736[]
1900001737[]
1900001738[]
1900001739[]
1900001740[]
1900001741[]
1900001742[]
1900001743[]
1900001744[]
1900001745[]
1900001746[]
1900001747[]
1900001748[]
1900001749[]
1900001750[]
1900001751[]
1900001752[]
1900001753[]
1900001754[]
1900001755[]
1900001756[]
1900001757[]
1900001758[]
1900001759[]
1900001760[]
1900001761[]
1900001762[]
1900001763[]
1900001764[]
1900001765[]
1900001766[]
1900001767[]
1900001768[]
1900001769[]
1900001770[]
1900001771[]
1900001772[]
1900001773[]
1900001774[]
1900001775[]
1900001776[]
1900001777[]
1900001778[]
1900001779[]
1900001780[]
1900001781[]
1900001782[]
1900001783[]
1900001784[]
1900001785[]
1900001786[]
1900001787[]
1900001788[]
1900001789[]
1900001790[]
1900001791[]
1900001792[]
1900001793[]
1900001794[]
1900001795[]
1900001796[]
1900001797[]
1900001798[]
1900001799[]
1900001800[]
1900001801[]
1900001802[]
1900001803[]
1900001804[]
1900001805[345 122 10 31 91 1 3; ]
1900001806[345 121 10 31 91 1 3; ]
1900001807[345 121 10 31 91 1 3; ]
1900001808[346 120 10 31 91 1 3; ]
1900001809[346 120 11 31 91 1 3; ]
1900001810[346 120 11 31 91 1 3; ]
1900001811[346 119 11 31 91 1 3; ]
1900001812[346 119 11 31 91 1 3; ]
1900001813[346 119 11 31 91 1 3; ]
1900001814[346 118 11 31 91 1 3; ]
1900001815[346 118 11 31 91 1 3; ]
1900001816[346 118 12 31 91 1 3; ]
1900001817[346 118 13 31 91 1 3; ]
1900001818[346 118 14 31 91 1 3; ]
1900001819[327 112 18 44 48 1 1; 345 117 19 38 54 1 1; ]
1900001820[327 115 18 45 48 1 1; 345 119 19 38 54 1 1; ]
1900001821[326 118 18 45 48 1 1; 345 122 19 38 54 1 1; ]
1900001822[326 120 18 45 48 1 1; 345 123 19 38 54 1 1; ]
1900001823[326 120 18 45 48 1 1; 345 124 19 38 54 1 1; ]
1900001824[326 120 18 45 48 0 1; 345 124 19 38 54 1 1; ]
1900001825[326 120 18 45 48 0 1; 345 123 20 39 54 1 1; ]
1900001826[326 119 18 45 48 0 1; 345 122 20 39 54 1 1; ]
1900001827[326 119 18 45 48 0 1; 345 121 20 39 54 1 1; ]
1900001828[326 118 18 45 48 0 1; 345 120 20 40 54 1 1; ]
1900001829[326 116 18 45 48 0 1; 346 119 20 40 54 1 1; 384 116 15 41 92 1 3; ]
1900001830[327 115 18 45 48 0 1; 347 117 20 40 54 1 1; 384 114 16 43 92 1 3; ]
1900001831[327 113 18 45 48 0 1; 349 115 20 41 54 1 1; 385 112 17 44 92 1 3; ]
1900001832[327 111 19 46 48 0 1; 352 113 23 43 55 1 2; 386 111 18 45 92 1 3; ]
1900001833[327 111 19 47 48 0 1; 352 114 25 45 55 1 2; 387 110 18 46 92 1 3; ]
1900001834[328 112 19 47 48 0 1; 352 115 26 46 55 1 2; 388 111 18 46 92 1 3; ]
1900001835[328 113 19 47 48 0 1; 353 116 27 46 55 1 2; 390 113 17 46 92 1 3; ]
1900001836[329 114 19 47 48 0 1; 353 117 27 47 55 1 2; 392 114 16 45 92 1 3; ]
1900001837[329 114 19 47 48 0 1; 354 117 27 46 55 1 2; 394 115 16 45 92 1 3; ]
1900001838[330 115 20 47 48 0 1; 355 117 25 45 55 1 2; 396 115 16 45 92 1 3; ]
1900001839[331 115 20 47 48 0 1; 356 118 24 44 55 1 2; 398 115 16 45 92 1 3; ]
1900001840[332 113 20 47 48 0 1; 358 118 24 43 55 1 2; 399 114 16 45 92 1 3; ]
1900001841[333 112 20 47 48 0 1; 359 116 25 44 55 1 2; 401 114 16 45 92 1 3; ]
1900001842[334 111 20 47 48 0 1; 360 114 26 46 55 1 2; 402 113 16 45 92 1 3; ]
1900001843[334 111 20 47 48 0 1; 361 112 26 48 55 1 2; 403 111 16 45 92 1 3; ]
1900001844[335 111 20 47 48 0 1; 362 112 26 49 55 1 2; 405 110 17 45 92 1 3; ]
1900001845[335 111 20 47 48 0 1; 363 112 26 50 55 1 2; 406 111 17 45 92 1 3; ]
1900001846[336 112 20 47 48 0 1; 364 113 27 51 55 1 2; 408 113 16 45 92 1 3; ]
1900001847[337 113 20 47 48 0 1; 366 114 28 51 55 1 2; 410 113 16 45 92 1 3; ]
1900001848[337 114 20 47 48 0 1; 367 115 28 51 55 1 2; 411 114 16 45 92 1 3; ]
1900001849[338 114 20 47 48 0 1; 368 116 28 51 55 1 2; 413 114 16 45 92 1 3; ]
1900001850[338 115 20 48 48 0 1; 369 117 28 51 55 1 2; 415 114 16 45 92 1 3; ]
1900001851[339 115 20 49 48 0 1; 370 118 28 51 55 1 2; 417 115 16 46 92 1 3; ]
1900001852[340 114 20 49 48 0 1; 371 118 28 51 55 1 2; 418 114 17 47 92 1 3; ]
1900001853[339 112 28 53 49 1 2; 372 117 28 51 55 1 2; 420 112 17 48 92 1 3; ]
1900001854[341 111 27 52 49 1 2; 374 116 29 51 55 1 2; 422 110 18 50 92 1 3; ]
1900001855[343 111 26 51 49 1 2; 375 115 29 51 55 1 2; 423 110 18 50 92 1 3; ]
1900001856[344 111 26 50 49 0 2; 376 113 29 51 55 1 2; 425 110 18 50 92 1 3; ]
1900001857[344 111 26 50 49 0 2; 377 113 29 52 55 1 2; 427 110 18 49 92 1 3; ]
1900001858[344 111 26 50 49 0 2; 378 114 29 52 55 1 2; 429 110 17 48 92 1 3; ]
1900001859[344 112 27 50 49 0 2; 379 114 29 53 55 1 2; 430 111 16 46 92 1 3; ]
1900001860[344 113 28 50 49 0 2; 379 114 29 53 55 1 2; 430 111 16 46 92 1 3; ]
1900001861[344 113 28 50 49 0 2; 379 115 30 53 55 1 2; ]
1900001862[344 113 28 51 49 0 2; 379 115 30 53 55 1 2; ]
1900001863[344 113 28 51 49 0 2; 379 115 31 53 55 1 2; ]
1900001864[344 113 28 53 49 0 2; 379 115 32 53 55 1 2; ]
1900001865[344 113 28 54 49 0 2; 379 115 33 54 55 1 2; ]
1900001866[344 113 28 54 49 0 2; 383 114 32 59 56 1 1; ]
1900001867[345 112 29 55 49 0 2; 384 114 31 59 56 1 1; ]
1900001868[345 111 29 55 49 0 2; 385 112 29 59 56 1 1; ]
1900001869[345 109 29 55 49 0 2; 386 111 29 59 56 1 1; ]
1900001870[345 108 30 55 49 1 2; 387 109 28 59 56 1 1; ]
1900001871[345 106 32 55 49 1 2; 388 106 28 59 56 1 1; 370 108 18 51 57 1 1; ]
1900001872[345 104 32 55 49 1 2; 389 104 28 59 56 1 1; 371 106 19 53 57 1 1; ]
1900001873[345 103 33 55 49 1 2; 389 104 29 59 56 1 1; 371 104 20 54 57 1 1; ]
1900001874[345 104 33 55 49 1 2; 389 103 29 59 56 1 1; 371 103 20 55 57 1 1; ]
1900001875[345 105 32 55 49 1 2; 390 104 29 59 56 1 1; 372 104 20 56 57 1 1; ]
1900001876[345 106 31 55 49 1 2; 391 105 29 59 56 1 1; 372 105 20 57 57 1 1; ]
1900001877[346 106 31 55 49 1 2; 393 106 29 59 56 1 1; 372 105 20 58 57 1 1; ]
1900001878[346 106 31 55 49 1 2; 394 108 28 59 56 1 1; 372 106 20 59 57 1 1; ]
1900001879[347 106 31 55 49 1 2; 395 108 29 58 56 1 1; 373 105 20 59 57 1 1; ]
1900001880[348 106 31 55 49 1 2; 395 108 29 58 56 1 1; 374 105 20 59 57 1 1; ]
1900001881[348 106 31 55 49 1 2; 396 108 29 57 56 1 1; 375 104 20 59 57 1 1; ]
1900001882[348 106 32 55 49 1 2; 397 108 29 56 56 1 1; 376 103 20 59 57 1 1; ]
1900001883[348 106 33 55 49 1 2; 398 108 27 54 56 1 1; 376 103 21 59 57 1 1; ]
1900001884[347 106 34 55 49 1 2; 400 108 24 51 56 1 1; 377 104 21 59 57 1 1; ]
1900001885[347 106 36 56 49 1 2; 401 108 25 52 56 1 1; 377 104 22 59 57 1 1; ]
1900001886[347 106 40 58 49 1 2; 402 108 26 53 56 1 1; 377 105 23 59 57 1 1; 458 102 14 54 93 1 3; ]
1900001887[346 105 57 61 50 1 2; 461 103 15 56 93 1 3; ]
1900001888[347 106 57 62 50 1 2; 464 103 15 57 93 1 3; ]
1900001889[347 106 57 62 50 1 2; 466 104 15 58 93 1 3; ]
1900001890[348 107 57 62 50 1 2; ]
1900001891[349 107 57 62 50 1 2; ]
1900001892[349 107 59 62 50 1 2; ]
1900001893[349 107 60 62 50 1 2; ]
1900001894[350 106 47 62 50 1 2; ]
1900001895[350 105 48 62 50 1 2; 396 109 22 62 58 1 1; ]
1900001896[351 104 49 62 50 1 2; 399 107 22 60 58 1 1; ]
1900001897[352 103 50 62 50 1 2; 400 105 22 59 58 1 1; ]
1900001898[354 102 50 62 50 1 2; 402 104 22 58 58 1 1; ]
1900001899[355 102 50 62 50 1 2; 402 103 22 57 58 1 1; ]
1900001900[356 100 49 65 50 1 2; 402 103 22 57 58 1 1; ]
1900001901[358 98 68 66 50 1 2; ]
1900001902[360 101 71 64 50 1 2; ]
1900001903[361 101 71 64 50 1 2; ]
1900001904[362 101 72 65 50 1 2; ]
1900001905[362 101 66 66 50 1 2; ]
1900001906[363 101 60 68 50 1 2; ]
1900001907[364 101 59 69 50 1 2; ]
1900001908[366 100 59 70 50 1 2; 426 100 26 72 59 1 1; ]
1900001909[368 99 60 70 50 1 2; 427 100 26 72 59 1 1; ]
1900001910[369 98 61 70 50 1 2; 428 100 26 72 59 1 1; ]
1900001911[371 98 61 70 50 1 2; 430 100 27 72 59 1 1; ]
1900001912[373 97 61 71 50 1 2; 431 100 27 72 59 1 1; ]
1900001913[374 97 63 71 50 1 2; 433 100 27 72 59 1 1; ]
1900001914[376 96 66 73 50 1 2; 436 100 28 72 59 1 1; ]
1900001915[377 96 66 74 50 1 2; 438 101 28 72 59 1 1; ]
1900001916[378 97 66 75 50 1 2; 441 101 28 72 59 1 1; ]
1900001917[379 98 68 75 50 1 2; 443 101 29 72 59 1 1; ]
1900001918[380 100 70 76 50 1 2; 445 101 29 73 59 1 1; ]
1900001919[381 99 72 77 50 1 2; 447 100 30 76 59 1 1; ]
1900001920[382 98 75 78 50 1 2; 450 100 30 77 59 1 1; ]
1900001921[384 96 77 80 50 1 2; 452 99 30 77 59 1 1; ]
1900001922[385 95 79 82 50 1 2; 455 99 30 77 59 1 1; ]
1900001923[387 93 80 83 50 1 2; 458 98 29 77 59 1 1; ]
1900001924[389 92 82 84 50 1 2; 461 97 29 77 59 1 1; ]
1900001925[390 90 83 85 50 1 2; 464 95 29 77 59 1 1; ]
1900001926[392 89 83 85 50 1 2; 467 92 29 77 59 1 1; ]
1900001927[394 88 84 85 50 1 2; ]
1900001928[395 87 85 85 50 1 2; ]
1900001929[396 87 85 85 50 1 2; ]
1900001930[398 86 86 85 50 1 2; ]
1900001931[396 88 31 79 51 1 1; 420 86 34 84 60 1 1; 442 83 43 88 61 0 2; ]
1900001932[398 85 32 81 51 1 1; 421 85 34 84 60 1 1; 443 81 43 89 61 0 2; ]
1900001933[399 84 32 82 51 1 1; 423 84 34 84 60 1 1; 444 79 43 90 61 0 2; 480 85 28 86 63 1 1; ]
1900001934[401 83 32 83 51 1 1; 424 83 34 85 60 1 1; 445 78 43 91 61 0 2; 482 84 29 87 63 1 1; ]
1900001935[402 83 32 83 51 1 1; 426 83 34 85 60 1 1; 446 78 43 92 61 0 2; ]
1900001936[404 83 32 83 51 1 1; 427 83 34 86 60 1 1; 448 78 43 94 61 0 2; ]
1900001937[406 85 31 83 51 1 1; 429 83 33 87 60 1 1; 450 78 43 95 61 0 2; ]
1900001938[407 86 30 83 51 1 1; 431 83 33 89 60 1 1; 452 79 43 96 61 0 2; ]
1900001939[409 88 30 83 51 0 1; 433 84 33 91 60 1 1; 454 79 43 97 61 0 2; ]
1900001940[411 89 30 83 51 0 1; 433 84 33 91 60 1 1; 457 80 43 98 61 0 2; ]
1900001941[412 90 31 84 51 0 1; 433 84 33 91 60 1 1; 459 81 43 99 61 0 2; ]
1900001942[414 92 31 86 51 0 1; 433 84 33 91 60 1 1; 461 83 43 99 61 0 2; ]
1900001943[416 92 32 88 51 0 1; 441 93 28 88 60 1 1; 463 85 44 100 61 0 2; ]
1900001944[417 92 33 89 51 0 1; 446 92 28 88 60 1 1; 466 84 45 101 61 0 2; ]
1900001945[419 90 34 90 51 0 1; 450 91 28 88 60 1 1; ]
1900001946[420 87 36 91 51 0 1; 454 87 28 90 60 1 1; ]
1900001947[422 83 37 92 51 0 1; 455 80 28 93 60 1 1; ]
1900001948[421 77 70 100 52 1 2; ]
1900001949[423 76 71 103 52 1 2; ]
1900001950[426 75 71 105 52 1 2; ]
1900001951[428 73 71 106 52 1 2; ]
1900001952[431 71 71 106 52 1 2; ]
1900001953[433 66 51 100 52 1 2; ]
1900001954[436 62 52 95 52 1 2; ]
1900001955[440 63 53 102 52 1 2; ]
1900001956[443 63 56 100 52 1 2; ]
1900001957[446 66 60 111 52 1 2; ]
1900001958[]
1900001959[]
1900001960[]
1900001961[454 83 31 97 65 1 1; ]
1900001962[460 83 31 98 65 1 1; ]
1900001963[465 83 30 99 65 1 1; ]
1900001964[471 82 29 100 65 1 1; ]
1900001965[474 82 29 101 65 1 1; ]
1900001966[468 82 38 101 65 1 1; ]
1900001967[473 82 38 101 65 1 1; ]
1900001968[]
1900001969[]
1900001970[]
1900001971[]
1900001972[]
1900001973[]
1900001974[]
1900001975[]
1900001976[]
1900001977[]
1900001978[]
1900001979[]
1900001980[]
1900001981[]
1900001982[]
1900001983[]
1900001984[]
1900001985[]
1900001986[]
1900001987[]
1900001988[]
1900001989[]
1900001990[]
1900001991[]
1900001992[]
1900001993[]
1900001994[]
1900001995[]
1900001996[]
1900001997[]
1900001998[]
1900001999[]
1900002000[]
1900002001[]
1900002002[]
1900002003[]
1900002004[]
1900002005[]
1900002006[]
1900002007[]
1900002008[]
1900002009[]
1900002010[]
1900002011[]
1900002012[]
1900002013[]
1900002014[]
1900002015[]
1900002016[]
1900002017[]
1900002018[]
1900002019[]
1900002020[]
1900002021[]
1900002022[]
1900002023[]
1900002024[]
1900002025[]
1900002026[]
1900002027[419 108 21 42 68 1 0; ]
1900002028[419 105 23 44 68 1 0; ]
1900002029[418 103 24 45 68 0 0; ]
1900002030[418 103 23 44 68 0 0; ]
1900002031[418 102 23 44 68 0 0; ]
1900002032[418 100 24 47 68 0 0; ]
1900002033[417 98 25 51 68 0 0; ]
1900002034[417 98 26 53 68 0 0; ]
1900002035[417 98 27 54 68 0 0; ]
1900002036[417 98 27 54 68 0 0; ]
1900002037[417 98 27 54 68 0 0; ]
1900002038[416 98 28 54 68 0 0; ]
1900002039[416 98 28 54 68 0 0; ]
1900002040[418 99 27 54 68 0 0; ]
1900002041[419 101 26 53 68 0 0; ]
1900002042[419 103 27 53 68 0 0; ]
1900002043[419 106 28 53 68 0 0; ]
1900002044[419 106 28 52 68 0 0; ]
1900002045[420 107 27 52 68 0 0; ]
1900002046[421 107 27 52 68 0 0; ]
1900002047[422 107 27 51 68 0 0; ]
1900002048[422 107 27 52 68 0 0; ]
1900002049[423 106 27 52 68 0 0; ]
1900002050[425 105 28 53 68 0 0; ]
1900002051[426 105 28 54 68 0 0; ]
1900002052[427 105 29 54 68 0 0; ]
1900002053[427 105 30 54 68 0 0; ]
1900002054[428 105 30 54 68 0 0; ]
1900002055[429 105 30 54 68 1 0; ]
1900002056[431 104 30 54 68 1 0; ]
1900002057[433 103 30 55 68 1 0; ]
1900002058[435 102 29 56 68 1 0; ]
1900002059[437 102 29 56 68 1 0; ]
1900002060[439 103 29 55 68 1 0; ]
1900002061[441 105 28 54 68 1 0; ]
1900002062[442 106 28 53 68 1 0; ]
1900002063[443 107 28 53 68 1 0; ]
1900002064[445 109 28 53 68 1 0; ]
1900002065[447 111 28 53 68 1 0; ]
1900002066[447 113 28 53 68 1 0; ]
1900002067[448 115 28 53 68 1 0; ]
1900002068[449 115 28 51 68 1 0; ]
1900002069[451 114 27 49 68 1 0; ]
1900002070[452 114 27 48 68 1 0; ]
1900002071[]
1900002072[]
1900002073[]
1900002074[]
1900002075[]
1900002076[]
1900002077[]
1900002078[]
1900002079[]
1900002080[]
1900002081[]
1900002082[]
1900002083[]
1900002084[]
1900002085[]
1900002086[]
1900002087[]
1900002088[]
1900002089[]
1900002090[]
1900002091[]
1900002092[]
1900002093[]
1900002094[]
1900002095[]
1900002096[]
1900002097[]
1900002098[]
1900002099[]
1900002100[]
1900002101[]
1900002102[]
1900002103[]
1900002104[]
1900002105[]
1900002106[]
1900002107[]
1900002108[]
1900002109[]
1900002110[]
1900002111[]
1900002112[]
1900002113[]
1900002114[]
1900002115[]
1900002116[]
1900002117[]
1900002118[]
1900002119[]
1900002120[]
1900002121[]
1900002122[]
1900002123[]
1900002124[]
1900002125[]
1900002126[]
1900002127[]
1900002128[]
1900002129[]
1900002130[]
1900002131[]
1900002132[]
1900002133[]
1900002134[]
1900002135[]
1900002136[]
1900002137[]
1900002138[]
1900002139[]
1900002140[]
1900002141[]
1900002142[]
1900002143[]
1900002144[]
1900002145[]
1900002146[]
1900002147[]
1900002148[]
1900002149[]
1900002150[]
1900002151[]
1900002152[]
1900002153[]
1900002154[]
1900002155[]
1900002156[]
1900002157[]
1900002158[]
1900002159[]
1900002160[]
1900002161[]
1900002162[]
1900002163[]
1900002164[]
1900002165[]
1900002166[]
1900002167[]
1900002168[]
1900002169[]
1900002170[]
1900002171[]
1900002172[]
1900002173[75 116 12 42 95 1 1; ]
1900002174[73 122 14 41 95 1 1; ]
1900002175[71 124 14 41 95 0 1; ]
1900002176[69 125 14 41 95 0 1; ]
1900002177[67 125 14 42 95 0 1; ]
1900002178[65 126 14 42 95 0 1; ]
1900002179[63 126 14 43 95 0 1; ]
1900002180[61 126 14 43 95 0 1; ]
1900002181[60 124 14 44 95 0 1; ]
1900002182[58 118 14 44 95 0 1; ]
1900002183[57 111 14 44 95 0 1; ]
1900002184[55 105 14 44 95 0 1; ]
1900002185[53 103 14 45 95 0 1; ]
1900002186[50 103 14 46 95 1 1; ]
1900002187[47 104 14 47 95 1 1; ]
1900002188[45 107 14 49 95 1 1; ]
1900002189[]
1900002190[]
1900002191[]
1900002192[]
1900002193[]
1900002194[]
1900002195[]
1900002196[]
1900002197[]
1900002198[]
1900002199[]
1900002200[]
1900002201[]
1900002202[]
1900002203[]
1900002204[]
1900002205[]
1900002206[]
1900002207[]
1900002208[]
1900002209[]
1900002210[]
1900002211[]
1900002212[]
1900002213[]
1900002214[]
1900002215[]
1900002216[]
1900002217[]
1900002218[]
1900002219[]
1900002220[]
1900002221[]
1900002222[]
1900002223[]
1900002224[]
1900002225[]
1900002226[]
1900002227[]
1900002228[]
1900002229[]
1900002230[]
1900002231[]
1900002232[]
1900002233[]
1900002234[]
1900002235[]
1900002236[]
1900002237[]
1900002238[]
1900002239[]
1900002240[]
1900002241[]
1900002242[]
1900002243[]
1900002244[]
1900002245[]
1900002246[]
1900002247[]
1900002248[]
1900002249[]
1900002250[]
1900002251[]
1900002252[]
1900002253[]
1900002254[]
1900002255[]
1900002256[]
1900002257[]
1900002258[]
1900002259[]
1900002260[]
1900002261[]
1900002262[]
1900002263[]
1900002264[]
1900002265[]
1900002266[]
1900002267[]
1900002268[]
1900002269[]
1900002270[]
1900002271[]
1900002272[]
1900002273[]
1900002274[]
1900002275[]
1900002276[]
1900002277[]
1900002278[]
1900002279[]
1900002280[]
1900002281[]
1900002282[]
1900002283[]
1900002284[]
1900002285[]
1900002286[]
1900002287[]
1900002288[]
1900002289[]
1900002290[]
1900002291[]
1900002292[]
1900002293[]
1900002294[]
1900002295[]
1900002296[]
1900002297[]
1900002298[]
1900002299[]
1900002300[]
1900002301[]
1900002302[]
1900002303[]
1900002304[]
1900002305[]
1900002306[]
1900002307[]
1900002308[]
1900002309[]
1900002310[]
1900002311[]
1900002312[]
1900002313[]
1900002314[]
1900002315[]
1900002316[]
1900002317[]
1900002318[11 115 19 45 71 1 1; ]
1900002319[10 115 20 45 71 1 1; ]
1900002320[8 114 20 44 71 0 1; ]
1900002321[7 114 21 43 71 0 1; ]
1900002322[5 114 21 43 71 0 1; ]
1900002323[4 114 21 43 71 0 1; ]
1900002324[2 115 21 43 71 1 1; ]
1900002325[0 115 21 43 71 1 1; ]
1900002326[]
1900002327[]
1900002328[]
1900002329[]
1900002330[]
1900002331[]
1900002332[]
1900002333[]
1900002334[]
1900002335[]
1900002336[]
1900002337[]
1900002338[]
1900002339[]
1900002340[]
1900002341[]
1900002342[]
1900002343[]
1900002344[]
1900002345[]
1900002346[]
1900002347[]
1900002348[]
1900002349[]
1900002350[]
1900002351[]
1900002352[]
1900002353[]
1900002354[]
1900002355[]
1900002356[]
1900002357[]
1900002358[]
1900002359[]
1900002360[]
1900002361[]
1900002362[]
1900002363[]
1900002364[]
1900002365[]
1900002366[]
1900002367[]
1900002368[]
1900002369[]
1900002370[]
1900002371[]
1900002372[]
1900002373[]
1900002374[]
1900002375[]
1900002376[]
1900002377[]
1900002378[]
1900002379[]
1900002380[]
1900002381[]
1900002382[]
1900002383[]
1900002384[]
1900002385[]
1900002386[]
1900002387[]
1900002388[]
1900002389[]
1900002390[]
1900002391[]
1900002392[]
1900002393[]
1900002394[]
1900002395[]
1900002396[]
1900002397[]
1900002398[]
1900002399[]
1900002400[]
1900002401[]
1900002402[]
1900002403[]
1900002404[]
1900002405[]
1900002406[]
1900002407[]
1900002408[]
1900002409[]
1900002410[]
1900002411[]
1900002412[]
1900002413[]
1900002414[]
1900002415[]
1900002416[]
1900002417[]
1900002418[]
1900002419[]
1900002420[]
1900002421[]
1900002422[]
1900002423[]
1900002424[]
1900002425[]
1900002426[]
1900002427[]
1900002428[]
1900002429[]
1900002430[]
1900002431[]
1900002432[]
1900002433[]
1900002434[]
1900002435[]
1900002436[]
1900002437[]
1900002438[]
1900002439[]
1900002440[]
1900002441[]
1900002442[]
1900002443[]
1900002444[]
1900002445[]
1900002446[]
1900002447[]
1900002448[]
1900002449[]
1900002450[]
1900002451[]
1900002452[]
1900002453[]
1900002454[]
1900002455[]
1900002456[]
1900002457[]
1900002458[]
1900002459[]
1900002460[]
1900002461[]
1900002462[]
1900002463[]
1900002464[]
1900002465[]
1900002466[]
1900002467[]
1900002468[]
1900002469[]
1900002470[]
1900002471[]
1900002472[]
1900002473[]
1900002474[]
1900002475[]
1900002476[]
1900002477[]
1900002478[]
1900002479[]
1900002480[]
1900002481[]
1900002482[]
1900002483[]
1900002484[]
1900002485[]
1900002486[]
1900002487[]
1900002488[]
1900002489[]
1900002490[]
1900002491[]
1900002492[]
1900002493[]
1900002494[]
1900002495[]
1900002496[]
1900002497[]
1900002498[]
1900002499[]
1900002500[]
1900002501[]
1900002502[]
1900002503[]
1900002504[]
1900002505[]
1900002506[]
1900002507[]
1900002508[]
1900002509[]
1900002510[]
1900002511[]
1900002512[]
1900002513[]
1900002514[]
1900002515[]
1900002516[]
1900002517[]
1900002518[]
1900002519[]
1900002520[]
1900002521[]
1900002522[]
1900002523[]
1900002524[]
1900002525[]
1900002526[]
1900002527[]
1900002528[]
1900002529[]
1900002530[]
1900002531[]
1900002532[]
1900002533[]
1900002534[]
1900002535[]
1900002536[]
1900002537[]
1900002538[]
1900002539[]
1900002540[]
1900002541[]
1900002542[]
1900002543[]
1900002544[]
1900002545[]
1900002546[]
1900002547[]
1900002548[]
1900002549[]
1900002550[]
1900002551[]
1900002552[]
1900002553[]
1900002554[]
1900002555[]
1900002556[]
1900002557[]
1900002558[]
1900002559[]
1900002560[]
1900002561[]
1900002562[]
1900002563[]
1900002564[]
1900002565[]
1900002566[]
1900002567[]
1900002568[]
1900002569[]
1900002570[]
1900002571[]
1900002572[]
1900002573[]
1900002574[]
1900002575[]
1900002576[]
1900002577[]
1900002578[]
1900002579[]
1900002580[]
1900002581[]
1900002582[]
1900002583[]
1900002584[]
1900002585[]
1900002586[]
1900002587[]
1900002588[]
1900002589[]
1900002590[]
1900002591[]
1900002592[]
1900002593[]
1900002594[]
1900002595[]
1900002596[]
1900002597[]
1900002598[]
1900002599[]
1900002600[]
1900002601[]
1900002602[]
1900002603[]
1900002604[]
1900002605[]
1900002606[]
1900002607[]
1900002608[]
1900002609[]
1900002610[]
1900002611[]
1900002612[]
1900002613[]
1900002614[]
1900002615[]
1900002616[]
1900002617[]
1900002618[]
1900002619[]
1900002620[]
1900002621[]
1900002622[]
1900002623[]
1900002624[]
1900002625[]
1900002626[]
1900002627[]
1900002628[]
1900002629[]
1900002630[]
1900002631[]
1900002632[]
1900002633[]
1900002634[]
1900002635[]
1900002636[]
1900002637[]
1900002638[]
1900002639[]
1900002640[]
1900002641[]
1900002642[]
1900002643[]
1900002644[]
1900002645[]
1900002646[]
1900002647[]
1900002648[]
1900002649[]
1900002650[]
1900002651[]
1900002652[]
1900002653[]
1900002654[]
1900002655[]
1900002656[]
1900002657[]
1900002658[]
1900002659[]
1900002660[]
1900002661[]
1900002662[]
1900002663[]
1900002664[]
1900002665[]
1900002666[]
1900002667[]
1900002668[]
1900002669[]
1900002670[]
1900002671[]
1900002672[]
1900002673[]
1900002674[]
1900002675[]
1900002676[]
1900002677[]
1900002678[]
1900002679[]
1900002680[]
1900002681[]
1900002682[]
1900002683[]
1900002684[]
1900002685[]
1900002686[]
1900002687[]
1900002688[]
1900002689[]
1900002690[]
1900002691[]
1900002692[]
1900002693[]
1900002694[]
1900002695[]
1900002696[]
1900002697[]
1900002698[]
1900002699[]
1900002700[]
1900002701[44 113 18 35 73 1 0; ]
1900002702[42 114 18 34 73 1 0; ]
1900002703[40 115 18 33 73 0 0; ]
1900002704[38 115 18 33 73 0 0; ]
1900002705[36 116 18 33 73 0 0; ]
1900002706[35 116 18 33 73 0 0; ]
1900002707[34 117 18 33 73 0 0; ]
1900002708[32 117 18 33 73 0 0; ]
1900002709[31 117 18 33 73 0 0; ]
1900002710[28 116 18 33 73 0 0; ]
1900002711[25 114 19 34 73 0 0; ]
1900002712[24 109 20 36 73 0 0; ]
1900002713[20 108 21 37 73 0 0; ]
1900002714[16 112 21 37 73 0 0; ]
1900002715[14 109 31 44 74 0 2; ]
1900002716[12 112 31 44 74 0 2; ]
1900002717[11 113 31 44 74 0 2; ]
1900002718[7 112 23 45 75 0 0; 25 119 15 31 77 0 1; ]
1900002719[5 115 23 45 75 0 0; 26 121 15 31 77 0 1; ]
1900002720[3 117 23 45 75 0 0; 26 123 15 31 77 0 1; ]
1900002721[0 118 23 45 75 0 0; 26 124 15 31 77 0 1; ]
1900002722[25 125 15 31 77 0 1; ]
1900002723[24 125 15 31 77 0 1; ]
1900002724[24 124 15 32 77 0 1; ]
1900002725[23 123 15 31 77 0 1; ]
1900002726[23 123 15 31 77 0 1; ]
1900002727[23 123 15 31 77 0 1; ]
1900002728[23 123 15 31 77 0 1; ]
1900002729[23 123 15 31 77 0 1; ]
1900002730[23 123 15 31 77 0 1; ]
1900002731[23 123 15 31 77 0 1; ]
1900002732[22 123 15 31 77 0 1; ]
1900002733[22 123 15 31 77 0 1; ]
1900002734[22 123 15 31 77 0 1; ]
1900002735[22 123 15 31 77 0 1; ]
1900002736[22 123 15 31 77 0 1; ]
1900002737[21 123 15 31 77 0 1; ]
1900002738[21 123 15 31 77 0 1; ]
1900002739[21 123 15 31 77 0 1; ]
1900002740[21 123 15 31 77 0 1; ]
1900002741[]
1900002742[]
1900002743[]
1900002744[]
1900002745[]
1900002746[350 121 10 30 99 1 3; ]
1900002747[351 121 10 30 99 1 3; ]
1900002748[353 121 10 30 99 1 3; ]
1900002749[354 122 10 30 99 1 3; ]
1900002750[356 122 10 30 99 1 3; ]
1900002751[357 122 10 30 99 1 3; ]
1900002752[359 122 10 31 99 1 3; ]
1900002753[360 122 10 31 99 1 3; ]
1900002754[362 123 10 31 99 1 3; ]
1900002755[363 123 10 31 99 1 3; ]
1900002756[365 123 10 31 99 1 3; ]
1900002757[366 123 10 31 99 1 3; ]
1900002758[368 123 11 31 99 1 3; ]
1900002759[370 123 11 31 99 1 3; ]
1900002760[371 123 11 31 99 1 3; ]
1900002761[373 123 11 31 99 1 3; ]
1900002762[20 115 19 39 78 1 1; 375 123 11 32 99 1 3; ]
1900002763[21 115 18 38 78 1 1; 376 123 11 32 99 1 3; ]
1900002764[21 115 18 38 78 1 1; 378 122 11 32 99 1 3; ]
1900002765[21 115 18 37 78 0 1; 380 122 11 32 99 1 3; ]
1900002766[21 115 18 37 78 0 1; 381 121 11 32 99 1 3; ]
1900002767[21 114 18 37 78 0 1; 383 120 12 32 99 1 3; ]
1900002768[21 112 18 37 78 0 1; 385 119 12 33 99 1 3; ]
1900002769[21 112 18 37 78 0 1; 386 118 12 33 99 1 3; ]
1900002770[21 112 18 37 78 0 1; 388 117 12 33 99 1 3; ]
1900002771[21 112 18 37 78 0 1; 390 115 12 34 99 1 3; ]
1900002772[21 112 18 37 78 0 1; 391 116 12 34 99 1 3; ]
1900002773[21 112 18 37 78 0 1; 392 117 12 34 99 1 3; ]
1900002774[21 112 18 37 78 0 1; 394 117 12 34 99 1 3; ]
1900002775[21 112 18 37 78 0 1; 395 118 12 34 99 1 3; ]
1900002776[20 113 18 37 78 0 1; 396 118 12 35 99 1 3; ]
1900002777[20 113 18 37 78 0 1; 398 119 13 35 99 1 3; ]
1900002778[19 113 18 37 78 0 1; 399 119 13 35 99 1 3; ]
1900002779[18 113 18 37 78 0 1; 400 119 13 35 99 1 3; ]
1900002780[18 113 18 37 78 0 1; 83 120 18 30 81 0 0; 401 119 13 35 99 1 3; ]
1900002781[17 113 18 37 78 0 1; 82 119 18 31 81 0 0; 403 119 13 35 99 1 3; ]
1900002782[17 113 18 37 78 0 1; 81 119 18 32 81 0 0; 404 118 13 35 99 1 3; ]
1900002783[16 113 18 37 78 0 1; 79 119 19 32 81 0 0; 405 118 13 35 99 1 3; ]
1900002784[16 113 18 37 78 0 1; 78 119 19 32 81 0 0; 407 118 13 35 99 1 3; ]
1900002785[15 113 18 37 78 0 1; 76 119 19 32 81 0 0; 408 117 13 34 99 1 3; ]
1900002786[14 113 18 37 78 0 1; 75 119 19 32 81 0 0; 409 116 13 34 99 1 3; ]
1900002787[14 113 18 37 78 0 1; 73 118 19 32 81 0 0; 410 117 13 34 99 1 3; ]
1900002788[13 113 18 37 78 0 1; 71 118 19 32 81 0 0; 412 117 13 35 99 1 3; ]
1900002789[12 113 18 37 78 0 1; 70 118 19 32 81 0 0; 413 118 13 35 99 1 3; ]
1900002790[11 113 18 37 78 0 1; 68 118 19 32 81 0 0; 414 118 13 35 99 1 3; ]
1900002791[10 113 18 37 78 0 1; 66 118 19 32 81 0 0; 415 118 13 36 99 1 3; ]
1900002792[9 113 18 38 78 0 1; 64 119 19 33 81 0 0; 417 119 13 36 99 1 3; ]
1900002793[8 113 18 39 78 0 1; 62 120 20 33 81 0 0; 418 119 13 36 99 1 3; ]
1900002794[7 113 18 39 78 0 1; 60 120 20 33 81 0 0; 419 120 13 36 99 1 3; ]
1900002795[6 113 18 39 78 0 1; 58 120 20 33 81 0 0; 420 120 13 37 99 1 3; ]
1900002796[5 113 18 39 78 0 1; 56 120 20 33 81 0 0; 422 120 12 37 99 1 3; ]
1900002797[4 114 18 39 78 0 1; 54 120 20 33 81 0 0; 423 121 12 37 99 1 3; ]
1900002798[3 114 18 39 78 0 1; 52 120 20 33 81 0 0; 424 121 12 38 99 1 3; ]
1900002799[2 116 18 39 78 0 1; 50 121 20 33 81 0 0; 426 122 12 38 99 1 3; ]
1900002800[1 117 18 39 78 0 1; 48 121 20 33 81 0 0; 427 122 12 38 99 1 3; ]
1900002801[0 118 18 39 78 0 1; 46 123 20 33 81 0 0; 428 122 12 38 99 1 3; ]
1900002802[44 124 20 33 81 0 0; 429 123 12 38 99 1 3; ]
1900002803[41 126 20 33 81 0 0; 431 124 13 38 99 1 3; ]
1900002804[39 128 20 33 81 0 0; 432 124 13 38 99 1 3; ]
1900002805[37 127 21 33 81 0 0; 433 125 13 38 99 1 3; ]
1900002806[36 126 21 33 81 0 0; 434 125 14 38 99 1 3; ]
1900002807[33 125 21 33 81 0 0; 436 125 14 38 99 1 3; ]
1900002808[29 125 21 33 81 0 0; 437 125 14 38 99 1 3; ]
1900002809[28 124 21 33 81 0 0; 438 124 14 38 99 1 3; ]
1900002810[26 123 21 33 81 0 0; 440 123 14 38 99 1 3; ]
1900002811[24 122 21 33 81 0 0; 441 121 13 37 99 1 3; ]
1900002812[21 120 21 33 81 0 0; 358 123 16 32 82 1 1; 443 120 13 37 99 1 3; ]
1900002813[19 119 21 33 81 0 0; 359 123 17 32 82 1 1; 444 120 13 38 99 1 3; ]
1900002814[17 119 21 33 81 0 0; 359 123 17 32 82 1 1; 446 119 13 39 99 1 3; ]
1900002815[14 119 21 33 81 1 0; 360 123 16 32 82 1 1; 447 119 14 40 99 1 3; ]
1900002816[361 123 16 32 82 1 1; 449 119 14 42 99 1 3; ]
1900002817[361 123 15 32 82 1 1; 450 119 14 41 99 1 3; ]
1900002818[362 123 15 32 82 0 1; 452 119 14 41 99 1 3; ]
1900002819[362 123 15 33 82 0 1; 453 119 14 40 99 1 3; ]
1900002820[362 123 15 33 82 0 1; 455 119 14 40 99 1 3; ]
1900002821[363 123 15 33 82 0 1; 457 119 14 39 99 1 3; ]
1900002822[363 123 15 33 82 0 1; 459 119 14 39 99 1 3; ]
1900002823[363 123 15 33 82 0 1; 460 119 14 39 99 1 3; ]
1900002824[363 123 15 33 82 0 1; 462 119 14 39 99 1 3; ]
1900002825[364 123 15 33 82 0 1; 464 119 14 39 99 1 3; ]
1900002826[364 122 15 33 82 0 1; 466 119 14 40 99 1 3; ]
1900002827[365 121 15 33 82 0 1; 468 118 14 40 99 1 3; ]
1900002828[365 120 15 33 82 0 1; 470 117 14 41 99 1 3; ]
1900002829[366 119 15 33 82 0 1; 472 116 14 42 99 1 3; ]
1900002830[367 119 15 34 82 0 1; 474 115 15 43 99 1 3; ]
1900002831[367 119 15 34 82 0 1; 476 114 15 44 99 1 3; ]
1900002832[368 119 15 34 82 0 1; ]
1900002833[368 119 15 35 82 0 1; ]
1900002834[369 119 15 35 82 0 1; ]
1900002835[370 121 16 35 82 0 1; ]
1900002836[370 122 16 35 82 0 1; ]
1900002837[371 123 17 35 82 0 1; ]
1900002838[371 123 17 35 82 0 1; ]
1900002839[371 123 17 35 82 0 1; ]
1900002840[371 124 17 35 82 0 1; ]
1900002841[371 124 18 36 82 0 1; ]
1900002842[370 124 18 36 82 0 1; ]
1900002843[370 124 18 36 82 0 1; ]
1900002844[370 123 19 36 82 0 1; ]
1900002845[369 121 19 36 82 0 1; ]
1900002846[369 120 19 36 82 0 1; ]
1900002847[369 119 18 37 82 0 1; ]
1900002848[369 119 17 37 82 0 1; ]
1900002849[368 119 17 37 82 0 1; ]
1900002850[368 119 17 37 82 0 1; ]
1900002851[367 119 17 37 82 0 1; ]
1900002852[367 119 17 37 82 0 1; ]
1900002853[366 119 17 37 82 0 1; ]
1900002854[365 119 17 37 82 0 1; ]
1900002855[365 118 17 37 82 0 1; ]
1900002856[364 117 17 37 82 0 1; ]
1900002857[364 117 17 37 82 0 1; ]
1900002858[363 116 17 37 82 0 1; ]
1900002859[363 114 17 37 82 0 1; ]
1900002860[363 113 17 38 82 0 1; ]
1900002861[363 113 17 38 82 0 1; ]
1900002862[363 113 17 38 82 0 1; ]
1900002863[363 113 17 39 82 0 1; ]
1900002864[363 113 17 39 82 0 1; ]
1900002865[363 113 17 39 82 0 1; ]
1900002866[363 114 17 39 82 0 1; ]
1900002867[363 115 18 39 82 0 1; ]
1900002868[363 114 17 39 82 0 1; ]
1900002869[364 114 17 39 82 0 1; ]
1900002870[364 114 17 39 82 0 1; ]
1900002871[364 115 17 39 82 0 1; ]
1900002872[365 115 17 39 82 0 1; ]
1900002873[365 115 18 39 82 0 1; ]
1900002874[365 116 18 39 82 0 1; ]
1900002875[365 116 18 39 82 0 1; ]
1900002876[366 116 18 39 82 0 1; ]
1900002877[366 117 18 39 82 0 1; ]
1900002878[366 116 18 40 82 0 1; ]
1900002879[367 116 18 41 82 0 1; ]
1900002880[368 116 18 41 82 0 1; ]
1900002881[368 115 18 42 82 0 1; ]
1900002882[369 115 18 42 82 0 1; ]
1900002883[369 115 19 42 82 0 1; ]
1900002884[369 114 20 42 82 0 1; ]
1900002885[369 114 20 42 82 0 1; ]
1900002886[369 115 20 42 82 0 1; ]
1900002887[369 115 20 42 82 0 1; ]
1900002888[369 116 20 42 82 0 1; ]
1900002889[369 117 20 42 82 0 1; ]
1900002890[370 117 20 42 82 0 1; ]
1900002891[370 116 19 42 82 0 1; ]
1900002892[371 116 18 43 82 0 1; ]
1900002893[372 115 18 43 82 0 1; ]
